7799001,0
6150,31.8603515625
6272,32.8369140625
6363,60.24169921875
26302,37.04833984375
26470,51.513671875
26632,31.8603515625
26745,32.5927734375
26772,60.9130859375
41549,67.93212890625
61625,31.92138671875
61841,58.10546875
62035,59.08203125
75700,42.90771484375
76088,64.208984375
76321,63.8427734375
94076,32.40966796875
94252,56.884765625
94451,58.16650390625
109547,42.17529296875
109864,61.5234375
132477,63.4765625
149534,38.75732421875
209481,31.92138671875
243800,32.1044921875
244031,33.69140625
247295,38.9404296875
247322,36.865234375
247345,41.50390625
247385,50.048828125
247402,41.3818359375
247427,43.45703125
247462,35.09521484375
265807,32.77587890625
299071,32.470703125
318824,31.8603515625
330152,37.7197265625
331148,34.48486328125
347495,36.0107421875
351802,33.75244140625
367191,35.46142578125
383960,32.1044921875
384295,36.43798828125
384471,36.43798828125
384623,34.24072265625
384900,34.24072265625
385026,31.982421875
385201,33.38623046875
385214,63.53759765625
385700,82.03125
386151,38.57421875
387106,39.73388671875
387788,32.04345703125
388098,35.15625
391770,34.36279296875
403846,34.11865234375
404275,32.958984375
404452,33.447265625
404507,34.24072265625
404614,34.36279296875
404725,37.109375
416728,31.982421875
416940,36.56005859375
417024,32.04345703125
417252,37.841796875
417325,36.2548828125
419320,35.58349609375
434022,32.28759765625
434431,34.0576171875
434867,33.0810546875
434975,44.677734375
435020,44.61669921875
435068,33.26416015625
435138,33.447265625
448304,33.50830078125
448366,36.376953125
448451,32.2265625
448636,33.50830078125
448673,32.53173828125
448684,39.794921875
448723,38.02490234375
448756,39.1845703125
448783,35.09521484375
448871,32.04345703125
449142,34.66796875
449894,32.2265625
450299,34.0576171875
450762,36.62109375
464533,32.28759765625
464663,34.7900390625
464815,32.04345703125
465397,44.921875
465522,33.447265625
466244,35.7666015625
467313,35.09521484375
469701,32.958984375
470931,31.92138671875
472093,31.92138671875
477695,31.92138671875
477919,32.2265625
478025,37.7197265625
478060,39.00146484375
478114,32.5927734375
478268,33.0810546875
478330,35.70556640625
478539,31.982421875
478955,32.2265625
479174,32.3486328125
479391,31.8603515625
486315,37.78076171875
486806,34.66796875
487078,32.65380859375
491927,35.7666015625
492216,32.89794921875
493627,42.41943359375
499996,35.64453125
500030,34.0576171875
500080,34.3017578125
500130,35.09521484375
500151,36.865234375
500178,35.21728515625
500209,33.14208984375
500246,45.59326171875
500269,40.283203125
500293,33.75244140625
500326,39.0625
500337,32.77587890625
500380,35.94970703125
500418,36.2548828125
500469,35.70556640625
500591,32.5927734375
501472,33.0810546875
507088,33.8134765625
507182,33.63037109375
507213,31.92138671875
507328,35.15625
507364,41.07666015625
507472,34.24072265625
507482,36.4990234375
507512,56.70166015625
507524,31.92138671875
507556,55.84716796875
507574,34.0576171875
507596,119.2626953125
507611,41.50390625
507660,41.8701171875
507698,35.888671875
507726,39.12353515625
507817,70.37353515625
508185,38.87939453125
508741,32.2265625
513873,32.04345703125
514219,36.43798828125
514668,36.07177734375
514965,33.5693359375
515572,32.5927734375
519460,32.1044921875
521656,32.470703125
522522,35.33935546875
523465,33.87451171875
524294,32.89794921875
529459,33.02001953125
529844,35.0341796875
535478,32.470703125
535551,34.60693359375
542648,40.283203125
542723,36.1328125
542796,37.29248046875
542866,32.77587890625
542909,31.8603515625
551187,36.62109375
551218,43.5791015625
551235,40.771484375
551252,34.24072265625
551267,101.86767578125
551289,34.423828125
551320,37.29248046875
551335,98.0224609375
551350,35.33935546875
551390,60.302734375
551448,41.32080078125
551524,31.8603515625
560818,33.38623046875
560850,32.89794921875
560947,40.46630859375
560977,36.07177734375
561005,36.376953125
561024,98.14453125
561052,39.73388671875
561080,91.1865234375
561101,56.396484375
561123,64.27001953125
561157,44.37255859375
561198,43.76220703125
561217,43.3349609375
561228,32.8369140625
561261,32.5927734375
561291,33.75244140625
561365,34.7900390625
561391,34.7900390625
561718,33.203125
561749,44.37255859375
561920,31.8603515625
561993,31.8603515625
562034,40.10009765625
562075,32.3486328125
562177,36.80419921875
562284,33.69140625
562419,39.00146484375
562436,66.5283203125
562552,47.05810546875
562727,48.7060546875
566500,33.203125
570639,33.75244140625
572059,35.888671875
574877,32.40966796875
576514,34.97314453125
576644,33.3251953125
576698,32.40966796875
578720,32.65380859375
580323,32.53173828125
581927,32.53173828125
582960,35.46142578125
585330,34.7900390625
585437,32.89794921875
591381,39.12353515625
592746,39.1845703125
593940,33.14208984375
597121,39.36767578125
597906,33.8134765625
598092,33.8134765625
598199,32.3486328125
602483,32.65380859375
605582,34.24072265625
605765,33.14208984375
607088,35.58349609375
607114,32.3486328125
607174,32.77587890625
607188,32.65380859375
607245,39.4287109375
607258,37.109375
607275,36.43798828125
607461,32.958984375
610610,33.26416015625
612064,34.1796875
614261,34.97314453125
618419,33.02001953125
618929,35.09521484375
618967,32.04345703125
618978,49.072265625
619014,90.63720703125
619048,34.1796875
619074,33.203125
619141,99.91455078125
619187,34.66796875
622297,32.16552734375
622330,32.1044921875
624657,36.31591796875
625896,34.0576171875
626523,32.470703125
627048,31.982421875
627758,32.89794921875
627776,47.119140625
627834,48.9501953125
627857,37.9638671875
627900,34.0576171875
627964,70.1904296875
627974,90.75927734375
628008,37.7197265625
628037,69.39697265625
628055,50.4150390625
628078,39.9169921875
628107,68.2373046875
628131,36.1328125
628157,45.22705078125
635031,32.53173828125
635088,32.1044921875
638936,33.8134765625
639176,33.38623046875
639195,31.982421875
639241,110.9619140625
639259,35.15625
639274,45.10498046875
639298,98.44970703125
639350,59.63134765625
639385,74.0966796875
639413,33.3251953125
639443,74.8291015625
639475,36.2548828125
643808,32.1044921875
646756,32.28759765625
648221,32.3486328125
648650,36.68212890625
648685,44.49462890625
648714,34.3017578125
648763,44.00634765625
648795,39.306640625
648823,35.21728515625
648850,31.982421875
648887,83.31298828125
648929,37.2314453125
649039,37.29248046875
652779,37.90283203125
652947,43.76220703125
656553,33.38623046875
656583,34.7900390625
659376,35.64453125
659388,33.75244140625
659411,41.1376953125
659434,39.24560546875
659447,93.75
659486,82.6416015625
659512,34.7900390625
659528,75.62255859375
659576,58.41064453125
659623,47.79052734375
659671,36.7431640625
659808,35.64453125
659872,33.5693359375
659958,57.373046875
659971,62.31689453125
660051,32.28759765625
660082,67.87109375
660155,41.1376953125
660247,51.33056640625
660406,46.44775390625
660609,54.19921875
663772,35.21728515625
664876,33.50830078125
672162,31.982421875
674328,38.57421875
683119,32.3486328125
684390,33.935546875
685959,33.14208984375
686089,33.38623046875
686138,33.69140625
686324,33.87451171875
688483,34.912109375
691287,31.92138671875
691436,31.982421875
691545,31.92138671875
694689,32.04345703125
694863,42.48046875
694950,33.50830078125
695008,36.0107421875
695035,34.72900390625
695063,143.9208984375
698717,39.306640625
698728,37.53662109375
698766,39.9169921875
698780,35.94970703125
698829,33.99658203125
698856,99.79248046875
702852,33.99658203125
702877,35.5224609375
702953,33.63037109375
702990,32.65380859375
703003,43.39599609375
703036,33.50830078125
703068,108.09326171875
703087,42.48046875
703153,74.951171875
707423,33.75244140625
707459,32.53173828125
707486,44.7998046875
707509,41.56494140625
707535,88.5009765625
707564,40.1611328125
707597,101.1962890625
707623,32.65380859375
707655,102.294921875
712495,37.78076171875
715861,33.26416015625
715876,39.85595703125
715908,36.1328125
715929,98.2666015625
715979,78.2470703125
716011,33.69140625
716028,49.6826171875
716050,42.41943359375
716063,37.2314453125
716077,43.76220703125
716131,52.18505859375
720956,37.17041015625
721157,35.58349609375
721182,33.26416015625
721255,34.0576171875
721330,74.8291015625
721340,43.3349609375
721361,35.33935546875
721413,34.72900390625
725482,36.31591796875
725605,34.7900390625
725742,35.64453125
725753,106.62841796875
725783,46.56982421875
725800,36.62109375
725821,69.091796875
725858,60.6689453125
725887,96.37451171875
725927,33.02001953125
730759,32.958984375
730803,34.7900390625
730835,32.5927734375
730852,38.0859375
730888,100.89111328125
730923,35.64453125
730940,78.55224609375
730976,33.87451171875
730994,75.25634765625
731016,32.89794921875
731067,59.4482421875
731087,34.7900390625
731121,53.40576171875
731393,34.66796875
736580,41.32080078125
736602,34.24072265625
736641,80.9326171875
736702,85.51025390625
736722,51.81884765625
736774,57.18994140625
736853,58.837890625
741529,34.3017578125
741568,32.5927734375
744635,33.8134765625
744742,32.3486328125
744857,36.62109375
744885,33.14208984375
744907,35.46142578125
744939,36.68212890625
744959,36.7431640625
748747,36.0107421875
748785,33.50830078125
748817,35.64453125
748844,99.12109375
748865,43.27392578125
748895,75.01220703125
748921,72.44873046875
748936,73.486328125
748967,33.26416015625
748980,65.00244140625
749030,37.109375
749054,65.4296875
749219,41.93115234375
753938,32.2265625
754154,35.21728515625
754204,32.04345703125
754230,37.353515625
757731,32.8369140625
757775,86.0595703125
757801,32.71484375
757819,75.86669921875
757845,42.8466796875
757860,35.15625
757871,88.07373046875
757910,51.57470703125
757940,51.81884765625
757960,49.49951171875
757983,33.203125
758059,54.26025390625
762960,34.11865234375
763203,31.8603515625
763326,32.65380859375
768006,35.2783203125
768102,36.1328125
768177,40.83251953125
768204,32.53173828125
768226,103.21044921875
768246,39.85595703125
768274,44.677734375
768302,102.84423828125
768313,43.02978515625
772303,34.72900390625
772498,35.2783203125
772514,65.673828125
772537,38.330078125
772558,32.958984375
772611,78.857421875
777731,41.259765625
777777,31.92138671875
777866,33.63037109375
777903,94.482421875
777936,41.015625
777963,62.3779296875
777983,64.88037109375
778014,38.4521484375
778028,80.74951171875
778065,40.6494140625
778080,40.4052734375
778134,42.41943359375
778200,43.15185546875
778222,44.61669921875
778345,59.08203125
778486,44.43359375
787124,35.5224609375
787229,34.11865234375
787325,32.65380859375
789667,35.2783203125
789747,35.70556640625
789798,36.1328125
792632,33.0810546875
792661,37.109375
792697,43.212890625
792767,37.2314453125
792856,35.5224609375
796880,32.40966796875
796916,33.26416015625
796932,113.28125
796982,80.50537109375
797021,35.70556640625
797056,76.171875
802344,33.02001953125
802396,37.29248046875
802419,35.64453125
802444,33.02001953125
802457,92.22412109375
802496,42.3583984375
802542,50.72021484375
802565,31.8603515625
802583,66.22314453125
802619,59.326171875
802629,34.36279296875
802644,32.3486328125
802691,37.65869140625
802726,57.9833984375
802813,57.9833984375
808336,33.63037109375
808349,48.4619140625
808470,33.87451171875
812662,32.2265625
812687,33.02001953125
812743,37.353515625
812759,32.3486328125
812790,91.73583984375
812800,36.4990234375
812831,63.720703125
812849,33.14208984375
812876,53.03955078125
812889,54.13818359375
812922,49.49951171875
812932,37.29248046875
812959,52.18505859375
812979,56.2744140625
813074,60.85205078125
818966,38.6962890625
819052,34.72900390625
819071,34.72900390625
819095,91.064453125
819164,49.98779296875
819193,33.5693359375
819226,95.5810546875
819245,32.53173828125
819309,32.3486328125
825362,35.64453125
825495,77.1484375
825514,60.36376953125
825539,84.47265625
825581,40.771484375
825602,38.6962890625
825613,34.72900390625
825632,40.83251953125
825645,35.21728515625
825670,42.54150390625
825684,49.072265625
825737,56.33544921875
825770,38.818359375
825862,44.98291015625
825951,32.53173828125
833103,36.80419921875
837311,43.39599609375
837357,32.3486328125
837398,102.96630859375
837438,40.283203125
837487,66.7724609375
837504,41.56494140625
837528,38.2080078125
837551,32.71484375
837562,45.0439453125
837581,40.6494140625
837638,55.2978515625
837852,32.470703125
844345,32.2265625
844413,34.66796875
844426,105.04150390625
844449,42.3583984375
844472,46.69189453125
844487,99.67041015625
844517,42.90771484375
844541,72.93701171875
844564,37.9638671875
844585,61.46240234375
844603,74.64599609375
844648,56.94580078125
844679,39.794921875
844714,34.3017578125
850329,34.48486328125
850364,32.40966796875
850390,35.7666015625
850450,43.45703125
850494,31.8603515625
850529,42.78564453125
850585,34.1796875
855594,32.77587890625
855607,31.92138671875
855629,98.2666015625
855651,34.60693359375
855668,75.74462890625
855702,37.04833984375
855713,59.38720703125
855730,47.36328125
855761,42.724609375
855775,83.251953125
855822,44.677734375
855849,50.537109375
855860,64.14794921875
855976,44.0673828125
863058,32.8369140625
863117,32.16552734375
863137,41.80908203125
863177,39.1845703125
863194,36.80419921875
863227,34.36279296875
863245,77.1484375
863266,57.18994140625
863292,67.2607421875
863336,57.2509765625
863349,45.83740234375
863415,64.697265625
863426,50.6591796875
868188,32.53173828125
868242,35.33935546875
868276,33.75244140625
874275,33.87451171875
874344,38.4521484375
874376,32.40966796875
874419,34.66796875
874441,88.68408203125
874462,33.14208984375
874485,82.3974609375
874503,32.77587890625
874534,70.25146484375
874559,38.39111328125
874583,57.43408203125
874608,61.95068359375
874635,40.8935546875
874677,37.4755859375
874732,40.22216796875
874743,31.8603515625
874860,32.04345703125
874928,31.8603515625
881028,39.0625
881124,34.97314453125
881152,34.3017578125
881179,32.71484375
886432,40.0390625
886451,33.87451171875
886474,33.50830078125
886490,31.92138671875
886511,85.75439453125
886557,81.9091796875
886586,74.3408203125
886596,33.87451171875
886620,68.4814453125
886659,34.66796875
886685,62.43896484375
894271,39.1845703125
894295,34.24072265625
894326,38.02490234375
894364,90.087890625
894384,47.18017578125
894412,60.48583984375
894424,33.99658203125
894446,48.03466796875
894461,32.28759765625
894497,58.837890625
894512,38.75732421875
894567,70.3125
894592,34.5458984375
894663,53.8330078125
894698,44.86083984375
894870,54.62646484375
894891,32.3486328125
904652,36.07177734375
904665,51.81884765625
904695,40.4052734375
904724,34.912109375
904751,99.54833984375
904773,44.86083984375
904795,41.44287109375
904815,82.58056640625
904871,44.86083984375
915555,33.38623046875
915593,39.73388671875
915628,96.74072265625
915655,32.71484375
915666,64.8193359375
915694,86.48681640625
915711,48.2177734375
915727,32.04345703125
915743,35.33935546875
915757,60.97412109375
915767,52.55126953125
915808,59.9365234375
915825,35.2783203125
915865,38.4521484375
915877,54.26025390625
915901,36.43798828125
916044,63.8427734375
916162,36.4990234375
929470,32.04345703125
929543,32.5927734375
929559,38.818359375
929586,96.86279296875
929598,32.40966796875
929636,35.7666015625
929649,36.865234375
929710,31.982421875
929724,87.34130859375
929752,41.68701171875
929769,48.095703125
929792,36.62109375
929844,68.05419921875
929949,32.89794921875
935274,33.69140625
935379,32.71484375
942174,37.04833984375
942220,34.60693359375
942283,33.69140625
942303,37.353515625
942333,39.73388671875
942354,33.14208984375
942392,87.95166015625
942405,34.7900390625
942437,109.130859375
942448,62.98828125
942481,33.02001953125
942495,75.439453125
956013,35.94970703125
956055,37.53662109375
956085,45.83740234375
956112,99.609375
956132,49.4384765625
956156,89.53857421875
956185,44.73876953125
956198,101.62353515625
956212,35.2783203125
956237,36.31591796875
956250,59.814453125
956287,42.54150390625
956306,36.80419921875
956342,41.19873046875
956368,56.09130859375
956398,33.14208984375
956436,39.794921875
956458,38.9404296875
956563,72.20458984375
956672,48.095703125
956831,47.42431640625
969398,39.12353515625
969489,33.69140625
969522,33.02001953125
969591,52.8564453125
1003810,32.53173828125
1003831,48.095703125
1003859,32.77587890625
1003879,34.5458984375
1003894,122.13134765625
1003932,45.7763671875
1003948,47.36328125
1003980,83.55712890625
1004021,55.84716796875
1004048,31.8603515625
1004123,36.62109375
1004411,40.71044921875
1021484,36.68212890625
1021555,32.958984375
1021606,35.7666015625
1021637,33.14208984375
1021647,34.48486328125
1021679,33.75244140625
1021847,33.8134765625
1080620,36.07177734375
1081014,34.0576171875
1221003,32.04345703125
1269047,38.75732421875
1440813,39.55078125
1454967,32.470703125
1455141,32.16552734375
1455162,35.58349609375
1455378,33.87451171875
1455424,35.58349609375
1457552,33.87451171875
1458630,34.11865234375
1486379,40.283203125
1486481,65.49072265625
1486714,61.03515625
1500549,79.345703125
1500633,50.35400390625
1512299,32.2265625
1512344,51.33056640625
1522451,66.7724609375
1522569,52.79541015625
1535200,51.69677734375
1535294,48.583984375
1535523,54.99267578125
1550750,81.84814453125
1550851,67.56591796875
1551083,40.0390625
1565573,33.50830078125
1565601,77.392578125
1565701,50.72021484375
1577726,62.744140625
1577813,61.09619140625
1577920,71.10595703125
1578128,41.015625
1588674,59.38720703125
1588692,33.38623046875
1588811,59.50927734375
1599667,58.77685546875
1599689,33.38623046875
1599762,69.091796875
1599966,53.1005859375
1610634,49.98779296875
1622277,73.1201171875
1622308,42.3583984375
1622416,45.7763671875
1622566,56.884765625
1633612,71.71630859375
1633827,57.861328125
1646464,61.46240234375
1646662,52.001953125
1663352,58.89892578125
1663588,59.26513671875
1765492,36.2548828125
1765960,32.8369140625
1766123,36.1328125
1766796,36.376953125
1766823,39.24560546875
1766915,35.09521484375
1766998,32.470703125
1767092,32.04345703125
1767235,31.982421875
1767276,33.447265625
1768016,33.5693359375
1768921,35.58349609375
1768959,35.400390625
1769289,34.97314453125
1769397,32.8369140625
1769562,32.1044921875
1769708,35.94970703125
1770564,32.3486328125
1770801,33.3251953125
1771700,34.912109375
1772173,31.92138671875
1772315,32.1044921875
1772855,32.470703125
1772947,32.40966796875
1773262,34.7900390625
1781536,35.09521484375
1782190,35.64453125
1782392,32.71484375
1782598,32.470703125
1782818,33.99658203125
1782980,32.89794921875
1790320,32.16552734375
1790932,32.04345703125
1791076,32.77587890625
1791396,33.5693359375
1791825,54.50439453125
1791911,35.7666015625
1797645,33.50830078125
1798635,33.26416015625
1799261,33.63037109375
1805742,35.46142578125
1805936,31.8603515625
1806035,32.8369140625
1806592,36.19384765625
1813467,33.02001953125
1820429,31.92138671875
1820909,35.64453125
1821001,32.3486328125
1821038,36.56005859375
1821426,32.958984375
1821496,34.5458984375
1827936,36.19384765625
1828026,38.330078125
1828346,33.26416015625
1828432,38.0859375
1834831,35.7666015625
1835072,33.203125
1835205,33.0810546875
1835255,36.80419921875
1841963,33.87451171875
1841995,33.50830078125
1842039,39.00146484375
1842065,32.470703125
1842085,43.15185546875
1851393,38.2080078125
1851590,31.8603515625
1851612,40.46630859375
1851637,32.77587890625
1851697,38.39111328125
1854141,35.15625
1862917,34.912109375
1862944,32.89794921875
1863030,33.75244140625
1863098,34.72900390625
1863131,35.888671875
1863167,35.46142578125
1869921,34.24072265625
1869942,42.1142578125
1869966,34.36279296875
1869994,37.90283203125
1870036,32.28759765625
1870073,33.935546875
1870500,33.0810546875
1874988,34.1796875
1875570,34.7900390625
1875592,32.2265625
1875680,37.53662109375
1880632,31.92138671875
1881020,33.38623046875
1881294,38.6962890625
1881352,36.62109375
1881373,46.81396484375
1881396,34.11865234375
1881495,33.0810546875
1881600,33.69140625
1881631,34.48486328125
1886591,35.09521484375
1887021,32.470703125
1887300,48.4619140625
1887319,36.19384765625
1887345,35.2783203125
1887371,32.40966796875
1887410,36.7431640625
1887454,34.0576171875
1893649,36.2548828125
1893691,32.2265625
1893723,31.92138671875
1899498,31.92138671875
1899525,33.0810546875
1899547,47.2412109375
1899563,38.26904296875
1899622,45.41015625
1899675,36.31591796875
1899889,33.38623046875
1899975,32.470703125
1900302,32.470703125
1906766,33.8134765625
1906800,32.3486328125
1907060,32.1044921875
1907106,32.77587890625
1907208,35.7666015625
1907231,32.2265625
1907264,36.9873046875
1907333,34.5458984375
1907478,34.912109375
1911530,32.8369140625
1915531,33.50830078125
1915755,33.0810546875
1916470,33.99658203125
1925200,32.04345703125
1925265,37.65869140625
1925408,31.92138671875
1925451,39.73388671875
1925506,41.8701171875
1925549,37.841796875
1925608,32.2265625
1925634,32.1044921875
1929858,31.8603515625
1930512,32.470703125
1930681,36.1328125
1930720,32.65380859375
1931027,32.71484375
1931446,34.48486328125
1935636,33.0810546875
1935919,32.3486328125
1936059,33.203125
1941112,37.353515625
1941487,33.99658203125
1941519,32.3486328125
1941621,33.14208984375
1941749,32.2265625
1946953,33.3251953125
1947124,32.89794921875
1947176,41.3818359375
1947209,36.43798828125
1947267,36.1328125
1947301,34.72900390625
1947319,40.771484375
1947441,32.2265625
1947949,33.63037109375
1954783,40.4052734375
1954851,32.1044921875
1954882,36.9873046875
1954909,31.92138671875
1954941,80.810546875
1955036,34.7900390625
1955101,34.36279296875
1955180,34.48486328125
1955230,32.2265625
1955259,31.8603515625
1955393,32.1044921875
1962303,35.400390625
1967099,33.75244140625
1968179,33.0810546875
1971516,32.28759765625
1972331,32.16552734375
1976170,33.50830078125
1976875,36.80419921875
1976906,34.66796875
1976933,36.4990234375
1986981,33.38623046875
1987146,38.87939453125
1993542,39.6728515625
1993698,45.166015625
1993713,34.11865234375
1993744,33.99658203125
1993773,37.7197265625
1993813,32.1044921875
2001897,35.70556640625
2001922,31.982421875
2001983,33.26416015625
2002007,40.283203125
2010194,32.77587890625
2010377,32.5927734375
2010401,36.68212890625
2010416,32.53173828125
2010445,35.33935546875
2010501,35.2783203125
2010520,33.75244140625
2010543,37.841796875
2010565,43.701171875
2010577,35.64453125
2010610,35.15625
2010626,34.24072265625
2019389,35.0341796875
2019593,35.400390625
2019615,32.16552734375
2019783,32.5927734375
2019839,43.15185546875
2019913,32.65380859375
2028653,34.1796875
2028783,36.0107421875
2028914,32.65380859375
2029018,34.912109375
2029094,33.63037109375
2029156,32.53173828125
2040030,40.1611328125
2040105,32.470703125
2040213,34.423828125
2040251,42.8466796875
2040291,50.29296875
2040332,49.4384765625
2040352,32.89794921875
2040437,36.19384765625
2040464,35.15625
2040496,32.04345703125
2040636,35.94970703125
2040723,33.02001953125
2052592,32.470703125
2052677,32.71484375
2052791,34.24072265625
2052844,42.6025390625
2052855,32.71484375
2052981,41.6259765625
2063039,33.14208984375
2063085,32.470703125
2063418,39.55078125
2063431,35.33935546875
2072041,39.36767578125
2072234,39.6728515625
2072290,35.09521484375
2072312,34.3017578125
2072331,32.3486328125
2072407,35.5224609375
2072433,33.0810546875
2072458,32.65380859375
2082142,34.60693359375
2082172,32.77587890625
2082286,32.04345703125
2082302,32.5927734375
2082330,35.0341796875
2082381,35.33935546875
2082392,46.142578125
2082428,42.54150390625
2082445,38.0859375
2082471,33.14208984375
2082483,55.35888671875
2082617,33.99658203125
2091201,32.28759765625
2099099,38.02490234375
2099285,34.48486328125
2099337,38.75732421875
2099441,32.958984375
2109460,34.66796875
2109517,41.8701171875
2109550,37.78076171875
2109597,36.07177734375
2109655,37.59765625
2109683,35.58349609375
2109709,41.6259765625
2109738,36.865234375
2109811,33.5693359375
2118588,34.1796875
2118727,34.97314453125
2118972,33.69140625
2119007,36.56005859375
2119687,33.8134765625
2127392,36.7431640625
2127605,32.3486328125
2127627,33.0810546875
2127661,36.865234375
2127711,33.203125
2127735,38.26904296875
2136417,32.04345703125
2136555,34.912109375
2136835,37.2314453125
2145428,31.92138671875
2145595,40.95458984375
2145659,38.02490234375
2145747,35.33935546875
2145881,32.65380859375
2146299,33.935546875
2146429,32.53173828125
2154914,32.77587890625
2154975,31.92138671875
2155109,33.38623046875
2155299,34.72900390625
2164688,35.21728515625
2164778,32.53173828125
2165116,33.14208984375
2174122,32.65380859375
2174359,40.10009765625
2183165,45.5322265625
2183371,32.5927734375
2183516,41.6259765625
2183550,32.28759765625
2193143,34.48486328125
2201911,36.0107421875
2202120,32.77587890625
2210701,33.0810546875
2210802,35.888671875
2211140,32.1044921875
2219706,35.70556640625
2230062,33.75244140625
2281094,33.26416015625
2296831,32.8369140625
2310231,33.02001953125
2353235,32.77587890625
2369464,43.0908203125
2386053,35.46142578125
2391315,32.8369140625
2391692,34.36279296875
2398791,33.75244140625
2406790,31.92138671875
2406989,31.982421875
2407024,33.75244140625
2407097,47.36328125
2421010,38.4521484375
2421087,36.07177734375
2421140,32.958984375
2430100,32.53173828125
2438863,36.62109375
2438998,38.02490234375
2439046,32.1044921875
2439148,31.8603515625
2439333,33.87451171875
2456912,32.2265625
2456971,36.2548828125
2471831,32.16552734375
2471962,37.53662109375
2472283,32.53173828125
2472330,31.92138671875
2479804,36.43798828125
2480014,37.41455078125
2487582,32.16552734375
2487659,34.0576171875
2494896,31.92138671875
2495089,37.65869140625
2501445,36.19384765625
2501697,33.5693359375
2507936,38.0859375
2525420,35.09521484375
2530120,31.92138671875
2534739,35.5224609375
2535042,32.28759765625
2535105,33.935546875
2544800,32.53173828125
2544852,35.2783203125
2549401,39.9169921875
2549657,31.8603515625
2554115,39.1845703125
2554259,36.19384765625
2554431,33.447265625
2558515,33.8134765625
2562597,33.02001953125
2567735,35.09521484375
2570746,33.14208984375
2574440,32.28759765625
2574563,32.470703125
2574685,32.958984375
2574772,32.71484375
2578435,34.912109375
2587009,33.935546875
2590115,31.8603515625
2593391,32.470703125
2596864,35.0341796875
2607043,43.0908203125
2607204,36.0107421875
2607246,41.32080078125
2607290,47.4853515625
2610788,35.15625
2618287,32.77587890625
2621590,34.0576171875
2621781,35.70556640625
2625027,32.04345703125
2625165,32.53173828125
2628594,33.87451171875
2631909,33.02001953125
2639142,35.58349609375
2639427,32.958984375
2640159,37.78076171875
2642995,32.89794921875
2643524,33.69140625
2650196,31.8603515625
2650399,37.9638671875
2650448,33.447265625
2650607,36.07177734375
2657296,34.11865234375
2669156,33.935546875
2669343,33.63037109375
2683649,32.40966796875
2684201,34.36279296875
2687093,34.85107421875
2687435,32.470703125
2690491,33.38623046875
2690933,35.888671875
2691217,33.935546875
2698604,34.912109375
2698731,33.50830078125
2699042,46.2646484375
2702614,33.69140625
2702706,35.21728515625
2706787,33.203125
2706842,34.5458984375
2706908,33.50830078125
2707255,34.97314453125
2711433,43.39599609375
2715609,36.9873046875
2719751,35.58349609375
2723313,32.470703125
2724144,32.470703125
2727859,33.50830078125
2728312,36.62109375
2728390,31.8603515625
2732207,36.865234375
2736353,36.9873046875
2736408,32.470703125
2736472,33.935546875
2739989,34.24072265625
2740121,32.89794921875
2740387,32.71484375
2744128,34.60693359375
2744170,44.12841796875
2744361,34.60693359375
2748499,38.4521484375
2749225,31.982421875
2753221,32.16552734375
2756969,36.865234375
2760882,33.0810546875
2761022,32.470703125
2761083,39.794921875
2765548,33.87451171875
2765616,33.87451171875
2769202,36.2548828125
2769670,32.53173828125
2777282,31.8603515625
2777552,33.75244140625
2777985,32.65380859375
2781968,34.11865234375
2782202,35.33935546875
2786181,35.70556640625
2786284,32.53173828125
2800335,40.46630859375
2800492,34.0576171875
2800504,33.14208984375
2800746,39.48974609375
2805192,36.80419921875
2805513,35.64453125
2805539,34.72900390625
2805579,36.9873046875
2814084,36.865234375
2818254,35.94970703125
2818286,35.58349609375
2818361,35.5224609375
2818470,32.04345703125
2818537,32.04345703125
2824274,33.203125
2824637,33.26416015625
2828627,32.3486328125
2828735,33.87451171875
2828836,39.4287109375
2838353,34.24072265625
2838767,33.3251953125
2839240,33.5693359375
2842208,40.34423828125
2842649,35.21728515625
2846069,36.376953125
2849983,33.14208984375
2850253,34.24072265625
2850359,32.04345703125
2854484,33.75244140625
2854822,34.66796875
2854973,41.80908203125
2861826,34.97314453125
2865145,38.2080078125
2865343,34.72900390625
2865410,32.89794921875
2865491,36.4990234375
2869353,33.02001953125
2869403,32.77587890625
2869529,36.376953125
2869555,33.26416015625
2872641,33.26416015625
2872984,33.3251953125
2873021,34.0576171875
2873129,32.77587890625
2873162,37.29248046875
2873192,33.0810546875
2873324,34.85107421875
2878816,34.36279296875
2882029,34.5458984375
2882206,35.400390625
2882242,38.0859375
2882294,39.36767578125
2882317,41.9921875
2882370,44.7998046875
2882396,34.72900390625
2882435,31.982421875
2882545,38.4521484375
2889155,34.24072265625
2889692,32.71484375
2890569,32.04345703125
2893382,34.5458984375
2893577,35.70556640625
2900434,35.2783203125
2900495,33.99658203125
2900631,36.80419921875
2903919,31.982421875
2907391,33.14208984375
2907523,39.24560546875
2907538,43.27392578125
2907592,41.015625
2907632,34.1796875
2907862,40.10009765625
2907992,36.865234375
2918539,33.99658203125
2924847,32.1044921875
2925363,34.7900390625
2925822,32.5927734375
2928560,38.02490234375
2929077,34.912109375
2929135,38.2080078125
2929396,34.3017578125
2933233,32.1044921875
2933690,34.60693359375
2937987,35.5224609375
2938313,32.1044921875
2942159,34.97314453125
2942242,37.78076171875
2942338,37.04833984375
2942371,34.24072265625
2942392,38.6962890625
2942442,38.87939453125
2942466,33.38623046875
2942479,32.28759765625
2942524,32.28759765625
2942569,35.888671875
2942666,33.0810546875
2948872,32.8369140625
2953805,31.982421875
2954248,32.40966796875
2959185,35.46142578125
2962178,35.46142578125
2962259,33.99658203125
2962313,38.818359375
2962349,32.40966796875
2962374,47.66845703125
2962405,32.958984375
2962429,32.28759765625
2962479,34.48486328125
2973182,37.41455078125
2973272,37.65869140625
2973385,32.77587890625
2973465,33.935546875
2977384,32.1044921875
2978104,32.53173828125
2981323,39.6728515625
2981377,37.59765625
2981513,36.0107421875
2981595,41.015625
2981618,32.16552734375
2981822,32.3486328125
2986504,37.9638671875
2986607,37.17041015625
2986800,32.16552734375
2986834,32.28759765625
2986913,40.10009765625
2992097,35.0341796875
2992207,35.5224609375
2992253,32.5927734375
2992321,36.80419921875
2992387,33.26416015625
2992416,33.447265625
2992470,40.83251953125
2992497,39.00146484375
2992526,31.982421875
2999847,32.3486328125
3003877,32.5927734375
3004014,33.26416015625
3007847,32.470703125
3007990,32.40966796875
3008162,37.29248046875
3012403,33.50830078125
3012464,32.958984375
3012505,41.19873046875
3012650,38.0859375
3012707,40.52734375
3012718,34.85107421875
3012767,32.2265625
3012798,32.71484375
3012898,32.53173828125
3012922,42.90771484375
3013295,33.69140625
3013378,39.24560546875
3023879,35.888671875
3023937,32.53173828125
3024011,31.92138671875
3024069,41.44287109375
3024194,34.0576171875
3024228,32.1044921875
3024297,33.50830078125
3028423,32.28759765625
3028633,33.63037109375
3028727,31.92138671875
3028834,31.982421875
3028927,38.0859375
3033377,34.48486328125
3033590,34.7900390625
3033627,39.12353515625
3033666,40.771484375
3033713,35.94970703125
3033766,33.203125
3033822,32.65380859375
3033860,34.97314453125
3033926,33.26416015625
3039932,39.6728515625
3040103,32.53173828125
3040143,34.0576171875
3040172,35.46142578125
3040239,32.2265625
3040391,35.400390625
3040461,34.36279296875
3046198,32.3486328125
3046498,36.865234375
3046524,33.87451171875
3046633,35.58349609375
3052410,33.69140625
3052661,31.8603515625
3052684,35.2783203125
3052716,43.02978515625
3052741,37.2314453125
3052766,36.92626953125
3052790,36.62109375
3052836,38.9404296875
3052870,32.89794921875
3052916,33.38623046875
3052932,31.92138671875
3060660,31.8603515625
3060729,35.33935546875
3060753,36.07177734375
3060788,39.00146484375
3060803,33.87451171875
3060847,32.89794921875
3060862,32.04345703125
3060942,33.203125
3068041,35.09521484375
3068428,33.38623046875
3068462,32.40966796875
3068519,42.8466796875
3073663,33.935546875
3073730,37.04833984375
3073903,38.9404296875
3073984,38.330078125
3073999,33.50830078125
3074027,35.5224609375
3074056,37.2314453125
3074073,33.69140625
3074156,38.02490234375
3081495,32.04345703125
3081590,37.9638671875
3081644,35.46142578125
3081675,36.19384765625
3081767,32.8369140625
3088086,33.0810546875
3088323,41.748046875
3088372,35.33935546875
3088425,42.78564453125
3088475,35.0341796875
3088486,33.87451171875
3088528,31.982421875
3088580,38.6962890625
3088796,41.80908203125
3095214,33.50830078125
3095347,49.62158203125
3095403,35.33935546875
3095421,36.92626953125
3095515,36.68212890625
3095662,32.1044921875
3102626,31.92138671875
3102889,45.22705078125
3103021,38.57421875
3103059,35.46142578125
3103104,32.1044921875
3103141,32.470703125
3103225,31.92138671875
3103646,36.31591796875
3110445,35.0341796875
3110497,41.56494140625
3110545,32.89794921875
3110625,39.12353515625
3110646,64.14794921875
3110690,39.36767578125
3110708,32.1044921875
3110746,47.119140625
3110775,34.7900390625
3110807,32.77587890625
3116775,35.21728515625
3118774,32.28759765625
3119111,34.1796875
3123880,32.16552734375
3123905,32.04345703125
3123941,34.60693359375
3123959,36.62109375
3123999,33.203125
3124075,37.59765625
3124241,35.09521484375
3130223,32.470703125
3130447,35.58349609375
3130479,39.85595703125
3130551,34.48486328125
3130627,36.4990234375
3130646,37.29248046875
3137491,37.41455078125
3137867,31.8603515625
3138084,33.0810546875
3138139,34.5458984375
3138150,38.02490234375
3138172,33.0810546875
3138200,32.3486328125
3145151,32.40966796875
3145334,40.71044921875
3145400,34.0576171875
3145517,33.8134765625
3153401,36.4990234375
3153447,32.3486328125
3153584,45.8984375
3153615,33.50830078125
3153637,32.77587890625
3153684,37.9638671875
3153729,36.56005859375
3153763,37.53662109375
3153806,32.1044921875
3153827,38.0859375
3153845,38.330078125
3153949,33.5693359375
3154037,32.65380859375
3160783,32.2265625
3163280,35.64453125
3163403,43.51806640625
3163446,32.5927734375
3163484,32.1044921875
3170150,33.0810546875
3170819,33.203125
3170839,33.87451171875
3170961,36.68212890625
3171027,33.26416015625
3171127,34.48486328125
3180172,33.0810546875
3180291,41.80908203125
3180310,35.400390625
3180366,35.15625
3180433,32.04345703125
3180461,32.958984375
3180487,40.10009765625
3180519,36.92626953125
3180653,35.94970703125
3180828,32.5927734375
3186613,34.11865234375
3187315,37.59765625
3189161,33.8134765625
3189263,32.77587890625
3189423,38.26904296875
3189710,32.470703125
3192291,41.50390625
3195112,34.66796875
3196266,36.2548828125
3196367,33.0810546875
3196490,32.28759765625
3196574,36.7431640625
3196638,34.3017578125
3204161,34.85107421875
3204373,33.02001953125
3204406,32.16552734375
3204431,32.958984375
3204457,38.4521484375
3204892,33.0810546875
3214818,35.70556640625
3214948,34.36279296875
3215008,37.53662109375
3215018,40.52734375
3215046,34.0576171875
3215078,36.43798828125
3215158,34.85107421875
3215208,37.2314453125
3215320,34.60693359375
3215484,39.73388671875
3223129,37.2314453125
3224516,34.66796875
3224705,37.109375
3224759,39.6728515625
3224814,32.8369140625
3225413,36.56005859375
3232267,37.841796875
3232299,33.203125
3232328,33.14208984375
3232386,32.958984375
3232733,33.38623046875
3241753,32.1044921875
3241949,36.07177734375
3241998,38.0859375
3242046,36.7431640625
3242113,33.63037109375
3242139,39.97802734375
3242189,33.935546875
3242222,41.80908203125
3242277,36.62109375
3254407,38.02490234375
3254658,32.28759765625
3254674,44.25048828125
3254700,36.62109375
3254733,35.2783203125
3254810,34.97314453125
3254879,33.87451171875
3262284,32.16552734375
3267396,40.95458984375
3267473,32.16552734375
3267650,32.16552734375
3267745,35.94970703125
3267814,32.2265625
3276689,32.16552734375
3277063,31.982421875
3277097,31.92138671875
3277169,35.2783203125
3277200,31.8603515625
3277244,34.7900390625
3277256,39.0625
3287362,37.53662109375
3287416,41.44287109375
3287441,34.97314453125
3287475,36.80419921875
3287516,44.49462890625
3287587,34.72900390625
3287623,38.02490234375
3287668,32.71484375
3287798,35.70556640625
3295782,33.26416015625
3299632,33.02001953125
3299801,33.8134765625
3299831,33.447265625
3300088,32.28759765625
3313464,37.78076171875
3313675,34.912109375
3313735,37.41455078125
3313765,33.8134765625
3313799,36.1328125
3328552,34.48486328125
3328794,35.70556640625
3328828,32.65380859375
3329044,33.69140625
3329094,33.8134765625
3329275,33.935546875
3343748,34.1796875
3343765,39.36767578125
3343810,38.57421875
3343835,34.36279296875
3343847,33.14208984375
3343874,36.0107421875
3343906,35.5224609375
3343936,35.21728515625
3344001,32.53173828125
3344028,54.931640625
3344077,34.912109375
3344182,33.99658203125
3344326,34.5458984375
3344411,34.0576171875
3348847,32.958984375
3351514,36.0107421875
3355378,32.71484375
3355502,38.75732421875
3356292,31.982421875
3361878,37.841796875
3362146,34.36279296875
3362349,33.02001953125
3362894,35.2783203125
3368699,38.39111328125
3368888,33.69140625
3368962,32.16552734375
3369118,32.28759765625
3369228,40.34423828125
3378189,32.71484375
3378490,32.1044921875
3378768,32.65380859375
3378906,32.1044921875
3379030,36.1328125
3379141,34.912109375
3389022,36.0107421875
3389250,34.36279296875
3389412,32.71484375
3389704,33.38623046875
3404435,32.65380859375
3404634,33.447265625
3404688,36.9873046875
3404828,34.5458984375
3404855,31.982421875
3404928,35.09521484375
3419904,32.89794921875
3420175,35.400390625
3420275,39.48974609375
3420383,34.0576171875
3452382,35.888671875
3452475,34.97314453125
3473878,43.15185546875
3473897,32.77587890625
3473921,34.24072265625
3473931,44.25048828125
3474098,34.66796875
3474244,47.4853515625
3474423,35.33935546875
3474835,36.865234375
3488286,35.21728515625
3488423,32.40966796875
3488583,36.43798828125
3504528,32.40966796875
3504752,34.7900390625
3533749,37.04833984375
3581224,33.63037109375
3581860,41.19873046875
3581897,36.4990234375
3582094,39.36767578125
3583046,37.90283203125
3584248,31.8603515625
3647455,34.5458984375
3647592,33.63037109375
3647648,35.82763671875
3647931,41.1376953125
3648322,32.16552734375
3648464,33.38623046875
3667609,32.77587890625
3667655,34.66796875
3667679,32.1044921875
3667779,36.31591796875
3670087,33.5693359375
3670144,40.1611328125
3670222,33.63037109375
3670347,34.5458984375
3702851,32.958984375
3703310,32.3486328125
3703679,33.63037109375
3704048,37.04833984375
3704206,35.15625
3723657,33.203125
3723745,35.888671875
3723906,32.71484375
3724954,32.89794921875
3738812,35.94970703125
3738867,38.4521484375
3739005,34.0576171875
3739030,37.841796875
3752000,32.04345703125
3752091,33.63037109375
3752119,37.4755859375
3752152,31.8603515625
3752249,35.58349609375
3752430,32.89794921875
3753243,32.470703125
3753352,33.02001953125
3762903,36.376953125
3763385,32.65380859375
3763419,32.16552734375
3771946,32.53173828125
3772171,36.2548828125
3772657,32.470703125
3772880,35.46142578125
3773392,32.3486328125
3780530,32.40966796875
3780605,37.841796875
3780712,31.8603515625
3780765,32.16552734375
3780830,31.92138671875
3780907,33.99658203125
3781849,32.28759765625
3782584,34.85107421875
3789827,39.1845703125
3790022,32.3486328125
3790400,36.1328125
3790439,34.912109375
3790455,35.33935546875
3790646,34.7900390625
3792461,35.2783203125
3798771,34.48486328125
3799021,34.3017578125
3799242,33.14208984375
3799765,39.48974609375
3800279,32.71484375
3800871,32.3486328125
3808903,33.02001953125
3809071,35.09521484375
3809104,39.1845703125
3809131,31.982421875
3809157,34.0576171875
3809183,34.60693359375
3809565,38.51318359375
3809815,33.5693359375
3810112,33.69140625
3812273,32.3486328125
3812652,34.5458984375
3812841,32.2265625
3813537,32.1044921875
3814034,32.3486328125
3818842,35.82763671875
3819527,36.62109375
3819559,33.8134765625
3819634,33.38623046875
3820257,31.982421875
3825599,36.865234375
3825868,36.4990234375
3825979,31.92138671875
3826197,39.9169921875
3826266,44.0673828125
3832929,42.17529296875
3834381,32.65380859375
3837042,33.87451171875
3848485,32.1044921875
3848783,31.8603515625
3848941,32.71484375
3848990,34.1796875
3849025,36.80419921875
3849055,41.32080078125
3849066,38.0859375
3849128,33.63037109375
3849158,82.8857421875
3849178,34.912109375
3849199,36.68212890625
3849229,82.21435546875
3849480,36.7431640625
3849728,37.04833984375
3849767,33.87451171875
3849944,32.958984375
3850523,32.470703125
3850647,32.958984375
3851414,37.90283203125
3855173,41.44287109375
3856771,33.5693359375
3857014,33.5693359375
3857251,33.50830078125
3857273,32.53173828125
3857332,32.2265625
3857361,36.43798828125
3857480,33.75244140625
3857920,36.07177734375
3863796,32.53173828125
3863962,32.53173828125
3864358,32.470703125
3865260,33.447265625
3866175,33.14208984375
3870244,32.89794921875
3871423,33.447265625
3876600,31.8603515625
3876721,32.71484375
3876982,41.6259765625
3877018,32.2265625
3877040,34.24072265625
3877067,35.7666015625
3877097,35.400390625
3882444,33.3251953125
3882610,31.8603515625
3882650,34.60693359375
3882730,106.87255859375
3882821,43.39599609375
3883028,32.40966796875
3887878,32.77587890625
3888330,33.0810546875
3888504,34.7900390625
3888840,34.97314453125
3888881,44.00634765625
3888892,36.7431640625
3888917,93.8720703125
3888961,72.998046875
3888973,53.3447265625
3888989,37.4755859375
3889015,69.9462890625
3889081,96.923828125
3889139,78.61328125
3889195,75.1953125
3889305,32.65380859375
3889334,79.16259765625
3889403,69.88525390625
3889420,36.2548828125
3889511,41.56494140625
3889554,76.84326171875
3889712,76.59912109375
3889852,76.5380859375
3895322,31.982421875
3895465,32.89794921875
3895827,36.7431640625
3896989,34.72900390625
3897079,31.982421875
3897219,31.92138671875
3897273,35.0341796875
3897641,34.85107421875
3897785,32.28759765625
3901836,32.04345703125
3903139,32.8369140625
3907594,99.79248046875
3907605,34.912109375
3907637,34.0576171875
3907661,35.2783203125
3907680,35.09521484375
3907692,68.359375
3907771,82.03125
3907782,32.53173828125
3907837,61.03515625
3907850,74.8291015625
3908005,33.935546875
3914596,35.400390625
3914914,34.72900390625
3915388,33.935546875
3915629,35.0341796875
3915641,31.8603515625
3915697,42.1142578125
3921314,35.5224609375
3921689,32.53173828125
3921730,40.283203125
3921751,34.48486328125
3921774,99.7314453125
3921821,84.41162109375
3921848,34.36279296875
3921878,68.54248046875
3921893,35.33935546875
3921933,101.318359375
3921990,41.6259765625
3922011,79.16259765625
3922029,73.54736328125
3922066,32.3486328125
3922082,62.98828125
3922166,32.40966796875
3922192,76.47705078125
3929928,36.2548828125
3930312,33.8134765625
3930381,34.66796875
3930428,38.0859375
3936765,32.77587890625
3936840,32.470703125
3936885,96.923828125
3936935,55.35888671875
3936951,115.8447265625
3936981,53.16162109375
3937009,46.38671875
3937035,54.931640625
3937048,41.68701171875
3937070,40.8935546875
3937097,49.49951171875
3937144,35.7666015625
3937160,37.9638671875
3937364,37.17041015625
3937552,32.1044921875
3937772,32.53173828125
3937828,36.80419921875
3937909,32.40966796875
3937950,41.07666015625
3937984,35.888671875
3938075,37.7197265625
3938163,39.00146484375
3938240,36.7431640625
3938285,32.958984375
3938428,42.236328125
3938594,45.8984375
3948829,32.5927734375
3960398,39.97802734375
3961322,35.09521484375
3961745,32.77587890625
3970327,34.5458984375
3974193,31.8603515625
3974617,32.28759765625
3974722,33.38623046875
3974922,34.3017578125
3979049,33.02001953125
3979167,32.71484375
3979347,34.0576171875
3979380,31.982421875
3979452,34.7900390625
3979490,35.5224609375
3983664,33.3251953125
3983968,35.64453125
3984116,33.69140625
3988681,34.36279296875
3989087,32.5927734375
3989124,42.66357421875
3989271,36.80419921875
3994438,33.38623046875
3994518,33.69140625
3994578,33.87451171875
3994626,33.935546875
3994656,39.55078125
3994686,36.62109375
3994704,32.40966796875
3994733,36.376953125
3994750,95.703125
3994760,40.83251953125
3994795,99.54833984375
3994815,37.4755859375
3994845,85.38818359375
3994856,38.39111328125
3994893,35.70556640625
3994929,79.9560546875
3994994,59.26513671875
3995037,32.470703125
3995235,32.89794921875
4001449,31.982421875
4001577,32.1044921875
4001671,36.2548828125
4001698,37.353515625
4001749,35.82763671875
4001795,32.470703125
4001818,35.58349609375
4001840,112.548828125
4001862,31.982421875
4001895,88.37890625
4001939,59.63134765625
4001959,81.11572265625
4001982,41.015625
4002000,79.89501953125
4002039,40.95458984375
4002061,51.513671875
4002072,64.75830078125
4002096,32.65380859375
4002128,56.5185546875
4002143,33.0810546875
4002187,57.18994140625
4002197,41.259765625
4002257,42.1142578125
4002288,36.19384765625
4002339,80.078125
4002389,52.734375
4002470,53.7109375
4002608,32.1044921875
4008850,31.982421875
4009221,32.28759765625
4009242,32.3486328125
4009325,37.841796875
4014177,34.72900390625
4014230,32.71484375
4014322,32.77587890625
4018129,34.912109375
4018633,36.376953125
4018653,34.60693359375
4018690,75.98876953125
4018735,34.11865234375
4023411,32.1044921875
4023464,41.8701171875
4023483,92.95654296875
4023495,40.52734375
4023535,70.73974609375
4023554,64.63623046875
4023589,81.4208984375
4023600,37.109375
4023636,58.837890625
4023654,32.65380859375
4023683,39.55078125
4023696,44.61669921875
4023718,63.5986328125
4023734,35.21728515625
4023748,43.39599609375
4023812,32.53173828125
4023832,71.044921875
4023990,46.81396484375
4024234,54.443359375
4030628,34.7900390625
4030659,37.59765625
4030734,36.865234375
4035224,31.92138671875
4035504,34.1796875
4039579,33.38623046875
4039634,35.0341796875
4039710,36.56005859375
4039723,94.78759765625
4039798,85.99853515625
4039810,33.14208984375
4039843,37.9638671875
4039879,32.71484375
4039920,78.369140625
4039961,37.04833984375
4039989,49.01123046875
4046035,33.3251953125
4046301,99.42626953125
4046346,44.7998046875
4046390,34.24072265625
4046400,51.8798828125
4046430,60.1806640625
4046451,48.76708984375
4046498,60.4248046875
4046510,35.888671875
4046545,40.4052734375
4046563,64.208984375
4046590,34.66796875
4046630,61.09619140625
4046704,39.4287109375
4046727,34.36279296875
4046758,41.44287109375
4046792,37.90283203125
4046808,37.78076171875
4046895,46.5087890625
4046984,62.43896484375
4047003,40.58837890625
4047137,59.5703125
4047294,48.52294921875
4054118,32.5927734375
4057237,33.69140625
4057357,43.701171875
4057384,33.14208984375
4057521,92.8955078125
4065221,31.982421875
4065273,37.109375
4065297,103.271484375
4071171,33.63037109375
4071241,118.2861328125
4071292,38.2080078125
4075157,36.07177734375
4078493,33.203125
4078592,35.5224609375
4078626,33.26416015625
4078653,32.16552734375
4078679,34.72900390625
4078716,33.447265625
4078740,33.69140625
4078776,102.05078125
4078786,48.4619140625
4078800,34.423828125
4078831,87.21923828125
4078908,84.53369140625
4078929,63.53759765625
4078988,35.82763671875
4079052,32.2265625
4084344,40.22216796875
4084395,33.38623046875
4084513,39.24560546875
4084555,88.31787109375
4084567,33.02001953125
4084617,79.52880859375
4084751,35.33935546875
4089608,37.59765625
4089618,97.5341796875
4089673,92.95654296875
4089735,38.818359375
4089808,34.7900390625
4089838,36.43798828125
4089963,32.53173828125
4095283,34.1796875
4095357,34.423828125
4095399,34.48486328125
4095428,96.74072265625
4095508,95.27587890625
4095554,32.470703125
4095589,32.470703125
4101269,31.8603515625
4101330,33.63037109375
4101346,33.50830078125
4101358,33.3251953125
4101382,32.53173828125
4101419,34.85107421875
4101443,107.23876953125
4101488,83.55712890625
4101518,84.8388671875
4101534,70.068359375
4101548,46.44775390625
4101586,93.3837890625
4101629,51.45263671875
4101650,44.5556640625
4101703,64.39208984375
4101729,43.212890625
4101799,56.21337890625
4101814,51.81884765625
4101929,44.73876953125
4102120,49.072265625
4111778,33.447265625
4111955,32.2265625
4112130,35.2783203125
4112339,34.11865234375
4116197,34.7900390625
4116511,33.75244140625
4119713,33.50830078125
4119982,32.8369140625
4120002,36.56005859375
4120047,34.1796875
4120076,32.65380859375
4120094,41.80908203125
4120167,33.935546875
4120196,94.17724609375
4120228,41.259765625
4120281,35.09521484375
4125006,32.53173828125
4125141,32.5927734375
4125207,32.3486328125
4125246,37.29248046875
4125271,99.91455078125
4125283,32.28759765625
4125327,33.63037109375
4125402,33.0810546875
4130933,33.26416015625
4130963,37.4755859375
4130990,77.7587890625
4131002,34.0576171875
4131029,81.23779296875
4131048,36.0107421875
4131086,63.78173828125
4131104,32.65380859375
4131126,50.59814453125
4131145,52.91748046875
4131171,53.03955078125
4131212,48.03466796875
4131227,36.0107421875
4131289,45.8984375
4131362,55.2978515625
4131382,33.447265625
4131433,73.18115234375
4131448,46.630859375
4131587,45.41015625
4131745,52.6123046875
4137039,34.5458984375
4141612,32.53173828125
4144299,35.400390625
4144479,32.89794921875
4144543,38.6962890625
4144576,42.1142578125
4144728,34.60693359375
4149383,35.0341796875
4149413,34.36279296875
4149522,36.1328125
4149560,31.982421875
4154247,32.1044921875
4154279,32.5927734375
4154327,46.0205078125
4154352,39.55078125
4154402,96.49658203125
4154413,40.1611328125
4154469,73.18115234375
4154524,52.734375
4154546,31.8603515625
4154592,78.7353515625
4154608,31.8603515625
4160687,36.19384765625
4160746,32.8369140625
4160776,35.58349609375
4160796,39.0625
4160881,94.05517578125
4160934,44.189453125
4160952,87.646484375
4160974,50.9033203125
4160984,33.8134765625
4161019,37.841796875
4161037,34.72900390625
4161061,32.16552734375
4161088,49.86572265625
4167523,42.8466796875
4167614,43.88427734375
4167703,36.62109375
4167744,80.078125
4167763,75.37841796875
4167789,38.4521484375
4167809,73.486328125
4167821,75.927734375
4167833,34.3017578125
4167857,33.203125
4167894,78.43017578125
4167912,54.443359375
4168122,53.52783203125
4174902,33.447265625
4174940,33.447265625
4174954,37.9638671875
4174986,32.40966796875
4175042,38.87939453125
4175063,75.01220703125
4175231,51.8798828125
4180873,34.97314453125
4180925,36.43798828125
4180973,31.92138671875
4181023,39.6728515625
4181039,34.11865234375
4181096,34.36279296875
4181117,64.5751953125
4181207,31.982421875
4181223,65.0634765625
4188639,32.53173828125
4188726,39.4287109375
4188821,34.36279296875
4188856,32.470703125
4188869,92.83447265625
4188908,36.92626953125
4188919,107.97119140625
4188940,44.86083984375
4188974,69.82421875
4189016,49.072265625
4189043,53.3447265625
4189064,42.66357421875
4189095,50.23193359375
4189112,44.61669921875
4189150,41.44287109375
4189160,39.1845703125
4189194,54.443359375
4189219,45.10498046875
4189329,81.9091796875
4189343,34.85107421875
4189410,37.90283203125
4189529,43.0908203125
4189649,46.32568359375
4189826,34.60693359375
4199152,32.8369140625
4202457,34.36279296875
4202610,33.14208984375
4206374,37.78076171875
4210108,32.04345703125
4210248,34.85107421875
4210348,34.1796875
4214993,42.3583984375
4215036,38.02490234375
4215145,35.5224609375
4215460,40.283203125
4220142,38.63525390625
4220178,37.53662109375
4220235,33.8134765625
4220258,36.62109375
4220303,33.8134765625
4220320,93.994140625
4220358,37.109375
4220380,69.03076171875
4226428,34.5458984375
4226471,34.85107421875
4226546,41.6259765625
4226567,33.935546875
4226598,100.52490234375
4226625,38.02490234375
4226657,42.3583984375
4226670,89.599609375
4226707,35.888671875
4226743,32.2265625
4226771,53.40576171875
4226781,35.5224609375
4234883,33.87451171875
4234901,31.8603515625
4234933,32.71484375
4234966,104.98046875
4234991,44.00634765625
4235015,106.14013671875
4235029,43.15185546875
4235074,65.49072265625
4235088,73.73046875
4235109,34.5458984375
4235144,70.86181640625
4235181,35.7666015625
4235207,68.66455078125
4235217,60.791015625
4235240,41.80908203125
4235294,43.9453125
4235384,40.1611328125
4235412,33.3251953125
4235493,50.96435546875
4235651,48.64501953125
4235879,44.0673828125
4241731,35.7666015625
4246496,32.89794921875
4246533,35.0341796875
4246588,31.92138671875
4246665,35.21728515625
4246700,32.470703125
4246721,32.04345703125
4246778,36.92626953125
4246799,35.2783203125
4252794,32.1044921875
4252877,42.78564453125
4252895,37.841796875
4252919,41.3818359375
4252947,33.02001953125
4261198,33.38623046875
4261322,36.7431640625
4261355,36.80419921875
4261386,68.7255859375
4261406,87.40234375
4261435,42.96875
4261457,95.8251953125
4261515,90.33203125
4261554,35.46142578125
4261575,51.81884765625
4261635,38.63525390625
4261676,33.447265625
4261735,36.376953125
4261843,43.27392578125
4261965,52.978515625
4262137,47.9736328125
4277319,36.19384765625
4277340,34.60693359375
4277393,34.85107421875
4277406,35.70556640625
4277450,97.10693359375
4277471,32.65380859375
4277496,31.982421875
4277521,36.68212890625
4277561,65.0634765625
4277613,34.60693359375
4288504,33.63037109375
4288530,40.1611328125
4288547,37.65869140625
4288575,43.8232421875
4288603,36.9873046875
4288617,41.748046875
4288646,44.86083984375
4288663,84.41162109375
4288680,32.71484375
4288707,88.19580078125
4288723,53.3447265625
4288754,60.36376953125
4288779,60.546875
4288809,83.55712890625
4288827,35.09521484375
4288844,32.470703125
4288867,68.42041015625
4288896,38.0859375
4288933,31.982421875
4288945,101.07421875
4288975,35.7666015625
4289019,32.04345703125
4289125,40.10009765625
4289207,39.9169921875
4289295,42.66357421875
4289412,36.9873046875
4289534,40.1611328125
4289705,36.31591796875
4300520,33.26416015625
4300560,33.26416015625
4300592,33.87451171875
4300677,32.470703125
4306930,42.96875
4307016,35.400390625
4307049,34.3017578125
4307082,36.92626953125
4307111,32.89794921875
4307123,37.29248046875
4307153,34.66796875
4314599,45.10498046875
4314669,35.5224609375
4314708,35.64453125
4314757,32.16552734375
4314774,37.841796875
4314796,44.61669921875
4314815,33.50830078125
4314895,33.63037109375
4314962,40.10009765625
4324548,39.61181640625
4324569,41.19873046875
4324583,91.24755859375
4324621,37.04833984375
4324649,53.64990234375
4324672,72.8759765625
4324720,37.65869140625
4324768,62.6220703125
4324819,35.15625
4324879,34.60693359375
4324930,48.27880859375
4334864,32.77587890625
4334907,36.19384765625
4334937,34.24072265625
4334981,76.171875
4335011,40.4052734375
4335039,34.5458984375
4335075,66.89453125
4335094,32.28759765625
4335227,32.3486328125
4347805,32.40966796875
4347859,34.912109375
4347874,32.16552734375
4347902,47.05810546875
4347929,35.400390625
4347949,38.818359375
4347968,97.7783203125
4347993,52.06298828125
4348015,36.56005859375
4348071,65.00244140625
4348108,37.7197265625
4348149,62.255859375
4348229,33.02001953125
4348266,48.76708984375
4348423,58.7158203125
4359310,32.71484375
4359432,45.654296875
4368716,37.90283203125
4368740,37.78076171875
4368881,50.35400390625
4368907,45.2880859375
4368986,41.07666015625
4369041,79.52880859375
4378078,43.5791015625
4378132,39.4287109375
4378165,35.33935546875
4378210,42.3583984375
4378245,33.50830078125
4378292,36.62109375
4389524,34.0576171875
4389551,36.376953125
4389600,32.40966796875
4389630,38.330078125
4389693,31.8603515625
4389740,33.447265625
4389769,65.49072265625
4401470,32.1044921875
4401541,35.0341796875
4401611,34.85107421875
4401642,48.03466796875
4401655,32.2265625
4401709,35.64453125
4401796,32.16552734375
4401819,32.71484375
4401909,32.28759765625
4402251,35.0341796875
4413483,32.2265625
4413519,55.5419921875
4413619,36.865234375
4413735,41.93115234375
4413843,35.58349609375
4414103,33.63037109375
4426091,34.48486328125
4426127,35.64453125
4426158,37.109375
4426287,42.236328125
4426489,37.2314453125
4426695,32.71484375
4437379,32.77587890625
4437447,44.3115234375
4437485,41.68701171875
4437904,36.7431640625
4448499,32.470703125
4448591,38.26904296875
4448633,33.14208984375
4448684,46.875
4448761,34.912109375
4449100,32.40966796875
4460232,32.77587890625
4469628,34.11865234375
4478824,34.48486328125
4478937,34.72900390625
4487773,34.66796875
4487907,36.62109375
4496946,32.1044921875
4497140,34.1796875
4552793,36.07177734375
4625925,33.38623046875
4626375,32.65380859375
4776874,32.958984375
4809679,33.63037109375
4812270,32.3486328125
4812337,33.99658203125
4812743,35.5224609375
4813163,35.82763671875
4813286,48.9501953125
4813469,36.0107421875
4813522,43.3349609375
4813545,36.9873046875
4813753,51.81884765625
4814049,59.14306640625
4814324,58.89892578125
4814355,35.7666015625
4814597,56.5185546875
4814843,32.1044921875
4815391,37.841796875
4816567,32.40966796875
4870880,34.11865234375
4899820,32.470703125
4899859,34.3017578125
4937829,33.5693359375
4962642,36.68212890625
4977483,60.9130859375
4977592,54.931640625
4990545,31.8603515625
4990752,75.86669921875
4990937,60.546875
5005949,32.65380859375
5006116,67.7490234375
5006200,57.12890625
5006299,62.98828125
5023765,39.00146484375
5024625,34.1796875
5025592,33.87451171875
5025729,43.02978515625
5025773,42.66357421875
5025795,33.203125
5026283,35.5224609375
5026352,59.9365234375
5029130,31.8603515625
5030555,33.99658203125
5032418,33.447265625
5050011,66.58935546875
5050086,66.89453125
5050198,53.77197265625
5050323,46.81396484375
5072824,33.87451171875
5072876,41.93115234375
5072906,35.09521484375
5072957,35.0341796875
5073086,66.0400390625
5073393,53.77197265625
5094777,33.50830078125
5094845,67.2607421875
5094865,32.04345703125
5095048,64.697265625
5095185,60.72998046875
5111702,69.4580078125
5111784,56.82373046875
5111905,60.9130859375
5112110,40.771484375
5125823,37.2314453125
5125904,63.17138671875
5126000,54.19921875
5126142,46.69189453125
5139989,58.4716796875
5140089,59.38720703125
5140200,38.4521484375
5140354,60.72998046875
5140548,53.89404296875
5156459,52.42919921875
5156566,32.1044921875
5156663,54.50439453125
5156806,46.38671875
5156928,51.81884765625
5157142,49.74365234375
5157346,55.72509765625
5169235,42.8466796875
5169368,47.7294921875
5169631,58.349609375
5180117,70.00732421875
5180244,51.1474609375
5180395,45.0439453125
5180591,54.87060546875
5190539,44.37255859375
5190645,55.96923828125
5190802,47.9736328125
5191113,52.6123046875
5204222,46.81396484375
5204310,47.42431640625
5204477,35.5224609375
5204645,40.10009765625
5204897,55.23681640625
5216238,39.85595703125
5216345,45.0439453125
5216464,51.33056640625
5216683,51.025390625
5216879,56.33544921875
5225937,53.28369140625
5226116,53.64990234375
5226345,58.837890625
5234970,61.1572265625
5235117,34.3017578125
5235133,35.70556640625
5235299,60.48583984375
5249436,56.7626953125
5249524,51.26953125
5249617,62.56103515625
5249786,33.75244140625
5249946,55.17578125
5250138,46.20361328125
5250487,53.77197265625
5260367,43.27392578125
5260477,58.28857421875
5260587,66.40625
5260765,49.31640625
5261203,53.3447265625
5274118,56.94580078125
5274207,53.89404296875
5274329,44.98291015625
5274475,42.29736328125
5274654,49.1943359375
5274856,57.6171875
5275094,55.0537109375
5282959,44.73876953125
5283128,65.12451171875
5283312,41.44287109375
5283527,50.29296875
5292373,58.89892578125
5292498,47.2412109375
5292714,56.0302734375
5293015,63.04931640625
5300346,74.3408203125
5300491,44.00634765625
5300722,54.931640625
5311961,66.7724609375
5312058,35.64453125
5312186,42.78564453125
5312336,49.25537109375
5312505,50.29296875
5312667,45.0439453125
5312895,54.87060546875
5326483,72.265625
5326560,49.4384765625
5326661,40.0390625
5326779,51.26953125
5326919,47.8515625
5327068,51.81884765625
5327234,49.13330078125
5327395,41.32080078125
5327661,52.1240234375
5343480,53.8330078125
5343556,45.59326171875
5343653,48.88916015625
5343765,56.94580078125
5343913,42.8466796875
5344044,41.259765625
5344182,43.76220703125
5344332,49.072265625
5344514,50.29296875
5344724,43.76220703125
5361531,46.7529296875
5361598,63.3544921875
5361682,44.98291015625
5361797,50.9033203125
5361910,49.6826171875
5362020,56.7626953125
5362144,39.12353515625
5362280,49.98779296875
5362427,54.87060546875
5362587,46.2646484375
5362831,54.8095703125
5381057,54.443359375
5381126,48.095703125
5381212,50.9033203125
5381300,44.677734375
5381376,40.71044921875
5381403,49.49951171875
5381518,54.62646484375
5381623,48.583984375
5381754,48.4619140625
5381908,42.724609375
5382059,43.88427734375
5382219,39.61181640625
5382450,39.794921875
5400943,57.06787109375
5401017,58.59375
5401088,47.8515625
5401186,50.72021484375
5401307,39.55078125
5401417,33.75244140625
5401534,45.59326171875
5401658,49.74365234375
5401796,45.7763671875
5401932,40.95458984375
5402086,45.5322265625
5402271,50.4150390625
5416302,52.3681640625
5416376,63.17138671875
5416462,46.81396484375
5416551,44.98291015625
5416650,47.05810546875
5416748,53.955078125
5416855,42.29736328125
5416971,42.3583984375
5417084,55.48095703125
5417202,41.015625
5417369,37.78076171875
5417543,52.91748046875
5417756,42.29736328125
5437464,36.43798828125
5437898,58.59375
5437976,51.45263671875
5438064,43.9453125
5438143,41.9921875
5438221,45.5322265625
5438343,40.71044921875
5438444,34.423828125
5438577,43.64013671875
5438717,48.03466796875
5438845,45.41015625
5438984,32.1044921875
5439121,46.7529296875
5439318,42.78564453125
5457369,55.2978515625
5457452,49.37744140625
5457532,52.8564453125
5457626,50.1708984375
5457703,43.51806640625
5457796,34.97314453125
5457897,44.00634765625
5457996,44.37255859375
5458111,46.20361328125
5458236,46.20361328125
5458379,45.5322265625
5458544,38.9404296875
5458682,45.71533203125
5458889,46.32568359375
5480322,52.91748046875
5480392,44.86083984375
5480461,38.75732421875
5480562,55.2978515625
5480662,43.212890625
5480761,37.41455078125
5480874,43.88427734375
5480975,41.19873046875
5481078,42.05322265625
5481210,35.5224609375
5481336,46.630859375
5481487,38.2080078125
5481664,35.5224609375
5481891,45.95947265625
5510160,75.0732421875
5510241,48.828125
5510330,41.44287109375
5510422,46.5087890625
5510531,32.89794921875
5510635,46.44775390625
5510750,41.3818359375
5510841,33.75244140625
5510959,40.46630859375
5511069,43.8232421875
5511217,47.66845703125
5511354,42.66357421875
5511526,43.0908203125
5529267,60.05859375
5529383,49.13330078125
5529493,51.69677734375
5529593,52.18505859375
5529687,36.1328125
5529804,44.37255859375
5529928,38.14697265625
5530049,57.31201171875
5530163,35.888671875
5530298,42.78564453125
5530431,36.07177734375
5530617,49.13330078125
5530885,45.0439453125
5545610,53.64990234375
5545694,50.78125
5545809,61.5234375
5545911,39.36767578125
5546016,36.19384765625
5546133,41.19873046875
5546241,39.12353515625
5546344,40.83251953125
5546455,39.9169921875
5546569,37.9638671875
5546729,39.24560546875
5546928,45.95947265625
5547248,42.8466796875
5564853,57.06787109375
5564998,45.71533203125
5565138,57.2509765625
5565242,54.13818359375
5565369,39.306640625
5565465,41.015625
5565582,43.212890625
5565703,35.33935546875
5565811,34.97314453125
5565926,31.8603515625
5566075,45.95947265625
5566233,41.80908203125
5643538,33.203125
5643704,37.841796875
5643864,57.6171875
5643918,33.0810546875
5643958,62.255859375
5644117,54.62646484375
5644269,44.98291015625
5644410,51.69677734375
5644544,46.20361328125
5644716,48.52294921875
5644843,40.58837890625
5644991,42.29736328125
5645148,48.03466796875
5645357,43.76220703125
5645754,52.91748046875
5649039,33.02001953125
5668422,31.92138671875
5669050,34.48486328125
5669190,32.71484375
5669233,36.7431640625
5715386,32.04345703125
5715868,36.4990234375
5716240,49.37744140625
5716394,63.4765625
5716497,56.94580078125
5716641,46.142578125
5717028,47.54638671875
5717172,50.47607421875
5717365,56.15234375
5717572,45.2880859375
5756380,37.109375
5756783,33.8134765625
5756832,33.14208984375
5756927,34.7900390625
5756974,33.87451171875
5757053,33.02001953125
5757081,37.841796875
5757175,49.25537109375
5757251,58.28857421875
5757489,69.39697265625
5757561,34.912109375
5757659,54.0771484375
5757723,37.90283203125
5757751,33.69140625
5757831,33.8134765625
5757864,33.935546875
5757889,59.26513671875
5758055,45.2880859375
5758075,34.5458984375
5758214,52.734375
5758378,42.17529296875
5758591,45.2880859375
5758779,40.283203125
5758828,34.0576171875
5759001,52.79541015625
5759089,32.77587890625
5759275,47.18017578125
5759373,32.3486328125
5759570,32.16552734375
5759623,34.36279296875
5759840,34.7900390625
5759968,35.400390625
5760637,36.31591796875
5760712,33.203125
5760988,34.66796875
5761449,31.8603515625
5761550,34.60693359375
5761676,32.5927734375
5762043,31.8603515625
5762793,33.63037109375
5763353,41.748046875
5764235,33.14208984375
5764387,33.14208984375
5765126,31.982421875
5773058,34.7900390625
5773346,34.912109375
5773427,37.17041015625
5773596,59.14306640625
5773756,63.720703125
5773980,52.24609375
5774014,37.59765625
5774158,41.1376953125
5774286,60.11962890625
5774457,42.54150390625
5774611,64.94140625
5774752,46.630859375
5774909,42.29736328125
5775029,33.38623046875
5775224,53.03955078125
5775409,44.49462890625
5775619,38.330078125
5775948,42.66357421875
5782726,35.400390625
5782803,64.94140625
5783049,51.94091796875
5783193,52.79541015625
5783365,40.95458984375
5783382,39.794921875
5783571,46.38671875
5783623,35.400390625
5783734,48.76708984375
5783922,50.72021484375
5784075,41.50390625
5784310,48.9501953125
5784535,48.76708984375
5791873,32.53173828125
5792155,39.794921875
5792419,62.92724609375
5792456,32.71484375
5792623,51.81884765625
5792828,58.28857421875
5793021,41.93115234375
5793227,46.875
5793257,34.97314453125
5793419,61.1572265625
5793619,50.78125
5793788,53.77197265625
5793823,32.16552734375
5793964,47.7294921875
5794156,39.6728515625
5794399,41.93115234375
5801137,31.92138671875
5801320,33.63037109375
5801505,59.87548828125
5801741,45.41015625
5801991,60.05859375
5802162,47.2412109375
5802416,43.02978515625
5802583,48.64501953125
5802755,44.7998046875
5802924,41.93115234375
5803127,50.35400390625
5803361,48.27880859375
5803655,38.818359375
5811158,34.5458984375
5811330,59.08203125
5811522,44.677734375
5811560,33.63037109375
5811719,51.3916015625
5811898,45.0439453125
5812040,44.61669921875
5812200,50.29296875
5812374,56.82373046875
5812515,44.0673828125
5812673,48.828125
5812872,37.109375
5813064,46.630859375
5813302,40.4052734375
5813671,42.8466796875
5820472,34.97314453125
5820666,32.89794921875
5820769,34.24072265625
5820818,34.24072265625
5820857,74.0966796875
5820985,32.04345703125
5821048,53.16162109375
5821220,42.54150390625
5821399,49.8046875
5821601,46.7529296875
5821734,39.6728515625
5821873,34.423828125
5822013,38.330078125
5822173,44.86083984375
5822344,38.87939453125
5822493,44.12841796875
5822682,38.63525390625
5822945,44.61669921875
5823231,37.53662109375
5823566,45.71533203125
5825578,33.203125
5827760,50.78125
5827957,52.06298828125
5828221,50.59814453125
5828436,41.44287109375
5828673,42.8466796875
5828861,36.865234375
5829043,48.88916015625
5829243,50.59814453125
5829447,42.41943359375
5829598,42.6025390625
5829781,47.119140625
5829973,45.83740234375
5830187,43.51806640625
5830418,47.05810546875
5830742,37.59765625
5835020,48.88916015625
5835163,37.841796875
5835348,32.28759765625
5835362,33.87451171875
5835535,55.908203125
5835591,33.3251953125
5835721,45.22705078125
5835894,40.4052734375
5836042,47.4853515625
5836191,36.43798828125
5836341,37.2314453125
5836504,34.60693359375
5836698,34.1796875
5836901,46.20361328125
5837155,38.818359375
5837541,43.27392578125
5842970,38.26904296875
5843191,61.21826171875
5843291,33.99658203125
5843310,32.04345703125
5843360,48.76708984375
5843529,41.56494140625
5843681,59.99755859375
5843791,34.36279296875
5843831,41.80908203125
5843976,35.5224609375
5844130,37.78076171875
5844261,41.8701171875
5844411,43.27392578125
5844577,42.66357421875
5844751,33.203125
5844945,39.00146484375
5845141,39.36767578125
5845341,34.48486328125
5845608,47.42431640625
5845957,51.513671875
5850434,53.16162109375
5850667,55.96923828125
5850872,38.9404296875
5851060,43.27392578125
5851218,38.02490234375
5851475,32.53173828125
5851542,32.470703125
5851560,43.212890625
5851709,45.59326171875
5851874,37.65869140625
5852043,39.00146484375
5852426,33.935546875
5852689,43.5791015625
5853065,37.17041015625
5856683,47.30224609375
5856916,57.31201171875
5857119,62.01171875
5857306,41.015625
5857499,42.1142578125
5857669,41.80908203125
5857872,40.52734375
5858041,39.6728515625
5858193,35.33935546875
5858398,35.58349609375
5858592,36.31591796875
5858801,41.8701171875
5859058,34.7900390625
5859382,46.69189453125
5859900,42.41943359375
5865773,32.5927734375
5865836,49.9267578125
5865946,49.49951171875
5866098,42.05322265625
5866119,36.2548828125
5866262,43.212890625
5866336,35.09521484375
5866409,54.443359375
5866539,41.748046875
5866690,36.19384765625
5866827,39.00146484375
5866978,35.15625
5867164,39.48974609375
5867343,45.83740234375
5867530,41.6259765625
5867772,47.79052734375
5868040,42.66357421875
5868465,32.77587890625
5874213,52.55126953125
5874347,46.69189453125
5874466,32.958984375
5874530,40.4052734375
5874562,34.48486328125
5874698,56.33544921875
5874840,45.47119140625
5874979,42.1142578125
5875093,34.48486328125
5875210,36.92626953125
5875343,37.41455078125
5875479,35.33935546875
5875616,38.87939453125
5875797,43.27392578125
5875946,34.48486328125
5876150,34.85107421875
5876343,38.39111328125
5876584,46.9970703125
5876902,43.64013671875
5880341,41.44287109375
5880732,47.7294921875
5880985,41.07666015625
5881099,34.423828125
5881287,39.24560546875
5881530,46.20361328125
5881728,49.560546875
5881941,37.41455078125
5882092,37.109375
5882110,37.29248046875
5882254,33.69140625
5882395,32.04345703125
5882553,35.0341796875
5882715,38.26904296875
5882956,37.90283203125
5883302,38.75732421875
5889760,32.77587890625
5889892,64.02587890625
5890026,34.0576171875
5890056,33.5693359375
5890159,46.44775390625
5890285,51.33056640625
5890420,49.74365234375
5890545,39.61181640625
5890664,51.7578125
5890777,35.82763671875
5890903,39.9169921875
5891021,34.48486328125
5891131,35.21728515625
5891264,35.2783203125
5891415,38.9404296875
5891587,41.9921875
5891777,35.5224609375
5892025,35.2783203125
5892333,32.5927734375
5892785,36.07177734375
5899584,53.22265625
5899646,32.28759765625
5899716,42.41943359375
5899775,32.53173828125
5899845,38.57421875
5899979,49.6826171875
5900001,38.2080078125
5900109,44.3115234375
5900155,34.11865234375
5900222,33.87451171875
5900331,41.50390625
5900447,39.55078125
5900571,38.0859375
5900704,35.58349609375
5900852,33.69140625
5901000,39.4287109375
5901158,45.41015625
5901323,43.8232421875
5901539,38.63525390625
5901802,35.2783203125
5902305,40.52734375
5911386,49.31640625
5911474,54.62646484375
5911489,36.4990234375
5911588,46.38671875
5911700,33.14208984375
5911711,54.38232421875
5911819,36.7431640625
5912025,35.2783203125
5912050,34.60693359375
5912135,36.56005859375
5912159,42.8466796875
5912266,39.61181640625
5912377,40.52734375
5912493,32.1044921875
5912741,34.912109375
5912892,38.87939453125
5913088,40.10009765625
5913284,40.771484375
5913574,49.31640625
5914125,40.83251953125
5923219,37.353515625
5923345,58.349609375
5923377,37.59765625
5923398,33.50830078125
5923433,57.92236328125
5923477,43.27392578125
5923503,39.24560546875
5923536,55.11474609375
5923648,37.109375
5923727,31.92138671875
5923865,46.44775390625
5923968,42.05322265625
5924064,44.86083984375
5924169,35.82763671875
5924375,35.5224609375
5924598,35.09521484375
5924687,32.16552734375
5924812,33.50830078125
5924968,36.0107421875
5925139,43.76220703125
5925335,37.53662109375
5925605,52.18505859375
5948858,32.65380859375
5948986,36.92626953125
5949038,36.19384765625
5949063,35.7666015625
5949084,59.38720703125
5949115,37.59765625
5949145,35.2783203125
5949169,53.03955078125
5949271,34.0576171875
5949293,33.3251953125
5949367,55.0537109375
5949480,49.6826171875
5949571,32.28759765625
5949667,36.80419921875
5949750,42.17529296875
5949845,39.36767578125
5949933,33.3251953125
5950042,38.87939453125
5950234,45.8984375
5950448,34.3017578125
5950581,36.19384765625
5950738,32.470703125
5950915,41.93115234375
5951159,37.17041015625
5951405,43.88427734375
5951821,42.41943359375
5955107,60.05859375
5955271,49.01123046875
5955425,38.57421875
5955600,38.02490234375
5955767,44.73876953125
5955927,39.73388671875
5956061,32.71484375
5956206,37.4755859375
5956445,32.2265625
5956879,34.5458984375
5957010,32.958984375
5957753,33.50830078125
5957929,33.99658203125
5958108,35.82763671875
5958321,38.51318359375
5958527,33.8134765625
5958791,35.70556640625
5959094,40.83251953125
5959480,38.9404296875
5969132,54.3212890625
5969235,54.26025390625
5969289,39.306640625
5969338,43.51806640625
5969386,35.58349609375
5969441,40.8935546875
5969496,35.82763671875
5969550,42.78564453125
5969659,42.17529296875
5969772,36.43798828125
5969883,37.109375
5970024,36.68212890625
5970161,35.2783203125
5970294,41.259765625
5970475,39.0625
5970704,40.1611328125
5971010,36.376953125
5981221,57.2509765625
5981299,32.958984375
5981319,35.64453125
5981410,33.447265625
5981517,40.8935546875
5981544,40.1611328125
5981608,42.3583984375
5981700,36.80419921875
5981788,39.97802734375
5981876,34.423828125
5982169,40.1611328125
5982284,34.85107421875
5982407,37.29248046875
5982752,48.27880859375
5982989,47.7294921875
5994300,49.37744140625
5994392,50.4150390625
5994434,31.982421875
5994487,50.1708984375
5994530,37.53662109375
5994586,44.12841796875
5994678,39.794921875
5994760,38.9404296875
5994933,32.1044921875
5995024,37.17041015625
5995126,37.78076171875
5995227,33.50830078125
5995333,33.5693359375
5995461,36.92626953125
5995597,36.2548828125
5995788,38.39111328125
5996045,41.50390625
6008381,46.7529296875
6008401,34.11865234375
6008466,69.2138671875
6008559,47.30224609375
6008660,36.7431640625
6008746,34.1796875
6008834,33.99658203125
6008921,44.86083984375
6009023,32.5927734375
6009132,36.865234375
6009254,36.92626953125
6009499,37.841796875
6009672,43.02978515625
6009903,44.12841796875
6010267,42.66357421875
6020666,61.09619140625
6020752,45.7763671875
6020851,55.6640625
6020955,53.22265625
6021055,45.95947265625
6021172,35.46142578125
6021279,34.48486328125
6021375,34.48486328125
6021484,38.02490234375
6021615,32.470703125
6021738,40.283203125
6021881,33.87451171875
6022286,43.3349609375
6032295,34.11865234375
6032331,44.921875
6032419,41.9921875
6032517,37.41455078125
6032617,46.5087890625
6032718,50.96435546875
6032829,35.15625
6032930,31.982421875
6033028,38.330078125
6033141,38.02490234375
6033258,38.39111328125
6033379,33.935546875
6033507,34.5458984375
6033665,38.2080078125
6033840,46.44775390625
6034090,43.51806640625
6045356,65.97900390625
6045444,47.54638671875
6045536,57.0068359375
6045629,35.15625
6045645,42.17529296875
6045763,39.85595703125
6045871,37.29248046875
6045985,42.236328125
6046094,33.87451171875
6046317,32.5927734375
6046427,34.3017578125
6046576,40.58837890625
6046752,35.15625
6046985,41.8701171875
6058033,67.2607421875
6058122,58.89892578125
6058219,42.05322265625
6058317,40.22216796875
6058420,51.57470703125
6058521,40.95458984375
6058637,44.3115234375
6058748,39.1845703125
6058860,47.7294921875
6059085,34.0576171875
6059231,34.66796875
6059391,34.7900390625
6059612,45.22705078125
6071809,52.6123046875
6071883,42.236328125
6071988,46.08154296875
6072110,56.15234375
6072223,43.15185546875
6072332,47.4853515625
6072435,47.66845703125
6072540,42.6025390625
6072647,36.80419921875
6072756,34.1796875
6072901,44.86083984375
6073042,45.22705078125
6073187,43.88427734375
6073387,41.32080078125
6083409,58.9599609375
6083498,51.025390625
6083602,35.94970703125
6083646,32.3486328125
6083718,39.36767578125
6083823,34.5458984375
6083935,42.724609375
6084046,34.7900390625
6084179,37.353515625
6084329,38.57421875
6084477,42.3583984375
6084613,38.63525390625
6084810,35.888671875
6085100,42.1142578125
6095422,50.59814453125
6095517,50.29296875
6095625,55.908203125
6095732,44.677734375
6095833,50.1708984375
6095948,46.5087890625
6096076,35.400390625
6096186,40.46630859375
6096301,40.34423828125
6096535,38.0859375
6096699,35.888671875
6096887,34.85107421875
6107493,60.05859375
6107584,43.3349609375
6107615,34.85107421875
6107691,65.73486328125
6107723,34.912109375
6107794,48.095703125
6107901,48.583984375
6108117,53.28369140625
6108236,40.46630859375
6108356,33.99658203125
6108639,34.97314453125
6108841,41.80908203125
6123289,59.5703125
6123363,54.3212890625
6123454,47.4853515625
6123516,34.7900390625
6123566,37.4755859375
6123683,34.72900390625
6123792,45.34912109375
6123893,42.6025390625
6124012,33.63037109375
6124117,43.5791015625
6124236,33.0810546875
6124366,32.28759765625
6124524,40.283203125
6124709,44.73876953125
6139244,48.03466796875
6139336,46.9970703125
6139416,41.93115234375
6139489,32.89794921875
6139527,49.25537109375
6139636,50.23193359375
6139746,41.19873046875
6139849,34.423828125
6139971,46.32568359375
6140094,51.20849609375
6140207,32.1044921875
6140331,35.94970703125
6140519,39.85595703125
6152111,57.4951171875
6152218,58.4716796875
6152332,44.98291015625
6152446,45.5322265625
6152461,33.203125
6152567,37.4755859375
6152697,48.095703125
6152829,39.4287109375
6152961,36.07177734375
6153101,46.9970703125
6153235,33.26416015625
6153395,43.88427734375
6170279,56.396484375
6170362,50.47607421875
6170482,46.2646484375
6170590,48.64501953125
6170716,44.677734375
6170839,50.23193359375
6170953,47.119140625
6171079,48.88916015625
6171216,36.376953125
6171387,45.95947265625
6171601,45.10498046875
6188844,54.3212890625
6188938,52.3681640625
6189065,48.7060546875
6189173,39.97802734375
6189301,50.048828125
6189455,61.95068359375
6189614,40.8935546875
6189812,38.39111328125
6190018,46.69189453125
6191672,33.447265625
6192684,32.8369140625
6192893,39.24560546875
6193003,33.50830078125
6193088,34.5458984375
6193786,49.072265625
6194164,51.025390625
6196081,32.28759765625
6213657,62.01171875
6213821,48.27880859375
6213836,32.8369140625
6213946,50.4150390625
6214113,41.3818359375
6214315,38.39111328125
6214484,44.3115234375
6214731,45.34912109375
6262666,32.1044921875
6263810,37.78076171875
6264419,33.14208984375
6264691,35.21728515625
6264745,34.24072265625
6264794,32.53173828125
6264845,39.306640625
6264946,32.3486328125
6265455,32.1044921875
6267919,32.89794921875
6268095,32.3486328125
6305316,33.50830078125
6307103,35.400390625
6329755,36.9873046875
6329955,34.66796875
6343538,32.65380859375
6343567,33.935546875
6343611,34.912109375
6343637,32.04345703125
6343657,35.94970703125
6343687,34.0576171875
6343763,38.6962890625
6344283,35.46142578125
6344677,41.6259765625
6345025,36.7431640625
6345270,36.0107421875
6345347,33.75244140625
6345425,33.447265625
6345530,34.72900390625
6345827,31.982421875
6346303,33.50830078125
6346780,38.2080078125
6348731,31.8603515625
6348855,33.3251953125
6349133,32.958984375
6351284,33.203125
6352591,32.77587890625
6383810,32.89794921875
6384554,35.7666015625
6397388,32.3486328125
6397990,33.99658203125
6398094,40.22216796875
6398142,34.48486328125
6417245,33.87451171875
6418060,36.1328125
6418098,39.00146484375
6418152,46.630859375
6418183,34.5458984375
6418215,31.92138671875
6440270,34.48486328125
6441216,32.470703125
6441284,39.85595703125
6441304,33.63037109375
6441341,34.423828125
6441383,39.36767578125
6460065,39.794921875
6460847,32.40966796875
6460919,31.982421875
6460957,34.0576171875
6460977,32.3486328125
6460998,37.2314453125
6461021,32.1044921875
6478700,35.888671875
6478745,33.63037109375
6478768,42.3583984375
6478797,37.2314453125
6478818,34.7900390625
6496487,34.60693359375
6497186,32.40966796875
6497331,37.4755859375
6497351,46.81396484375
6497378,32.8369140625
6509948,33.87451171875
6510090,37.2314453125
6510978,39.6728515625
6510993,37.109375
6511015,36.56005859375
6511055,38.26904296875
6526602,32.958984375
6527469,32.3486328125
6527503,43.76220703125
6527536,39.9169921875
6527593,46.0205078125
6543708,33.0810546875
6543742,37.7197265625
6543766,98.6328125
6543792,38.330078125
6543806,35.5224609375
6543868,35.33935546875
6543928,38.02490234375
6553279,40.83251953125
6553438,39.1845703125
6553517,36.0107421875
6553983,32.8369140625
6554028,35.46142578125
6554348,33.5693359375
6554671,32.77587890625
6561135,36.56005859375
6561449,33.26416015625
6567244,33.99658203125
6574061,40.71044921875
6580287,33.203125
6580509,35.0341796875
6587184,37.353515625
6587364,36.1328125
6587678,33.447265625
6594355,34.7900390625
6594603,38.4521484375
6594862,34.912109375
6594945,33.69140625
6602329,36.80419921875
6602380,38.26904296875
6602523,34.423828125
6618721,35.400390625
6627678,33.02001953125
6638829,32.71484375
6638973,33.447265625
6639479,34.423828125
6646773,36.7431640625
6667037,34.66796875
6667104,33.0810546875
6667291,35.888671875
6667716,41.015625
6678884,32.16552734375
6679088,32.5927734375
6679147,34.97314453125
6688625,33.5693359375
6688694,32.1044921875
6688722,36.1328125
6688791,41.3818359375
6689102,32.77587890625
6701411,33.0810546875
6701424,39.36767578125
6701469,32.470703125
6714612,36.43798828125
6714835,34.912109375
6714863,39.24560546875
6715552,34.1796875
6726156,35.7666015625
6726319,32.40966796875
6726573,31.92138671875
6726728,32.5927734375
6726891,32.958984375
6730867,33.3251953125
6730933,33.38623046875
6745093,33.26416015625
6745647,37.53662109375
6760686,46.81396484375
6760751,34.912109375
6760789,33.69140625
6761067,37.109375
6762839,37.7197265625
6762943,32.16552734375
6776410,36.2548828125
6776622,31.92138671875
6787624,35.5224609375
6787936,31.92138671875
6796271,35.64453125
6796317,36.7431640625
6796331,36.865234375
6796345,50.96435546875
6796367,76.7822265625
6796387,45.22705078125
6796443,75.8056640625
6796460,89.05029296875
6796483,36.1328125
6796513,85.693359375
6796528,42.6025390625
6796563,61.279296875
6796578,38.818359375
6796637,85.26611328125
6796654,35.21728515625
6796684,52.6123046875
6796739,40.22216796875
6796750,34.48486328125
6796795,37.04833984375
6796889,43.8232421875
6796971,55.6640625
6797101,65.73486328125
6797230,37.59765625
6797276,63.3544921875
6797307,43.45703125
6797336,36.2548828125
6797403,40.10009765625
6797513,36.865234375
6801998,32.53173828125
6804494,39.1845703125
6806188,33.69140625
6806586,40.71044921875
6806901,32.5927734375
6807752,32.77587890625
6808364,32.77587890625
6808600,33.63037109375
6808767,33.0810546875
6809454,34.60693359375
6812997,34.3017578125
6813294,38.51318359375
6813928,32.2265625
6814495,33.38623046875
6814766,32.28759765625
6816381,34.97314453125
6820358,37.53662109375
6820440,32.470703125
6824916,32.04345703125
6827537,35.33935546875
6830902,35.400390625
6830916,31.8603515625
6836610,32.3486328125
6838929,32.1044921875
6841375,31.8603515625
6842665,38.02490234375
6842725,34.1796875
6842766,37.841796875
6842779,40.95458984375
6842799,50.96435546875
6842864,39.306640625
6844322,36.1328125
6846922,33.0810546875
6848758,33.3251953125
6849091,33.69140625
6852498,31.92138671875
6854913,31.8603515625
6855281,32.53173828125
6855303,49.9267578125
6855435,36.07177734375
6857697,33.87451171875
6860691,34.60693359375
6864753,32.40966796875
6866399,32.28759765625
6867887,35.2783203125
6867910,33.38623046875
6867938,36.0107421875
6867967,37.65869140625
6867989,33.69140625
6868020,95.0927734375
6868053,32.65380859375
6868077,42.41943359375
6868099,64.27001953125
6868122,87.7685546875
6868176,40.771484375
6876116,34.0576171875
6878197,34.97314453125
6878242,35.33935546875
6878269,33.87451171875
6878294,37.78076171875
6880531,31.982421875
6887476,32.5927734375
6887498,37.41455078125
6887579,32.2265625
6887590,92.6513671875
6887617,45.2880859375
6887639,34.11865234375
6887649,49.13330078125
6887671,37.841796875
6887689,74.21875
6887718,34.97314453125
6887733,69.580078125
6887766,45.47119140625
6887778,93.56689453125
6887819,32.28759765625
6887843,49.62158203125
6887858,32.3486328125
6887882,34.7900390625
6887952,66.34521484375
6894067,32.65380859375
6894367,32.3486328125
6896999,32.53173828125
6897457,33.02001953125
6897523,33.69140625
6897641,33.50830078125
6899514,41.93115234375
6900378,33.447265625
6902598,34.36279296875
6906072,32.65380859375
6906311,41.19873046875
6906527,33.75244140625
6906734,32.04345703125
6906747,41.1376953125
6906877,45.71533203125
6906968,33.935546875
6910080,31.92138671875
6912276,33.3251953125
6912302,40.1611328125
6912365,40.46630859375
6912390,33.50830078125
6916206,32.53173828125
6916318,35.5224609375
6918127,36.92626953125
6918149,35.400390625
6918280,32.28759765625
6919661,36.56005859375
6919690,40.52734375
6919785,54.5654296875
6919841,40.46630859375
6919867,35.64453125
6919884,41.015625
6919931,101.86767578125
6919942,43.9453125
6919994,85.51025390625
6920014,35.09521484375
6920079,86.48681640625
6920310,38.6962890625
6924683,32.40966796875
6924741,36.7431640625
6924766,32.53173828125
6924830,34.0576171875
6925009,37.9638671875
6928096,33.02001953125
6928189,33.26416015625
6928224,37.7197265625
6928264,34.1796875
6928320,85.205078125
6928334,32.65380859375
6928372,60.1806640625
6928420,36.43798828125
6932592,39.9169921875
6932641,38.51318359375
6932697,39.306640625
6932713,32.77587890625
6932751,40.6494140625
6932779,37.17041015625
6932797,33.203125
6932846,32.28759765625
6932869,37.4755859375
6936490,35.09521484375
6936577,33.50830078125
6936603,37.4755859375
6936618,44.25048828125
6936646,36.4990234375
6936696,34.72900390625
6936724,33.75244140625
6936749,32.958984375
6936825,32.28759765625
6936848,37.7197265625
6940288,31.92138671875
6941954,33.87451171875
6942018,95.03173828125
6942056,39.48974609375
6942076,46.142578125
6942115,76.66015625
6942156,48.88916015625
6942169,42.17529296875
6942204,47.30224609375
6942252,45.8984375
6942300,51.8798828125
6951330,32.958984375
6951392,33.935546875
6951449,35.82763671875
6951467,46.2646484375
6951636,32.2265625
6951684,33.203125
6951712,36.68212890625
6955065,34.24072265625
6956654,39.00146484375
6956689,36.7431640625
6956724,33.63037109375
6956749,39.9169921875
6956820,70.6787109375
6956839,34.60693359375
6956868,91.796875
6956886,39.61181640625
6956915,91.9189453125
6956939,38.6962890625
6956964,85.51025390625
6956982,39.0625
6956998,41.015625
6957024,44.98291015625
6957060,57.12890625
6957086,36.9873046875
6957098,58.2275390625
6957124,34.97314453125
6963515,34.1796875
6964916,35.888671875
6965014,38.14697265625
6965053,32.2265625
6965113,35.15625
6965188,33.38623046875
6965210,34.48486328125
6969249,35.33935546875
6971336,36.19384765625
6971518,35.46142578125
6971572,33.75244140625
6971595,34.36279296875
6971671,35.7666015625
6971701,89.78271484375
6971739,34.85107421875
6971760,40.6494140625
6971785,36.376953125
6971799,101.806640625
6971976,34.423828125
6976129,33.26416015625
6976188,35.0341796875
6979058,33.14208984375
6979092,39.73388671875
6979106,38.26904296875
6979128,33.87451171875
6979178,38.14697265625
6979204,38.26904296875
6979227,78.61328125
6979238,35.21728515625
6979267,65.49072265625
6979304,43.9453125
6979327,33.50830078125
6979347,38.9404296875
6979375,36.1328125
6979394,34.24072265625
6979420,36.865234375
6979434,36.19384765625
6979451,37.841796875
6979503,41.93115234375
6979555,49.9267578125
6979582,49.37744140625
6979598,32.470703125
6979672,31.982421875
6979737,65.36865234375
6979771,39.48974609375
6979807,34.1796875
6989248,36.4990234375
6989318,36.80419921875
6989348,34.60693359375
6989372,46.142578125
6989413,38.26904296875
6989440,89.90478515625
6989533,76.904296875
6989567,40.58837890625
6989598,35.5224609375
6994277,36.43798828125
6994313,34.423828125
6996733,35.70556640625
6996795,38.26904296875
6996923,34.24072265625
6997000,96.0693359375
6997015,33.87451171875
6997048,47.607421875
6997111,33.38623046875
6997145,32.77587890625
7001939,31.92138671875
7002011,32.1044921875
7002042,34.24072265625
7002064,31.92138671875
7002090,91.552734375
7002108,32.2265625
7002131,42.6025390625
7002146,82.3974609375
7002199,81.11572265625
7002224,36.19384765625
7002243,32.16552734375
7002254,70.12939453125
7002287,33.50830078125
7002336,65.673828125
7008318,42.48046875
7008390,38.818359375
7008450,32.16552734375
7008477,38.330078125
7008503,32.958984375
7008513,86.97509765625
7008547,45.7763671875
7008575,81.11572265625
7008595,46.93603515625
7013911,33.935546875
7013959,45.83740234375
7013988,35.46142578125
7014048,36.62109375
7014069,86.669921875
7014110,78.43017578125
7014155,65.5517578125
7014181,36.31591796875
7014197,80.4443359375
7014222,35.7666015625
7014243,32.470703125
7014254,52.18505859375
7014296,36.7431640625
7014316,61.58447265625
7014346,42.48046875
7014412,41.015625
7014429,33.3251953125
7014449,53.28369140625
7014467,34.912109375
7014515,59.75341796875
7014603,41.015625
7014670,35.64453125
7021848,34.60693359375
7024995,32.1044921875
7025112,36.07177734375
7025157,32.53173828125
7025167,39.9169921875
7025194,88.5009765625
7025219,37.9638671875
7025241,35.888671875
7025252,67.68798828125
7025310,35.5224609375
7025351,83.49609375
7025373,31.92138671875
7025461,32.53173828125
7025617,32.53173828125
7031029,32.8369140625
7031043,33.935546875
7031099,40.8935546875
7031116,92.7734375
7031168,93.07861328125
7031181,34.85107421875
7031204,36.376953125
7031221,87.46337890625
7031260,33.50830078125
7031270,62.98828125
7031300,58.10546875
7031329,74.64599609375
7031388,60.24169921875
7031423,62.98828125
7038314,36.31591796875
7038425,32.40966796875
7038471,72.08251953125
7038484,49.4384765625
7038502,33.203125
7038517,85.5712890625
7038555,35.33935546875
7038566,79.40673828125
7038623,59.26513671875
7038636,61.82861328125
7038676,39.48974609375
7038699,41.32080078125
7038729,59.4482421875
7038786,49.25537109375
7038844,34.60693359375
7046525,35.21728515625
7046570,38.87939453125
7046584,32.65380859375
7046607,36.9873046875
7046674,72.69287109375
7046745,36.0107421875
7046764,32.5927734375
7046792,37.41455078125
7046826,79.833984375
7052268,33.935546875
7052299,33.14208984375
7052348,33.3251953125
7052361,33.5693359375
7052390,33.50830078125
7052402,108.45947265625
7052430,41.68701171875
7052447,82.09228515625
7052477,50.59814453125
7052495,58.837890625
7052549,44.73876953125
7052576,66.162109375
7052589,37.29248046875
7052600,34.7900390625
7052642,34.24072265625
7052679,41.80908203125
7052707,32.89794921875
7052755,72.08251953125
7061006,36.2548828125
7061049,32.8369140625
7061078,31.8603515625
7061096,48.4619140625
7061138,45.41015625
7061153,97.2900390625
7061181,35.7666015625
7061197,70.86181640625
7061212,37.17041015625
7061246,35.58349609375
7061263,74.52392578125
7061294,33.203125
7061320,41.68701171875
7061337,32.8369140625
7068649,32.65380859375
7068675,44.12841796875
7068706,44.3115234375
7068723,113.28125
7068763,33.02001953125
7068787,98.20556640625
7068811,37.17041015625
7068831,37.04833984375
7068860,39.794921875
7068879,76.2939453125
7068914,35.21728515625
7068947,36.865234375
7069033,33.203125
7075843,32.89794921875
7075898,41.1376953125
7075921,34.11865234375
7075941,96.8017578125
7075957,35.400390625
7075983,33.99658203125
7075993,94.6044921875
7076022,36.865234375
7076038,66.650390625
7076074,41.93115234375
7076085,52.490234375
7076116,33.87451171875
7076143,44.677734375
7076158,34.24072265625
7076172,34.1796875
7076192,50.84228515625
7076235,38.87939453125
7076282,35.0341796875
7076299,35.94970703125
7076443,40.1611328125
7076459,63.78173828125
7076514,38.02490234375
7085255,36.9873046875
7085317,105.712890625
7085345,40.1611328125
7085389,36.4990234375
7085407,35.400390625
7085437,33.5693359375
7085460,34.0576171875
7085493,32.1044921875
7092237,38.6962890625
7092311,33.02001953125
7092323,37.4755859375
7092354,39.48974609375
7092376,120.30029296875
7092399,35.09521484375
7092418,86.73095703125
7092439,39.24560546875
7092461,67.626953125
7092472,36.0107421875
7092495,42.3583984375
7092507,41.3818359375
7092551,38.2080078125
7092564,62.07275390625
7092621,43.5791015625
7092649,63.53759765625
7092688,46.7529296875
7092804,58.7158203125
7092984,37.841796875
7101705,33.69140625
7101748,41.44287109375
7101786,114.2578125
7101801,39.0625
7101830,33.447265625
7101841,96.00830078125
7101877,40.0390625
7101892,61.767578125
7101948,32.8369140625
7101981,34.85107421875
7102011,39.6728515625
7102205,38.39111328125
7108865,34.36279296875
7108889,33.203125
7108945,37.59765625
7108979,41.80908203125
7109006,37.29248046875
7109033,35.33935546875
7109063,68.05419921875
7109075,37.4755859375
7109096,36.56005859375
7109109,66.46728515625
7109127,58.10546875
7109138,41.44287109375
7109154,58.349609375
7109194,41.93115234375
7109205,57.18994140625
7109249,36.2548828125
7109269,50.23193359375
7109279,53.28369140625
7109343,33.63037109375
7109411,45.95947265625
7109541,34.0576171875
7119105,34.97314453125
7119126,37.2314453125
7119157,42.1142578125
7119187,89.7216796875
7119222,32.8369140625
7119241,100.9521484375
7119275,39.55078125
7119286,83.251953125
7119308,36.07177734375
7119337,58.77685546875
7119387,33.50830078125
7119411,68.42041015625
7119485,74.951171875
7119513,57.55615234375
7119602,34.24072265625
7128320,33.8134765625
7128346,37.65869140625
7128383,37.29248046875
7128397,104.43115234375
7128414,53.955078125
7128455,68.42041015625
7128471,40.83251953125
7128497,63.1103515625
7128512,72.1435546875
7128545,42.1142578125
7128576,40.0390625
7128588,56.0302734375
7128606,49.9267578125
7128681,56.45751953125
7139199,34.0576171875
7139271,33.203125
7139287,40.10009765625
7139309,109.4970703125
7139335,37.4755859375
7139349,74.8291015625
7139388,40.34423828125
7139431,59.87548828125
7139462,38.02490234375
7139489,78.43017578125
7139511,32.04345703125
7139535,36.1328125
7139569,35.82763671875
7139631,58.28857421875
7139697,34.66796875
7139709,32.89794921875
7139732,43.15185546875
7139753,34.24072265625
7139887,70.00732421875
7150652,33.14208984375
7150706,33.14208984375
7150752,106.01806640625
7150770,36.31591796875
7150805,75.439453125
7150817,55.48095703125
7150846,80.87158203125
7150871,35.82763671875
7150891,47.42431640625
7150908,36.7431640625
7150934,61.34033203125
7150953,55.11474609375
7150973,33.63037109375
7151018,37.4755859375
7151030,59.326171875
7151111,46.7529296875
7151217,49.4384765625
7161922,33.14208984375
7161986,36.7431640625
7162021,33.5693359375
7162034,85.51025390625
7162070,34.423828125
7162088,83.0078125
7162109,36.80419921875
7162137,66.162109375
7162157,31.92138671875
7162191,59.99755859375
7162246,74.70703125
7162304,37.109375
7162361,57.861328125
7162563,37.4755859375
7170634,39.48974609375
7170650,32.1044921875
7170701,36.56005859375
7170712,35.888671875
7170765,91.49169921875
7170777,38.2080078125
7170808,64.697265625
7170841,40.34423828125
7170873,60.24169921875
7170886,98.0224609375
7170910,35.7666015625
7170932,35.15625
7170958,65.97900390625
7170994,37.2314453125
7182500,40.58837890625
7182540,35.7666015625
7182550,90.9423828125
7182605,68.66455078125
7182639,41.015625
7182653,78.125
7182688,37.04833984375
7182701,57.92236328125
7182734,49.1943359375
7182759,53.52783203125
7182775,32.28759765625
7182803,39.306640625
7182822,33.75244140625
7182841,34.85107421875
7182851,32.28759765625
7182893,57.9833984375
7182920,33.02001953125
7182949,34.912109375
7182969,64.8193359375
7183016,50.96435546875
7183068,47.36328125
7183178,50.96435546875
7193482,32.04345703125
7193511,80.13916015625
7193557,76.2939453125
7193571,32.28759765625
7193598,34.85107421875
7193618,37.29248046875
7193630,71.47216796875
7193645,49.13330078125
7193717,55.5419921875
7193731,64.27001953125
7193884,33.5693359375
7201991,34.36279296875
7202030,37.4755859375
7202061,36.43798828125
7202095,84.47265625
7202146,88.623046875
7202174,42.90771484375
7202203,58.28857421875
7202219,54.13818359375
7202261,41.8701171875
7202272,64.02587890625
7202311,34.0576171875
7202366,52.8564453125
7212158,35.2783203125
7212200,99.853515625
7212254,77.57568359375
7212306,92.4072265625
7212320,33.50830078125
7212349,32.1044921875
7212359,51.33056640625
7212373,41.9921875
7212415,46.38671875
7212447,64.5751953125
7212484,54.19921875
7212519,37.2314453125
7212530,44.921875
7212556,33.02001953125
7212585,34.24072265625
7212603,65.4296875
7212636,49.13330078125
7212784,46.0205078125
7212991,49.49951171875
7213059,33.3251953125
7225546,36.2548828125
7225581,36.80419921875
7225601,34.7900390625
7225634,47.79052734375
7225649,66.46728515625
7225672,48.4619140625
7225690,45.59326171875
7225724,34.24072265625
7225744,61.6455078125
7225765,50.35400390625
7225788,53.89404296875
7225799,68.84765625
7225838,54.50439453125
7225875,53.3447265625
7225900,58.41064453125
7225936,33.26416015625
7225969,69.03076171875
7226009,35.400390625
7226040,31.92138671875
7226122,50.72021484375
7235634,38.57421875
7235670,38.51318359375
7235694,34.11865234375
7235714,37.2314453125
7235738,34.36279296875
7235751,84.228515625
7235818,106.01806640625
7235872,35.82763671875
7235885,87.646484375
7235924,57.18994140625
7235945,33.50830078125
7247038,37.9638671875
7247067,33.38623046875
7247089,39.36767578125
7247136,35.5224609375
7247175,105.46875
7247211,33.38623046875
7247223,34.3017578125
7247246,40.771484375
7247261,89.7216796875
7247295,38.51318359375
7247306,37.29248046875
7247324,52.91748046875
7247356,38.57421875
7247383,48.2177734375
7247421,37.59765625
7247451,42.236328125
7247525,56.57958984375
7247553,47.4853515625
7247708,57.43408203125
7247865,52.67333984375
7247908,33.5693359375
7261124,33.3251953125
7261148,45.166015625
7261174,36.865234375
7261205,33.8134765625
7261233,102.294921875
7261245,47.66845703125
7261285,103.3935546875
7261325,83.19091796875
7261338,74.462890625
7261391,33.447265625
7261415,67.93212890625
7261433,33.447265625
7261456,57.55615234375
7261603,60.1806640625
7261669,34.24072265625
7272284,33.447265625
7272318,33.203125
7272338,45.83740234375
7272371,38.02490234375
7272417,100.52490234375
7272438,48.40087890625
7272471,97.71728515625
7272487,47.2412109375
7272527,39.0625
7272545,69.9462890625
7272578,33.14208984375
7272589,64.02587890625
7272685,32.28759765625
7272830,31.8603515625
7273065,31.8603515625
7473262,34.11865234375
7473479,34.423828125
7473835,34.24072265625
7474096,33.75244140625
7474185,32.04345703125
7474276,36.1328125
7474814,34.423828125
7475292,35.64453125
7549181,37.90283203125
7596979,32.5927734375
7664230,32.3486328125
7664287,33.02001953125
7664404,32.958984375
7664492,32.40966796875
7665070,34.48486328125
7665156,44.61669921875
7665640,33.75244140625
7665816,33.447265625
7665952,40.283203125
7666347,33.935546875
7666512,31.8603515625
7667250,32.958984375
7667286,35.21728515625
7667380,32.2265625
7667467,31.982421875
7667764,32.28759765625
7668182,33.14208984375
7668868,32.1044921875
7669305,35.33935546875
7670217,34.24072265625
7682294,33.50830078125
7682372,31.8603515625
7683123,35.2783203125
7695619,33.87451171875
7696027,35.64453125
7696392,31.92138671875
7696456,34.5458984375
7696578,41.6259765625
7707494,32.53173828125
7707875,33.69140625
7721459,36.0107421875
7721587,35.33935546875
7721881,31.982421875
7721907,36.31591796875
7721970,37.78076171875
7722010,36.68212890625
7722407,32.2265625
7722441,31.982421875
7722490,35.33935546875
7735260,32.470703125
7735349,34.66796875
7736318,37.2314453125
7736425,34.3017578125
7746886,31.982421875
7746915,39.0625
7746953,33.87451171875
7747042,32.04345703125
7747150,32.40966796875
7748829,33.02001953125
7749163,36.0107421875
7759081,36.31591796875
7759221,32.16552734375
7759265,36.7431640625
7759325,32.3486328125
7759361,37.90283203125
7759913,33.935546875
7760455,33.50830078125
7760622,33.935546875
7761064,34.85107421875
7761332,34.5458984375
7761914,37.04833984375
7762435,33.26416015625
7762569,32.77587890625
7762704,33.447265625
7762839,34.0576171875
7762936,36.865234375
7763251,32.89794921875
7764258,32.1044921875
7774417,32.89794921875
7774702,32.89794921875
7782374,32.53173828125
7783948,37.4755859375
7791346,32.2265625
7791440,33.8134765625
7791542,36.0107421875
7791590,34.0576171875
7791747,32.40966796875
7791951,36.07177734375
7792987,32.71484375
7793193,32.2265625
7798929,34.48486328125
