7799001,0
6290,40.10009765625
6326,30.45654296875
6363,32.3486328125
6427,29.296875
6595,34.60693359375
26403,31.005859375
26478,30.2734375
41383,34.36279296875
41425,30.1513671875
41676,30.45654296875
61880,33.87451171875
61909,36.2548828125
109456,29.296875
247416,36.376953125
247451,30.45654296875
247469,36.62109375
247499,37.04833984375
296985,30.8837890625
319046,29.72412109375
435093,29.96826171875
448727,33.63037109375
464730,30.45654296875
478306,30.76171875
486060,34.36279296875
486388,33.02001953125
493542,29.96826171875
493976,31.18896484375
500287,30.45654296875
500319,35.70556640625
500349,32.04345703125
500363,33.87451171875
500384,29.84619140625
500453,31.3720703125
507492,33.50830078125
507531,29.23583984375
507552,32.2265625
507574,32.71484375
507632,29.6630859375
507666,31.67724609375
507693,33.0810546875
507722,35.70556640625
507746,30.33447265625
507795,31.3720703125
507805,34.7900390625
507839,29.6630859375
507947,30.21240234375
508178,30.94482421875
508280,31.1279296875
535508,32.470703125
535691,30.94482421875
542959,29.84619140625
551154,30.57861328125
551236,35.2783203125
551264,34.5458984375
551304,33.26416015625
551360,30.029296875
551384,37.04833984375
551482,30.1513671875
551518,30.2734375
560959,39.794921875
560988,36.376953125
561012,32.2265625
561027,45.59326171875
561042,29.6630859375
561063,30.45654296875
561085,33.50830078125
561101,45.2880859375
561115,29.296875
561150,34.72900390625
561251,35.70556640625
561288,37.109375
561302,30.45654296875
561354,31.3720703125
561664,30.6396484375
561937,30.21240234375
580613,29.35791015625
585357,31.25
598084,29.6630859375
598203,40.6494140625
607180,33.50830078125
607197,30.82275390625
607324,29.47998046875
618973,29.541015625
619021,29.541015625
619048,30.76171875
619097,32.71484375
619125,34.5458984375
619196,31.3720703125
627812,35.70556640625
627824,30.33447265625
627867,29.23583984375
627897,37.2314453125
627916,36.19384765625
627963,37.41455078125
627988,35.94970703125
628046,31.55517578125
628122,32.40966796875
628234,30.1513671875
628309,29.9072265625
637975,29.35791015625
639143,30.76171875
639164,30.33447265625
639210,30.09033203125
639253,30.1513671875
639315,34.24072265625
639358,36.376953125
648750,29.72412109375
648786,39.4287109375
648814,30.517578125
648843,30.21240234375
659376,30.8837890625
659402,31.92138671875
659430,29.296875
659463,29.60205078125
659493,29.23583984375
659509,31.31103515625
659527,40.22216796875
659583,33.0810546875
659601,39.1845703125
659646,29.23583984375
659698,29.23583984375
659797,33.935546875
659927,30.82275390625
659975,36.376953125
660112,32.16552734375
677738,31.18896484375
678087,37.29248046875
691571,30.8837890625
694950,33.69140625
694987,31.3720703125
695087,29.23583984375
698684,29.35791015625
698779,35.15625
698872,41.6259765625
699182,30.45654296875
703037,29.35791015625
703113,34.11865234375
703194,34.423828125
703279,30.09033203125
707328,30.57861328125
707494,32.3486328125
707647,34.11865234375
707671,31.92138671875
707698,34.1796875
707709,31.3720703125
715924,31.43310546875
715942,30.33447265625
715952,32.2265625
715980,40.10009765625
716031,30.82275390625
716092,32.28759765625
716113,30.8837890625
716156,30.517578125
721267,31.005859375
721299,32.16552734375
721396,30.70068359375
725636,29.4189453125
725787,31.06689453125
725817,30.76171875
725865,31.06689453125
725884,31.6162109375
730880,30.09033203125
730959,38.51318359375
730982,37.65869140625
731000,35.09521484375
736565,35.5224609375
736634,29.9072265625
736661,34.1796875
736684,31.55517578125
736794,38.26904296875
736821,29.541015625
736866,30.6396484375
744858,29.4189453125
748745,29.9072265625
748890,33.75244140625
748917,35.58349609375
748979,31.005859375
749097,30.029296875
754026,33.8134765625
757742,30.09033203125
757780,32.3486328125
757886,35.46142578125
757911,34.66796875
757935,33.38623046875
757995,35.5224609375
758071,29.47998046875
768218,30.8837890625
768289,33.3251953125
768350,29.4189453125
777853,33.26416015625
777949,34.912109375
778004,31.67724609375
778169,32.3486328125
778258,29.9072265625
789595,35.888671875
792797,30.1513671875
792821,30.94482421875
796873,29.84619140625
796913,30.517578125
797075,30.33447265625
802407,29.72412109375
802465,32.16552734375
802499,34.3017578125
802510,32.40966796875
802537,40.6494140625
802557,34.1796875
802616,31.005859375
802643,30.029296875
802671,34.97314453125
802692,30.8837890625
808361,29.84619140625
808403,36.0107421875
808766,29.47998046875
812706,35.5224609375
812724,30.33447265625
812830,32.5927734375
812888,35.2783203125
812922,30.45654296875
813052,33.69140625
818967,35.7666015625
819023,29.84619140625
819180,36.2548828125
819237,34.1796875
819263,30.33447265625
825452,31.31103515625
825481,30.6396484375
825528,30.33447265625
825588,37.78076171875
825641,36.9873046875
825671,31.79931640625
825741,29.60205078125
825874,31.3720703125
837320,29.9072265625
837366,30.09033203125
837385,29.84619140625
837436,48.76708984375
837512,33.99658203125
837552,33.203125
837571,32.1044921875
837631,34.7900390625
844444,33.203125
844521,34.1796875
844597,29.23583984375
844613,29.4189453125
844640,30.1513671875
844713,29.47998046875
844747,31.005859375
850397,34.24072265625
850479,31.67724609375
855570,35.400390625
855654,38.6962890625
855759,32.71484375
855843,32.77587890625
863164,38.63525390625
863204,39.1845703125
863327,40.52734375
863342,31.06689453125
874261,29.60205078125
874352,35.888671875
874417,29.35791015625
874456,45.10498046875
874474,33.02001953125
874489,31.25
874507,35.7666015625
874535,29.9072265625
874550,32.89794921875
874571,33.935546875
874606,30.76171875
874684,36.07177734375
874737,32.04345703125
886458,31.3720703125
886507,36.31591796875
886579,31.43310546875
886603,31.55517578125
886681,30.6396484375
894372,36.1328125
894418,29.35791015625
894442,35.21728515625
894490,29.78515625
894532,37.353515625
894661,30.21240234375
894688,31.005859375
894995,29.72412109375
904676,36.0107421875
904721,30.57861328125
904759,30.76171875
904781,32.89794921875
904831,46.0205078125
904876,33.203125
904911,29.78515625
915518,31.18896484375
915602,33.50830078125
915644,30.70068359375
915666,37.78076171875
915707,35.2783203125
915766,31.43310546875
915781,30.6396484375
915831,30.09033203125
929674,34.85107421875
929689,37.65869140625
929757,29.47998046875
929835,34.5458984375
929898,31.92138671875
942258,30.1513671875
942360,37.17041015625
942394,35.400390625
942527,33.50830078125
942698,32.89794921875
942713,31.31103515625
956078,30.029296875
956110,29.72412109375
956163,43.64013671875
956208,39.24560546875
956228,29.6630859375
956289,29.60205078125
956320,29.9072265625
956395,31.31103515625
956467,42.3583984375
969621,35.15625
969704,31.8603515625
1003889,53.28369140625
1003901,40.58837890625
1003975,35.82763671875
1004018,29.4189453125
1004175,36.68212890625
1004328,30.1513671875
1004388,29.47998046875
1004777,29.60205078125
1021437,29.9072265625
1021589,31.25
1022145,33.3251953125
1427177,30.76171875
1427314,30.82275390625
1440706,30.33447265625
1440725,34.7900390625
1440770,31.494140625
1454988,31.005859375
1455389,32.28759765625
1455429,30.6396484375
1455476,30.8837890625
1470531,31.3720703125
1470809,31.982421875
1471090,31.005859375
1486252,30.1513671875
1486276,29.4189453125
1486342,33.3251953125
1486411,29.35791015625
1486928,31.67724609375
1500401,37.4755859375
1500422,31.92138671875
1500471,38.6962890625
1500528,34.11865234375
1512130,32.1044921875
1512167,31.43310546875
1522320,39.61181640625
1522470,29.35791015625
1535077,31.31103515625
1535090,34.85107421875
1535107,36.19384765625
1535117,33.8134765625
1535233,29.4189453125
1550574,29.23583984375
1550687,29.4189453125
1550725,29.96826171875
1550746,31.982421875
1550791,29.9072265625
1551115,31.005859375
1565472,31.92138671875
1565523,36.62109375
1565585,30.1513671875
1565623,29.6630859375
1577582,29.72412109375
1577706,29.78515625
1577766,31.55517578125
1577906,34.97314453125
1588501,32.71484375
1588649,33.0810546875
1588746,30.82275390625
1589005,32.1044921875
1599543,32.53173828125
1599653,33.26416015625
1599744,33.5693359375
1599777,32.65380859375
1609766,29.47998046875
1610330,30.029296875
1610367,30.21240234375
1610394,31.494140625
1610453,38.75732421875
1610731,33.14208984375
1622156,32.1044921875
1622194,29.6630859375
1622333,39.48974609375
1622429,34.72900390625
1633682,30.82275390625
1680392,30.21240234375
1766005,29.23583984375
1827863,33.935546875
1828041,30.2734375
1835109,37.78076171875
1851459,34.72900390625
1851555,30.09033203125
1851634,30.33447265625
1851652,34.72900390625
1862987,31.6162109375
1863163,39.00146484375
1870133,32.71484375
1875797,31.92138671875
1881391,33.99658203125
1887462,29.4189453125
1893563,29.72412109375
1893580,31.494140625
1893654,35.46142578125
1893714,29.23583984375
1899621,31.55517578125
1899633,32.8369140625
1899748,30.1513671875
1907103,31.494140625
1907157,33.38623046875
1907272,34.36279296875
1925480,33.63037109375
1925583,30.2734375
1925673,29.23583984375
1935871,31.25
1936046,32.04345703125
1947195,31.6162109375
1947206,42.17529296875
1947264,37.841796875
1947282,35.46142578125
1947356,29.72412109375
1947415,29.78515625
1954794,31.1279296875
1954883,31.92138671875
1954949,29.296875
1954984,35.15625
1955016,30.8837890625
1955035,41.32080078125
1955073,31.005859375
1955104,32.04345703125
1955189,30.029296875
1955260,35.15625
1955829,29.9072265625
1987000,31.67724609375
1987229,34.36279296875
1987246,33.63037109375
1993653,29.84619140625
1993725,34.97314453125
1993766,31.982421875
1993903,29.47998046875
2001888,34.85107421875
2001928,29.72412109375
2001967,30.57861328125
2002016,41.50390625
2002042,31.25
2002134,30.45654296875
2010330,29.541015625
2010414,30.57861328125
2010430,32.2265625
2010458,30.029296875
2010481,34.11865234375
2010540,30.94482421875
2010614,31.1279296875
2019812,36.80419921875
2019830,36.31591796875
2019890,31.92138671875
2019914,33.447265625
2028813,30.33447265625
2028944,31.73828125
2028957,43.5791015625
2029028,31.25
2029047,38.4521484375
2029075,31.18896484375
2029105,35.46142578125
2040163,34.423828125
2040192,42.78564453125
2040210,30.82275390625
2040224,30.09033203125
2040271,30.70068359375
2040283,36.56005859375
2040332,37.41455078125
2040382,33.99658203125
2040393,42.66357421875
2040685,30.3955078125
2052807,30.029296875
2052861,32.40966796875
2052882,55.908203125
2052936,37.9638671875
2052964,37.4755859375
2052986,34.5458984375
2053042,34.36279296875
2053101,30.1513671875
2053185,33.447265625
2053300,30.82275390625
2063403,30.8837890625
2072258,30.45654296875
2072273,31.92138671875
2072341,37.17041015625
2082249,35.94970703125
2082291,32.1044921875
2082302,37.65869140625
2082329,33.0810546875
2082363,38.0859375
2082424,36.4990234375
2082459,33.99658203125
2082469,41.8701171875
2082552,29.541015625
2091245,30.029296875
2091286,32.65380859375
2091330,35.58349609375
2091385,31.18896484375
2099197,29.84619140625
2099236,37.04833984375
2099353,38.6962890625
2099397,35.5224609375
2099484,33.69140625
2109590,29.78515625
2109641,39.12353515625
2109663,32.53173828125
2109749,38.14697265625
2109768,33.87451171875
2109831,35.7666015625
2109889,29.4189453125
2119202,30.94482421875
2127615,30.2734375
2127662,38.14697265625
2127704,29.60205078125
2127739,33.5693359375
2127792,33.447265625
2127826,31.982421875
2136559,30.45654296875
2136694,32.2265625
2145822,29.9072265625
2145873,29.60205078125
2155252,34.7900390625
2155306,33.935546875
2155438,29.47998046875
2164834,33.3251953125
2164909,29.23583984375
2165027,34.423828125
2192735,29.6630859375
2193421,31.1279296875
2201988,30.8837890625
2211021,29.96826171875
2219280,31.005859375
2219811,30.45654296875
2262146,29.296875
2282072,30.6396484375
2310044,32.65380859375
2310094,30.517578125
2310171,32.89794921875
2323288,38.57421875
2323348,31.73828125
2338415,30.09033203125
2338549,33.3251953125
2338560,38.330078125
2353015,30.8837890625
2353049,42.90771484375
2353064,30.3955078125
2353090,44.189453125
2369336,31.31103515625
2369361,29.6630859375
2369403,33.203125
2369464,29.541015625
2385932,30.33447265625
2385974,53.77197265625
2386017,36.4990234375
2386059,29.35791015625
2399525,33.935546875
2400136,30.517578125
2406952,29.4189453125
2406962,35.82763671875
2406988,47.91259765625
2407033,32.8369140625
2407111,35.33935546875
2407191,30.09033203125
2407223,31.005859375
2420924,30.21240234375
2420954,30.82275390625
2420968,33.935546875
2421044,31.18896484375
2421056,30.029296875
2421307,30.09033203125
2439092,41.1376953125
2456857,35.33935546875
2456882,29.96826171875
2456907,32.8369140625
2456924,32.3486328125
2457064,33.0810546875
2457168,36.62109375
2457409,30.3955078125
2464887,32.2265625
2464913,31.982421875
2464961,30.3955078125
2465010,31.1279296875
2472196,30.1513671875
2472251,33.02001953125
2472336,33.14208984375
2479831,30.33447265625
2479961,30.94482421875
2480006,34.11865234375
2480033,38.818359375
2480063,29.96826171875
2480082,30.3955078125
2480248,29.9072265625
2487637,29.6630859375
2494904,34.0576171875
2494991,30.8837890625
2495017,40.52734375
2495078,34.423828125
2495128,30.21240234375
2501735,33.38623046875
2501878,29.96826171875
2501989,31.92138671875
2507953,29.23583984375
2507986,32.04345703125
2513799,32.40966796875
2519679,33.02001953125
2525377,32.5927734375
2530688,29.6630859375
2539810,32.40966796875
2540098,30.517578125
2540222,31.25
2540452,38.818359375
2563555,30.76171875
2614627,30.8837890625
2635987,34.48486328125
2676484,29.9072265625
2707268,29.47998046875
2728681,31.55517578125
2732256,34.97314453125
2760686,30.8837890625
2761048,30.2734375
2795836,33.02001953125
2800561,31.67724609375
2818252,29.47998046875
2818409,29.84619140625
2818419,29.78515625
2818511,31.79931640625
2818544,34.0576171875
2818576,35.33935546875
2818947,30.21240234375
2828767,32.04345703125
2850301,31.31103515625
2854570,30.70068359375
2854812,35.15625
2854891,29.84619140625
2854901,29.296875
2873000,29.296875
2873031,30.1513671875
2873045,29.23583984375
2873128,38.51318359375
2882196,30.45654296875
2882250,31.982421875
2882293,29.35791015625
2882384,30.57861328125
2882412,30.45654296875
2900601,31.3720703125
2907511,32.40966796875
2907549,30.70068359375
2907595,38.57421875
2907619,39.36767578125
2907629,32.2265625
2907736,31.982421875
2907763,36.9873046875
2907950,30.45654296875
2922163,29.47998046875
2929399,30.70068359375
2933566,33.26416015625
2938691,32.3486328125
2942426,38.39111328125
2942437,37.65869140625
2942493,39.0625
2942522,35.33935546875
2942547,36.9873046875
2942948,29.47998046875
2953832,30.57861328125
2962495,38.75732421875
2962579,35.888671875
2962595,32.40966796875
2962635,29.23583984375
2973563,35.7666015625
2981628,30.82275390625
2992292,32.3486328125
2992323,31.43310546875
2992370,33.26416015625
2992414,36.92626953125
2992486,30.21240234375
2992663,31.25
3003785,30.82275390625
3012757,30.8837890625
3012861,31.06689453125
3012890,29.60205078125
3012938,29.47998046875
3012960,32.1044921875
3013030,29.9072265625
3013062,29.60205078125
3024349,32.5927734375
3033651,37.29248046875
3033766,29.35791015625
3033855,33.203125
3052641,33.3251953125
3052728,29.23583984375
3052738,32.5927734375
3052769,31.25
3052788,30.09033203125
3052820,30.1513671875
3052853,29.84619140625
3052903,34.912109375
3052926,32.2265625
3060928,29.47998046875
3060952,38.818359375
3061093,32.470703125
3061238,29.9072265625
3068467,29.78515625
3073957,33.02001953125
3073989,31.73828125
3074192,32.89794921875
3074205,45.10498046875
3074240,31.982421875
3074285,29.84619140625
3081503,29.23583984375
3088497,30.2734375
3088576,30.70068359375
3095424,30.1513671875
3095434,30.21240234375
3095554,29.9072265625
3095837,29.78515625
3103261,35.21728515625
3110582,30.82275390625
3110597,32.71484375
3110715,32.958984375
3110806,34.36279296875
3110848,31.43310546875
3123707,29.296875
3124006,32.8369140625
3124101,29.96826171875
3130522,30.70068359375
3130562,31.73828125
3130608,35.21728515625
3130677,33.63037109375
3138155,30.517578125
3138188,30.6396484375
3138249,30.09033203125
3145998,29.84619140625
3153630,29.47998046875
3153676,30.82275390625
3153703,32.5927734375
3153723,32.5927734375
3153754,39.1845703125
3153771,29.72412109375
3153833,31.73828125
3153969,44.86083984375
3163377,29.60205078125
3170800,30.94482421875
3171089,31.06689453125
3180241,31.494140625
3180302,30.33447265625
3180331,46.38671875
3180385,41.259765625
3180429,36.31591796875
3180479,29.96826171875
3180529,30.2734375
3180590,31.92138671875
3180800,29.78515625
3189441,31.67724609375
3196697,30.09033203125
3204373,29.47998046875
3204521,29.35791015625
3214954,32.8369140625
3214984,29.96826171875
3215007,39.55078125
3215071,30.6396484375
3215147,36.9873046875
3215184,29.9072265625
3215219,29.35791015625
3215268,37.41455078125
3215298,29.60205078125
3232440,30.517578125
3232455,30.2734375
3242056,29.60205078125
3242121,29.4189453125
3242243,41.8701171875
3254531,31.06689453125
3254599,30.45654296875
3254685,32.16552734375
3254699,39.36767578125
3254744,39.0625
3254836,30.6396484375
3254979,29.23583984375
3267575,30.029296875
3267618,29.84619140625
3267630,38.26904296875
3267723,30.517578125
3267788,30.70068359375
3267810,31.1279296875
3287350,30.2734375
3287400,33.3251953125
3287519,29.47998046875
3287560,33.02001953125
3287614,33.935546875
3287654,39.24560546875
3287795,31.43310546875
3299858,30.21240234375
3299974,29.296875
3300065,31.1279296875
3300353,32.5927734375
3313789,37.9638671875
3313992,32.1044921875
3328866,29.96826171875
3329196,30.8837890625
3343645,30.3955078125
3343784,34.36279296875
3343794,32.04345703125
3343850,37.65869140625
3343870,39.61181640625
3343927,32.470703125
3344045,36.865234375
3344144,30.21240234375
3344167,31.73828125
3344281,32.71484375
3344338,29.47998046875
3350260,31.31103515625
3351433,30.33447265625
3355646,30.1513671875
3355748,29.47998046875
3355932,29.4189453125
3369215,29.72412109375
3369323,36.92626953125
3369560,31.55517578125
3379234,31.1279296875
3389466,31.982421875
3389681,31.25
3404671,29.96826171875
3404715,31.31103515625
3404753,31.18896484375
3404790,40.6494140625
3404819,41.50390625
3404976,32.40966796875
3405005,33.203125
3405185,30.517578125
3405413,30.029296875
3420061,42.54150390625
3420123,33.203125
3420322,32.71484375
3420421,36.56005859375
3420469,33.26416015625
3420659,30.3955078125
3452305,29.35791015625
3452433,33.02001953125
3452757,31.06689453125
3452835,30.029296875
3452858,29.35791015625
3452917,35.888671875
3453075,29.84619140625
3473815,29.9072265625
3473833,38.75732421875
3473863,30.1513671875
3473873,37.353515625
3473908,29.47998046875
3473931,42.6025390625
3474009,29.23583984375
3474036,32.3486328125
3474070,40.1611328125
3474085,34.5458984375
3474099,38.02490234375
3474147,34.912109375
3474175,29.4189453125
3474243,32.470703125
3474298,32.2265625
3474587,35.33935546875
3487965,29.60205078125
3488106,32.5927734375
3488210,30.21240234375
3488307,30.70068359375
3488568,42.236328125
3488686,32.1044921875
3488713,32.5927734375
3504758,35.21728515625
3504775,29.96826171875
3504888,30.76171875
3533611,32.53173828125
3582192,31.494140625
3610870,29.4189453125
3670411,30.76171875
3723680,30.57861328125
3739334,30.2734375
3752255,31.92138671875
3771990,30.029296875
3780788,29.96826171875
3799339,30.21240234375
3799364,31.92138671875
3849040,31.982421875
3849053,32.470703125
3849227,29.84619140625
3849308,29.78515625
3849419,34.97314453125
3857409,29.23583984375
3857432,40.83251953125
3857603,29.47998046875
3876952,33.3251953125
3882636,31.494140625
3882767,33.99658203125
3882843,29.60205078125
3888961,38.51318359375
3889141,30.82275390625
3889345,31.31103515625
3907554,33.75244140625
3907579,29.96826171875
3907652,30.6396484375
3907663,30.21240234375
3907709,33.26416015625
3907736,49.86572265625
3907760,30.8837890625
3907866,31.25
3908215,31.43310546875
3915707,30.517578125
3921750,34.423828125
3921782,37.4755859375
3921794,37.78076171875
3921846,38.87939453125
3921903,37.9638671875
3921937,36.376953125
3921979,29.541015625
3922006,30.2734375
3922041,38.14697265625
3922076,39.4287109375
3922230,32.28759765625
3922402,29.60205078125
3930384,29.541015625
3936827,36.4990234375
3936863,30.45654296875
3936900,34.0576171875
3936937,32.04345703125
3936989,35.400390625
3937045,31.6162109375
3937108,29.23583984375
3937119,45.2880859375
3937144,33.26416015625
3937173,44.921875
3937191,30.70068359375
3937228,36.80419921875
3974705,31.79931640625
3974765,32.65380859375
3984290,32.65380859375
3989209,31.43310546875
3994623,29.6630859375
3994680,35.64453125
3994721,33.02001953125
3994834,32.28759765625
3994859,32.65380859375
3994880,29.47998046875
3994916,31.31103515625
3994989,30.09033203125
3995080,35.21728515625
3995157,30.2734375
4001875,33.14208984375
4001903,35.400390625
4001920,33.69140625
4001958,33.14208984375
4001993,29.296875
4002055,44.00634765625
4002109,29.78515625
4002128,30.029296875
4002161,36.43798828125
4002259,36.31591796875
4002284,34.0576171875
4002403,33.38623046875
4002530,31.005859375
4002582,39.306640625
4018526,31.18896484375
4018629,30.82275390625
4023385,34.97314453125
4023495,35.15625
4023520,30.76171875
4023553,31.31103515625
4023623,29.96826171875
4023652,32.16552734375
4023684,30.2734375
4023718,35.400390625
4023774,31.3720703125
4023888,31.31103515625
4024023,30.82275390625
4030766,30.029296875
4035478,30.029296875
4039742,31.6162109375
4039822,30.76171875
4046371,29.78515625
4046429,31.1279296875
4046493,30.029296875
4046508,30.1513671875
4046530,30.45654296875
4046627,31.67724609375
4046655,32.5927734375
4046703,29.4189453125
4046948,30.76171875
4046985,29.4189453125
4057145,34.11865234375
4057196,29.23583984375
4057305,32.3486328125
4057318,31.3720703125
4065242,30.45654296875
4071634,30.21240234375
4078468,29.23583984375
4078592,31.1279296875
4078680,30.517578125
4078820,30.8837890625
4078886,30.2734375
4078897,30.2734375
4078921,31.73828125
4078932,29.47998046875
4079082,36.07177734375
4079271,35.5224609375
4084484,30.6396484375
4084591,29.84619140625
4084630,36.4990234375
4089559,31.67724609375
4089609,31.18896484375
4089645,29.60205078125
4089694,30.82275390625
4089744,31.494140625
4089759,32.1044921875
4089807,37.7197265625
4095443,29.78515625
4095512,47.42431640625
4095560,32.71484375
4101392,45.59326171875
4101491,31.005859375
4101510,39.306640625
4101555,32.28759765625
4101608,35.0341796875
4101662,29.47998046875
4101697,29.96826171875
4101900,31.6162109375
4120089,34.66796875
4120212,30.70068359375
4125109,32.16552734375
4125156,30.57861328125
4125215,34.36279296875
4125284,36.43798828125
4130849,36.07177734375
4130960,29.96826171875
4130980,29.541015625
4131011,32.16552734375
4131036,32.958984375
4131048,29.84619140625
4131072,35.09521484375
4131096,33.02001953125
4131135,33.8134765625
4131172,31.31103515625
4131235,29.78515625
4131362,33.69140625
4131445,29.4189453125
4131487,30.21240234375
4144704,30.21240234375
4144717,34.36279296875
4144756,30.2734375
4144912,29.541015625
4154327,29.72412109375
4154365,29.47998046875
4154428,35.0341796875
4154439,29.72412109375
4154543,34.97314453125
4154569,31.25
4160899,34.912109375
4160994,34.97314453125
4161047,30.029296875
4167877,37.78076171875
4168050,30.6396484375
4174981,39.6728515625
4180998,33.26416015625
4181044,32.53173828125
4181118,31.31103515625
4181147,29.72412109375
4181188,30.45654296875
4188747,33.5693359375
4188940,31.79931640625
4188968,30.70068359375
4189028,29.6630859375
4189208,33.38623046875
4202252,30.57861328125
4215189,30.029296875
4220095,30.2734375
4220349,30.517578125
4226600,30.33447265625
4226626,29.47998046875
4226649,31.43310546875
4226675,31.31103515625
4226771,30.8837890625
4235018,29.96826171875
4235069,31.43310546875
4235135,33.02001953125
4235284,29.23583984375
4246657,29.9072265625
4246807,29.6630859375
4252899,29.72412109375
4253116,31.3720703125
4253135,29.541015625
4261308,29.60205078125
4261351,29.23583984375
4261361,31.18896484375
4261406,33.0810546875
4261446,42.6025390625
4261457,32.1044921875
4261473,32.5927734375
4261485,34.912109375
4261551,29.35791015625
4261795,29.4189453125
4277342,30.33447265625
4277439,29.9072265625
4277480,39.36767578125
4288474,29.4189453125
4288602,31.3720703125
4288657,32.71484375
4288697,31.43310546875
4288739,33.99658203125
4288755,32.3486328125
4288793,30.6396484375
4288870,31.494140625
4288938,32.8369140625
4288969,31.55517578125
4289295,29.78515625
4307089,32.28759765625
4307197,32.5927734375
4307407,29.84619140625
4314541,29.60205078125
4314769,44.86083984375
4314873,32.28759765625
4315136,30.1513671875
4324435,34.24072265625
4324479,34.97314453125
4324541,34.7900390625
4324603,29.541015625
4324626,30.76171875
4324659,29.9072265625
4324979,29.4189453125
4334957,33.87451171875
4348022,34.3017578125
4348062,35.58349609375
4348076,32.3486328125
4348137,30.3955078125
4359478,29.9072265625
4359506,35.888671875
4368964,32.1044921875
4378138,29.78515625
4378222,31.73828125
4378314,29.35791015625
4389429,32.2265625
4389468,38.0859375
4389530,31.8603515625
4389554,31.6162109375
4389666,31.73828125
4389739,29.6630859375
4401470,29.296875
4401593,31.25
4401658,29.78515625
4401716,29.4189453125
4413614,31.79931640625
4425972,30.029296875
4426105,34.11865234375
4426131,29.6630859375
4426181,32.04345703125
4426267,32.53173828125
4426361,29.47998046875
4426448,30.8837890625
4437427,29.60205078125
4448524,35.46142578125
4529261,31.005859375
4529526,30.6396484375
4977253,32.28759765625
4990461,29.72412109375
4990499,31.73828125
4990561,31.3720703125
4990666,30.70068359375
5005949,34.24072265625
5006002,38.2080078125
5006046,29.6630859375
5006396,29.84619140625
5025884,33.3251953125
5026284,30.76171875
5049901,30.94482421875
5049941,35.5224609375
5050278,34.912109375
5050341,29.23583984375
5050408,30.029296875
5072715,35.58349609375
5072730,39.794921875
5072771,29.78515625
5072856,31.73828125
5073188,33.3251953125
5073222,31.73828125
5073556,29.35791015625
5094619,31.55517578125
5094639,32.04345703125
5094676,31.3720703125
5094707,38.14697265625
5094766,34.7900390625
5094801,31.73828125
5094862,31.494140625
5095017,38.6962890625
5095062,30.517578125
5095228,32.3486328125
5111584,34.3017578125
5111611,30.45654296875
5111650,35.33935546875
5125768,34.7900390625
5125795,31.73828125
5125884,35.09521484375
5125911,29.60205078125
5139886,31.005859375
5139940,31.31103515625
5140009,33.26416015625
5140055,30.94482421875
5156476,34.5458984375
5156495,29.96826171875
5156544,35.46142578125
5156591,40.52734375
5156622,30.8837890625
5156641,35.33935546875
5156692,31.55517578125
5156869,29.96826171875
5157147,33.38623046875
5169028,33.99658203125
5169286,37.41455078125
5180003,31.25
5180185,32.2265625
5180736,29.6630859375
5181937,29.9072265625
5190538,29.296875
5190609,34.36279296875
5190625,37.7197265625
5190727,31.3720703125
5191027,31.06689453125
5203865,31.79931640625
5203995,29.78515625
5204461,31.06689453125
5215976,29.296875
5216017,29.60205078125
5216062,30.3955078125
5216149,31.494140625
5216576,30.21240234375
5225699,29.296875
5225947,39.12353515625
5226046,29.4189453125
5234921,29.47998046875
5234966,31.005859375
5235076,31.06689453125
5249396,33.63037109375
5249522,30.3955078125
5260506,30.76171875
5260774,30.6396484375
5274151,32.8369140625
5274266,30.1513671875
5283131,29.6630859375
5283141,30.1513671875
5283416,30.517578125
5292213,32.65380859375
5292347,30.517578125
5300844,34.3017578125
5311837,31.005859375
5312070,30.2734375
5326452,32.65380859375
5326498,29.541015625
5326711,33.38623046875
5343482,29.47998046875
5343980,41.6259765625
5344535,29.23583984375
5361394,37.109375
5361452,33.5693359375
5361816,30.94482421875
5361862,31.005859375
5362226,31.43310546875
5381033,30.21240234375
5381703,31.982421875
5401021,31.8603515625
5401305,32.53173828125
5401443,34.0576171875
5401675,31.67724609375
5416203,30.82275390625
5416426,36.1328125
5416471,33.5693359375
5416753,29.23583984375
5438053,30.33447265625
5438366,31.3720703125
5438740,31.1279296875
5457662,30.82275390625
5458132,30.94482421875
5480722,35.888671875
5509903,29.96826171875
5510420,29.60205078125
5510864,30.94482421875
5546389,29.78515625
5565501,31.494140625
5668321,30.8837890625
5715300,32.8369140625
5756899,29.541015625
5757032,33.14208984375
5757163,29.72412109375
5793691,41.6259765625
5793813,29.6630859375
5812083,38.26904296875
5812165,31.005859375
5812243,29.296875
5829239,33.26416015625
5829301,39.1845703125
5829344,29.4189453125
5829509,33.69140625
5835914,29.9072265625
5836010,29.72412109375
5851577,29.84619140625
5852103,30.70068359375
5857546,30.09033203125
5858231,30.21240234375
5866198,31.43310546875
5866262,33.5693359375
5866285,35.70556640625
5874875,33.75244140625
5875009,32.28759765625
5881843,31.25
5881887,37.2314453125
5881967,35.0341796875
5882000,32.65380859375
5890367,32.89794921875
5890404,29.4189453125
5890417,29.35791015625
5890440,43.27392578125
5899817,29.296875
5900002,29.296875
5911565,42.41943359375
5911726,31.25
5911807,30.09033203125
5911908,29.96826171875
5912110,29.6630859375
5923774,30.33447265625
5923817,29.72412109375
5924094,35.21728515625
5924147,29.60205078125
5949133,30.517578125
5949352,31.55517578125
5949394,36.68212890625
5949437,30.029296875
5949535,29.541015625
5949572,29.541015625
5969147,31.55517578125
5969322,35.33935546875
5969376,33.50830078125
5969456,30.1513671875
5969898,29.541015625
5981340,29.96826171875
5981435,33.50830078125
5981504,40.46630859375
5981649,32.3486328125
5981680,30.8837890625
5994125,32.8369140625
5994649,37.4755859375
5994674,29.9072265625
5994718,29.6630859375
5994821,29.296875
6008284,29.541015625
6008598,32.04345703125
6008641,29.60205078125
6020813,31.982421875
6020948,31.005859375
6032544,31.73828125
6058059,32.2265625
6058323,29.23583984375
6058422,29.296875
6058669,29.72412109375
6071745,30.57861328125
6072574,29.35791015625
6083375,33.14208984375
6095758,29.84619140625
6123561,33.02001953125
6139410,30.1513671875
6151960,31.1279296875
6170277,39.6728515625
6170651,29.541015625
6188656,30.57861328125
6342799,35.21728515625
6343490,33.3251953125
6343602,30.09033203125
6418189,29.35791015625
6441300,30.1513671875
6441321,37.59765625
6441347,42.54150390625
6441364,30.09033203125
6460984,29.78515625
6461015,30.6396484375
6461078,29.84619140625
6478854,29.96826171875
6497464,33.3251953125
6527585,31.67724609375
6527613,33.14208984375
6527742,31.67724609375
6543788,38.14697265625
6543804,36.0107421875
6543836,33.8134765625
6543930,32.28759765625
6544228,29.6630859375
6544334,34.1796875
6561463,29.23583984375
6587183,29.60205078125
6602536,29.6630859375
6602764,29.6630859375
6627934,29.96826171875
6639085,32.65380859375
6678895,30.1513671875
6688734,30.6396484375
6701345,32.2265625
6701481,29.78515625
6701854,29.541015625
6714786,29.60205078125
6715555,33.63037109375
6715621,29.6630859375
6727177,31.43310546875
6727224,35.21728515625
6727270,31.31103515625
6727315,29.6630859375
6730949,32.3486328125
6745468,30.3955078125
6745576,36.376953125
6746214,30.76171875
6761188,34.97314453125
6761299,29.541015625
6761468,32.65380859375
6776301,31.6162109375
6776389,34.66796875
6776401,32.04345703125
6776652,29.78515625
6796264,41.748046875
6796335,33.14208984375
6796351,29.6630859375
6796370,38.75732421875
6796410,30.94482421875
6796512,32.71484375
6796632,32.3486328125
6796866,36.19384765625
6822339,30.6396484375
6828778,33.447265625
6838533,31.67724609375
6842675,32.8369140625
6842716,36.43798828125
6842736,33.99658203125
6855229,34.60693359375
6855344,29.78515625
6855381,33.75244140625
6867972,30.3955078125
6867991,31.43310546875
6868046,30.1513671875
6868081,31.3720703125
6868096,35.5224609375
6868396,31.18896484375
6878108,31.55517578125
6878181,32.5927734375
6878333,29.35791015625
6887460,32.5927734375
6887531,53.03955078125
6887638,33.8134765625
6887653,34.66796875
6887694,33.26416015625
6887844,37.04833984375
6906750,31.18896484375
6910921,29.35791015625
6912271,34.97314453125
6912421,29.78515625
6919686,33.5693359375
6919726,31.494140625
6919771,32.04345703125
6920064,29.9072265625
6920094,31.73828125
6924823,32.5927734375
6924849,33.02001953125
6928083,30.2734375
6928268,30.45654296875
6928449,32.470703125
6928479,31.8603515625
6928496,31.92138671875
6928573,29.84619140625
6932766,30.8837890625
6932886,30.82275390625
6936801,40.283203125
6941839,34.72900390625
6941952,30.94482421875
6942048,29.296875
6942077,33.447265625
6942092,38.2080078125
6942153,30.029296875
6942211,35.400390625
6951473,29.96826171875
6951583,29.72412109375
6951886,30.33447265625
6956863,36.1328125
6956920,34.423828125
6956936,31.18896484375
6965189,29.96826171875
6965257,30.8837890625
6965287,31.18896484375
6969333,31.18896484375
6971549,32.1044921875
6971644,30.3955078125
6971714,35.09521484375
6971838,33.203125
6976224,29.96826171875
6979157,31.005859375
6979236,35.58349609375
6979284,29.72412109375
6979302,32.5927734375
6979316,33.63037109375
6979348,29.9072265625
6979531,30.1513671875
6979900,30.517578125
6989328,30.21240234375
6989384,29.60205078125
6989410,35.5224609375
6989423,40.34423828125
6989488,31.73828125
6989500,34.60693359375
6989518,30.21240234375
6996904,32.04345703125
6997017,32.40966796875
7001906,30.33447265625
7002066,30.517578125
7002152,33.8134765625
7002178,29.9072265625
7002194,29.72412109375
7002452,34.24072265625
7008431,29.96826171875
7008474,29.35791015625
7008530,29.96826171875
7008606,29.4189453125
7008678,29.23583984375
7008820,32.53173828125
7013989,32.71484375
7014019,31.3720703125
7014100,35.33935546875
7014116,33.5693359375
7014295,29.541015625
7014360,30.76171875
7025201,34.3017578125
7030935,32.2265625
7031069,33.0810546875
7031186,30.21240234375
7031225,32.28759765625
7031293,29.84619140625
7031348,43.15185546875
7031362,29.23583984375
7031444,29.4189453125
7038496,36.7431640625
7038526,29.6630859375
7038562,43.39599609375
7038716,30.517578125
7038765,32.71484375
7038809,31.3720703125
7046664,33.5693359375
7046702,43.45703125
7052408,29.6630859375
7052472,35.7666015625
7052485,31.43310546875
7052520,37.41455078125
7052544,35.58349609375
7052587,48.583984375
7052643,32.65380859375
7052699,37.17041015625
7061059,29.78515625
7061098,30.1513671875
7061123,36.68212890625
7061155,31.3720703125
7061174,29.72412109375
7061222,32.8369140625
7061259,34.11865234375
7061352,31.79931640625
7068666,33.5693359375
7068692,30.70068359375
7068734,34.11865234375
7068791,30.45654296875
7076011,29.72412109375
7076028,47.36328125
7076160,31.31103515625
7076205,32.5927734375
7076231,29.9072265625
7076281,32.77587890625
7076306,29.541015625
7085205,29.35791015625
7085337,31.31103515625
7085349,32.16552734375
7085383,42.1142578125
7092241,31.43310546875
7092319,32.3486328125
7092368,48.2177734375
7092386,33.69140625
7092415,32.16552734375
7092442,43.39599609375
7092456,38.87939453125
7092486,38.0859375
7092503,43.76220703125
7092611,41.8701171875
7092712,29.23583984375
7092951,30.1513671875
7101814,29.23583984375
7101825,35.33935546875
7101883,36.31591796875
7109000,29.60205078125
7109016,31.79931640625
7109062,30.57861328125
7109218,34.423828125
7109271,38.26904296875
7109363,29.96826171875
7119181,29.296875
7119206,32.28759765625
7119271,33.447265625
7119320,41.259765625
7119360,30.1513671875
7119385,43.0908203125
7119422,29.60205078125
7119463,29.23583984375
7119600,30.09033203125
7128396,29.6630859375
7128441,29.6630859375
7128501,34.48486328125
7128714,32.5927734375
7128743,30.8837890625
7128772,30.2734375
7139294,36.1328125
7139318,31.18896484375
7139351,41.32080078125
7139393,41.015625
7139440,32.16552734375
7139492,31.73828125
7139519,32.8369140625
7139532,32.470703125
7139575,29.96826171875
7139646,32.3486328125
7150700,34.1796875
7150735,30.3955078125
7150746,31.92138671875
7150787,33.8134765625
7150816,32.2265625
7150841,33.87451171875
7150854,34.1796875
7150864,32.53173828125
7150909,31.18896484375
7150962,35.0341796875
7151498,29.96826171875
7161964,31.06689453125
7162032,30.09033203125
7162089,33.447265625
7162114,39.73388671875
7162164,32.470703125
7162214,29.541015625
7162226,31.6162109375
7162334,30.6396484375
7162385,30.76171875
7170649,33.75244140625
7170745,29.35791015625
7170840,30.2734375
7182583,30.2734375
7182600,31.6162109375
7182630,36.9873046875
7182667,34.48486328125
7182693,44.00634765625
7182711,30.029296875
7182751,38.4521484375
7182827,33.38623046875
7182947,33.0810546875
7183167,29.6630859375
7193513,39.55078125
7193535,47.36328125
7193587,31.67724609375
7193597,30.09033203125
7193671,31.43310546875
7193715,31.6162109375
7193751,31.31103515625
7201996,32.5927734375
7202084,37.841796875
7202108,32.77587890625
7202241,29.96826171875
7212201,31.67724609375
7212216,35.0341796875
7212247,29.9072265625
7212260,39.73388671875
7212279,49.9267578125
7212310,36.9873046875
7212396,31.494140625
7212418,36.4990234375
7212429,30.029296875
7225576,30.2734375
7225639,29.60205078125
7225655,32.958984375
7225680,29.47998046875
7225720,33.5693359375
7225741,33.63037109375
7225787,35.64453125
7225842,38.39111328125
7235628,29.84619140625
7235664,33.8134765625
7235863,30.029296875
7235907,35.7666015625
7247066,31.1279296875
7247149,29.84619140625
7247207,29.6630859375
7247258,36.0107421875
7247441,30.70068359375
7247480,34.3017578125
7261199,31.3720703125
7261258,30.82275390625
7261331,30.8837890625
7261363,32.2265625
7261421,41.6259765625
7261457,30.21240234375
7261495,36.865234375
7261673,30.70068359375
7272389,35.21728515625
7272429,32.77587890625
7272463,40.52734375
7272527,30.8837890625
7272585,32.40966796875
7272668,29.84619140625
7473564,37.109375
7664327,30.57861328125
7694598,29.541015625
7706545,38.0859375
7720607,30.45654296875
7720668,30.09033203125
7720721,30.6396484375
7734554,30.6396484375
7734598,29.72412109375
7747106,34.423828125
7759099,32.28759765625
7759188,30.76171875
7759261,32.1044921875
7759316,31.06689453125
7759331,33.203125
7759398,38.818359375
7759484,29.23583984375
7759550,36.80419921875
7775379,29.541015625
7782117,29.78515625
7782652,30.57861328125
7791410,36.376953125
7791590,29.296875
7791621,43.5791015625
7791651,34.912109375
7791695,34.66796875
7791736,31.982421875
7791763,38.2080078125
7791773,29.9072265625
