7799001,0
6169,30.6396484375
6275,29.78515625
26360,30.09033203125
41323,30.1513671875
247463,94.8486328125
279795,30.21240234375
384237,98.08349609375
384282,95.03173828125
384922,88.7451171875
404410,88.07373046875
417071,29.47998046875
417413,74.40185546875
434965,31.1279296875
435020,84.77783203125
435057,31.31103515625
435102,89.41650390625
435117,33.14208984375
448509,40.0390625
448563,87.21923828125
448635,90.75927734375
448695,73.54736328125
464503,29.4189453125
464524,88.56201171875
464592,41.6259765625
464640,85.3271484375
464705,79.833984375
464856,74.951171875
465331,78.9794921875
465483,33.50830078125
465817,74.3408203125
466018,76.416015625
478061,74.5849609375
478162,79.58984375
478296,69.3359375
486055,31.8603515625
486185,83.31298828125
486262,89.41650390625
486378,31.1279296875
486419,33.50830078125
486451,74.70703125
487001,86.12060546875
499990,31.25
500020,77.0263671875
500138,60.302734375
500198,34.48486328125
500247,91.6748046875
500333,76.171875
507269,88.80615234375
507364,91.1865234375
507390,30.82275390625
507443,76.416015625
507531,80.74951171875
507581,80.99365234375
507603,31.005859375
507638,68.17626953125
507709,53.77197265625
507791,63.53759765625
507817,37.65869140625
507872,55.84716796875
507930,58.89892578125
507985,46.69189453125
508037,40.46630859375
508087,48.583984375
508137,38.14697265625
508203,41.6259765625
508265,39.1845703125
508324,47.66845703125
508432,49.9267578125
508580,53.955078125
508752,48.52294921875
509106,57.06787109375
514473,75.8056640625
514948,73.54736328125
515087,68.2373046875
515914,77.0263671875
516139,66.89453125
535362,88.37890625
535500,86.60888671875
535635,73.30322265625
542649,29.4189453125
542714,31.79931640625
542761,78.55224609375
542841,38.2080078125
542860,76.72119140625
542928,83.1298828125
543227,77.63671875
551119,86.669921875
551239,77.1484375
551255,33.26416015625
551274,36.9873046875
551301,93.26171875
551367,60.48583984375
551436,70.6787109375
551742,66.89453125
560884,30.2734375
560908,83.31298828125
560963,66.2841796875
560987,31.3720703125
561018,76.5380859375
561063,33.99658203125
561078,31.3720703125
561114,62.43896484375
561156,57.0068359375
561193,56.09130859375
561227,40.46630859375
561260,55.35888671875
561319,33.02001953125
561399,33.5693359375
561733,29.4189453125
561809,34.7900390625
561896,40.8935546875
561948,31.8603515625
561968,37.9638671875
562257,47.119140625
619010,33.87451171875
619034,32.2265625
619061,98.81591796875
619111,32.8369140625
627840,29.9072265625
627877,34.423828125
627916,36.19384765625
627942,81.4208984375
627975,40.283203125
627997,77.63671875
628024,29.4189453125
628044,63.8427734375
628073,29.47998046875
628109,74.0966796875
628124,37.17041015625
628190,67.7490234375
639210,35.15625
639255,33.14208984375
639312,34.36279296875
639325,85.75439453125
639441,31.3720703125
646898,29.78515625
648750,40.52734375
648841,86.48681640625
648929,75.0732421875
648963,30.94482421875
649004,34.1796875
656944,29.47998046875
659403,32.8369140625
659435,30.76171875
659486,74.40185546875
659513,36.376953125
659527,80.2001953125
659552,30.45654296875
659569,66.650390625
659607,53.3447265625
659650,51.81884765625
659689,44.73876953125
659753,54.01611328125
659817,66.5283203125
659906,64.3310546875
660016,64.208984375
678129,31.43310546875
678283,38.26904296875
694873,30.8837890625
694949,31.18896484375
695056,30.76171875
695089,30.45654296875
698633,35.400390625
698721,34.97314453125
698886,32.8369140625
702976,31.92138671875
703054,40.71044921875
703145,36.56005859375
703184,93.20068359375
707466,33.75244140625
707544,31.1279296875
707555,34.48486328125
707582,88.8671875
707601,38.02490234375
707636,82.09228515625
707661,31.25
712537,31.31103515625
715915,36.80419921875
715932,30.94482421875
715953,32.958984375
715986,92.34619140625
716053,79.40673828125
716065,32.1044921875
716136,77.63671875
721267,32.28759765625
725813,32.40966796875
725866,30.1513671875
725877,82.82470703125
730890,30.8837890625
730927,29.9072265625
730967,78.125
731022,36.43798828125
731094,78.4912109375
736574,30.517578125
736615,30.76171875
736643,31.3720703125
736661,96.98486328125
736676,34.48486328125
736740,77.20947265625
736765,30.57861328125
736814,81.48193359375
744922,31.06689453125
748733,31.18896484375
748754,32.65380859375
748794,31.67724609375
748863,29.60205078125
748906,85.38818359375
748983,80.9326171875
757705,36.19384765625
757780,31.55517578125
757824,36.865234375
757834,69.580078125
757862,33.935546875
757885,87.0361328125
757928,44.37255859375
757978,36.43798828125
758017,86.7919921875
768219,30.57861328125
768288,35.21728515625
768346,30.76171875
772355,34.11865234375
777854,34.5458984375
777953,83.06884765625
777974,30.517578125
777997,71.1669921875
778024,34.36279296875
778049,74.03564453125
778102,79.58984375
778161,68.90869140625
778190,30.57861328125
792872,30.33447265625
796815,32.89794921875
797032,32.3486328125
802437,30.82275390625
802464,31.55517578125
802543,31.79931640625
802557,96.923828125
802609,96.435546875
802635,29.84619140625
802669,71.83837890625
802686,34.66796875
812722,30.517578125
812810,42.05322265625
812834,29.4189453125
812869,86.24267578125
812892,41.259765625
812953,31.1279296875
812965,32.28759765625
819083,43.51806640625
819097,31.31103515625
825450,30.2734375
825503,36.19384765625
825531,33.935546875
825577,82.51953125
825630,32.89794921875
825651,74.21875
837267,30.57861328125
837508,94.66552734375
837574,75.3173828125
844477,33.75244140625
844512,41.56494140625
844540,31.494140625
844568,30.94482421875
844585,84.5947265625
844661,29.47998046875
844703,29.6630859375
855520,34.97314453125
855619,32.470703125
855646,29.84619140625
855777,93.93310546875
863176,38.87939453125
863272,90.27099609375
863317,43.15185546875
863332,67.0166015625
863386,31.982421875
874465,32.77587890625
874485,35.09521484375
874537,31.982421875
874559,93.26171875
874598,33.02001953125
874611,89.17236328125
874651,88.134765625
874706,82.45849609375
886326,30.517578125
894331,31.67724609375
894363,38.75732421875
894374,32.1044921875
894408,31.67724609375
894426,29.9072265625
894475,82.51953125
894492,30.517578125
894507,34.36279296875
894533,96.923828125
894594,61.21826171875
894676,64.94140625
904849,29.541015625
915664,37.9638671875
915694,30.82275390625
915763,96.5576171875
915789,33.02001953125
915892,29.72412109375
929665,29.6630859375
929696,37.29248046875
929736,31.55517578125
929774,31.3720703125
929805,85.5712890625
929874,93.20068359375
929900,31.1279296875
929952,32.958984375
942247,35.33935546875
942275,31.1279296875
942298,30.82275390625
956025,40.0390625
956052,29.96826171875
956080,30.029296875
956115,33.935546875
956145,30.2734375
956164,33.14208984375
956199,96.37451171875
956286,29.4189453125
956313,68.90869140625
969504,29.541015625
969560,29.60205078125
969636,32.89794921875
1003830,30.33447265625
1003935,33.14208984375
1003981,31.79931640625
1004002,29.4189453125
1004045,30.21240234375
1004076,30.94482421875
1455113,77.20947265625
1455352,86.85302734375
1455376,39.4287109375
1500463,29.47998046875
1610491,30.70068359375
1610572,29.4189453125
1766038,91.73583984375
1766091,35.7666015625
1766204,90.63720703125
1766334,83.49609375
1766533,29.4189453125
1766611,80.38330078125
1766869,75.25634765625
1767162,80.9326171875
1767206,29.541015625
1781698,32.958984375
1782498,85.87646484375
1782567,30.45654296875
1798967,29.47998046875
1806482,33.14208984375
1806579,91.30859375
1814013,30.1513671875
1814334,99.18212890625
1820969,31.06689453125
1821018,34.1796875
1827731,37.53662109375
1827851,91.064453125
1828054,79.04052734375
1828102,31.55517578125
1828171,87.5244140625
1834891,32.2265625
1834923,82.275390625
1835008,32.1044921875
1835064,90.51513671875
1835140,71.71630859375
1835296,78.2470703125
1841870,87.2802734375
1842003,86.669921875
1842120,67.5048828125
1842505,77.0263671875
1842856,70.80078125
1842933,63.78173828125
1851308,29.96826171875
1851411,97.412109375
1851501,101.62353515625
1851591,74.89013671875
1852070,85.3271484375
1852283,73.05908203125
1862818,33.5693359375
1862864,93.26171875
1862909,31.1279296875
1862935,91.064453125
1863001,73.486328125
1863097,92.529296875
1863190,73.73046875
1863584,80.4443359375
1869772,91.064453125
1869981,37.4755859375
1869996,70.9228515625
1870049,69.76318359375
1875299,77.57568359375
1875423,88.07373046875
1875472,82.82470703125
1875617,32.65380859375
1875640,82.45849609375
1875728,78.30810546875
1876011,69.15283203125
1881011,86.60888671875
1881247,76.84326171875
1881404,75.50048828125
1881429,31.1279296875
1881567,74.27978515625
1887013,94.970703125
1887127,77.7587890625
1887293,87.890625
1887438,87.21923828125
1893369,84.716796875
1893397,29.6630859375
1893482,71.59423828125
1893547,33.203125
1893576,74.52392578125
1893656,76.11083984375
1893737,35.70556640625
1893752,71.1669921875
1899299,83.0078125
1899390,78.2470703125
1899465,72.08251953125
1899574,81.298828125
1899637,71.83837890625
1899713,70.556640625
1900004,65.91796875
1907025,84.47265625
1907111,88.19580078125
1907174,73.91357421875
1907236,36.2548828125
1907266,78.55224609375
1907348,60.48583984375
1907569,75.3173828125
1914839,82.1533203125
1925393,87.5244140625
1925403,32.470703125
1925447,86.5478515625
1925524,97.0458984375
1925640,72.44873046875
1930466,82.8857421875
1930727,87.95166015625
1930773,33.447265625
1935698,83.1298828125
1935798,68.05419921875
1935925,79.65087890625
1936059,77.81982421875
1941119,74.76806640625
1941475,81.84814453125
1941563,83.984375
1946998,88.5009765625
1947130,74.21875
1947146,35.0341796875
1947202,65.3076171875
1947288,72.08251953125
1947298,30.57861328125
1947434,72.3876953125
1954671,89.4775390625
1954787,78.79638671875
1954872,65.73486328125
1954948,72.021484375
1955000,62.07275390625
1955049,55.48095703125
1955113,75.74462890625
1955187,62.98828125
1955266,71.2890625
1955345,57.67822265625
1955422,60.11962890625
1955540,66.34521484375
1955660,59.14306640625
1976593,92.59033203125
1976704,32.28759765625
1986912,84.04541015625
1986986,31.6162109375
1987075,30.3955078125
1987230,87.158203125
1993476,84.65576171875
1993666,78.06396484375
1993717,71.10595703125
1993727,34.5458984375
1993784,78.06396484375
2001758,84.16748046875
2001799,33.14208984375
2001872,87.70751953125
2001957,74.27978515625
2002055,81.787109375
2002066,31.92138671875
2002167,74.64599609375
2010250,31.982421875
2010275,77.69775390625
2010414,38.75732421875
2010452,33.203125
2010505,71.96044921875
2010526,30.82275390625
2010572,73.30322265625
2010612,29.60205078125
2019788,74.21875
2019847,66.71142578125
2019865,30.1513671875
2019892,33.8134765625
2019916,43.27392578125
2019943,76.35498046875
2019961,30.8837890625
2028960,77.57568359375
2028979,31.79931640625
2029016,31.79931640625
2029055,89.05029296875
2029115,82.09228515625
2029191,72.6318359375
2040113,85.205078125
2040167,84.53369140625
2040221,33.50830078125
2040241,31.18896484375
2040260,31.79931640625
2040277,32.3486328125
2040304,31.8603515625
2040350,79.4677734375
2052718,77.2705078125
2052802,72.08251953125
2052859,82.763671875
2052889,33.203125
2052912,33.69140625
2052922,73.486328125
2052987,67.68798828125
2053003,38.26904296875
2053043,61.46240234375
2053228,75.01220703125
2053410,73.18115234375
2063249,91.4306640625
2063356,32.2265625
2063411,76.59912109375
2072229,78.91845703125
2072294,32.1044921875
2072383,32.40966796875
2072408,86.42578125
2082286,33.203125
2082309,96.19140625
2082357,42.05322265625
2082375,69.3359375
2082437,101.1962890625
2082468,30.82275390625
2082503,75.0732421875
2082552,31.8603515625
2091149,31.494140625
2091370,81.48193359375
2099235,31.982421875
2099261,83.1298828125
2099302,33.0810546875
2099347,49.6826171875
2099407,82.3974609375
2109640,89.4775390625
2109714,95.39794921875
2109725,49.98779296875
2109848,79.58984375
2118846,80.74951171875
2127605,89.35546875
2127695,79.4677734375
2127706,30.029296875
2136581,29.35791015625
2136651,32.77587890625
2136715,87.58544921875
2164934,29.47998046875
2183706,30.029296875
2192949,29.35791015625
2310146,33.02001953125
2353089,36.4990234375
2369397,30.029296875
2386078,31.1279296875
2386121,30.517578125
2407041,36.2548828125
2407066,30.3955078125
2407087,32.77587890625
2407115,36.1328125
2420972,29.78515625
2438902,31.67724609375
2439060,30.09033203125
2480129,30.517578125
2549613,30.1513671875
2558547,34.1796875
2567031,30.3955078125
2687441,33.203125
2723890,29.78515625
2736461,30.33447265625
2744271,30.517578125
2748799,30.6396484375
2757451,30.09033203125
2795897,31.25
2805535,36.07177734375
2805602,36.4990234375
2818342,37.17041015625
2818441,31.67724609375
2828722,35.33935546875
2850109,32.1044921875
2854714,30.82275390625
2854829,33.5693359375
2854871,30.517578125
2854932,30.029296875
2854959,29.78515625
2882310,32.89794921875
2882422,29.9072265625
2907539,29.9072265625
2907571,31.31103515625
2907748,36.7431640625
2907820,32.1044921875
2922205,29.60205078125
2942531,31.982421875
2942560,31.3720703125
2962308,31.005859375
2962379,29.72412109375
2962406,30.1513671875
2962457,30.8837890625
2962484,31.3720703125
2962581,29.541015625
2973416,29.541015625
2986361,29.4189453125
2992364,31.982421875
2992398,31.6162109375
2992430,33.3251953125
2992445,29.72412109375
2992559,34.97314453125
3012742,31.494140625
3023979,29.60205078125
3046474,30.94482421875
3052849,31.8603515625
3052899,37.04833984375
3060664,34.11865234375
3060716,31.73828125
3060819,29.9072265625
3060935,34.423828125
3068552,30.3955078125
3073934,29.47998046875
3074030,29.9072265625
3074046,32.958984375
3074174,29.6630859375
3088385,29.35791015625
3088492,29.60205078125
3095244,30.82275390625
3095375,33.63037109375
3102841,31.06689453125
3110633,32.65380859375
3110676,34.0576171875
3110731,35.400390625
3110825,36.7431640625
3118685,30.517578125
3130385,35.888671875
3130623,31.1279296875
3138054,31.43310546875
3138138,32.5927734375
3138212,31.1279296875
3153648,31.25
3153733,30.3955078125
3153819,30.76171875
3163446,30.94482421875
3170880,30.57861328125
3170985,31.6162109375
3180216,30.1513671875
3180281,32.77587890625
3180374,30.94482421875
3180504,34.85107421875
3180522,43.76220703125
3180571,35.7666015625
3196688,32.958984375
3204274,31.55517578125
3204382,36.2548828125
3204486,31.67724609375
3214872,30.76171875
3214920,30.029296875
3214954,31.55517578125
3215014,32.3486328125
3215047,31.005859375
3215075,33.0810546875
3215151,34.97314453125
3242031,34.7900390625
3242049,35.64453125
3242126,31.31103515625
3242148,36.9873046875
3254545,36.1328125
3254599,42.236328125
3254680,29.60205078125
3267689,30.517578125
3267794,32.16552734375
3277254,30.2734375
3287407,30.2734375
3287442,41.32080078125
3287496,31.982421875
3287516,38.14697265625
3287554,41.1376953125
3287576,39.73388671875
3287627,31.92138671875
3287687,29.84619140625
3300006,29.9072265625
3313806,30.70068359375
3313827,30.57861328125
3313928,30.1513671875
3328950,32.89794921875
3329001,29.35791015625
3329021,33.203125
3329143,29.6630859375
3329160,38.0859375
3343708,29.47998046875
3343728,40.4052734375
3343786,31.18896484375
3343805,33.87451171875
3343864,44.00634765625
3343984,80.50537109375
3344000,40.46630859375
3344029,33.447265625
3344243,29.9072265625
3378908,31.31103515625
3379009,30.1513671875
3379151,32.40966796875
3379266,29.4189453125
3389851,29.6630859375
3404717,35.58349609375
3404769,30.57861328125
3404793,37.17041015625
3420078,29.78515625
3452400,29.4189453125
3473884,42.29736328125
3474027,30.2734375
3474102,31.31103515625
3488287,33.63037109375
3504646,30.3955078125
3628859,30.2734375
3670422,89.05029296875
3723385,33.203125
3723440,101.1962890625
3723561,31.1279296875
3739180,81.9091796875
3752017,34.85107421875
3752121,91.1865234375
3752234,97.96142578125
3752789,88.37890625
3763237,34.24072265625
3763281,80.078125
3763555,95.15380859375
3771707,29.4189453125
3771927,29.541015625
3772012,80.87158203125
3772179,32.8369140625
3772309,83.49609375
3772744,89.4775390625
3780701,82.03125
3780880,82.21435546875
3790173,30.45654296875
3790264,32.77587890625
3790385,87.21923828125
3790644,87.09716796875
3790714,31.67724609375
3790790,86.9140625
3798895,31.67724609375
3798941,86.0595703125
3799112,35.15625
3799213,85.63232421875
3799451,81.35986328125
3799917,83.80126953125
3808809,77.5146484375
3808975,91.00341796875
3809046,76.0498046875
3809060,29.47998046875
3809347,82.763671875
3809642,79.58984375
3809770,71.8994140625
3810145,64.88037109375
3819398,86.24267578125
3819677,97.10693359375
3819750,32.40966796875
3825755,30.6396484375
3825879,29.78515625
3826097,83.740234375
3826219,76.7822265625
3826323,86.181640625
3826435,67.138671875
3832210,29.35791015625
3832546,30.1513671875
3832566,89.17236328125
3832656,30.45654296875
3848796,30.94482421875
3848867,85.99853515625
3848908,32.470703125
3848924,88.07373046875
3849029,110.4736328125
3849057,30.1513671875
3849084,88.43994140625
3849111,32.5927734375
3849159,71.71630859375
3849223,60.36376953125
3849316,79.52880859375
3849482,67.2607421875
3849591,64.88037109375
3849719,55.6640625
3849797,59.326171875
3849888,46.08154296875
3849906,33.203125
3850001,60.11962890625
3850128,54.99267578125
3850245,64.3310546875
3850354,57.43408203125
3850622,68.90869140625
3857289,76.171875
3857386,73.6083984375
3857446,93.6279296875
3857528,74.64599609375
3857606,79.345703125
3857693,61.34033203125
3857758,73.6083984375
3857827,71.10595703125
3857910,59.6923828125
3858006,57.80029296875
3858113,49.8046875
3858198,63.65966796875
3858282,51.81884765625
3858426,57.2509765625
3858527,55.0537109375
3870940,75.439453125
3871216,29.6630859375
3876751,80.56640625
3876885,73.18115234375
3876952,78.91845703125
3876997,29.9072265625
3877077,75.5615234375
3877145,29.72412109375
3877391,77.81982421875
3882159,86.181640625
3882429,33.3251953125
3882445,76.416015625
3882578,69.4580078125
3882663,36.56005859375
3882694,74.21875
3882767,79.1015625
3882823,70.25146484375
3882898,63.41552734375
3883076,75.3173828125
3883265,63.5986328125
3888576,87.0361328125
3888587,33.63037109375
3888704,103.57666015625
3888840,85.87646484375
3888905,72.6318359375
3888959,69.3359375
3889020,43.5791015625
3889079,68.29833984375
3889128,45.95947265625
3889189,51.8798828125
3889247,47.66845703125
3889314,47.18017578125
3889344,29.541015625
3889377,48.88916015625
3889439,44.0673828125
3889497,42.6025390625
3889568,40.58837890625
3889648,46.0205078125
3889734,59.4482421875
3889829,60.4248046875
3897018,80.4443359375
3897330,75.5615234375
3907410,81.1767578125
3907501,93.20068359375
3907556,84.89990234375
3907633,78.79638671875
3907657,30.517578125
3907695,72.32666015625
3907756,58.53271484375
3907820,56.7626953125
3907891,61.82861328125
3907973,60.48583984375
3908055,66.10107421875
3908163,56.5185546875
3915354,89.7216796875
3915512,80.6884765625
3915629,29.47998046875
3915694,80.26123046875
3915825,71.8994140625
3921480,92.7734375
3921587,37.2314453125
3921630,86.0595703125
3921711,69.15283203125
3921767,63.41552734375
3921828,73.66943359375
3921842,37.78076171875
3921881,60.60791015625
3921923,37.04833984375
3921950,70.068359375
3922007,58.04443359375
3922095,64.208984375
3922196,58.7158203125
3922350,60.85205078125
3930016,78.9794921875
3930306,72.265625
3930449,77.2705078125
3936788,91.6748046875
3936841,75.927734375
3936851,36.31591796875
3936905,75.0732421875
3936950,52.1240234375
3936992,51.26953125
3937033,63.29345703125
3937077,63.1103515625
3937090,30.6396484375
3937120,58.7158203125
3937163,39.12353515625
3937204,36.43798828125
3937214,31.06689453125
3937244,33.87451171875
3937292,33.87451171875
3937314,30.6396484375
3937381,36.2548828125
3937428,35.0341796875
3937489,36.31591796875
3937544,30.6396484375
3937560,46.630859375
3937697,43.45703125
3937780,39.6728515625
3937865,52.001953125
3938053,53.16162109375
3979527,98.14453125
3984773,29.72412109375
3989160,91.97998046875
3989210,32.71484375
3989257,69.39697265625
3994698,35.09521484375
3994726,35.400390625
3994774,82.58056640625
3994786,30.21240234375
3994816,68.84765625
3994866,98.57177734375
3994927,73.79150390625
3995040,80.62744140625
4001878,80.4443359375
4001898,33.99658203125
4001940,68.603515625
4001990,52.55126953125
4002031,76.171875
4002066,31.1279296875
4002082,55.17578125
4002124,32.16552734375
4002153,55.17578125
4002170,33.5693359375
4002205,68.359375
4002265,58.2275390625
4002361,62.98828125
4002480,54.0771484375
4009204,31.005859375
4023494,84.77783203125
4023512,29.35791015625
4023543,70.068359375
4023570,29.4189453125
4023604,78.43017578125
4023638,29.72412109375
4023671,86.73095703125
4023704,30.70068359375
4023728,64.63623046875
4023763,30.94482421875
4023797,76.11083984375
4035500,29.35791015625
4039788,35.0341796875
4039833,33.935546875
4039902,49.86572265625
4039942,66.7724609375
4046358,30.57861328125
4046385,98.6328125
4046415,29.84619140625
4046459,84.5947265625
4046488,32.1044921875
4046503,68.90869140625
4046552,68.66455078125
4046598,67.87109375
4046628,40.83251953125
4046651,59.4482421875
4046721,63.4765625
4046849,73.486328125
4078676,30.94482421875
4078757,39.24560546875
4078839,33.75244140625
4078854,33.87451171875
4078959,29.9072265625
4084585,29.84619140625
4084656,29.6630859375
4089697,38.9404296875
4089772,74.951171875
4089782,32.2265625
4095537,33.38623046875
4101453,29.84619140625
4101469,34.36279296875
4101508,31.8603515625
4101557,30.21240234375
4101571,31.3720703125
4101607,73.3642578125
4101667,85.38818359375
4101681,30.6396484375
4101750,52.06298828125
4120150,33.8134765625
4120161,33.69140625
4125141,33.3251953125
4125204,30.57861328125
4125386,30.517578125
4130972,37.29248046875
4131011,31.005859375
4131063,36.2548828125
4131144,40.1611328125
4131155,91.9189453125
4131170,32.04345703125
4131252,73.2421875
4149448,31.55517578125
4149557,31.3720703125
4154309,33.02001953125
4154378,29.60205078125
4154447,32.8369140625
4154474,31.06689453125
4154516,30.6396484375
4154568,31.25
4160793,30.1513671875
4160833,31.1279296875
4160891,29.47998046875
4160934,35.888671875
4161029,29.60205078125
4161043,31.92138671875
4167722,40.52734375
4167783,30.6396484375
4167939,32.958984375
4175143,32.28759765625
4180992,34.912109375
4181062,32.958984375
4188898,31.005859375
4188925,30.029296875
4188967,39.85595703125
4189015,67.81005859375
4189043,38.14697265625
4189079,74.52392578125
4189148,76.66015625
4189165,37.59765625
4215095,30.70068359375
4215133,29.6630859375
4220395,30.029296875
4226459,33.02001953125
4226763,32.3486328125
4234750,30.82275390625
4234826,34.85107421875
4234990,30.09033203125
4235306,30.6396484375
4261358,33.26416015625
4261388,29.4189453125
4261441,39.48974609375
4261481,35.70556640625
4261556,35.64453125
4261755,32.77587890625
4277449,33.63037109375
4288462,32.8369140625
4288541,32.470703125
4288581,29.6630859375
4288613,30.82275390625
4288666,30.94482421875
4288720,32.04345703125
4288861,31.67724609375
4314668,30.09033203125
4324533,34.60693359375
4324617,36.376953125
4324635,32.8369140625
4324667,29.541015625
4334743,30.517578125
4347856,29.78515625
4347912,30.6396484375
4347926,35.2783203125
4348151,29.541015625
4359148,29.47998046875
4368657,33.935546875
4368800,30.09033203125
4377745,29.47998046875
4378033,30.517578125
4378059,32.470703125
4378106,33.8134765625
4389391,30.6396484375
4389422,35.15625
4389546,30.3955078125
4401442,31.8603515625
4401756,31.982421875
4413373,34.60693359375
4413855,29.541015625
4425998,30.2734375
4426099,31.18896484375
4426318,29.47998046875
4426488,31.18896484375
4437251,29.541015625
4437421,31.73828125
4552242,30.33447265625
4812615,98.08349609375
4812998,31.494140625
4813304,84.8388671875
4813500,32.2265625
4813571,44.921875
5025849,37.59765625
5025873,105.1025390625
5094684,31.67724609375
5094734,29.9072265625
5180395,29.9072265625
5343390,29.84619140625
5361638,30.6396484375
5380997,32.53173828125
5509928,35.888671875
5643766,82.94677734375
5715445,88.56201171875
5756984,84.41162109375
5757072,31.982421875
5757115,87.7685546875
5757368,83.31298828125
5758083,30.76171875
5773047,35.94970703125
5773367,93.32275390625
5773451,31.3720703125
5773930,32.3486328125
5783062,30.70068359375
5792330,80.4443359375
5801289,94.78759765625
5801302,34.48486328125
5811093,30.21240234375
5811250,96.37451171875
5820514,30.3955078125
5820970,82.45849609375
5821000,39.55078125
5843459,34.36279296875
5851590,32.1044921875
5865969,39.306640625
5874595,36.4990234375
5890472,33.02001953125
5923860,29.6630859375
5923923,35.0341796875
5949101,33.0810546875
5949181,94.05517578125
5949201,39.0625
5949239,45.8984375
5949489,31.494140625
5969251,33.63037109375
5969395,34.97314453125
5981290,34.85107421875
5981553,31.18896484375
5981592,29.84619140625
5982462,29.84619140625
5994557,30.1513671875
6008803,32.04345703125
6032314,30.1513671875
6071876,35.888671875
6139505,30.76171875
6170263,29.4189453125
6264583,42.29736328125
6264755,79.04052734375
6264781,30.517578125
6264825,33.5693359375
6324714,30.57861328125
6331190,35.2783203125
6343508,36.1328125
6343641,105.16357421875
6343727,83.984375
6344438,31.92138671875
6394998,30.33447265625
6418220,32.40966796875
6441362,87.95166015625
6461024,29.84619140625
6461048,87.0361328125
6478876,37.53662109375
6527549,30.8837890625
6527604,31.494140625
6543816,70.12939453125
6543827,31.18896484375
6543856,39.794921875
6543885,108.5205078125
6543914,35.64453125
6543949,36.4990234375
6543987,29.60205078125
6555246,30.3955078125
6602493,32.77587890625
6610300,30.45654296875
6688627,29.6630859375
6701370,31.25
6701393,31.3720703125
6701433,39.55078125
6726320,32.5927734375
6745686,31.18896484375
6761233,31.73828125
6787729,30.2734375
6796290,32.71484375
6796307,32.1044921875
6796333,34.48486328125
6796345,30.57861328125
6796389,41.015625
6796419,36.9873046875
6796433,38.51318359375
6796450,109.80224609375
6796478,40.1611328125
6796508,98.7548828125
6796549,65.0634765625
6796586,66.2841796875
6796597,32.77587890625
6796627,33.0810546875
6796638,40.71044921875
6796681,57.18994140625
6796717,37.41455078125
6796751,33.50830078125
6796780,35.09521484375
6796819,31.73828125
6796869,45.22705078125
6796963,31.67724609375
6797011,34.85107421875
6797057,46.7529296875
6797123,36.9873046875
6797223,52.490234375
6797283,43.64013671875
6797532,72.20458984375
6842683,29.4189453125
6855338,31.18896484375
6868004,30.33447265625
6868151,29.541015625
6878264,33.50830078125
6887494,36.4990234375
6887565,33.02001953125
6887639,49.49951171875
6887676,67.32177734375
6887755,94.42138671875
6887880,82.763671875
6897562,29.47998046875
6906818,31.31103515625
6906858,33.5693359375
6906957,30.6396484375
6912381,34.1796875
6912496,30.517578125
6919835,29.96826171875
6919897,30.33447265625
6919918,30.45654296875
6919954,35.7666015625
6920010,90.9423828125
6920027,49.1943359375
6924975,32.5927734375
6928147,35.5224609375
6928299,30.94482421875
6928315,37.59765625
6928430,83.0078125
6932795,30.70068359375
6932855,30.3955078125
6936601,29.78515625
6936850,29.35791015625
6941963,35.46142578125
6942064,81.54296875
6942115,74.462890625
6942169,71.6552734375
6942245,94.42138671875
6951456,33.99658203125
6951678,30.45654296875
6956715,31.79931640625
6956786,35.7666015625
6956833,94.29931640625
6956865,33.935546875
6956876,53.3447265625
6956899,87.890625
6956978,78.91845703125
6957075,80.2001953125
6965189,34.36279296875
6965215,30.517578125
6965254,90.9423828125
6971794,30.029296875
6971845,89.4775390625
6979054,34.423828125
6979122,29.35791015625
6979144,30.029296875
6979212,80.9326171875
6979258,67.9931640625
6979307,83.1298828125
6979328,32.1044921875
6979365,71.35009765625
6979408,29.72412109375
6979425,73.486328125
6989235,35.82763671875
6989339,30.45654296875
6989383,33.50830078125
6989464,94.90966796875
6989512,29.35791015625
6989524,75.25634765625
6989566,31.06689453125
6989651,71.1669921875
6994209,30.029296875
6996916,31.005859375
6997011,31.6162109375
6997024,84.9609375
7001964,32.8369140625
7002149,101.98974609375
7002173,40.22216796875
7002211,92.8955078125
7002244,29.78515625
7002282,68.78662109375
7002368,72.75390625
7008494,34.36279296875
7008607,31.982421875
7008624,87.40234375
7014041,32.04345703125
7014059,34.24072265625
7014114,84.3505859375
7014150,35.09521484375
7014206,75.98876953125
7014237,36.43798828125
7014250,65.61279296875
7014299,70.9228515625
7014360,65.00244140625
7014437,60.9130859375
7025217,32.04345703125
7025252,87.21923828125
7025322,30.94482421875
7025343,97.96142578125
7025370,29.541015625
7025387,30.94482421875
7030989,29.541015625
7031101,34.1796875
7031132,37.2314453125
7031177,89.41650390625
7031235,82.763671875
7031251,44.61669921875
7031315,88.31787109375
7031374,34.48486328125
7031396,81.298828125
7038388,40.52734375
7038435,44.61669921875
7038521,32.71484375
7038566,32.77587890625
7038579,93.32275390625
7038624,72.75390625
7038678,82.3974609375
7038768,75.86669921875
7038834,66.83349609375
7052338,30.76171875
7052430,31.8603515625
7052449,94.05517578125
7052496,73.05908203125
7052515,32.89794921875
7052530,32.958984375
7052549,73.66943359375
7052598,78.0029296875
7052644,69.64111328125
7052696,69.64111328125
7052763,73.42529296875
7052810,30.029296875
7052834,66.10107421875
7052992,76.84326171875
7061072,31.92138671875
7061109,30.94482421875
7061136,30.94482421875
7061177,90.6982421875
7061195,30.029296875
7061228,47.30224609375
7061307,33.69140625
7061336,68.66455078125
7061418,58.77685546875
7068741,29.84619140625
7068868,89.599609375
7075917,31.3720703125
7075990,76.66015625
7076026,31.67724609375
7076057,75.13427734375
7076077,43.76220703125
7076112,70.98388671875
7076157,72.75390625
7076169,36.1328125
7076207,68.359375
7076263,53.03955078125
7076357,60.24169921875
7076475,75.25634765625
7085344,37.4755859375
7085408,29.72412109375
7085433,91.36962890625
7092325,33.63037109375
7092388,76.96533203125
7092444,29.78515625
7092469,76.72119140625
7092511,70.49560546875
7092524,30.3955078125
7092557,77.2705078125
7092603,53.52783203125
7092619,29.541015625
7092649,67.32177734375
7092703,63.53759765625
7092810,69.88525390625
7092924,48.9501953125
7093045,29.96826171875
7101586,34.11865234375
7101734,29.4189453125
7101901,91.36962890625
7101936,30.82275390625
7108989,31.005859375
7109043,95.27587890625
7109110,86.73095703125
7109153,72.57080078125
7109179,31.55517578125
7109203,81.72607421875
7109258,75.3173828125
7109358,72.08251953125
7109463,68.603515625
7119209,33.02001953125
7119246,38.39111328125
7119280,66.650390625
7119316,39.794921875
7119348,76.72119140625
7119371,34.48486328125
7119398,75.74462890625
7119477,77.57568359375
7119523,31.005859375
7119612,78.18603515625
7128256,29.35791015625
7128351,30.6396484375
7128433,29.9072265625
7128461,98.57177734375
7128513,84.28955078125
7128560,80.26123046875
7128638,78.18603515625
7128738,70.49560546875
7139174,29.35791015625
7139225,31.55517578125
7139296,29.47998046875
7139330,80.322265625
7139374,76.72119140625
7139394,32.3486328125
7139430,82.09228515625
7139482,65.4296875
7139554,69.9462890625
7139635,73.8525390625
7139768,82.6416015625
7139818,29.96826171875
7150660,35.46142578125
7150680,29.47998046875
7150711,39.00146484375
7150741,32.3486328125
7150782,107.36083984375
7150796,35.0341796875
7150828,67.56591796875
7150854,29.84619140625
7150877,73.30322265625
7150931,75.8056640625
7150990,52.8564453125
7151059,74.64599609375
7151178,78.67431640625
7151360,72.32666015625
7162054,30.1513671875
7162102,78.91845703125
7162117,42.54150390625
7162156,77.7587890625
7162237,104.98046875
7170562,30.57861328125
7170835,89.17236328125
7170990,77.08740234375
7182544,29.96826171875
7182633,72.8759765625
7182671,72.81494140625
7182685,30.2734375
7182712,76.2939453125
7182726,30.33447265625
7182756,65.24658203125
7182807,74.5849609375
7182854,57.9833984375
7182908,66.162109375
7182985,55.60302734375
7183048,67.2607421875
7183070,30.76171875
7183121,58.28857421875
7183214,67.93212890625
7183339,78.7353515625
7193501,32.28759765625
7193623,79.2236328125
7193725,87.95166015625
7201969,30.8837890625
7202049,42.48046875
7202067,30.8837890625
7202107,108.21533203125
7202157,29.47998046875
7202264,84.5947265625
7212162,40.0390625
7212229,32.04345703125
7212258,36.0107421875
7212282,38.26904296875
7212293,52.6123046875
7212339,90.576171875
7212363,41.1376953125
7212408,57.0068359375
7212420,30.94482421875
7212466,80.2001953125
7212557,72.75390625
7212663,64.02587890625
7225471,37.53662109375
7225531,31.494140625
7225658,34.912109375
7225693,88.31787109375
7225711,35.21728515625
7225761,59.50927734375
7225833,77.2705078125
7225888,31.982421875
7235579,31.06689453125
7235638,30.09033203125
7235676,30.94482421875
7235792,30.45654296875
7235833,77.57568359375
7247115,31.8603515625
7247158,35.58349609375
7247195,93.994140625
7247228,34.48486328125
7247266,95.21484375
7247353,37.53662109375
7247366,81.84814453125
7261141,29.9072265625
7261191,37.53662109375
7261265,30.8837890625
7261286,32.5927734375
7261318,93.994140625
7261334,32.89794921875
7261391,79.89501953125
7261491,80.810546875
7272477,34.7900390625
7473590,87.46337890625
7473700,36.2548828125
7473926,75.74462890625
7664193,32.40966796875
7664220,100.76904296875
7664307,88.92822265625
7664568,86.7919921875
7664825,85.26611328125
7665010,90.087890625
7665124,30.6396484375
7665368,29.47998046875
7665441,70.86181640625
7665657,85.0830078125
7666090,67.87109375
7721889,37.53662109375
7721997,94.8486328125
7722297,34.85107421875
7735473,30.1513671875
7735551,88.5009765625
7735660,81.298828125
7735771,31.982421875
7746784,82.70263671875
7746839,30.82275390625
7746882,82.763671875
7746937,58.59375
7747053,30.33447265625
7759141,90.88134765625
7759210,69.3359375
7759257,34.66796875
7759270,70.3125
7759360,84.1064453125
7759577,96.61865234375
7759679,66.40625
7759841,65.185546875
7760166,76.84326171875
7774492,75.1953125
7774609,85.99853515625
7774884,75.0732421875
7782039,81.787109375
7782175,35.70556640625
7782201,85.205078125
7782268,30.94482421875
7782346,90.63720703125
7782431,73.54736328125
7782670,72.08251953125
7782903,77.5146484375
7783052,32.470703125
7783219,73.79150390625
7791298,98.876953125
7791407,82.03125
7791471,33.3251953125
7791504,85.0830078125
7791594,70.12939453125
7791705,37.9638671875
7791851,72.69287109375
7791990,72.021484375
7792183,70.73974609375
