2999000,0
5895,57.67822265625
12324,57.373046875
19912,58.2275390625
30039,57.4951171875
37766,62.5
45500,60.6689453125
50924,60.1806640625
56116,59.26513671875
63318,61.70654296875
69461,57.6171875
73786,67.2607421875
80742,58.2275390625
87538,58.53271484375
94428,57.7392578125
99481,56.09130859375
106182,60.60791015625
112620,46.69189453125
121194,63.3544921875
128140,64.0869140625
132045,64.453125
138674,55.35888671875
146289,53.28369140625
153023,66.162109375
160760,51.513671875
165202,46.7529296875
176470,61.8896484375
183233,61.4013671875
198379,59.08203125
201190,55.60302734375
213714,66.162109375
225077,65.12451171875
230516,63.78173828125
237566,53.16162109375
245333,63.8427734375
252820,58.837890625
267938,63.17138671875
274199,54.50439453125
279906,60.97412109375
286044,62.1337890625
290789,66.10107421875
299132,67.0166015625
309340,61.279296875
314864,59.326171875
322673,63.5986328125
326350,54.87060546875
334911,66.22314453125
341113,57.4951171875
348166,61.82861328125
353668,72.998046875
362184,58.349609375
368809,56.7626953125
375877,66.40625
386390,64.02587890625
393941,60.302734375
401812,68.42041015625
408929,66.89453125
415077,61.58447265625
425270,58.7158203125
430505,59.99755859375
439358,57.12890625
451059,47.91259765625
456148,65.85693359375
468338,60.4248046875
479545,57.7392578125
486654,62.92724609375
491133,60.97412109375
498266,59.63134765625
508039,60.85205078125
516118,45.83740234375
523038,63.8427734375
526310,52.1240234375
537539,67.19970703125
541463,48.583984375
549508,59.5703125
557556,65.36865234375
559364,55.908203125
565370,54.931640625
572539,59.08203125
581256,67.56591796875
585847,65.5517578125
589025,55.17578125
596017,64.0869140625
601440,57.80029296875
606295,60.4248046875
614869,64.14794921875
620501,57.31201171875
632078,63.3544921875
640472,58.89892578125
647766,60.97412109375
655642,55.6640625
662674,63.4765625
670429,57.92236328125
680687,61.21826171875
686253,55.72509765625
692268,66.34521484375
697284,61.5234375
706743,61.95068359375
709515,61.21826171875
716539,57.861328125
727039,59.75341796875
735141,56.45751953125
745353,60.48583984375
752251,62.255859375
757728,46.20361328125
767297,62.19482421875
774594,53.8330078125
781472,62.43896484375
788849,64.94140625
794228,59.26513671875
803952,55.5419921875
816375,57.861328125
821106,57.67822265625
835262,68.7255859375
843103,63.29345703125
850178,51.1474609375
858070,58.4716796875
863308,60.11962890625
871087,59.38720703125
875988,62.6220703125
882351,47.7294921875
889222,63.90380859375
899885,63.1103515625
907284,63.1103515625
915461,55.84716796875
921398,63.17138671875
932264,55.6640625
937568,59.87548828125
943057,53.64990234375
949905,53.28369140625
963713,67.0166015625
967900,60.60791015625
972312,69.15283203125
979267,64.5751953125
986275,61.70654296875
995337,64.02587890625
998312,60.05859375
1005619,55.419921875
1014878,58.77685546875
1023422,64.75830078125
1030164,60.9130859375
1044125,60.9130859375
1052221,57.18994140625
1060644,60.60791015625
1067112,60.97412109375
1073672,67.2607421875
1082003,60.97412109375
1087326,64.14794921875
1096733,62.07275390625
1108942,56.0302734375
1113965,57.80029296875
1122395,57.92236328125
1127137,49.62158203125
1136548,65.73486328125
1150988,66.95556640625
1158769,60.05859375
1163012,58.10546875
1170173,61.82861328125
1178771,66.83349609375
1184427,64.63623046875
1192705,54.87060546875
1198205,59.6923828125
1206530,65.49072265625
1213982,51.6357421875
1218820,58.2275390625
1229331,59.87548828125
1239669,60.24169921875
1244929,61.46240234375
1255131,63.53759765625
1263399,62.5
1271199,64.88037109375
1277634,59.99755859375
1291183,76.904296875
1297632,58.16650390625
1305819,65.185546875
1319201,68.05419921875
1324759,62.744140625
1330380,53.28369140625
1337431,58.89892578125
1341966,55.0537109375
1350082,60.48583984375
1357420,65.3076171875
1364195,64.697265625
1369447,66.22314453125
1376295,55.48095703125
1388533,60.546875
1399598,60.05859375
1410606,62.98828125
1414802,66.46728515625
1423952,62.8662109375
1432877,57.9833984375
1439728,61.95068359375
1447986,61.82861328125
1459154,68.17626953125
1465323,61.1572265625
1475088,68.17626953125
1483043,63.41552734375
1490656,56.15234375
1499772,57.12890625
1507715,58.04443359375
1512630,54.01611328125
1518825,54.13818359375
1528680,52.42919921875
1534675,70.25146484375
1542938,65.91796875
1555082,63.90380859375
1560642,65.97900390625
1568729,62.01171875
1577122,64.51416015625
1586432,57.6171875
1594411,64.75830078125
1600464,61.95068359375
1608859,58.4716796875
1613681,60.6689453125
1622784,63.3544921875
1637180,64.208984375
1644077,66.95556640625
1656925,59.87548828125
1665652,60.6689453125
1672439,59.26513671875
1682699,54.5654296875
1691025,65.85693359375
1698556,55.17578125
1707274,59.02099609375
1710870,57.67822265625
1721557,72.8759765625
1727659,69.51904296875
1735599,61.03515625
1741149,71.2890625
1746241,61.1572265625
1754119,63.720703125
1766479,59.14306640625
1772240,69.51904296875
1777675,57.6171875
1785618,62.3779296875
1789471,59.9365234375
1804200,53.955078125
1811329,64.697265625
1817083,65.61279296875
1827571,33.14208984375
1835751,69.9462890625
1846539,71.35009765625
1849620,56.45751953125
1856451,56.396484375
1866775,61.58447265625
1872749,65.61279296875
1881438,62.6220703125
1886090,60.1806640625
1894140,65.12451171875
1900701,66.83349609375
1909373,61.1572265625
1921114,55.419921875
1927112,60.72998046875
1933203,42.17529296875
1940279,54.99267578125
1948466,57.92236328125
1953276,55.48095703125
1962135,53.955078125
1968421,65.673828125
1976684,70.25146484375
1981258,56.70166015625
1990341,53.64990234375
1993822,52.8564453125
2007558,62.744140625
2019730,62.43896484375
2026138,60.60791015625
2033809,59.14306640625
2043297,66.58935546875
2049399,60.48583984375
2061209,54.38232421875
2069522,62.80517578125
2077590,64.27001953125
2091955,70.556640625
2102584,63.29345703125
2107039,58.65478515625
2118322,63.90380859375
2126314,64.14794921875
2140773,65.673828125
2147958,62.56103515625
2153704,61.279296875
2159465,60.85205078125
2166924,54.26025390625
2172610,64.75830078125
2186127,59.02099609375
2192738,67.68798828125
2201236,65.673828125
2212300,62.255859375
2224938,55.17578125
2231923,65.61279296875
2238233,59.99755859375
2245288,62.744140625
2253466,62.07275390625
2258485,52.6123046875
2267412,56.7626953125
2280379,62.31689453125
2292194,58.837890625
2299997,64.02587890625
2309830,55.7861328125
2316018,59.9365234375
2324383,57.18994140625
2331145,60.302734375
2339122,56.884765625
2345056,62.56103515625
2349742,65.4296875
2358317,59.14306640625
2358947,35.2783203125
2371708,65.36865234375
2381375,64.8193359375
2387790,59.02099609375
2391340,72.08251953125
2401306,58.837890625
2409516,62.1337890625
2425676,70.61767578125
2438978,61.58447265625
2442469,60.72998046875
2449129,64.0869140625
2454112,56.21337890625
2462138,63.65966796875
2466847,53.5888671875
2475034,68.603515625
2480913,61.767578125
2488392,64.27001953125
2495037,58.89892578125
2502811,52.06298828125
2510080,56.2744140625
2520454,71.59423828125
2528379,64.51416015625
2537334,59.4482421875
2545405,55.908203125
2557807,68.115234375
2569674,64.3310546875
2574433,60.05859375
2578613,59.75341796875
2587349,56.640625
2592938,56.33544921875
2603967,62.255859375
2609814,57.9833984375
2615520,59.75341796875
2627092,70.6787109375
2633005,70.86181640625
2638841,65.00244140625
2646189,67.56591796875
2651943,55.17578125
2660577,57.6171875
2667771,73.3642578125
2676728,61.21826171875
2686159,62.31689453125
2693089,64.14794921875
2702422,65.36865234375
2710674,66.46728515625
2719503,64.697265625
2725825,64.5751953125
2732482,69.27490234375
2740710,57.06787109375
2746919,58.7158203125
2753938,56.82373046875
2767318,59.14306640625
2771081,55.96923828125
2777168,60.302734375
2786460,56.0302734375
2793073,54.19921875
2802369,57.06787109375
2807618,56.45751953125
2814873,64.27001953125
2826502,61.46240234375
2832422,62.744140625
2840363,63.96484375
2848025,61.82861328125
2855434,70.61767578125
2862941,57.2509765625
2874410,69.51904296875
2879275,57.373046875
2887710,55.6640625
2897179,58.28857421875
2902391,67.3828125
2909071,66.162109375
2915329,66.46728515625
2920543,60.9130859375
2930717,62.80517578125
2939975,62.3779296875
2947925,59.2041015625
2962536,72.44873046875
2973356,62.68310546875
2984033,63.96484375
2988550,57.861328125
2993515,61.6455078125
