2999000,0
56731,41.44287109375
78718,39.1845703125
80189,39.85595703125
90946,39.12353515625
91163,40.52734375
91392,39.0625
141106,50.78125
179744,40.1611328125
179767,39.0625
195441,39.55078125
220535,39.12353515625
245595,38.75732421875
285147,40.283203125
287669,43.9453125
319274,42.6025390625
325361,44.73876953125
355746,38.57421875
380050,41.80908203125
388296,39.73388671875
423959,40.283203125
441284,42.48046875
456036,39.97802734375
477667,41.1376953125
480700,39.794921875
492272,42.29736328125
536764,40.4052734375
553481,42.1142578125
593424,40.22216796875
685857,38.818359375
692400,40.283203125
734236,44.3115234375
821298,41.19873046875
863229,41.1376953125
864682,40.95458984375
876603,43.9453125
928525,42.3583984375
958711,40.283203125
998331,39.12353515625
1034805,39.61181640625
1052187,40.95458984375
1079108,41.259765625
1137381,38.57421875
1150926,39.0625
1163730,40.83251953125
1208404,41.015625
1267465,39.24560546875
1309173,39.55078125
1315111,41.015625
1347582,38.63525390625
1347906,41.56494140625
1375418,40.46630859375
1390793,40.95458984375
1416430,40.1611328125
1416908,38.9404296875
1439281,39.73388671875
1445660,40.4052734375
1503633,40.10009765625
1519275,39.24560546875
1549770,39.6728515625
1618928,42.41943359375
1634582,46.2646484375
1656560,40.83251953125
1687422,44.00634765625
1717155,40.0390625
1717174,43.45703125
1732778,40.771484375
1762103,43.64013671875
1782912,40.22216796875
1791220,39.0625
1803227,40.10009765625
1805897,46.69189453125
1830694,39.9169921875
1872780,39.85595703125
1880777,40.95458984375
1882897,43.27392578125
1889454,39.9169921875
1893933,47.4853515625
1915948,39.24560546875
1943978,39.12353515625
1965248,39.24560546875
1977714,44.43359375
1992044,44.7998046875
2017891,43.02978515625
2030382,41.32080078125
2036300,39.306640625
2099584,40.83251953125
2129870,45.8984375
2143808,39.55078125
2149367,39.6728515625
2210810,38.9404296875
2329760,41.07666015625
2367436,39.0625
2388675,39.794921875
2437704,39.794921875
2474030,42.3583984375
2477367,39.306640625
2500869,43.701171875
2517774,43.39599609375
2535740,39.12353515625
2560183,41.259765625
2575720,39.73388671875
2597205,38.6962890625
2610058,39.97802734375
2641338,43.15185546875
2666758,40.58837890625
2701677,41.9921875
2705500,38.57421875
2719607,42.66357421875
2720206,39.0625
2733525,41.19873046875
2746865,40.34423828125
2802185,44.00634765625
2817560,40.771484375
2841401,38.6962890625
2850243,39.306640625
2891875,39.55078125
2927167,39.85595703125
2929368,42.54150390625
2929623,41.259765625
2944671,39.9169921875
2981595,41.015625
2988689,47.54638671875
