2999000,0
17869,36.07177734375
29362,38.4521484375
39526,40.22216796875
41765,36.4990234375
52158,40.10009765625
71840,37.29248046875
74365,38.9404296875
76380,36.43798828125
80756,43.88427734375
82545,39.1845703125
87458,45.654296875
90661,39.794921875
104737,36.1328125
108692,38.87939453125
115335,36.2548828125
139283,37.4755859375
167933,36.56005859375
168892,35.7666015625
182532,38.39111328125
188668,36.2548828125
201830,37.04833984375
210604,38.14697265625
214162,35.94970703125
218026,42.236328125
228634,38.87939453125
243302,38.75732421875
254114,43.0908203125
266228,40.46630859375
266558,44.73876953125
270925,38.330078125
285825,38.26904296875
290387,39.6728515625
291391,35.888671875
294717,41.50390625
299265,37.04833984375
303804,36.07177734375
316782,39.36767578125
320097,37.29248046875
329281,38.63525390625
334672,37.59765625
338688,42.1142578125
346939,43.15185546875
350036,36.62109375
355981,41.8701171875
373396,37.53662109375
390239,40.22216796875
398695,35.7666015625
400566,38.14697265625
402944,36.9873046875
404141,36.62109375
406551,38.02490234375
419179,37.17041015625
430415,42.48046875
431877,37.04833984375
448557,37.53662109375
455826,36.56005859375
473088,37.2314453125
480642,38.26904296875
484246,43.3349609375
491993,37.53662109375
505654,39.36767578125
513678,39.6728515625
515531,38.4521484375
518478,42.78564453125
524695,36.07177734375
528937,45.166015625
531353,36.31591796875
534201,36.62109375
544235,36.62109375
557167,36.56005859375
562684,37.04833984375
573215,37.29248046875
575472,39.61181640625
579816,40.1611328125
582521,42.54150390625
586060,37.7197265625
587710,37.353515625
594829,40.46630859375
604451,40.52734375
606689,40.22216796875
613950,46.0205078125
621032,38.818359375
622836,37.2314453125
633547,37.17041015625
641714,40.52734375
653270,38.4521484375
666496,36.0107421875
675360,36.07177734375
682325,38.26904296875
691646,36.62109375
705254,36.2548828125
707333,37.90283203125
714646,40.22216796875
717982,38.39111328125
719999,40.8935546875
724215,37.353515625
741509,37.353515625
743909,40.4052734375
751976,36.19384765625
753380,35.82763671875
757137,40.10009765625
762621,36.1328125
765069,36.62109375
765881,38.57421875
768819,35.94970703125
776848,38.330078125
786915,36.07177734375
790334,37.04833984375
792573,45.2880859375
797733,40.10009765625
799686,38.57421875
805231,42.05322265625
814170,43.701171875
827064,39.306640625
828106,43.88427734375
829329,37.65869140625
834852,37.78076171875
840792,39.00146484375
843021,39.9169921875
845173,43.39599609375
849667,36.68212890625
854234,35.7666015625
857132,40.46630859375
869512,36.865234375
871729,45.166015625
877939,38.57421875
880274,39.00146484375
891445,38.2080078125
895055,37.41455078125
897372,39.0625
901211,36.07177734375
914339,42.48046875
925223,36.07177734375
929592,36.80419921875
936208,36.9873046875
940653,36.865234375
955973,36.07177734375
964284,37.109375
966445,45.83740234375
980756,37.90283203125
984192,36.0107421875
989556,43.701171875
990710,42.90771484375
992722,38.39111328125
1006460,41.748046875
1009371,36.07177734375
1018959,41.19873046875
1027221,38.51318359375
1030277,36.376953125
1033114,38.14697265625
1038365,35.7666015625
1041851,35.7666015625
1046254,36.19384765625
1048214,37.9638671875
1054868,37.353515625
1057069,38.330078125
1068073,44.49462890625
1079209,37.2314453125
1081925,39.24560546875
1084613,40.22216796875
1088901,42.90771484375
1100678,35.888671875
1104115,38.14697265625
1111800,35.82763671875
1116180,39.306640625
1117299,41.1376953125
1121624,36.0107421875
1124319,36.0107421875
1126747,37.841796875
1129277,42.48046875
1137843,40.71044921875
1138409,35.94970703125
1143661,40.771484375
1154925,37.841796875
1160032,37.65869140625
1172701,36.19384765625
1175026,36.56005859375
1191492,37.78076171875
1205629,38.51318359375
1207564,36.376953125
1219933,36.31591796875
1221256,44.3115234375
1226085,41.9921875
1231829,37.2314453125
1235558,38.39111328125
1237181,39.36767578125
1240529,36.80419921875
1246991,41.748046875
1248622,38.51318359375
1260513,36.1328125
1263854,37.4755859375
1269025,37.04833984375
1271657,36.4990234375
1279835,39.85595703125
1284873,38.9404296875
1290879,36.31591796875
1301164,38.14697265625
1302346,36.0107421875
1312681,36.865234375
1317164,37.109375
1322907,39.12353515625
1331607,41.93115234375
1333080,38.4521484375
1334542,41.6259765625
1339332,37.04833984375
1340120,41.56494140625
1344961,38.9404296875
1351058,47.9736328125
1351711,40.52734375
1361311,41.19873046875
1373092,36.62109375
1381712,37.4755859375
1386374,38.02490234375
1389382,36.2548828125
1393303,37.04833984375
1397621,45.59326171875
1399032,36.19384765625
1400655,40.46630859375
1409546,37.90283203125
1413124,36.31591796875
1413403,40.4052734375
1426256,38.818359375
1443169,37.109375
1444610,36.80419921875
1450855,36.80419921875
1452528,36.2548828125
1457563,39.1845703125
1465019,38.2080078125
1471265,39.12353515625
1475469,40.283203125
1476927,36.4990234375
1482942,36.9873046875
1484724,36.56005859375
1489817,36.2548828125
1492663,36.9873046875
1498628,35.94970703125
1508345,36.0107421875
1515734,39.306640625
1521829,37.353515625
1526970,37.59765625
1534754,36.376953125
1537590,36.80419921875
1542569,35.888671875
1559108,40.771484375
1563262,42.90771484375
1573558,38.57421875
1579544,39.48974609375
1587566,36.865234375
1610317,36.31591796875
1616962,39.306640625
1625411,42.96875
1626902,38.26904296875
1629188,36.07177734375
1643096,39.61181640625
1651225,38.6962890625
1653860,42.3583984375
1655411,40.10009765625
1675562,36.865234375
1682394,37.29248046875
1692498,43.5791015625
1692564,36.07177734375
1698478,37.41455078125
1701853,35.7666015625
1704170,36.7431640625
1706594,38.51318359375
1712332,41.3818359375
1723553,36.2548828125
1728792,39.6728515625
1733928,38.02490234375
1735527,36.43798828125
1736613,44.25048828125
1739386,51.57470703125
1743170,44.25048828125
1744907,40.6494140625
1749030,41.748046875
1755218,36.2548828125
1757907,36.19384765625
1759101,36.1328125
1761682,37.41455078125
1765551,35.7666015625
1767255,36.07177734375
1772590,36.31591796875
1775382,47.18017578125
1785407,40.0390625
1785739,35.888671875
1792289,39.306640625
1795834,39.00146484375
1801749,36.80419921875
1812774,38.0859375
1816921,37.4755859375
1830208,38.75732421875
1834292,38.2080078125
1841070,40.52734375
1855623,42.1142578125
1864876,40.46630859375
1872996,42.48046875
1875045,38.818359375
1880320,35.94970703125
1880843,36.43798828125
1898062,39.85595703125
1900045,38.63525390625
1902855,38.57421875
1906254,35.888671875
1913445,42.48046875
1917447,41.3818359375
1921977,37.53662109375
1925594,36.376953125
1931470,44.921875
1935693,36.92626953125
1937772,37.53662109375
1939322,38.51318359375
1942820,39.36767578125
1944846,40.58837890625
1952011,39.24560546875
1960718,36.31591796875
1962734,38.63525390625
1975909,38.26904296875
1983168,39.4287109375
1986157,44.00634765625
1987861,35.94970703125
1991210,38.4521484375
1997177,42.17529296875
2001062,41.8701171875
2008646,37.841796875
2011989,36.68212890625
2014304,44.49462890625
2016594,37.41455078125
2025414,36.376953125
2030628,42.6025390625
2036978,40.283203125
2039778,36.865234375
2042240,40.22216796875
2054578,37.4755859375
2062574,37.7197265625
2066071,40.34423828125
2076241,39.306640625
2080148,38.14697265625
2081832,36.56005859375
2091042,38.818359375
2092913,43.27392578125
2117301,36.07177734375
2119310,41.07666015625
2120951,37.7197265625
2123289,36.68212890625
2125808,37.78076171875
2130100,42.78564453125
2134886,37.9638671875
2140332,41.8701171875
2142849,40.4052734375
2145649,43.701171875
2148483,43.701171875
2150620,38.330078125
2155144,36.07177734375
2161861,36.92626953125
2170833,38.02490234375
2173137,36.19384765625
2181592,41.44287109375
2185051,39.1845703125
2188120,36.1328125
2192699,40.8935546875
2193578,36.07177734375
2198418,36.80419921875
2201280,36.92626953125
2204713,36.56005859375
2206453,36.19384765625
2210375,35.7666015625
2211743,42.8466796875
2217957,38.14697265625
2225755,38.0859375
2227492,38.51318359375
2233469,42.96875
2234014,37.9638671875
2239819,38.9404296875
2243265,37.41455078125
2245567,38.87939453125
2247114,37.109375
2249752,38.75732421875
2251871,40.10009765625
2255365,40.283203125
2257636,36.56005859375
2261554,38.51318359375
2263689,37.29248046875
2266992,36.31591796875
2267405,36.1328125
2274817,36.9873046875
2277996,36.56005859375
2283684,42.236328125
2286114,42.724609375
2288992,36.43798828125
2295044,41.07666015625
2306699,41.19873046875
2308537,37.78076171875
2310088,36.31591796875
2322503,37.109375
2323980,41.8701171875
2328907,35.94970703125
2331298,38.63525390625
2333098,35.82763671875
2335229,42.17529296875
2342486,38.6962890625
2351036,40.283203125
2353035,42.90771484375
2359388,38.0859375
2361273,41.8701171875
2364098,41.19873046875
2366517,38.4521484375
2371937,35.94970703125
2377279,39.306640625
2385359,37.109375
2396666,38.51318359375
2397475,36.865234375
2398307,36.62109375
2398495,37.41455078125
2400118,38.330078125
2402303,37.2314453125
2408945,45.41015625
2421589,36.43798828125
2427396,37.78076171875
2429875,39.12353515625
2432926,39.306640625
2438671,40.4052734375
2445790,37.109375
2457363,37.7197265625
2459806,36.376953125
2462034,38.0859375
2463799,40.58837890625
2467379,35.82763671875
2468992,44.98291015625
2472368,38.2080078125
2476529,37.53662109375
2483045,36.376953125
2494023,36.0107421875
2497897,35.94970703125
2500976,38.4521484375
2503448,36.56005859375
2506615,36.56005859375
2508630,40.8935546875
2514561,44.921875
2518425,38.9404296875
2520305,42.17529296875
2527679,43.5791015625
2527709,39.36767578125
2532050,38.87939453125
2536006,42.29736328125
2537355,38.75732421875
2540088,38.75732421875
2545034,37.9638671875
2546858,37.29248046875
2552034,37.04833984375
2558703,37.29248046875
2558885,41.015625
2563263,38.818359375
2565739,41.56494140625
2567564,39.306640625
2569149,41.50390625
2571733,46.44775390625
2577565,37.78076171875
2586871,47.05810546875
2590954,39.55078125
2594134,36.376953125
2596005,35.888671875
2599654,45.7763671875
2601243,36.1328125
2602869,36.31591796875
2607769,38.14697265625
2609653,36.865234375
2614465,38.57421875
2619224,39.24560546875
2622431,39.85595703125
2623973,44.25048828125
2628284,40.4052734375
2632414,38.0859375
2637126,39.97802734375
2644132,37.04833984375
2646416,48.03466796875
2649250,45.0439453125
2651347,39.4287109375
2653383,39.48974609375
2654816,36.4990234375
2655072,38.9404296875
2656928,36.865234375
2660070,40.34423828125
2661903,38.51318359375
2665686,41.1376953125
2669441,38.26904296875
2671659,40.283203125
2674631,39.4287109375
2676985,41.68701171875
2680406,38.2080078125
2681794,44.73876953125
2682495,39.85595703125
2684666,44.37255859375
2686879,35.7666015625
2688540,36.92626953125
2690180,39.6728515625
2693609,38.6962890625
2698123,43.39599609375
2701710,39.0625
2711662,42.3583984375
2718499,35.94970703125
2727282,38.02490234375
2734541,42.236328125
2737548,36.92626953125
2742942,38.87939453125
2744614,37.109375
2746466,38.14697265625
2749768,36.2548828125
2755414,42.8466796875
2756353,38.4521484375
2761594,36.1328125
2765885,37.53662109375
2772658,38.9404296875
2774558,44.5556640625
2777411,40.95458984375
2782869,37.65869140625
2787346,38.6962890625
2789177,39.24560546875
2794468,43.27392578125
2799792,38.26904296875
2801083,38.4521484375
2806664,36.865234375
2810226,37.109375
2813176,36.7431640625
2816716,38.57421875
2819590,38.63525390625
2825764,41.9921875
2828655,43.27392578125
2837524,36.7431640625
2838878,35.7666015625
2848507,37.353515625
2852009,40.34423828125
2853969,37.04833984375
2856283,38.0859375
2857970,38.75732421875
2859832,42.90771484375
2862270,37.17041015625
2865867,38.02490234375
2870504,43.45703125
2875746,40.58837890625
2877986,40.4052734375
2887237,40.22216796875
2890094,37.59765625
2893242,41.68701171875
2910578,38.4521484375
2913014,39.6728515625
2916259,48.583984375
2918259,36.0107421875
2920980,43.3349609375
2924108,36.7431640625
2924904,39.48974609375
2927702,43.5791015625
2931235,36.07177734375
2934114,41.1376953125
2936801,44.677734375
2938491,44.61669921875
2943968,43.15185546875
2946973,45.34912109375
2947970,45.95947265625
2951652,37.2314453125
2954008,41.68701171875
2955908,37.29248046875
2957232,40.4052734375
2968966,37.9638671875
2972146,36.92626953125
2974899,36.1328125
2976295,40.0390625
2980200,36.92626953125
2982953,38.26904296875
2987102,38.39111328125
2993866,44.37255859375
2996221,39.00146484375
