8999000,0
175889,17.39501953125
510714,15.13671875
988144,15.380859375
1007168,16.845703125
1249420,17.39501953125
1340086,17.2119140625
1389552,15.44189453125
1437687,15.19775390625
1865928,16.6015625
2218166,14.95361328125
2318796,15.80810546875
2772770,17.08984375
2824596,15.5029296875
3049502,17.15087890625
3244763,17.15087890625
3350782,15.19775390625
3654336,14.95361328125
3999791,17.76123046875
4086314,16.05224609375
4088520,15.19775390625
4166843,14.95361328125
4539121,16.29638671875
4960796,14.892578125
5006594,15.0146484375
5007218,15.2587890625
5144887,14.892578125
5186624,16.78466796875
5230419,18.06640625
5350269,15.380859375
5674412,16.17431640625
5748808,15.2587890625
5793658,17.88330078125
5873651,14.7705078125
6001115,15.68603515625
6600936,17.76123046875
6881335,15.0146484375
6961703,15.80810546875
7113979,16.845703125
7353403,16.11328125
7355052,16.17431640625
7473681,16.17431640625
7549631,14.7705078125
7593383,15.869140625
7634637,15.31982421875
7676724,17.15087890625
7716920,15.2587890625
8082591,15.5029296875
8084113,17.578125
8201626,15.56396484375
8202489,15.0146484375
8203864,15.19775390625
8204790,16.6015625
8377211,15.68603515625
8565482,17.27294921875
8612933,15.93017578125
8614652,15.07568359375
8689759,16.54052734375
8690692,15.56396484375
8841299,14.892578125
8921883,15.2587890625
