7799001,0
446327,26.4892578125
446382,28.4423828125
446423,21.91162109375
446436,16.9677734375
446518,14.83154296875
458932,26.91650390625
458953,15.80810546875
458982,26.611328125
459034,27.03857421875
459057,16.6015625
459087,22.27783203125
459148,24.4140625
459256,22.27783203125
469155,16.05224609375
469214,19.8974609375
469234,22.15576171875
469269,24.23095703125
469314,15.68603515625
469327,21.54541015625
469339,14.58740234375
469380,20.44677734375
469458,23.3154296875
480701,24.10888671875
480718,15.0146484375
480759,31.6162109375
480816,29.78515625
480870,21.97265625
480935,26.67236328125
481038,21.78955078125
481156,24.4140625
481358,24.169921875
497340,27.40478515625
497391,18.73779296875
497444,27.16064453125
497464,21.240234375
497491,25.2685546875
497538,26.06201171875
497656,20.56884765625
497749,21.97265625
497925,26.06201171875
498648,21.42333984375
601935,14.58740234375
601967,30.21240234375
602018,16.05224609375
602033,18.73779296875
602065,23.5595703125
602098,15.07568359375
602108,25.20751953125
602165,27.34375
613191,25.634765625
613262,27.52685546875
613273,20.263671875
613329,31.67724609375
613358,17.39501953125
613387,21.42333984375
613440,28.80859375
613508,22.15576171875
613606,22.0947265625
613731,25.0244140625
625465,15.869140625
625507,20.44677734375
625531,22.0947265625
625560,15.625
625582,21.6064453125
625638,22.39990234375
625666,16.29638671875
625695,21.91162109375
625761,21.91162109375
625850,22.3388671875
625942,22.4609375
626171,23.37646484375
886388,15.31982421875
886449,22.27783203125
886477,22.15576171875
886497,24.47509765625
886519,16.2353515625
886565,17.578125
1268724,15.869140625
1268751,18.73779296875
1268808,16.9677734375
1268893,25.08544921875
1775312,23.13232421875
1775358,23.681640625
1775385,16.78466796875
1775403,24.71923828125
1775440,18.12744140625
1775463,20.81298828125
1785678,14.2822265625
1785693,26.2451171875
1785749,22.705078125
1785760,24.7802734375
1785792,28.62548828125
1785814,15.869140625
1785837,24.59716796875
1785862,15.44189453125
1785889,22.03369140625
1785955,24.2919921875
1786037,25.08544921875
1786108,23.3154296875
1786244,19.10400390625
1786634,25.20751953125
1787051,23.681640625
1787357,26.611328125
1787910,26.18408203125
1836559,24.0478515625
1836599,19.34814453125
1836636,32.28759765625
1836649,18.73779296875
1836688,21.78955078125
1836699,28.25927734375
1836755,19.4091796875
1836805,21.8505859375
1836863,21.6064453125
1836978,23.0712890625
1837077,23.193359375
1837244,25.08544921875
1837523,20.81298828125
1837672,26.79443359375
1837897,22.76611328125
1838010,20.3857421875
1838139,24.4140625
1838291,23.3154296875
1838455,20.56884765625
1838639,20.69091796875
1838826,27.40478515625
1843709,21.6064453125
1843789,24.7802734375
1843811,20.751953125
1843846,26.30615234375
1843895,20.81298828125
1843949,22.8271484375
1843998,29.47998046875
1844054,22.8271484375
1844121,20.44677734375
1844187,20.99609375
1844265,22.94921875
1844340,23.4375
1844413,22.4609375
1844496,18.798828125
1844581,18.73779296875
1844654,23.13232421875
1844737,18.5546875
1844836,22.52197265625
1844931,22.0947265625
1845053,20.6298828125
1845177,20.08056640625
1845304,22.0947265625
1845442,20.1416015625
1845603,20.99609375
1845772,22.0947265625
1845941,23.49853515625
1846167,25.57373046875
1846533,22.64404296875
1856318,25.0244140625
1856362,30.6396484375
1856407,23.681640625
1856450,22.4609375
1856494,24.7802734375
1856532,17.63916015625
1856580,19.1650390625
1856636,19.1650390625
1856716,16.7236328125
1856769,20.3857421875
1856831,19.34814453125
1856899,19.1650390625
1856960,23.193359375
1857030,20.3857421875
1857098,18.9208984375
1857177,24.10888671875
1857260,20.44677734375
1857341,21.1181640625
1857438,18.98193359375
1857543,19.1650390625
1857645,21.8505859375
1857743,22.27783203125
1857850,22.94921875
1857954,23.5595703125
1858058,24.47509765625
1858178,21.05712890625
1858303,20.01953125
1858431,25.0244140625
1858561,22.3388671875
1858709,20.6298828125
1858891,21.17919921875
1859095,21.728515625
1859346,22.705078125
1863300,22.27783203125
1863394,22.94921875
1863467,28.80859375
1863524,18.6767578125
1863572,23.25439453125
1863623,18.85986328125
1863674,15.0146484375
1863734,21.17919921875
1863793,20.751953125
1863847,19.22607421875
1863910,16.357421875
1863979,18.85986328125
1864053,20.99609375
1864120,22.39990234375
1864197,20.56884765625
1864276,19.95849609375
1864353,19.47021484375
1864429,22.3388671875
1864520,18.73779296875
1864601,19.95849609375
1864657,14.6484375
1864698,17.578125
1864797,21.6064453125
1864902,20.56884765625
1865015,21.1181640625
1865145,20.3857421875
1865280,22.0947265625
1865437,23.681640625
1865605,20.56884765625
1865786,21.240234375
1866007,25.0244140625
1870602,21.91162109375
1870656,22.705078125
1870687,22.705078125
1870705,16.845703125
1870753,21.78955078125
1870808,25.7568359375
1870859,17.822265625
1870910,21.6064453125
1870956,18.4326171875
1871010,17.7001953125
1871071,22.64404296875
1871135,19.1650390625
1871192,19.4091796875
1871257,20.01953125
1871331,21.1181640625
1871404,15.93017578125
1871488,21.3623046875
1871558,20.56884765625
1871633,20.263671875
1871711,19.287109375
1871793,22.5830078125
1871881,19.775390625
1871978,17.76123046875
1872079,19.71435546875
1872187,22.15576171875
1872295,21.6064453125
1872407,19.775390625
1872536,18.24951171875
1872679,22.216796875
1872822,21.97265625
1872992,21.78955078125
1873184,19.8974609375
1873486,23.681640625
1879835,24.2919921875
1879884,21.6064453125
1879902,19.4091796875
1879927,19.287109375
1879952,22.39990234375
1880016,18.9208984375
1880063,20.44677734375
1880110,20.5078125
1880164,15.80810546875
1880217,21.17919921875
1880273,16.9677734375
1880329,24.2919921875
1880397,17.9443359375
1880463,22.3388671875
1880529,21.3623046875
1880597,20.3857421875
1880674,20.1416015625
1880744,18.310546875
1880823,22.3388671875
1880905,19.04296875
1880990,20.69091796875
1881080,22.0947265625
1881176,21.3623046875
1881227,15.44189453125
1881271,20.5078125
1881377,21.30126953125
1881492,22.27783203125
1881607,23.5595703125
1881734,22.94921875
1881869,22.4609375
1882015,20.08056640625
1882180,24.0478515625
1882385,22.76611328125
1882615,21.97265625
1882964,23.74267578125
1888738,25.93994140625
1888792,22.94921875
1888819,28.38134765625
1888842,20.32470703125
1888892,21.97265625
1888942,18.5546875
1888993,25.81787109375
1889046,18.9208984375
1889103,18.61572265625
1889154,22.52197265625
1889223,19.1650390625
1889280,19.04296875
1889344,16.41845703125
1889410,17.63916015625
1889473,19.53125
1889547,21.05712890625
1889621,22.39990234375
1889651,14.34326171875
1889699,19.22607421875
1889783,19.04296875
1889874,18.6767578125
1889959,21.3623046875
1890049,19.59228515625
1890150,17.51708984375
1890249,20.69091796875
1890364,20.44677734375
1890475,18.98193359375
1890595,23.86474609375
1890721,19.4091796875
1890864,23.13232421875
1891018,21.17919921875
1891189,19.53125
1891379,23.86474609375
1891662,21.484375
1899430,17.76123046875
1899480,18.61572265625
1899503,15.44189453125
1899528,25.390625
1899568,22.03369140625
1899613,23.92578125
1899659,18.06640625
1899707,22.216796875
1899756,18.85986328125
1899813,17.63916015625
1899866,18.61572265625
1899928,17.76123046875
1899984,19.775390625
1900055,19.22607421875
1900116,21.17919921875
1900178,18.1884765625
1900249,16.357421875
1900318,19.10400390625
1900400,20.44677734375
1900481,19.04296875
1900557,14.34326171875
1900594,16.29638671875
1900644,19.71435546875
1900735,21.1181640625
1900837,23.01025390625
1900938,20.5078125
1901043,18.12744140625
1901161,21.728515625
1901285,20.99609375
1901407,21.05712890625
1901554,22.64404296875
1901708,23.193359375
1901862,23.01025390625
1902066,20.69091796875
1902322,23.25439453125
1911378,25.87890625
1911424,23.4375
1911464,19.1650390625
1911506,18.73779296875
1911550,16.54052734375
1911594,19.10400390625
1911639,18.1884765625
1911689,22.76611328125
1911739,18.12744140625
1911790,22.52197265625
1911850,18.98193359375
1911910,15.5029296875
1911971,18.06640625
1912036,15.93017578125
1912108,16.90673828125
1912173,19.53125
1912246,16.05224609375
1912322,21.30126953125
1912409,16.6015625
1912492,20.69091796875
1912584,20.5078125
1912674,24.4140625
1912774,23.49853515625
1912875,19.95849609375
1912979,18.4326171875
1913089,20.6298828125
1913205,21.6064453125
1913326,21.3623046875
1913456,18.85986328125
1913607,20.99609375
1913769,23.8037109375
1913965,22.216796875
1914181,21.728515625
1914579,22.15576171875
1927596,28.076171875
1927641,22.76611328125
1927685,26.79443359375
1927711,18.49365234375
1927726,21.6064453125
1927770,14.7705078125
1927811,14.95361328125
1927857,15.625
1927900,17.822265625
1927946,18.61572265625
1927996,16.357421875
1928055,19.1650390625
1928115,20.20263671875
1928172,18.61572265625
1928240,17.88330078125
1928302,18.310546875
1928385,17.9443359375
1928450,17.7001953125
1928520,18.06640625
1928596,22.27783203125
1928675,19.22607421875
1928755,19.95849609375
1928840,18.4326171875
1928934,23.37646484375
1929019,20.32470703125
1929111,20.1416015625
1929219,19.4091796875
1929329,22.39990234375
1929373,14.5263671875
1929441,18.98193359375
1929548,23.74267578125
1929668,21.54541015625
1929796,23.37646484375
1929934,21.17919921875
1930091,23.37646484375
1930267,20.44677734375
1930458,21.05712890625
1930720,18.6767578125
1931090,20.1416015625
1941881,22.64404296875
1941930,22.64404296875
1941946,19.83642578125
1941974,22.0947265625
1942017,18.798828125
1942059,14.2822265625
1942078,19.71435546875
1942143,19.287109375
1942192,17.578125
1942247,20.01953125
1942294,16.845703125
1942349,18.06640625
1942412,18.37158203125
1942473,22.03369140625
1942536,18.6767578125
1942591,18.24951171875
1942605,14.58740234375
1942655,20.56884765625
1942727,16.7236328125
1942823,17.08984375
1942896,15.93017578125
1942927,14.46533203125
1942980,18.37158203125
1943067,22.15576171875
1943157,18.06640625
1943249,18.310546875
1943345,19.10400390625
1943437,17.27294921875
1943534,26.55029296875
1943642,21.17919921875
1943752,24.2919921875
1943873,24.84130859375
1944001,21.05712890625
1944142,21.3623046875
1944296,20.56884765625
1944448,21.30126953125
1944640,21.484375
1944908,18.9208984375
1959347,21.240234375
1959390,22.76611328125
1959411,16.29638671875
1959434,26.3671875
1959481,18.6767578125
1959524,14.70947265625
1959567,18.49365234375
1959611,17.51708984375
1959657,20.56884765625
1959705,17.88330078125
1959750,16.2353515625
1959818,19.775390625
1959878,17.822265625
1959942,17.51708984375
1960010,17.51708984375
1960087,20.751953125
1960154,23.92578125
1960228,19.1650390625
1960312,20.32470703125
1960385,18.798828125
1960463,20.56884765625
1960547,19.83642578125
1960636,20.3857421875
1960723,15.7470703125
1960811,20.263671875
1960912,22.0947265625
1961018,20.751953125
1961125,19.71435546875
1961242,24.10888671875
1961373,19.95849609375
1961506,19.1650390625
1961647,19.775390625
1961807,22.216796875
1961979,18.37158203125
1962165,21.1181640625
1962385,20.01953125
2363376,24.47509765625
2363387,18.00537109375
2363417,16.11328125
2363443,15.07568359375
2363470,18.37158203125
2363519,29.96826171875
2374667,22.52197265625
2374708,21.240234375
2374725,17.39501953125
2374776,24.90234375
2374821,25.32958984375
2374868,26.9775390625
2374921,25.146484375
2374994,19.22607421875
2375079,23.25439453125
2387692,22.0947265625
2387717,15.380859375
2387740,21.66748046875
2387765,15.31982421875
2387789,21.66748046875
2387837,26.3671875
2387881,29.47998046875
2387943,20.1416015625
2387998,23.49853515625
2388086,24.35302734375
2388189,20.6298828125
2388308,19.6533203125
2388541,20.3857421875
2388747,21.17919921875
2389046,20.69091796875
2389536,20.81298828125
2417480,18.1884765625
2417503,17.88330078125
2417524,19.71435546875
2417549,19.71435546875
2417564,17.4560546875
2417589,24.90234375
2417621,18.1884765625
2417646,21.17919921875
2417700,24.71923828125
2417750,20.44677734375
2417810,23.5595703125
2417877,22.88818359375
2418006,23.3154296875
2418044,15.380859375
2418220,22.3388671875
2418325,21.54541015625
2418495,18.06640625
2418576,16.7236328125
2418738,23.8037109375
2419165,23.92578125
2419477,21.728515625
2438343,14.2822265625
2438371,18.310546875
2438396,15.31982421875
2438426,14.892578125
2438438,17.88330078125
2438484,25.2685546875
2438525,20.93505859375
2438570,25.20751953125
2438618,17.333984375
2438701,22.27783203125
2438784,25.20751953125
2438899,19.775390625
2439017,25.93994140625
2439193,21.66748046875
2439293,22.03369140625
2439411,21.97265625
2439645,24.84130859375
2440047,22.15576171875
2440429,18.1884765625
2440702,19.83642578125
2538105,14.34326171875
2584917,28.62548828125
2584951,20.20263671875
2584970,26.123046875
2585008,14.95361328125
2585042,21.6064453125
2585075,24.658203125
2585142,25.634765625
2597439,19.6533203125
2597453,16.9677734375
2597490,14.83154296875
2597511,16.11328125
2597543,37.109375
2597589,29.23583984375
2597651,19.47021484375
2597699,26.18408203125
2597756,26.9775390625
2597813,24.47509765625
2597920,25.93994140625
2598059,21.78955078125
2598215,21.8505859375
2598569,22.52197265625
2664753,26.18408203125
2664797,24.169921875
2664815,16.2353515625
2664837,24.658203125
2664883,19.1650390625
2664930,21.8505859375
2664987,26.91650390625
2665116,24.5361328125
2761015,17.08984375
2761056,15.13671875
2761071,24.35302734375
2761106,14.95361328125
2761118,23.74267578125
2761161,34.36279296875
2761193,20.93505859375
2761217,26.3671875
2774142,19.22607421875
2774173,15.869140625
2774200,18.61572265625
2774233,15.5029296875
2774251,24.169921875
2774295,19.287109375
2774342,19.8974609375
2774398,24.59716796875
2774449,26.79443359375
2774517,17.4560546875
2774704,19.10400390625
2774859,24.47509765625
2775026,20.263671875
2775459,22.0947265625
3076288,24.90234375
3076339,23.62060546875
3076379,27.34375
3076403,17.4560546875
3076427,22.39990234375
3076460,14.2822265625
3088219,18.12744140625
3088229,14.5263671875
3088275,15.44189453125
3088333,21.78955078125
3088383,24.4140625
3088437,25.5126953125
3088491,27.03857421875
3088579,21.91162109375
3088903,14.83154296875
3088926,20.20263671875
3099963,23.01025390625
3100012,18.24951171875
3100024,19.04296875
3100072,27.4658203125
3100120,21.17919921875
3100168,16.357421875
3100217,20.263671875
3100271,19.1650390625
3100336,21.30126953125
3100409,19.83642578125
3100515,24.0478515625
3100600,26.9775390625
3100733,20.751953125
3100969,22.39990234375
3101224,25.69580078125
3101468,20.69091796875
3131987,19.10400390625
3131999,18.1884765625
3132036,22.8271484375
3132073,26.06201171875
3132104,23.5595703125
3132142,22.216796875
3132175,14.7705078125
3132205,23.3154296875
3132256,24.71923828125
3132314,24.90234375
3132381,20.93505859375
3132460,26.3671875
3132616,20.751953125
3132820,23.62060546875
3132984,22.94921875
3133098,23.25439453125
3133226,17.27294921875
3133594,23.86474609375
3133777,24.169921875
3133947,19.04296875
3156852,21.78955078125
3156900,17.15087890625
3156916,17.51708984375
3156950,31.1279296875
3156981,18.5546875
3157031,22.4609375
3157074,24.23095703125
3157122,21.1181640625
3157176,22.15576171875
3157230,20.99609375
3157298,19.4091796875
3157395,22.03369140625
3157465,23.74267578125
3157587,22.705078125
3157681,14.34326171875
3157757,18.12744140625
3157878,23.49853515625
3158038,20.5078125
3158182,19.53125
3158345,20.20263671875
3158458,22.5830078125
3158586,20.01953125
3158716,21.78955078125
3158854,21.42333984375
3159005,22.52197265625
3159201,22.216796875
3159391,26.2451171875
3207984,24.4140625
3208011,18.4326171875
3208026,27.40478515625
3208056,14.70947265625
3208101,18.9208984375
3208146,23.0712890625
3208195,22.03369140625
3208246,25.93994140625
3208303,20.69091796875
3208425,26.42822265625
3208531,26.85546875
3208744,25.20751953125
3209683,18.73779296875
3210133,23.0712890625
3210458,22.0947265625
3363627,23.01025390625
3363660,16.7236328125
3363677,15.31982421875
3363700,15.9912109375
3363727,26.123046875
3363777,28.1982421875
3363842,22.8271484375
3363913,22.64404296875
3447311,23.62060546875
3447349,16.54052734375
3447362,20.08056640625
3447413,24.96337890625
3447471,19.59228515625
3447528,22.216796875
3542413,21.97265625
3542457,19.04296875
3542475,29.9072265625
3542499,16.29638671875
3542523,24.59716796875
3542578,25.7568359375
3542636,23.74267578125
3555963,26.67236328125
3556004,23.13232421875
3556015,29.96826171875
3556063,31.005859375
3556105,24.23095703125
3556156,24.0478515625
3556208,23.681640625
3556265,22.64404296875
3556344,24.47509765625
3556408,21.3623046875
3556478,26.123046875
3556605,23.5595703125
3556749,22.15576171875
3557100,23.25439453125
3557528,23.8037109375
3614204,25.87890625
3614244,14.95361328125
3614277,17.4560546875
3614293,18.00537109375
3614316,16.05224609375
3614374,21.484375
3614427,20.32470703125
3614487,27.099609375
3614546,21.8505859375
3615633,23.86474609375
3615940,21.240234375
3674365,22.39990234375
3674417,26.2451171875
3674434,17.822265625
3674458,23.92578125
3674488,25.45166015625
3674507,21.91162109375
3674538,24.90234375
3674617,26.06201171875
3674673,26.123046875
3674902,24.5361328125
3676034,22.52197265625
3761576,19.1650390625
3761607,26.0009765625
3761620,23.49853515625
3761668,24.10888671875
3761707,23.193359375
3761725,18.24951171875
3761753,19.83642578125
3761804,25.634765625
3761854,26.611328125
3762091,27.64892578125
4173674,14.83154296875
4173741,24.35302734375
4173789,30.21240234375
4173800,21.97265625
4173836,24.4140625
4173904,27.89306640625
4185499,21.484375
4185554,23.8037109375
4185603,26.30615234375
4185651,24.5361328125
4185703,25.2685546875
4185759,22.52197265625
4185813,22.3388671875
4185886,23.3154296875
4185963,20.20263671875
4186056,18.85986328125
4218303,20.44677734375
4218341,19.34814453125
4218370,16.54052734375
4218389,21.66748046875
4218429,23.8037109375
4218467,25.0244140625
4218510,22.03369140625
4218558,25.5126953125
4218606,20.56884765625
4218662,18.1884765625
4218744,20.5078125
4218807,21.1181640625
4218877,17.15087890625
4218957,24.2919921875
4219060,25.45166015625
4219163,22.76611328125
4219192,14.70947265625
4219285,23.0712890625
4219582,22.4609375
4219842,24.0478515625
4220167,25.93994140625
4220311,23.37646484375
4220736,24.59716796875
4221074,19.47021484375
4248268,21.8505859375
4248304,23.01025390625
4248337,14.83154296875
4248350,28.4423828125
4248378,27.7099609375
4248408,25.69580078125
4248420,20.1416015625
4248474,24.90234375
4248522,19.34814453125
4248586,24.2919921875
4248635,23.8037109375
4248695,23.681640625
4248756,21.6064453125
4248828,17.9443359375
4248929,25.0244140625
4248996,24.71923828125
4249187,20.751953125
4249326,25.45166015625
4249497,24.47509765625
4249620,23.49853515625
4249736,24.23095703125
4249912,22.52197265625
4250057,21.05712890625
4250179,22.216796875
4250317,19.4091796875
4250561,25.0244140625
4250738,22.64404296875
4250960,22.39990234375
4284478,21.8505859375
4284513,24.47509765625
4284562,30.3955078125
4284593,20.81298828125
4284616,16.357421875
4284637,20.01953125
4284677,20.56884765625
4284722,18.61572265625
4284778,21.30126953125
4284848,17.333984375
4284903,25.08544921875
4284968,22.52197265625
4285032,22.4609375
4285128,24.4140625
4285229,20.263671875
4285363,20.81298828125
4285492,21.6064453125
4285643,23.98681640625
4285823,21.30126953125
4286027,21.3623046875
4286134,20.6298828125
4286254,19.71435546875
4286393,23.4375
4286553,22.39990234375
4286708,23.01025390625
4286862,21.1181640625
4287041,20.01953125
4287232,21.728515625
4401043,24.0478515625
4401068,14.46533203125
4401088,17.08984375
4401127,36.92626953125
4401170,31.06689453125
4401198,21.240234375
4401209,17.51708984375
4401258,28.076171875
4401339,24.5361328125
4401451,24.35302734375
4402242,24.5361328125
4524854,23.8037109375
4524909,23.5595703125
4524961,21.8505859375
4524991,14.83154296875
4525005,23.4375
4525034,18.37158203125
4525056,24.7802734375
4525105,26.42822265625
4525230,26.42822265625
4609064,20.99609375
4609083,14.70947265625
4609108,24.0478515625
4609160,31.494140625
4609189,24.35302734375
4609205,24.5361328125
4609226,29.35791015625
4609294,24.47509765625
4609358,28.62548828125
4609490,22.88818359375
4623772,27.2216796875
4623814,16.17431640625
4623824,29.541015625
4623870,34.7900390625
4623909,28.3203125
4623951,22.76611328125
4623996,21.54541015625
4624052,22.39990234375
4624098,18.49365234375
4624152,21.1181640625
4624237,21.97265625
4624304,20.93505859375
4624417,23.25439453125
4624632,18.4326171875
4624713,20.99609375
4624960,20.69091796875
4625095,24.5361328125
4625244,23.681640625
4625425,21.1181640625
4625612,20.20263671875
4625866,24.35302734375
4626094,22.15576171875
4626560,25.0244140625
4719731,18.98193359375
4719778,19.83642578125
4719799,18.4326171875
4719831,28.3203125
4719849,22.88818359375
4719889,26.30615234375
4719918,22.27783203125
4719984,22.3388671875
4720057,24.35302734375
4720258,24.0478515625
4720666,22.64404296875
4723229,23.5595703125
4785538,25.45166015625
4785557,16.90673828125
4785580,30.09033203125
4785626,29.35791015625
4785661,25.146484375
4785701,25.7568359375
4785713,20.751953125
4785760,27.64892578125
4785809,26.611328125
4785900,25.2685546875
4786058,27.099609375
4817681,28.38134765625
4817701,15.07568359375
4817726,22.705078125
4817744,19.10400390625
4817766,18.4326171875
4817804,23.193359375
4817848,24.23095703125
4817895,20.01953125
4817938,20.69091796875
4817989,24.35302734375
4818045,21.54541015625
4818109,21.97265625
4818184,22.216796875
4818243,19.775390625
4818355,23.25439453125
4818460,20.6298828125
4818498,14.46533203125
4818618,22.39990234375
4818788,24.59716796875
4819015,19.287109375
4819273,24.5361328125
4819394,20.08056640625
4819549,22.15576171875
4819697,23.01025390625
4819945,20.32470703125
4820152,21.42333984375
4907684,19.53125
4907713,15.31982421875
4907734,21.3623046875
4907753,17.39501953125
4907781,18.98193359375
4907805,23.49853515625
4907821,23.01025390625
4907864,26.3671875
4907917,28.6865234375
4907974,26.55029296875
4908096,20.8740234375
4908481,24.71923828125
4968398,26.0009765625
4968440,20.263671875
4968453,19.47021484375
4968473,16.845703125
4968502,19.6533203125
4968545,19.287109375
4968593,27.34375
4968654,22.52197265625
4968774,24.7802734375
4968958,25.634765625
4969554,22.76611328125
4970180,22.0947265625
5488239,27.40478515625
5488289,24.47509765625
5488328,27.2216796875
5488350,23.5595703125
5488372,20.44677734375
5488458,14.46533203125
5500212,16.357421875
5500226,24.47509765625
5500290,25.81787109375
5500340,28.25927734375
5500384,28.38134765625
5500414,17.76123046875
5500430,14.95361328125
5500475,22.5830078125
5500535,25.81787109375
5500593,23.8037109375
5500680,24.47509765625
5500764,24.169921875
5500837,21.05712890625
5501026,22.76611328125
5501051,15.31982421875
5554187,18.4326171875
5554213,19.8974609375
5554225,20.263671875
5554242,15.68603515625
5554265,18.37158203125
5554306,23.25439453125
5554346,20.20263671875
5554393,22.705078125
5554460,22.03369140625
5554516,18.4326171875
5554595,22.4609375
5554774,19.6533203125
5554859,14.2822265625
5554916,21.91162109375
5555403,24.4140625
5556070,23.5595703125
5614996,25.390625
5615008,15.80810546875
5615039,16.2353515625
5615058,17.39501953125
5615077,25.390625
5615117,22.39990234375
5615142,23.13232421875
5615183,17.333984375
5615209,19.95849609375
5615263,25.32958984375
5615322,22.0947265625
5615385,22.8271484375
5615556,22.76611328125
5615956,26.2451171875
5616569,24.0478515625
5617059,24.169921875
5693854,20.20263671875
5693890,20.08056640625
5693916,17.76123046875
5693937,34.36279296875
5693976,25.634765625
5694022,22.76611328125
5694073,25.390625
5694127,30.1513671875
5694238,18.310546875
5695858,22.5830078125
5903682,21.484375
5903730,22.39990234375
5903740,19.6533203125
5903778,24.71923828125
5903822,28.25927734375
5903877,23.0712890625
5903939,29.541015625
6013632,25.08544921875
6013664,14.7705078125
6013683,19.47021484375
6013700,17.333984375
6013727,21.8505859375
6013746,16.05224609375
6013769,18.49365234375
6013827,27.2216796875
6013887,27.89306640625
6013970,25.69580078125
6136542,21.484375
6136577,16.05224609375
6136590,30.8837890625
6136645,26.3671875
6136688,24.90234375
6136736,23.49853515625
6136803,23.37646484375
6137874,24.35302734375
6411935,23.37646484375
6412022,19.83642578125
6412036,21.78955078125
6412096,19.53125
6412153,15.80810546875
6412224,27.52685546875
6506611,21.91162109375
6506666,25.7568359375
6506702,23.5595703125
6506749,27.16064453125
6506804,28.50341796875
6506849,29.052734375
6506966,25.32958984375
6518144,21.3623046875
6518209,21.240234375
6518226,18.24951171875
6518256,21.6064453125
6518275,15.13671875
6518297,20.56884765625
6518343,26.611328125
6518390,20.01953125
6518434,23.86474609375
6518486,20.6298828125
6518538,21.78955078125
6518593,24.169921875
6518652,25.2685546875
6518736,24.658203125
6518809,24.90234375
6518883,14.46533203125
6518997,23.74267578125
6519160,23.193359375
6519321,18.37158203125
6519440,22.705078125
6519718,19.10400390625
6519858,20.3857421875
6520128,21.42333984375
6520291,24.35302734375
6520506,20.32470703125
6520787,21.42333984375
6559486,22.94921875
6559499,14.34326171875
6559524,18.85986328125
6559570,32.89794921875
6559594,23.13232421875
6559631,19.34814453125
6559643,19.10400390625
6559689,20.69091796875
6559728,21.42333984375
6559773,23.92578125
6559821,19.71435546875
6559881,19.8974609375
6559936,20.5078125
6560013,24.10888671875
6560117,19.287109375
6560225,22.8271484375
6560341,22.0947265625
6560447,21.728515625
6560559,22.5830078125
6560709,21.6064453125
6560807,21.728515625
6560911,19.4091796875
6561017,20.56884765625
6561169,23.4375
6561277,21.1181640625
6561403,21.728515625
6561555,20.263671875
6561713,20.263671875
6561836,20.44677734375
6562000,19.1650390625
6562183,21.30126953125
6562412,27.2216796875
6562658,19.1650390625
6603481,25.87890625
6603530,20.32470703125
6603549,18.00537109375
6603577,25.634765625
6603610,23.3154296875
6603638,19.6533203125
6603673,14.7705078125
6603703,14.34326171875
6603732,24.169921875
6603778,24.10888671875
6603825,24.59716796875
6603875,21.91162109375
6603928,19.83642578125
6604002,20.263671875
6604087,20.263671875
6604185,20.81298828125
6604271,16.9677734375
6604313,21.91162109375
6604398,20.1416015625
6604476,20.32470703125
6604558,22.76611328125
6604757,21.66748046875
6604871,22.216796875
6604964,18.49365234375
6605115,18.61572265625
6605214,22.27783203125
6605332,22.15576171875
6605470,19.8974609375
6605590,21.91162109375
6605718,22.15576171875
6605865,24.2919921875
6606024,21.66748046875
6606194,21.66748046875
6606387,23.62060546875
6606617,24.23095703125
6606871,23.37646484375
6712240,26.79443359375
6712283,22.52197265625
6712293,28.86962890625
6712337,24.0478515625
6712381,23.62060546875
6712415,21.3623046875
6712468,22.03369140625
6712520,27.64892578125
6712572,26.7333984375
6712701,23.4375
6712973,26.42822265625
6713341,25.7568359375
6713833,16.7236328125
6714410,20.751953125
7052466,24.7802734375
7052522,33.0810546875
7052575,26.4892578125
7052651,27.9541015625
7234559,23.37646484375
7234612,19.59228515625
7234627,25.08544921875
7234655,19.1650390625
7234679,25.81787109375
7234736,21.240234375
7234853,33.8134765625
7246865,21.05712890625
7246882,16.05224609375
7246918,18.98193359375
7246971,34.5458984375
7247013,21.240234375
7247024,14.5263671875
7247061,23.25439453125
7247107,21.66748046875
7247159,22.216796875
7247221,24.23095703125
7247291,23.74267578125
7247440,24.71923828125
7247657,24.5361328125
7248125,22.4609375
7248445,21.30126953125
7282291,19.34814453125
7282324,22.3388671875
7282337,17.27294921875
7282376,26.0009765625
7282418,22.64404296875
7282436,14.7705078125
7282496,17.51708984375
7282536,20.20263671875
7282580,21.97265625
7282629,24.5361328125
7282682,19.59228515625
7282749,20.93505859375
7282843,21.66748046875
7282940,23.0712890625
7283015,20.751953125
7283145,22.94921875
7283271,23.49853515625
7283382,24.96337890625
7283473,20.56884765625
7283487,18.12744140625
7283646,19.53125
7283957,18.6767578125
7284243,20.81298828125
7284381,21.66748046875
7284541,19.775390625
7284727,23.86474609375
7284979,18.6767578125
7285208,23.01025390625
7322901,23.681640625
7322934,18.9208984375
7322947,24.2919921875
7322983,29.84619140625
7323021,23.74267578125
7323048,21.78955078125
7323059,19.47021484375
7323096,20.81298828125
7323138,22.15576171875
7323181,25.7568359375
7323227,23.0712890625
7323290,23.3154296875
7323343,22.705078125
7323400,22.64404296875
7323494,23.3154296875
7323566,22.5830078125
7323662,19.83642578125
7323770,20.01953125
7323874,22.39990234375
7323974,20.20263671875
7324127,23.681640625
7324236,23.13232421875
7324401,24.7802734375
7324527,22.15576171875
7324656,20.08056640625
7324784,22.705078125
7324933,28.62548828125
7325065,22.216796875
7325219,22.0947265625
7325354,23.01025390625
7325506,22.52197265625
7325704,18.24951171875
7325924,20.5078125
7326239,23.25439453125
7590288,21.3623046875
7590340,17.822265625
7590365,18.24951171875
7590378,26.0009765625
7590419,17.15087890625
7590431,18.4326171875
7590479,29.96826171875
7590568,27.89306640625
7601970,22.27783203125
7602044,19.59228515625
7602093,23.13232421875
7602139,26.91650390625
7602189,22.52197265625
7602234,20.20263671875
7602280,21.42333984375
7602338,20.1416015625
7602391,22.4609375
7602449,21.78955078125
7602512,21.8505859375
7602593,22.4609375
7602688,23.8037109375
7602701,17.2119140625
7602809,23.5595703125
7602929,22.0947265625
7603178,24.5361328125
7603333,16.6015625
7603408,21.484375
7603548,23.3154296875
7603705,22.88818359375
7604505,20.99609375
7697516,25.2685546875
7697544,25.0244140625
7697559,24.5361328125
7697573,16.29638671875
7697600,23.13232421875
7697625,14.34326171875
7697637,26.67236328125
7697669,19.47021484375
7697738,26.42822265625
7697791,22.52197265625
7697877,24.658203125
7697962,23.5595703125
7698458,22.76611328125
7699133,25.08544921875
7699418,21.91162109375
7792299,24.84130859375
7792348,30.1513671875
7792387,32.16552734375
7792420,18.6767578125
7792462,30.6396484375
7792512,21.17919921875
7792561,24.169921875
7792665,20.263671875
7794144,23.681640625
