7799001,0
318507,16.66259765625
318567,16.845703125
320756,15.56396484375
329539,17.333984375
329656,15.869140625
338891,17.822265625
344202,15.56396484375
352669,18.798828125
371243,15.68603515625
416138,15.625
429669,15.93017578125
468188,15.93017578125
926298,15.625
926499,18.06640625
958768,15.68603515625
958857,16.2353515625
959014,16.41845703125
968404,16.7236328125
969630,16.11328125
981047,15.80810546875
995907,15.869140625
998535,16.05224609375
1021445,16.6015625
1031707,16.90673828125
1045495,17.333984375
1059583,15.5029296875
1073586,15.93017578125
1089272,17.333984375
1089355,16.41845703125
1089567,15.56396484375
1146218,16.845703125
1146335,16.357421875
