7799001,0
23505,33.203125
23529,29.4189453125
23563,23.13232421875
23584,24.10888671875
23599,26.85546875
23631,21.6064453125
230454,27.40478515625
230491,29.47998046875
318194,27.7099609375
318248,15.44189453125
318262,32.16552734375
318291,34.7900390625
329833,15.44189453125
468734,14.22119140625
819567,33.203125
819632,27.77099609375
864324,15.19775390625
881754,29.6630859375
881780,15.31982421875
881826,26.30615234375
923702,30.09033203125
923724,35.7666015625
923749,14.6484375
923796,34.60693359375
981301,15.869140625
998779,15.44189453125
4020471,14.58740234375
