8998000,0
10214,32.65380859375
10752,37.17041015625
11011,34.72900390625
11077,39.73388671875
11312,34.11865234375
11328,33.8134765625
12005,38.57421875
113477,39.36767578125
113576,36.9873046875
113858,49.13330078125
113900,49.13330078125
113953,39.55078125
215792,45.47119140625
215862,32.89794921875
216074,32.77587890625
216099,38.330078125
216112,48.76708984375
216172,45.0439453125
257455,38.4521484375
283849,33.75244140625
284017,35.09521484375
284100,32.77587890625
284128,45.41015625
286289,39.0625
368794,34.7900390625
368913,33.63037109375
368977,34.423828125
369015,39.00146484375
369041,49.560546875
369097,56.15234375
369137,36.43798828125
458183,37.53662109375
458351,44.5556640625
458442,38.14697265625
458461,35.888671875
458525,43.701171875
515294,55.11474609375
515416,32.5927734375
515554,48.03466796875
515614,37.04833984375
515781,35.64453125
516654,33.14208984375
517011,32.89794921875
647432,35.82763671875
647602,34.72900390625
647735,35.82763671875
647801,34.912109375
649180,36.4990234375
687379,35.82763671875
802296,44.0673828125
802480,33.75244140625
802525,35.94970703125
802566,40.95458984375
802587,34.60693359375
802621,41.9921875
949656,37.841796875
949746,34.3017578125
949812,34.0576171875
949865,33.63037109375
949881,40.46630859375
949901,34.5458984375
949941,34.36279296875
949964,45.7763671875
949988,35.70556640625
950005,36.56005859375
1106580,38.51318359375
1106847,33.38623046875
1106861,40.83251953125
1106884,35.5224609375
1106915,54.3212890625
1106962,32.89794921875
1208879,34.423828125
1208982,47.05810546875
1208992,32.71484375
1209118,35.94970703125
1209157,32.77587890625
1283947,46.142578125
1284049,38.9404296875
1284158,36.62109375
1284187,37.29248046875
1284241,44.3115234375
1285571,33.63037109375
1303418,39.6728515625
1303529,35.2783203125
1303583,35.5224609375
1303635,32.71484375
1303701,53.7109375
1303772,46.5087890625
1304970,43.88427734375
1305376,41.3818359375
1312883,36.31591796875
1313230,35.58349609375
1313269,39.4287109375
1313414,41.44287109375
1313695,36.68212890625
1313762,37.78076171875
1313790,47.18017578125
1314620,39.0625
1322915,36.07177734375
1322982,38.330078125
1323521,51.08642578125
1323610,44.73876953125
1323695,35.2783203125
1324126,34.24072265625
1332363,37.17041015625
1332541,33.8134765625
1332846,32.65380859375
1333121,44.25048828125
1333177,33.203125
1333258,43.88427734375
1333400,38.51318359375
1333512,39.12353515625
1333626,32.8369140625
1341959,33.38623046875
1342553,33.203125
1342662,45.41015625
1342808,46.81396484375
1342942,38.02490234375
1343164,38.26904296875
1351029,43.3349609375
1351197,33.0810546875
1351233,33.26416015625
1351380,37.841796875
1358333,33.75244140625
1364274,40.52734375
1364545,36.62109375
1364839,37.353515625
1369626,34.1796875
1375086,33.14208984375
1375511,32.65380859375
1375818,33.0810546875
1379553,38.39111328125
1379744,40.34423828125
1379929,33.38623046875
1380347,32.77587890625
1384914,35.33935546875
1385493,33.26416015625
1391552,41.9921875
1391673,35.21728515625
1391768,36.92626953125
1391781,32.5927734375
1397143,42.17529296875
1397296,40.22216796875
1398372,38.330078125
1402513,36.2548828125
1402669,32.958984375
1403571,32.89794921875
1408861,35.0341796875
1409013,32.958984375
1409208,36.31591796875
1409908,34.36279296875
1410219,33.5693359375
1416666,32.5927734375
1416828,39.97802734375
1425741,34.3017578125
1425796,33.203125
1425853,42.48046875
1436284,35.82763671875
1436330,33.38623046875
1436590,34.0576171875
1438213,33.38623046875
1448266,40.95458984375
1448314,38.26904296875
1448367,33.69140625
1448388,32.89794921875
1449740,34.48486328125
1450111,32.77587890625
1462817,42.48046875
1462857,41.259765625
1476533,46.7529296875
1478181,32.65380859375
1479074,33.69140625
1490198,42.236328125
1490459,32.958984375
1492204,35.33935546875
1493821,34.24072265625
1503549,36.07177734375
1520286,38.2080078125
1522040,34.36279296875
1531519,39.97802734375
1531591,35.5224609375
1533267,36.376953125
1533615,33.38623046875
1544236,33.935546875
1544293,36.43798828125
1556934,36.7431640625
1559626,35.64453125
1582829,32.5927734375
1582840,32.65380859375
1582890,36.4990234375
1586916,34.66796875
1597844,35.15625
1600760,37.9638671875
1611752,52.55126953125
1611810,34.3017578125
1612111,34.1796875
1626320,34.1796875
1628136,34.66796875
1645551,37.17041015625
1645574,37.29248046875
1645627,40.771484375
1646936,36.43798828125
1647131,33.02001953125
1649188,36.376953125
1668893,34.97314453125
1698824,34.5458984375
1698971,37.78076171875
1699012,40.34423828125
1700515,39.97802734375
1702884,35.94970703125
1716249,32.65380859375
1774184,33.3251953125
2101150,33.50830078125
2173671,33.02001953125
2175624,33.02001953125
2177846,33.3251953125
2256493,32.8369140625
2298611,33.99658203125
2344335,37.7197265625
2375459,34.66796875
2375537,40.34423828125
2375766,39.306640625
2375846,33.50830078125
2375869,41.9921875
2375894,40.52734375
2375926,47.66845703125
2376208,33.14208984375
2377233,34.85107421875
2378119,36.4990234375
2381766,33.14208984375
2421373,32.5927734375
2442252,33.02001953125
2464259,34.24072265625
2488376,33.99658203125
2500989,35.09521484375
2504779,33.26416015625
2521373,34.0576171875
2548363,36.19384765625
2551381,32.71484375
2557992,32.89794921875
2561386,36.7431640625
2568482,33.69140625
2611277,34.72900390625
2619728,36.9873046875
2640037,32.77587890625
2643133,34.11865234375
2644216,33.02001953125
2648124,32.8369140625
2654044,32.71484375
2657836,35.64453125
2666433,36.376953125
2670164,33.26416015625
2680643,36.56005859375
2680950,33.63037109375
2688861,33.26416015625
2704461,34.85107421875
2704759,33.447265625
2779696,34.36279296875
2782306,48.27880859375
2782337,40.6494140625
2782391,33.99658203125
2782435,32.65380859375
2782451,35.82763671875
2782478,44.677734375
2782505,44.49462890625
2782544,39.73388671875
2782561,46.9970703125
2782610,34.97314453125
2782620,36.4990234375
2782704,36.31591796875
2782868,32.77587890625
2783714,33.3251953125
2791285,36.68212890625
2793381,33.14208984375
2800710,32.5927734375
2818019,33.935546875
2824490,33.935546875
2829016,34.5458984375
2829170,34.11865234375
2833325,34.5458984375
2858769,36.80419921875
2860239,32.8369140625
2861043,36.2548828125
2862741,32.8369140625
2887203,35.2783203125
2888562,33.8134765625
2894860,34.3017578125
2899268,32.77587890625
2899468,33.8134765625
2899767,32.65380859375
2943236,33.75244140625
2946202,32.958984375
2953201,33.02001953125
2984621,33.3251953125
2987027,33.0810546875
2991721,36.1328125
2996621,33.38623046875
3000462,35.09521484375
3003766,32.5927734375
3003878,43.88427734375
3003907,38.02490234375
3003944,54.13818359375
3003973,41.259765625
3003998,38.57421875
3004023,32.77587890625
3004053,40.52734375
3004078,33.3251953125
3004122,39.55078125
3004219,33.02001953125
3004824,34.5458984375
3005521,33.0810546875
3007424,36.31591796875
3013401,34.24072265625
3016439,32.8369140625
3018930,33.447265625
3056445,33.0810546875
3057261,33.02001953125
3066312,33.3251953125
3072714,38.818359375
3073381,43.5791015625
3073393,35.7666015625
3073477,40.10009765625
3073535,33.50830078125
3073607,36.62109375
3073645,44.49462890625
3073709,36.80419921875
3073759,37.29248046875
3073806,39.61181640625
3073882,41.3818359375
3074811,33.63037109375
3075136,44.00634765625
3075312,53.64990234375
3075623,38.14697265625
3075737,41.8701171875
3076256,32.77587890625
3076448,33.8134765625
3078068,37.109375
3081051,34.5458984375
3084799,36.92626953125
3084959,36.0107421875
3085066,36.4990234375
3085275,33.38623046875
3086065,33.02001953125
3088600,33.50830078125
3088686,40.46630859375
3088814,34.5458984375
3088890,48.7060546875
3088921,37.90283203125
3088952,36.2548828125
3089062,33.8134765625
3089854,36.31591796875
3089953,46.32568359375
3090096,36.7431640625
3090255,36.80419921875
3090353,33.63037109375
3090452,46.630859375
3090724,39.48974609375
3099066,37.59765625
3099260,32.77587890625
3102323,45.47119140625
3102477,34.97314453125
3102945,43.64013671875
3103148,41.6259765625
3103265,33.63037109375
3103328,38.14697265625
3103406,39.73388671875
3103419,51.69677734375
3103488,40.58837890625
3103581,33.69140625
3104384,36.19384765625
3104855,32.71484375
3114688,37.2314453125
3115068,35.21728515625
3115159,35.70556640625
3115216,36.43798828125
3115285,43.76220703125
3115306,33.99658203125
3115358,46.7529296875
3115461,32.958984375
3115851,36.0107421875
3115999,36.4990234375
3116868,38.63525390625
3118461,32.5927734375
3126785,40.46630859375
3126797,34.66796875
3126971,34.60693359375
3127062,34.3017578125
3127147,43.64013671875
3127243,35.2783203125
3127294,46.5087890625
3127327,33.14208984375
3127342,38.818359375
3127367,45.2880859375
3127454,39.4287109375
3127535,34.72900390625
3127574,34.24072265625
3127625,34.48486328125
3127709,36.07177734375
3128073,34.72900390625
3128665,33.69140625
3131668,33.26416015625
3135772,33.87451171875
3136720,33.38623046875
3138058,32.65380859375
3138228,34.48486328125
3138312,35.400390625
3138395,32.65380859375
3138678,38.26904296875
3138772,33.447265625
3138800,35.64453125
3138877,36.1328125
3138908,39.6728515625
3138996,35.82763671875
3139148,35.7666015625
3142968,36.1328125
3148212,33.75244140625
3148285,35.888671875
3148412,32.958984375
3148485,39.794921875
3149072,35.82763671875
3156095,33.50830078125
3156288,39.0625
3156306,33.02001953125
3156437,34.5458984375
3156477,36.376953125
3156584,37.29248046875
3156632,35.09521484375
3156700,33.87451171875
3156738,44.3115234375
3156832,42.724609375
3156914,43.88427734375
3157034,35.64453125
3163136,32.5927734375
3165487,39.0625
3167242,33.447265625
3167467,36.7431640625
3167497,32.8369140625
3167843,33.63037109375
3167977,33.02001953125
3168255,33.0810546875
3168324,53.466796875
3171380,33.3251953125
3176286,34.1796875
3176433,44.5556640625
3176479,43.212890625
3176586,36.62109375
3176869,34.72900390625
3176907,39.00146484375
3177412,35.888671875
3180300,34.912109375
3184637,33.8134765625
3184830,37.353515625
3184961,34.85107421875
3185085,35.7666015625
3185333,32.77587890625
3185462,37.65869140625
3196502,34.72900390625
3196684,33.3251953125
3196733,41.748046875
3196996,50.29296875
3197191,35.09521484375
3207007,41.07666015625
3207153,41.44287109375
3207287,37.841796875
3207393,34.36279296875
3207949,32.5927734375
3217419,35.2783203125
3217504,37.41455078125
3217685,38.63525390625
3228105,32.958984375
3228970,36.43798828125
3229094,40.4052734375
3229142,33.50830078125
3229208,33.0810546875
3229291,35.82763671875
3229382,33.69140625
3239854,40.4052734375
3239933,44.98291015625
3239970,33.50830078125
3240049,32.5927734375
3250579,41.50390625
3250650,36.56005859375
3250706,33.38623046875
3250809,33.69140625
3251731,34.7900390625
3262455,33.0810546875
3262555,39.73388671875
3262572,40.34423828125
3262604,37.53662109375
3263113,35.2783203125
3275680,39.24560546875
3275784,37.4755859375
3289027,34.1796875
3298330,33.87451171875
3303282,33.3251953125
3303330,33.935546875
3303379,44.921875
3304580,35.46142578125
3318750,43.15185546875
3318786,39.36767578125
3318842,32.77587890625
3330548,35.94970703125
3336581,46.93603515625
3336630,43.64013671875
3336678,37.04833984375
3338561,35.58349609375
3352353,34.423828125
3355314,44.677734375
3355338,33.69140625
3355386,35.400390625
3355433,32.89794921875
3357609,36.31591796875
3380369,42.48046875
3380498,33.8134765625
3384562,35.7666015625
3390061,34.3017578125
3390161,32.77587890625
3391769,34.1796875
3407173,35.82763671875
3408977,32.958984375
3415140,33.8134765625
3415216,40.83251953125
3415376,33.50830078125
3415484,36.62109375
3415524,43.701171875
3415535,35.70556640625
3415570,36.376953125
3415588,34.72900390625
3415651,46.142578125
3415749,51.33056640625
3415773,33.447265625
3415853,40.8935546875
3415971,32.5927734375
3417192,34.36279296875
3426280,35.21728515625
3446406,32.71484375
3451218,42.724609375
3451285,39.1845703125
3451331,43.701171875
3451366,32.65380859375
3451404,34.0576171875
3451604,34.912109375
3451769,49.1943359375
3451787,38.87939453125
3451806,33.75244140625
3451833,38.2080078125
3451898,33.50830078125
3452311,35.70556640625
3453203,35.46142578125
3462807,36.7431640625
3464704,32.5927734375
3465599,32.65380859375
3467729,40.283203125
3467858,33.38623046875
3467916,34.1796875
3468219,35.888671875
3468303,36.1328125
3468398,40.58837890625
3468499,52.91748046875
3468595,33.38623046875
3468689,38.6962890625
3468783,41.32080078125
3468808,34.7900390625
3470023,36.92626953125
3471220,35.0341796875
3473708,33.26416015625
3482629,33.69140625
3482720,37.9638671875
3482820,35.58349609375
3482910,33.26416015625
3483413,36.43798828125
3483817,34.3017578125
3487206,32.5927734375
3490908,37.4755859375
3492610,33.75244140625
3493847,33.63037109375
3496893,41.80908203125
3497020,33.87451171875
3497195,32.77587890625
3497228,35.46142578125
3497515,37.17041015625
3500712,32.8369140625
3507323,35.58349609375
3511024,32.71484375
3512561,36.2548828125
3512661,33.69140625
3512719,35.09521484375
3512923,39.00146484375
3514027,33.02001953125
3514075,32.71484375
3515235,34.36279296875
3518427,34.24072265625
3518541,32.958984375
3519427,34.0576171875
3520694,33.8134765625
3520925,33.5693359375
3521215,34.24072265625
3527230,35.58349609375
3528733,33.69140625
3528824,33.8134765625
3530630,34.5458984375
3534041,34.97314453125
3534639,35.0341796875
3535822,41.259765625
3535843,40.1611328125
3535945,34.912109375
3536032,35.400390625
3536609,32.89794921875
3537152,35.21728515625
3543448,34.48486328125
3544445,32.77587890625
3557647,32.958984375
3558836,33.14208984375
3560496,35.46142578125
3560557,47.2412109375
3560626,35.70556640625
3560642,34.66796875
3560681,33.50830078125
3560996,33.50830078125
3565719,33.447265625
3565943,37.90283203125
3566447,37.841796875
3570446,35.46142578125
3582451,32.89794921875
3582469,32.958984375
3585253,36.80419921875
3590954,35.400390625
3590988,37.7197265625
3591021,33.8134765625
3591084,42.6025390625
3591159,42.48046875
3591195,33.69140625
3591232,33.50830078125
3591346,34.36279296875
3591461,40.283203125
3591661,33.14208984375
3591758,36.865234375
3592051,34.85107421875
3593013,34.11865234375
3598955,37.17041015625
3601756,33.75244140625
3604273,34.5458984375
3610457,34.66796875
3618043,33.8134765625
3623288,32.77587890625
3624869,33.02001953125
3626065,33.203125
3627563,33.3251953125
3632368,32.5927734375
3635067,35.70556640625
3639680,33.63037109375
3640068,34.85107421875
3649378,35.15625
3649969,32.77587890625
3654486,34.0576171875
3657377,32.71484375
3658187,33.14208984375
3661696,34.3017578125
3665896,35.21728515625
3673803,35.400390625
3675285,34.912109375
3693897,34.66796875
3696491,33.203125
3698301,32.5927734375
3699296,33.203125
3701091,33.75244140625
3702902,34.1796875
3703610,33.99658203125
3703797,33.26416015625
3704717,33.69140625
3706796,33.50830078125
3710306,36.31591796875
3712302,32.65380859375
3713702,33.14208984375
3718501,35.15625
3718702,36.56005859375
3727502,33.02001953125
3727710,34.3017578125
3730904,33.203125
3736919,34.1796875
3737531,32.89794921875
3738107,33.87451171875
3742314,34.66796875
3748707,39.00146484375
3749116,32.5927734375
3755520,37.04833984375
3758725,33.3251953125
3759011,33.8134765625
3759312,35.46142578125
3761924,33.02001953125
3762114,32.8369140625
3762918,33.69140625
3768317,33.63037109375
3768915,34.912109375
3769134,34.97314453125
3769719,33.5693359375
3771328,33.38623046875
3771816,37.53662109375
3772439,32.77587890625
3772815,33.87451171875
3773794,32.89794921875
3778724,33.75244140625
3780926,32.8369140625
3783719,33.8134765625
3784318,34.85107421875
3784925,41.3818359375
3785925,33.50830078125
3786831,32.5927734375
3788630,32.8369140625
3792531,32.8369140625
3793151,34.60693359375
3795364,32.71484375
3796027,33.26416015625
3798732,38.26904296875
3802432,32.71484375
3802526,33.935546875
3802724,36.80419921875
3803342,32.5927734375
3803436,33.38623046875
3803546,40.52734375
3804533,37.90283203125
3805326,33.69140625
3807734,33.38623046875
3810228,34.66796875
3810623,34.11865234375
3815532,35.94970703125
3815932,32.89794921875
3820915,34.24072265625
3842159,36.865234375
3849360,35.15625
3850143,35.33935546875
3855258,33.0810546875
3858543,34.3017578125
3863961,34.97314453125
3865269,33.02001953125
3871352,33.87451171875
3876957,36.31591796875
3880556,37.29248046875
3883161,33.38623046875
3883976,39.36767578125
3884061,35.82763671875
3885964,33.14208984375
3888659,32.5927734375
3889063,34.423828125
3890156,33.02001953125
3892661,32.65380859375
3893962,33.935546875
3901264,34.72900390625
3902368,32.8369140625
3903167,33.14208984375
3906763,32.8369140625
3908371,33.8134765625
3909070,35.09521484375
3914569,33.203125
3925475,33.02001953125
3935291,38.39111328125
3935995,35.09521484375
3937289,36.07177734375
3942331,34.3017578125
3945203,32.8369140625
3945797,34.66796875
3946987,32.77587890625
3948205,33.5693359375
3949487,32.8369140625
3950786,34.72900390625
3952486,33.935546875
3954605,33.14208984375
3956788,34.97314453125
3959994,33.0810546875
3961208,37.59765625
3961294,33.3251953125
3963995,33.935546875
3964192,36.07177734375
3967992,35.46142578125
3969403,37.841796875
3970797,37.4755859375
3972599,32.958984375
3976299,32.65380859375
3976703,33.02001953125
3976804,35.0341796875
3977424,32.89794921875
3978806,38.39111328125
3980002,33.3251953125
3983414,33.87451171875
3983818,36.62109375
3984702,34.1796875
3985004,36.865234375
3985427,33.50830078125
3987714,33.50830078125
3989008,35.21728515625
3989211,34.1796875
3990224,35.5224609375
3990913,34.11865234375
3991306,32.5927734375
3991418,33.87451171875
3992039,34.7900390625
3992805,33.935546875
3993113,34.66796875
3997718,36.376953125
3998329,32.5927734375
3999924,33.14208984375
4000716,35.33935546875
4002818,33.5693359375
4003431,34.97314453125
4004616,33.5693359375
4004861,37.841796875
4008217,36.0107421875
4011020,33.75244140625
4012229,34.1796875
4013120,33.99658203125
4013216,33.203125
4014343,33.75244140625
4014831,34.36279296875
4019828,32.71484375
4022045,33.3251953125
4022429,34.1796875
4023425,34.5458984375
4023645,32.71484375
4023829,34.7900390625
4024865,35.09521484375
4025447,32.65380859375
4027047,32.958984375
4028427,35.46142578125
4030432,38.87939453125
4031044,32.8369140625
4032635,36.68212890625
4032654,32.958984375
4032932,33.87451171875
4033050,36.19384765625
4033447,33.26416015625
4034033,35.09521484375
4034848,32.8369140625
4035329,34.72900390625
4039533,35.2783203125
4040639,33.447265625
4041451,36.80419921875
4041532,34.423828125
4044242,35.5224609375
4044641,36.80419921875
4047841,34.66796875
4048252,33.02001953125
4051448,32.958984375
4052554,34.5458984375
4052659,35.400390625
4054048,35.94970703125
4054143,35.46142578125
4054251,36.2548828125
4057449,35.94970703125
4058266,35.888671875
4059449,34.60693359375
4061457,37.04833984375
4062658,37.90283203125
4063467,34.11865234375
4064445,40.22216796875
4065049,35.09521484375
4065606,32.77587890625
4073351,33.69140625
4082462,33.935546875
4083463,35.82763671875
4095869,33.0810546875
4097140,34.60693359375
4106482,34.36279296875
4108554,34.0576171875
4111374,33.26416015625
4113089,37.04833984375
4118882,32.958984375
4119375,35.64453125
4120297,33.8134765625
4121684,35.5224609375
4122293,35.0341796875
4122696,34.36279296875
4123299,32.8369140625
4123882,32.5927734375
4124284,36.2548828125
4125580,38.14697265625
4127678,34.85107421875
4129298,34.5458984375
4135499,33.14208984375
4136786,35.0341796875
4137727,34.0576171875
4141507,34.66796875
4145114,33.38623046875
4145682,37.2314453125
4147813,34.1796875
4147901,35.888671875
4148900,34.60693359375
4150792,35.70556640625
4151311,34.60693359375
4152119,33.50830078125
4155101,33.50830078125
4157293,33.38623046875
4160908,34.24072265625
4162303,32.958984375
4162700,34.60693359375
4164898,35.2783203125
4166207,33.5693359375
4167112,34.912109375
4170008,33.3251953125
4170306,32.65380859375
4170495,35.33935546875
4170607,32.77587890625
4171103,33.99658203125
4171903,37.841796875
4172914,33.5693359375
4173604,34.66796875
4174709,34.36279296875
4175507,32.8369140625
4176907,33.02001953125
4185811,34.5458984375
4189102,33.8134765625
4191915,36.0107421875
4193308,33.02001953125
4193611,36.07177734375
4193934,32.65380859375
4194518,33.50830078125
4197123,32.89794921875
4199312,35.888671875
4205360,33.02001953125
4207216,37.353515625
4212617,34.3017578125
4213321,33.3251953125
4215128,37.109375
4215838,33.63037109375
4218022,33.8134765625
4218522,34.912109375
4223034,32.5927734375
4226722,33.02001953125
4227333,34.11865234375
4229334,34.66796875
4231544,38.9404296875
4234938,34.423828125
4236228,35.46142578125
4238146,32.71484375
4242353,32.65380859375
4244750,34.1796875
4244941,33.8134765625
4245449,33.0810546875
4246333,32.958984375
4247937,35.15625
4251539,34.3017578125
4254841,32.65380859375
4256941,38.57421875
4261842,37.04833984375
4262741,37.17041015625
4264153,33.203125
4266143,33.87451171875
4266365,33.447265625
4270851,33.3251953125
4272776,33.14208984375
4273742,32.89794921875
4277351,33.02001953125
4284357,35.888671875
4293360,33.935546875
4293963,33.5693359375
4299577,32.71484375
4301968,38.818359375
4304372,33.14208984375
4305369,34.3017578125
4306169,34.24072265625
4307583,33.447265625
4309192,33.3251953125
4309989,33.87451171875
4311175,33.14208984375
4315775,32.77587890625
4317189,36.43798828125
4317969,33.14208984375
4319596,34.7900390625
4320781,33.50830078125
4321183,38.330078125
4324583,33.75244140625
4325378,32.8369140625
4326001,34.11865234375
4326783,37.2314453125
4326797,32.71484375
4328583,33.69140625
4331390,35.64453125
4331585,33.14208984375
4337986,35.21728515625
4338404,38.14697265625
4341000,36.43798828125
4342187,33.5693359375
4347588,33.02001953125
4348599,33.69140625
4349195,32.8369140625
4351410,38.02490234375
4351795,33.0810546875
4355935,32.77587890625
4357415,36.0107421875
4357601,37.59765625
4358292,34.1796875
4361209,32.5927734375
4377704,35.58349609375
4380288,35.94970703125
4384303,32.8369140625
4386806,36.2548828125
4391009,33.38623046875
4396446,35.64453125
4398225,37.53662109375
4399023,32.5927734375
4407421,33.87451171875
4412818,35.94970703125
4413237,35.15625
4413618,37.17041015625
4418671,33.99658203125
4419425,37.4755859375
4421828,34.97314453125
4426445,35.33935546875
4426870,32.89794921875
4430436,33.50830078125
4430816,34.60693359375
4432453,34.48486328125
4434136,33.3251953125
4437833,33.447265625
4441421,34.423828125
4448658,34.5458984375
4492766,34.48486328125
4517178,34.11865234375
4522077,33.75244140625
4522298,34.0576171875
4525095,32.5927734375
4531811,33.50830078125
4541698,33.0810546875
4548701,34.1796875
4555216,32.65380859375
4588001,32.89794921875
4595127,36.80419921875
4622349,35.400390625
4626557,33.14208984375
4647149,33.447265625
4647441,34.72900390625
4648323,32.65380859375
4660650,32.8369140625
4663957,36.62109375
4675157,41.1376953125
4675367,35.888671875
4681176,34.24072265625
4682771,34.85107421875
4686758,33.935546875
4690164,34.5458984375
4707978,34.3017578125
4713626,40.8935546875
4716868,33.8134765625
4717773,36.1328125
4720283,33.69140625
4722184,35.15625
4725198,34.36279296875
4726356,35.70556640625
4726977,33.935546875
4727773,34.24072265625
4741002,33.0810546875
4744998,37.65869140625
4748987,35.21728515625
4749009,32.65380859375
4753438,33.99658203125
4754696,32.65380859375
4754708,41.19873046875
4755778,36.56005859375
4756001,38.57421875
4756177,37.04833984375
4757892,36.07177734375
4758387,34.7900390625
4759592,34.3017578125
4762214,33.3251953125
4768294,33.5693359375
4769114,35.888671875
4769199,32.77587890625
4769223,34.48486328125
4769401,36.62109375
4769847,44.43359375
4769898,32.65380859375
4769911,34.66796875
4770696,38.14697265625
4771209,42.90771484375
4771404,39.73388671875
4771497,37.41455078125
4771648,38.0859375
4771995,40.58837890625
4772046,34.72900390625
4772295,40.10009765625
4772706,34.36279296875
4774302,41.56494140625
4776817,36.68212890625
4777101,35.0341796875
4777904,34.1796875
4779504,34.36279296875
4781103,33.14208984375
4782710,35.64453125
4783103,37.29248046875
4784006,33.935546875
4784305,35.64453125
4784703,33.0810546875
4785507,32.77587890625
4785704,34.7900390625
4785902,35.7666015625
4786703,36.0107421875
4787506,40.34423828125
4787627,35.888671875
4789105,34.36279296875
4789428,34.48486328125
4789803,34.3017578125
4789908,33.69140625
4790025,35.400390625
4791505,32.8369140625
4791905,36.31591796875
4793509,33.8134765625
4793830,33.02001953125
4794706,33.8134765625
4795111,33.38623046875
4795907,37.78076171875
4796704,33.99658203125
4797008,34.0576171875
4797107,34.3017578125
4797510,39.48974609375
4797626,35.21728515625
4797905,32.89794921875
4798307,39.9169921875
4798703,34.66796875
4799107,33.0810546875
4799338,33.63037109375
4799510,34.72900390625
4799816,33.0810546875
4799907,34.912109375
4800307,40.283203125
4800413,33.02001953125
4800705,38.57421875
4802707,44.73876953125
4803506,34.1796875
4803909,33.38623046875
4804705,43.3349609375
4804809,34.24072265625
4805108,36.07177734375
4805511,32.958984375
4805905,36.56005859375
4806026,32.71484375
4806306,34.97314453125
4806432,32.8369140625
4807109,34.912109375
4807907,44.37255859375
4808296,35.70556640625
4808707,41.80908203125
4809509,36.31591796875
4809907,38.6962890625
4810029,32.71484375
4810044,38.0859375
4810307,39.794921875
4810427,33.14208984375
4810707,34.912109375
4811107,38.87939453125
4811507,33.3251953125
4811908,41.748046875
4812707,35.64453125
4814304,37.17041015625
4815108,36.31591796875
4815147,34.3017578125
4816306,33.38623046875
4816711,39.306640625
4816961,35.09521484375
4817241,34.3017578125
4817497,37.353515625
4817896,36.19384765625
4818706,39.97802734375
4819096,35.58349609375
4819222,34.60693359375
4819497,34.85107421875
4822308,34.423828125
4822927,36.376953125
4823109,34.1796875
4824257,35.33935546875
4824306,32.71484375
4825108,33.14208984375
4826135,34.36279296875
4831906,42.41943359375
4838058,33.69140625
4839107,33.75244140625
4840859,36.80419921875
4843325,35.0341796875
4845859,33.75244140625
4849042,34.97314453125
4849110,34.1796875
4849462,33.02001953125
4852644,34.5458984375
4852711,39.4287109375
4853112,33.99658203125
4853510,36.19384765625
4854311,34.85107421875
4855113,35.46142578125
4855254,34.423828125
4859112,33.69140625
4860653,34.24072265625
4862312,34.72900390625
4863264,34.60693359375
4863855,34.3017578125
4866261,39.24560546875
4867455,34.72900390625
4867878,35.0341796875
4868148,33.87451171875
4868532,32.65380859375
4869905,35.58349609375
4869955,33.8134765625
4870864,35.58349609375
4871055,35.21728515625
4873452,33.203125
4874463,38.63525390625
4874655,34.72900390625
4874855,35.33935546875
4887267,35.5224609375
4888145,34.72900390625
4889076,32.958984375
4889882,32.89794921875
4890062,33.26416015625
4894890,38.26904296875
4895888,33.02001953125
4897475,33.02001953125
4900279,33.99658203125
4900475,33.26416015625
4903271,33.02001953125
4903509,33.447265625
4904879,35.58349609375
4906690,33.38623046875
4909682,32.71484375
4911494,32.65380859375
4920587,32.5927734375
4922485,34.11865234375
4927104,34.0576171875
4930101,33.203125
4932707,32.5927734375
4936494,38.87939453125
4938596,33.8134765625
4942095,32.65380859375
4951112,37.109375
4953098,33.14208984375
4953712,32.77587890625
4957701,38.02490234375
4961006,34.72900390625
4961513,33.0810546875
4963115,36.43798828125
4963614,33.935546875
4963930,35.94970703125
4974715,36.0107421875
4975930,36.0107421875
4979939,33.8134765625
4981821,32.65380859375
4982135,35.70556640625
4982323,37.841796875
4985341,32.71484375
4991126,32.65380859375
4994136,35.21728515625
4997512,38.39111328125
4997531,40.283203125
4997627,38.87939453125
4997643,34.0576171875
4997665,45.71533203125
4997737,39.85595703125
4997749,38.51318359375
4997803,38.9404296875
4997843,37.109375
4997927,39.1845703125
4998008,34.72900390625
4999278,49.37744140625
4999430,33.69140625
4999440,33.26416015625
5004344,37.841796875
5004733,33.87451171875
5005436,32.77587890625
5006257,32.8369140625
5007552,32.89794921875
5017245,33.26416015625
5019145,35.15625
5024947,33.75244140625
5025749,33.69140625
5033161,33.38623046875
5033251,32.77587890625
5036552,32.77587890625
5038395,33.50830078125
5038531,32.71484375
5039367,35.70556640625
5044571,36.2548828125
5046141,33.14208984375
5049357,38.14697265625
5050106,34.36279296875
5050756,33.8134765625
5051073,34.423828125
5051587,33.02001953125
5052372,35.5224609375
5053578,36.68212890625
5060733,32.89794921875
5060777,35.400390625
5060883,36.92626953125
5060947,39.97802734375
5061053,33.8134765625
5061115,35.94970703125
5061141,35.09521484375
5061168,47.54638671875
5061193,40.0390625
5061213,36.07177734375
5061274,37.353515625
5061488,33.447265625
5061562,37.53662109375
5061965,36.19384765625
5062175,33.0810546875
5062288,37.78076171875
5062363,33.02001953125
5062573,40.22216796875
5062685,33.0810546875
5062756,43.3349609375
5063046,32.8369140625
5063165,35.09521484375
5063270,33.02001953125
5063365,36.68212890625
5063562,33.0810546875
5063725,39.9169921875
5063758,33.50830078125
5063974,38.0859375
5064367,33.203125
5064385,34.912109375
5065375,32.77587890625
5065565,34.3017578125
5065977,35.33935546875
5066110,35.2783203125
5066385,34.7900390625
5066776,37.841796875
5067374,33.935546875
5067562,34.66796875
5067966,34.48486328125
5068365,37.17041015625
5068416,33.0810546875
5068484,37.41455078125
5068710,33.447265625
5069097,33.447265625
5069214,40.8935546875
5069302,32.77587890625
5069448,33.8134765625
5069941,34.66796875
5069997,36.9873046875
5070972,38.51318359375
5071391,36.7431640625
5077157,41.50390625
5077681,37.78076171875
5077861,32.71484375
5078088,35.64453125
5078123,49.072265625
5078182,38.57421875
5078232,37.4755859375
5078246,34.11865234375
5078291,35.58349609375
5078467,33.99658203125
5079107,34.60693359375
5079250,34.0576171875
5079365,39.85595703125
5079580,36.19384765625
5091071,35.15625
5091084,33.63037109375
5091463,32.5927734375
5091514,39.85595703125
5091679,41.015625
5091807,38.14697265625
5091841,33.3251953125
5091931,49.31640625
5091947,32.958984375
5091998,44.189453125
5092018,43.701171875
5092093,37.59765625
5092122,34.97314453125
5092148,34.7900390625
5092866,43.0908203125
5093144,35.58349609375
5094215,32.5927734375
5095611,33.3251953125
5098214,35.5224609375
5103483,46.32568359375
5104644,43.701171875
5106372,34.85107421875
5106389,34.24072265625
5106571,47.91259765625
5106663,45.22705078125
5106731,36.92626953125
5106755,40.283203125
5106808,34.5458984375
5107028,32.71484375
5107131,35.400390625
5107392,39.36767578125
5108632,32.77587890625
5113427,34.5458984375
5116026,34.36279296875
5119915,34.85107421875
5120039,38.26904296875
5120277,50.1708984375
5120329,35.33935546875
5120368,37.109375
5120430,46.08154296875
5120527,36.80419921875
5120556,36.31591796875
5120603,35.0341796875
5120633,33.8134765625
5120790,33.02001953125
5120838,33.935546875
5120920,35.400390625
5128826,33.38623046875
5131591,37.04833984375
5131835,32.65380859375
5131921,37.7197265625
5132229,42.8466796875
5132414,37.04833984375
5132583,44.25048828125
5132748,35.21728515625
5132855,32.71484375
5132893,42.05322265625
5132978,47.9736328125
5133022,34.36279296875
5133043,33.935546875
5133123,59.2041015625
5133235,33.99658203125
5133387,40.8935546875
5133577,35.5224609375
5136039,32.77587890625
5136253,33.50830078125
5137232,35.33935546875
5143054,34.85107421875
5143464,36.80419921875
5143639,33.38623046875
5143775,35.46142578125
5143874,36.31591796875
5144054,39.24560546875
5144444,33.50830078125
5144530,32.5927734375
5144734,33.14208984375
5144832,39.306640625
5150037,33.14208984375
5152027,45.654296875
5152136,34.72900390625
5152438,32.5927734375
5152476,57.80029296875
5152540,37.841796875
5152554,34.912109375
5152584,33.50830078125
5152637,32.5927734375
5152719,37.9638671875
5152918,36.68212890625
5154440,35.70556640625
5156455,33.0810546875
5158052,34.72900390625
5164421,33.26416015625
5164655,33.3251953125
5165214,37.65869140625
5165336,39.00146484375
5165369,33.02001953125
5165498,32.958984375
5165653,38.818359375
5165666,32.958984375
5165863,34.36279296875
5165889,52.001953125
5165949,36.62109375
5165988,32.71484375
5166016,33.69140625
5166046,36.1328125
5166147,35.58349609375
5166236,38.818359375
5166676,32.71484375
5170671,32.77587890625
5172677,32.958984375
5175872,35.09521484375
5178657,42.6025390625
5178920,33.63037109375
5178953,33.203125
5179132,35.46142578125
5179186,33.0810546875
5179213,37.353515625
5179378,47.2412109375
5179493,56.884765625
5179620,45.0439453125
5179754,44.00634765625
5179908,36.62109375
5180081,48.4619140625
5180454,33.87451171875
5180560,33.203125
5188771,33.5693359375
5192259,34.912109375
5193318,36.1328125
5193448,33.935546875
5193559,33.203125
5193791,37.59765625
5193838,41.80908203125
5193963,41.68701171875
5194022,55.17578125
5194153,46.32568359375
5195072,37.29248046875
5196681,32.77587890625
5198788,33.5693359375
5200364,33.69140625
5204482,34.11865234375
5204883,33.8134765625
5205287,34.11865234375
5206167,35.400390625
5206301,35.0341796875
5206351,34.5458984375
5206502,52.79541015625
5206571,34.24072265625
5206589,36.80419921875
5206676,35.5224609375
5206732,32.77587890625
5206875,42.1142578125
5207005,33.0810546875
5207487,33.203125
5209682,33.02001953125
5210475,33.69140625
5212173,33.3251953125
5214481,32.65380859375
5216577,33.0810546875
5216666,36.31591796875
5216756,47.2412109375
5216901,32.77587890625
5217288,34.3017578125
5217483,33.8134765625
5217789,34.1796875
5217891,35.64453125
5218483,35.400390625
5218982,33.0810546875
5219687,34.0576171875
5221575,34.912109375
5225274,34.97314453125
5227889,33.69140625
5228376,37.9638671875
5231757,37.17041015625
5231884,45.2880859375
5231978,32.65380859375
5232082,34.72900390625
5232137,36.376953125
5232207,41.50390625
5232307,33.69140625
5232332,43.45703125
5232442,41.8701171875
5232608,35.58349609375
5233181,36.62109375
5236900,32.5927734375
5245499,33.69140625
5249689,35.15625
5249936,33.75244140625
5249972,36.92626953125
5250108,32.958984375
5250234,48.2177734375
5250300,32.89794921875
5250372,33.02001953125
5250480,51.3916015625
5250595,33.38623046875
5250628,41.3818359375
5250788,36.1328125
5251093,36.1328125
5251284,32.958984375
5265994,33.935546875
5266022,34.97314453125
5266115,39.85595703125
5266231,34.60693359375
5266318,34.36279296875
5266456,32.65380859375
5266514,34.5458984375
5266718,34.912109375
5266762,34.423828125
5266901,41.07666015625
5266982,33.0810546875
5267081,34.5458984375
5280120,33.5693359375
5280566,42.96875
5280704,34.5458984375
5280866,37.17041015625
5280881,39.00146484375
5280922,34.72900390625
5281001,37.4755859375
5281114,39.306640625
5281500,34.66796875
5285407,35.70556640625
5294997,34.0576171875
5295265,48.15673828125
5295401,35.82763671875
5295498,33.26416015625
5295636,35.33935546875
5295693,33.26416015625
5295800,32.89794921875
5295860,32.77587890625
5295936,40.83251953125
5297035,33.447265625
5302123,36.56005859375
5306220,34.1796875
5306728,33.26416015625
5307411,36.2548828125
5307512,33.5693359375
5307838,37.29248046875
5307993,34.24072265625
5308424,33.26416015625
5308632,34.5458984375
5315325,33.87451171875
5317526,33.447265625
5325634,46.69189453125
5325796,32.89794921875
5325851,34.423828125
5325912,33.50830078125
5325939,37.04833984375
5326049,35.33935546875
5326137,40.22216796875
5326275,45.166015625
5326287,34.48486328125
5326388,33.38623046875
5326447,32.77587890625
5326488,41.3818359375
5326937,36.19384765625
5344302,35.7666015625
5344397,36.56005859375
5360687,40.71044921875
5360775,39.24560546875
5361044,35.0341796875
5361263,37.78076171875
5364054,32.958984375
5366345,34.3017578125
5369971,34.423828125
5372879,36.07177734375
5376167,36.31591796875
5378055,33.26416015625
5378757,38.14697265625
5378957,35.5224609375
5381558,38.39111328125
5381578,34.423828125
5381609,33.99658203125
5381668,33.935546875
5381682,33.50830078125
5381852,35.5224609375
5381874,33.203125
5381964,36.4990234375
5382037,34.72900390625
5382158,33.50830078125
5382168,38.14697265625
5382232,33.26416015625
5383465,39.00146484375
5383764,45.95947265625
5387756,34.85107421875
5389966,40.83251953125
5390569,32.77587890625
5392063,32.65380859375
5394069,33.203125
5395861,35.21728515625
5399278,32.8369140625
5399297,34.66796875
5399384,39.0625
5399441,33.14208984375
5399547,33.69140625
5399737,34.97314453125
5399772,34.66796875
5400067,37.109375
5400172,34.3017578125
5400320,33.5693359375
5403389,33.5693359375
5408278,33.02001953125
5408578,33.447265625
5413187,32.65380859375
5416077,34.36279296875
5416279,34.48486328125
5416624,35.888671875
5416686,33.38623046875
5416720,35.5224609375
5416888,34.24072265625
5416993,34.72900390625
5417014,40.771484375
5418083,34.1796875
5419583,35.7666015625
5420587,33.14208984375
5424197,34.60693359375
5435533,33.63037109375
5435810,33.38623046875
5437789,37.04833984375
5456459,39.61181640625
5456496,44.921875
5456604,35.15625
5456808,37.29248046875
5462612,33.3251953125
5468420,36.9873046875
5472410,36.865234375
5472605,33.447265625
5474848,33.203125
5475433,33.3251953125
5476619,33.447265625
5476771,40.1611328125
5476797,35.0341796875
5476851,37.04833984375
5476869,35.70556640625
5477210,36.56005859375
5477718,33.87451171875
5482412,36.92626953125
5492944,38.39111328125
5493214,37.2314453125
5493419,33.8134765625
5493715,33.0810546875
5494017,34.1796875
5494112,36.9873046875
5494360,33.63037109375
5496218,33.5693359375
5514915,43.02978515625
5514945,41.8701171875
5514989,33.14208984375
5515009,34.60693359375
5519833,32.958984375
5534696,35.33935546875
5537477,33.3251953125
5543988,36.4990234375
5547126,35.5224609375
5548247,33.69140625
5551897,33.203125
5552017,40.22216796875
5552462,47.119140625
5552570,33.02001953125
5554432,34.1796875
5558728,33.0810546875
5559653,33.75244140625
5560357,32.5927734375
5597971,35.7666015625
5633484,32.958984375
5639896,33.447265625
5640121,33.26416015625
5642105,33.5693359375
5643704,33.8134765625
5646859,34.36279296875
5646909,38.4521484375
5647667,37.7197265625
5648928,37.53662109375
5652130,34.85107421875
5652929,33.447265625
5653351,34.0576171875
5653715,32.5927734375
5654325,33.02001953125
5690323,37.59765625
5693143,32.65380859375
5711742,35.82763671875
5715340,34.11865234375
5719047,33.3251953125
5719425,34.24072265625
5720141,34.85107421875
5720545,36.1328125
5720952,34.5458984375
5721749,34.1796875
5722532,32.89794921875
5723946,33.99658203125
5724357,32.958984375
5724533,35.7666015625
5724944,33.02001953125
5725345,34.48486328125
5725360,32.5927734375
5727345,35.5224609375
5727357,33.935546875
5727734,33.02001953125
5728126,35.15625
5728357,34.0576171875
5728532,33.8134765625
5729324,36.376953125
5730533,35.46142578125
5733351,33.14208984375
5733546,33.50830078125
5733731,34.1796875
5734507,32.89794921875
5734557,38.39111328125
5734951,34.912109375
5735330,32.77587890625
5738535,32.958984375
5738560,34.24072265625
5738949,38.0859375
5739356,35.70556640625
5739553,38.0859375
5739732,36.0107421875
5740546,33.02001953125
5740951,40.95458984375
5742553,35.5224609375
5745435,33.447265625
5750158,33.8134765625
5752647,32.77587890625
5753756,33.02001953125
5754158,34.3017578125
5756558,32.71484375
5761451,33.14208984375
5763763,33.02001953125
5770870,34.3017578125
5772160,32.5927734375
5790668,34.3017578125
5796598,33.0810546875
5800193,32.5927734375
5815775,35.0341796875
5818485,33.02001953125
5818596,33.447265625
5826605,32.958984375
5832384,32.65380859375
5833803,35.46142578125
5847089,32.958984375
5857198,32.71484375
5862394,33.38623046875
5863969,36.56005859375
5867201,33.02001953125
5872197,34.66796875
5875201,33.3251953125
5888317,34.1796875
5892807,33.0810546875
5893022,32.8369140625
5894103,34.0576171875
5898227,32.65380859375
5902608,33.87451171875
5908226,32.77587890625
5908305,33.14208984375
5911801,33.87451171875
5914851,34.1796875
5917240,33.50830078125
5927615,33.02001953125
5932215,34.1796875
5940023,35.7666015625
5943630,34.7900390625
5962850,33.38623046875
5970242,33.0810546875
5980458,33.87451171875
5996055,33.0810546875
6009294,33.14208984375
6018915,35.70556640625
6019215,42.3583984375
6020663,42.90771484375
6031082,32.71484375
6036864,35.7666015625
6037449,34.60693359375
6042807,33.8134765625
6048758,32.89794921875
6048930,33.87451171875
6062377,38.87939453125
6069047,38.4521484375
6076942,35.82763671875
6085395,33.3251953125
6103090,34.60693359375
6103228,36.07177734375
6112790,34.66796875
6112931,34.912109375
6123430,35.888671875
6133844,35.09521484375
6133985,36.9873046875
6159527,40.283203125
6159579,33.63037109375
6173302,38.9404296875
6187979,33.99658203125
6201721,33.26416015625
6201843,36.07177734375
6234407,55.908203125
6249040,37.7197265625
6249178,40.22216796875
6297904,39.24560546875
6298089,32.5927734375
6298321,38.14697265625
6298470,35.5224609375
6317525,46.38671875
6335315,32.8369140625
6335464,36.0107421875
6347275,38.75732421875
6348121,33.75244140625
6362154,32.8369140625
6362431,37.59765625
6363547,33.0810546875
6372239,34.60693359375
6372418,35.888671875
6373569,33.75244140625
6391724,35.33935546875
6392299,33.447265625
6392383,37.04833984375
6392459,33.63037109375
6414819,34.66796875
6477790,41.259765625
6477928,35.21728515625
6478323,41.19873046875
6478387,32.71484375
6531935,39.48974609375
6532123,38.0859375
6532525,39.4287109375
6532594,47.66845703125
7017457,41.19873046875
7479247,36.4990234375
7479362,38.57421875
7479493,46.9970703125
7479546,38.14697265625
7480866,36.2548828125
7739862,41.07666015625
7783642,35.0341796875
7837673,40.83251953125
8145720,34.36279296875
8145812,35.09521484375
8145891,33.75244140625
8145911,38.75732421875
8145961,46.9970703125
8386948,32.71484375
8387034,33.203125
8387142,41.19873046875
8439208,40.71044921875
8439412,36.80419921875
8439467,39.00146484375
8441023,32.8369140625
8441941,42.236328125
8451900,37.65869140625
8453078,35.0341796875
8453427,35.33935546875
8453598,37.78076171875
8453779,39.36767578125
8453796,34.85107421875
8455101,35.7666015625
8465545,33.75244140625
8465818,35.15625
8466176,32.77587890625
8466330,55.23681640625
8466430,43.51806640625
8466512,35.64453125
8476318,35.0341796875
8478175,38.39111328125
8478381,33.8134765625
8478920,37.4755859375
8479032,53.52783203125
8479126,34.5458984375
8479210,34.48486328125
8492030,34.60693359375
8492323,36.19384765625
8492423,44.49462890625
8492519,36.376953125
8492952,34.7900390625
8502753,34.11865234375
8503219,37.65869140625
8507765,35.58349609375
8508074,33.02001953125
8508775,44.98291015625
8508902,47.4853515625
8509201,36.9873046875
8518734,34.97314453125
8519181,38.0859375
8525137,37.9638671875
8525297,36.92626953125
8525445,38.14697265625
8533653,38.4521484375
8533863,40.58837890625
8540763,33.75244140625
8555099,41.259765625
8564436,32.958984375
8573827,34.66796875
8573857,34.1796875
8573978,37.78076171875
8574248,33.26416015625
8606616,34.11865234375
8616643,41.259765625
8616779,35.888671875
8631422,36.62109375
8631459,38.63525390625
8631525,35.7666015625
8642913,34.60693359375
8643031,41.07666015625
8655612,33.02001953125
8667870,34.0576171875
8680911,35.2783203125
8680946,36.62109375
8681013,33.203125
8692837,34.3017578125
8692866,35.09521484375
8692932,32.71484375
8700897,39.4287109375
8701065,36.80419921875
8714130,35.64453125
8714221,33.203125
8726144,33.38623046875
8741367,34.5458984375
8741471,33.203125
8752870,33.69140625
8764483,32.77587890625
8775517,43.701171875
8775571,32.958984375
8792889,39.1845703125
8806373,37.41455078125
8806416,32.71484375
8823755,37.65869140625
8851904,37.9638671875
8851999,33.5693359375
8864530,34.85107421875
8881941,41.44287109375
8907658,42.6025390625
8942179,41.748046875
8942264,32.89794921875
8942339,33.87451171875
