8998000,0
10105,36.19384765625
10227,30.45654296875
10389,38.14697265625
10631,36.68212890625
10812,32.8369140625
11137,37.41455078125
113385,33.5693359375
113431,33.8134765625
113481,30.517578125
113701,33.8134765625
113876,31.494140625
113904,37.4755859375
113957,43.39599609375
113985,33.8134765625
114084,32.958984375
114218,45.8984375
114305,40.1611328125
215580,43.3349609375
215720,35.58349609375
215865,35.21728515625
215947,40.34423828125
216029,32.53173828125
216392,35.888671875
283648,35.15625
283721,34.11865234375
283770,32.1044921875
283828,32.470703125
283895,36.92626953125
283945,30.8837890625
284040,35.64453125
284111,32.2265625
284166,32.65380859375
284246,33.447265625
284359,35.64453125
368672,45.10498046875
368735,34.66796875
368790,34.423828125
368836,40.771484375
368965,45.34912109375
369038,33.02001953125
369109,37.353515625
369170,39.48974609375
369234,45.654296875
369270,30.3955078125
383157,35.46142578125
386512,31.18896484375
390717,37.17041015625
458097,32.89794921875
458158,34.423828125
458264,40.46630859375
458355,33.26416015625
458489,40.46630859375
458531,32.71484375
458566,38.39111328125
458680,34.7900390625
459003,30.70068359375
471788,32.40966796875
476238,36.31591796875
515161,34.5458984375
515227,33.935546875
515302,37.841796875
515398,36.865234375
515446,37.841796875
515546,42.05322265625
515582,35.5224609375
515634,32.40966796875
515715,34.0576171875
515759,31.982421875
515795,30.57861328125
527915,32.5927734375
529325,30.57861328125
530671,32.1044921875
532129,32.2265625
537735,33.63037109375
647334,37.41455078125
647400,33.0810546875
647546,45.34912109375
647671,41.44287109375
647723,38.0859375
647759,33.99658203125
647799,31.92138671875
661722,31.1279296875
664242,31.55517578125
665675,30.8837890625
670447,31.79931640625
802210,36.62109375
802311,42.48046875
802340,31.18896484375
802354,33.14208984375
802377,39.36767578125
802439,30.45654296875
802562,36.68212890625
802592,30.45654296875
802641,31.31103515625
802661,31.3720703125
802728,32.71484375
802826,35.0341796875
813061,30.82275390625
815263,31.55517578125
817960,30.70068359375
819257,31.982421875
820638,34.912109375
824836,32.470703125
826508,31.3720703125
949492,39.0625
949564,38.14697265625
949704,31.06689453125
949718,35.70556640625
949767,31.31103515625
949822,35.0341796875
949897,30.57861328125
949919,32.71484375
949957,40.52734375
949983,30.57861328125
950029,38.6962890625
950120,41.68701171875
950185,30.517578125
950550,30.45654296875
959606,31.6162109375
963026,30.70068359375
965184,31.494140625
966430,36.68212890625
967526,33.99658203125
968737,33.63037109375
970212,31.982421875
972977,33.02001953125
974476,33.8134765625
977541,32.28759765625
1106600,42.29736328125
1106658,38.14697265625
1106787,31.73828125
1106808,33.02001953125
1106837,36.43798828125
1106851,31.79931640625
1106881,31.43310546875
1106975,31.55517578125
1107013,36.92626953125
1107135,38.75732421875
1107198,36.68212890625
1107625,35.7666015625
1116824,34.24072265625
1121273,31.79931640625
1122429,34.5458984375
1124910,31.31103515625
1128638,34.912109375
1130107,31.1279296875
1131748,31.43310546875
1135448,33.02001953125
1208915,42.1142578125
1208968,39.61181640625
1209002,30.6396484375
1209074,37.2314453125
1209100,31.73828125
1209168,36.68212890625
1209266,30.57861328125
1209287,32.77587890625
1209373,43.212890625
1209471,31.92138671875
1211123,33.5693359375
1220878,31.31103515625
1222578,30.6396484375
1228351,35.5224609375
1229729,34.36279296875
1231254,33.203125
1232544,35.33935546875
1235674,31.43310546875
1283886,39.0625
1284013,31.31103515625
1284086,31.73828125
1284147,33.14208984375
1284164,41.19873046875
1284213,32.3486328125
1284335,57.4951171875
1284387,30.57861328125
1294938,30.82275390625
1297950,32.958984375
1298837,31.18896484375
1303492,51.94091796875
1303521,31.18896484375
1303533,32.1044921875
1303572,33.75244140625
1303650,39.12353515625
1303706,33.63037109375
1303752,34.1796875
1303762,35.7666015625
1303877,36.9873046875
1303931,31.31103515625
1304258,34.72900390625
1312995,33.14208984375
1313161,30.70068359375
1313447,30.76171875
1313746,30.45654296875
1313771,30.82275390625
1313871,36.376953125
1313943,31.005859375
1323437,31.982421875
1323466,40.83251953125
1323594,41.93115234375
1323877,32.89794921875
1335975,31.67724609375
1341889,32.53173828125
1342802,32.04345703125
1342851,30.94482421875
1342927,32.89794921875
1342969,32.40966796875
1351402,31.18896484375
1351672,36.2548828125
1358225,30.6396484375
1358691,35.58349609375
1359045,32.470703125
1364623,31.43310546875
1369688,33.0810546875
1369886,30.8837890625
1375108,30.76171875
1379698,31.25
1385016,30.94482421875
1391586,30.94482421875
1391864,38.87939453125
1392606,34.7900390625
1402507,32.3486328125
1402872,33.3251953125
1408914,35.15625
1409029,31.73828125
1416669,39.4287109375
1416757,32.40966796875
1416791,32.16552734375
1425797,30.57861328125
1425881,32.16552734375
1426016,32.2265625
1436338,38.02490234375
1436435,32.2265625
1436752,31.005859375
1448321,36.80419921875
1448402,35.33935546875
1448430,30.3955078125
1448733,32.3486328125
1462861,43.0908203125
1462939,48.03466796875
1463087,33.87451171875
1463146,30.517578125
1476490,36.376953125
1476589,45.654296875
1476700,30.94482421875
1476814,36.2548828125
1477016,33.447265625
1490202,39.24560546875
1490301,32.16552734375
1490350,31.1279296875
1490408,35.888671875
1490479,34.48486328125
1503541,32.2265625
1503589,32.2265625
1503651,36.07177734375
1503737,31.494140625
1503759,31.494140625
1518202,32.8369140625
1518288,34.11865234375
1518312,33.5693359375
1518432,31.494140625
1518497,33.87451171875
1530973,33.63037109375
1531494,34.72900390625
1531591,32.3486328125
1531846,30.3955078125
1531972,33.50830078125
1532114,36.31591796875
1544270,33.203125
1544366,32.1044921875
1544376,48.33984375
1544491,30.82275390625
1544890,32.53173828125
1556829,30.45654296875
1556881,30.517578125
1556948,35.5224609375
1557041,32.65380859375
1557204,36.9873046875
1560243,31.18896484375
1569558,31.005859375
1569664,32.2265625
1569772,31.92138671875
1570050,33.02001953125
1570201,33.38623046875
1582793,31.18896484375
1583028,32.1044921875
1583102,30.76171875
1583211,38.330078125
1583649,32.53173828125
1597736,33.26416015625
1597785,32.40966796875
1597856,41.6259765625
1597970,31.92138671875
1611714,31.55517578125
1611832,40.4052734375
1611954,31.494140625
1626393,31.8603515625
1626470,31.73828125
1634550,30.3955078125
1645539,32.04345703125
1645655,41.259765625
1645706,35.33935546875
1645776,33.02001953125
1668881,31.25
1668972,30.3955078125
1669000,31.8603515625
1669235,35.15625
1695237,33.0810546875
1698808,34.912109375
1698853,32.958984375
1698916,36.865234375
1699021,34.60693359375
1699350,32.470703125
1882946,31.55517578125
1909083,30.82275390625
2004522,32.958984375
2023441,30.76171875
2039702,31.67724609375
2142140,32.65380859375
2144014,32.470703125
2167051,31.005859375
2182048,31.3720703125
2210488,32.2265625
2253103,31.67724609375
2255502,31.31103515625
2300327,30.45654296875
2337420,32.3486328125
2344335,34.5458984375
2352431,33.87451171875
2375820,42.6025390625
2375847,36.92626953125
2375872,35.09521484375
2375920,43.212890625
2375956,38.02490234375
2375994,31.06689453125
2376037,33.50830078125
2376110,31.3720703125
2376183,43.0908203125
2376240,32.2265625
2376316,31.25
2376891,33.75244140625
2377841,33.14208984375
2378051,35.400390625
2378437,30.76171875
2390832,30.76171875
2391723,31.6162109375
2392547,37.841796875
2393814,31.005859375
2394819,34.36279296875
2395981,33.935546875
2396966,32.3486328125
2397971,35.0341796875
2399051,33.14208984375
2400122,30.8837890625
2401250,34.36279296875
2402460,37.29248046875
2403606,31.494140625
2404820,33.26416015625
2406017,31.55517578125
2408488,33.3251953125
2410951,30.82275390625
2434566,33.99658203125
2440954,32.89794921875
2481156,30.82275390625
2484193,31.25
2488376,30.3955078125
2492963,32.04345703125
2507473,33.3251953125
2514997,30.8837890625
2521321,31.6162109375
2524991,32.2265625
2540779,31.31103515625
2553594,33.87451171875
2557607,31.982421875
2567389,33.3251953125
2570428,31.3720703125
2583805,30.45654296875
2586398,31.8603515625
2591022,33.5693359375
2596004,30.57861328125
2598305,30.76171875
2604608,30.70068359375
2606722,31.25
2609912,30.3955078125
2610211,33.38623046875
2611277,32.470703125
2630108,33.3251953125
2632824,30.8837890625
2635872,32.40966796875
2637846,31.494140625
2642936,30.94482421875
2646552,30.57861328125
2681243,31.79931640625
2682267,32.8369140625
2690557,31.06689453125
2701580,33.3251953125
2703740,30.3955078125
2712862,34.1796875
2742778,30.3955078125
2743274,31.67724609375
2745476,30.94482421875
2745987,30.8837890625
2766717,37.4755859375
2767785,32.5927734375
2782205,39.00146484375
2782246,35.70556640625
2782299,32.5927734375
2782341,30.8837890625
2782404,41.015625
2782477,31.494140625
2782538,35.400390625
2782621,37.90283203125
2782690,35.15625
2782753,36.92626953125
2782800,35.15625
2782952,34.0576171875
2783966,30.8837890625
2783985,33.14208984375
2784042,33.69140625
2785099,32.958984375
2785997,30.8837890625
2793900,30.70068359375
2794715,31.79931640625
2797408,32.16552734375
2798087,31.3720703125
2798765,30.70068359375
2799586,38.63525390625
2801266,30.82275390625
2801967,32.3486328125
2802786,31.79931640625
2803656,30.70068359375
2804474,33.38623046875
2804521,30.82275390625
2805343,38.26904296875
2806264,31.18896484375
2807244,30.517578125
2808171,30.82275390625
2809878,30.82275390625
2810812,30.70068359375
2811749,37.04833984375
2812706,36.9873046875
2813814,33.3251953125
2814714,33.26416015625
2817023,36.376953125
2818086,31.18896484375
2819079,31.67724609375
2820271,32.65380859375
2820919,31.6162109375
2822411,36.07177734375
2824490,30.45654296875
2833222,30.3955078125
2833627,33.0810546875
2835733,30.517578125
2864848,30.6396484375
2881179,31.005859375
2883253,35.0341796875
2893306,31.31103515625
2897994,30.3955078125
2903376,32.5927734375
2909397,31.31103515625
2909988,31.06689453125
2911069,31.18896484375
2912775,33.99658203125
2916075,32.71484375
2923199,31.67724609375
2924481,30.6396484375
2951396,31.005859375
2952200,31.73828125
2961807,31.43310546875
2966402,30.82275390625
2966512,32.2265625
2967401,30.57861328125
2970204,33.447265625
2972127,30.45654296875
2988116,32.5927734375
2999118,30.57861328125
3003663,43.3349609375
3003707,37.78076171875
3003742,38.39111328125
3003839,33.50830078125
3003866,34.7900390625
3003902,35.46142578125
3003934,61.5234375
3003971,33.447265625
3003986,36.19384765625
3004099,37.353515625
3004157,37.59765625
3004171,33.447265625
3004204,35.888671875
3004296,31.79931640625
3004728,36.19384765625
3004844,30.517578125
3006039,33.26416015625
3006835,30.3955078125
3007412,31.6162109375
3009250,30.517578125
3010226,30.70068359375
3012336,31.25
3012467,32.1044921875
3014730,30.3955078125
3016137,32.3486328125
3019532,30.94482421875
3020219,31.31103515625
3021012,30.94482421875
3021716,31.494140625
3022702,31.43310546875
3023752,32.71484375
3024503,31.494140625
3025264,36.865234375
3026896,31.18896484375
3027706,31.55517578125
3028497,32.5927734375
3028534,31.55517578125
3029406,32.89794921875
3029839,30.76171875
3030306,31.6162109375
3031214,32.28759765625
3032236,39.6728515625
3033139,35.09521484375
3033474,30.45654296875
3034018,35.58349609375
3034995,34.24072265625
3035754,30.45654296875
3036763,30.70068359375
3037784,30.8837890625
3038816,34.36279296875
3039046,42.29736328125
3039974,43.8232421875
3040922,35.46142578125
3042019,34.912109375
3043440,34.3017578125
3043662,31.06689453125
3044260,30.6396484375
3046257,32.3486328125
3050950,31.005859375
3051048,31.25
3056078,31.25
3063859,31.79931640625
3063946,33.0810546875
3065447,31.25
3065664,31.67724609375
3066255,34.48486328125
3068144,30.94482421875
3073334,40.83251953125
3073372,32.04345703125
3073448,46.44775390625
3073466,31.25
3073504,33.935546875
3073545,31.55517578125
3073559,37.4755859375
3073578,52.91748046875
3073615,30.70068359375
3073649,38.57421875
3073679,34.3017578125
3073713,38.2080078125
3073731,39.48974609375
3073759,41.44287109375
3073789,35.5224609375
3073817,31.79931640625
3073951,30.3955078125
3074321,36.0107421875
3074454,31.18896484375
3074903,31.43310546875
3074985,31.55517578125
3075745,32.16552734375
3075964,35.2783203125
3076856,32.3486328125
3077139,31.43310546875
3077462,33.14208984375
3079449,30.94482421875
3081355,30.3955078125
3087360,37.41455078125
3087754,31.1279296875
3087873,33.38623046875
3088667,37.353515625
3088733,31.06689453125
3088888,34.72900390625
3088899,35.33935546875
3088942,35.2783203125
3088960,45.41015625
3088993,34.423828125
3089032,40.22216796875
3089092,31.494140625
3089118,31.005859375
3089251,31.18896484375
3089845,31.06689453125
3091862,30.3955078125
3096455,30.57861328125
3103084,31.79931640625
3103304,31.1279296875
3103351,31.494140625
3103372,32.958984375
3103415,33.8134765625
3103462,33.26416015625
3103562,30.8837890625
3104555,31.31103515625
3105202,30.3955078125
3105468,30.517578125
3108456,31.79931640625
3111063,30.94482421875
3113677,30.8837890625
3114721,37.65869140625
3114824,33.75244140625
3114859,31.8603515625
3115068,32.8369140625
3115272,34.97314453125
3115337,30.76171875
3115358,31.18896484375
3115426,32.28759765625
3115469,35.400390625
3115542,36.19384765625
3116764,31.18896484375
3117275,31.3720703125
3117677,31.73828125
3118061,30.82275390625
3119061,30.94482421875
3121364,35.64453125
3122668,36.1328125
3122885,30.76171875
3124263,31.55517578125
3124666,31.55517578125
3126900,35.33935546875
3127067,34.5458984375
3127265,34.11865234375
3127277,37.65869140625
3127574,34.0576171875
3127683,31.79931640625
3128720,31.6162109375
3128862,30.3955078125
3129066,30.76171875
3134668,31.1279296875
3137924,34.72900390625
3138091,33.14208984375
3138240,30.3955078125
3138796,34.0576171875
3138956,33.14208984375
3142844,32.53173828125
3144885,30.3955078125
3147879,30.70068359375
3148202,34.1796875
3148331,40.46630859375
3148773,30.76171875
3148976,38.9404296875
3150168,32.40966796875
3156079,30.517578125
3156191,35.2783203125
3156559,35.64453125
3156645,31.25
3156885,30.76171875
3157186,34.24072265625
3157313,32.958984375
3157355,32.71484375
3158275,30.94482421875
3158291,30.3955078125
3158671,31.8603515625
3159669,34.912109375
3160786,30.94482421875
3167405,31.1279296875
3167530,31.67724609375
3167840,34.0576171875
3167951,31.73828125
3168385,36.0107421875
3168586,36.80419921875
3168598,31.79931640625
3171100,32.8369140625
3171380,30.6396484375
3173692,30.45654296875
3176077,31.79931640625
3176456,32.16552734375
3176586,32.04345703125
3176697,31.55517578125
3177077,31.8603515625
3177192,31.31103515625
3177454,31.494140625
3178484,31.18896484375
3178865,34.7900390625
3184885,35.58349609375
3185344,34.72900390625
3185480,31.18896484375
3185497,31.005859375
3185605,39.36767578125
3185683,35.21728515625
3185756,32.53173828125
3185822,30.94482421875
3188882,30.82275390625
3190013,30.94482421875
3192885,32.3486328125
3194878,31.6162109375
3196556,38.87939453125
3196845,30.8837890625
3197209,42.6025390625
3207127,43.64013671875
3207328,31.55517578125
3207478,31.31103515625
3207587,30.517578125
3207752,36.4990234375
3207802,30.57861328125
3207859,30.45654296875
3214416,33.26416015625
3217419,39.9169921875
3217600,35.64453125
3217807,36.19384765625
3217959,34.0576171875
3217979,31.25
3218044,30.76171875
3222992,30.82275390625
3223900,31.3720703125
3229085,31.67724609375
3229377,30.3955078125
3229388,39.36767578125
3229580,30.45654296875
3229626,31.06689453125
3229689,30.3955078125
3229793,33.87451171875
3230692,33.69140625
3230823,32.65380859375
3234693,33.87451171875
3236597,31.1279296875
3239943,46.32568359375
3240187,41.50390625
3240218,32.8369140625
3240524,33.87451171875
3240540,31.3720703125
3240862,31.1279296875
3250990,33.935546875
3251323,32.89794921875
3251513,30.45654296875
3255903,32.53173828125
3262574,34.5458984375
3262730,34.60693359375
3262785,31.06689453125
3262829,32.1044921875
3262872,30.57861328125
3263505,32.5927734375
3275714,31.25
3275757,34.0576171875
3275800,36.43798828125
3277018,32.65380859375
3278511,31.73828125
3289070,37.9638671875
3289111,32.77587890625
3289676,34.5458984375
3289937,30.6396484375
3290762,30.6396484375
3290991,30.82275390625
3291516,34.0576171875
3291563,33.447265625
3291968,32.2265625
3303313,40.6494140625
3303494,30.76171875
3303509,33.63037109375
3304071,32.77587890625
3305098,31.25
3305537,30.45654296875
3318770,40.95458984375
3319084,30.57861328125
3319340,34.11865234375
3319995,30.94482421875
3322931,38.6962890625
3325297,30.3955078125
3327638,32.04345703125
3333148,30.57861328125
3336609,43.64013671875
3336646,31.494140625
3336667,31.6162109375
3336705,31.79931640625
3336777,33.935546875
3336898,34.7900390625
3337102,45.8984375
3355301,36.31591796875
3355487,33.935546875
3355564,30.6396484375
3355623,30.82275390625
3355654,30.3955078125
3355737,30.94482421875
3355765,35.21728515625
3355858,30.82275390625
3355968,31.31103515625
3356933,35.5224609375
3357303,30.6396484375
3376445,31.25
3379559,31.6162109375
3380370,33.38623046875
3380403,33.935546875
3380446,30.517578125
3380476,32.28759765625
3380534,31.73828125
3380571,31.3720703125
3380627,30.70068359375
3380700,33.0810546875
3380736,34.1796875
3380776,36.31591796875
3380870,33.8134765625
3380979,33.87451171875
3381025,33.75244140625
3381235,31.1279296875
3382174,32.2265625
3382757,32.5927734375
3382922,31.31103515625
3385974,33.935546875
3390061,33.87451171875
3392666,30.94482421875
3403774,32.3486328125
3406780,30.45654296875
3409267,30.45654296875
3415019,32.8369140625
3415056,46.142578125
3415122,39.794921875
3415180,37.7197265625
3415234,38.39111328125
3415283,39.36767578125
3415326,36.865234375
3415537,37.109375
3415570,35.09521484375
3415586,44.5556640625
3415613,36.56005859375
3415662,37.90283203125
3415686,34.912109375
3415773,46.38671875
3416175,32.89794921875
3417870,31.79931640625
3424780,33.203125
3425573,30.517578125
3427393,30.45654296875
3430793,36.2548828125
3434492,30.6396484375
3434583,31.1279296875
3450096,31.06689453125
3451272,33.5693359375
3451310,33.87451171875
3451391,32.958984375
3451426,41.748046875
3451440,30.8837890625
3451503,35.0341796875
3451606,30.94482421875
3451632,36.2548828125
3451693,36.19384765625
3451722,36.43798828125
3451787,46.56982421875
3451847,35.58349609375
3451911,31.3720703125
3451991,30.94482421875
3452004,33.203125
3452086,30.8837890625
3452261,31.3720703125
3452431,31.25
3452631,32.3486328125
3453305,33.203125
3453413,31.18896484375
3453997,31.43310546875
3454246,32.958984375
3454602,33.50830078125
3456394,30.76171875
3456694,33.3251953125
3457790,31.67724609375
3461901,31.1279296875
3464593,31.67724609375
3467408,31.6162109375
3467491,35.58349609375
3467807,31.3720703125
3468017,50.4150390625
3468296,39.794921875
3468362,32.8369140625
3468545,32.40966796875
3468596,31.005859375
3468617,34.60693359375
3472877,31.3720703125
3474700,30.517578125
3475624,33.50830078125
3475825,31.79931640625
3476024,33.63037109375
3480517,31.6162109375
3482411,30.517578125
3482486,33.14208984375
3482533,31.005859375
3482617,30.517578125
3482829,36.0107421875
3482910,39.55078125
3483214,38.818359375
3483248,35.58349609375
3483333,31.43310546875
3483385,33.99658203125
3483423,35.21728515625
3491909,30.76171875
3494012,30.70068359375
3496989,35.46142578125
3497018,32.8369140625
3497207,30.6396484375
3497819,31.6162109375
3498525,30.57861328125
3499051,35.64453125
3499220,31.8603515625
3499450,34.85107421875
3501017,33.75244140625
3502433,31.06689453125
3508622,31.3720703125
3509717,30.3955078125
3512321,33.0810546875
3512604,32.3486328125
3512715,31.6162109375
3512923,37.841796875
3513901,31.55517578125
3514430,30.57861328125
3514638,31.92138671875
3517841,31.67724609375
3521622,33.02001953125
3522100,30.6396484375
3522427,35.58349609375
3525625,33.50830078125
3528632,31.8603515625
3528824,32.77587890625
3531056,30.45654296875
3533132,32.2265625
3533246,32.40966796875
3535240,30.94482421875
3535766,34.60693359375
3535839,30.94482421875
3535964,38.9404296875
3536032,32.470703125
3536049,31.18896484375
3536086,31.005859375
3536217,32.04345703125
3536248,31.43310546875
3536320,32.77587890625
3536365,34.423828125
3536629,31.1279296875
3536929,30.3955078125
3540731,32.16552734375
3541289,30.57861328125
3542243,32.53173828125
3544347,34.7900390625
3544445,30.82275390625
3545139,32.8369140625
3550439,32.2265625
3550665,30.76171875
3550863,33.3251953125
3550938,31.6162109375
3554081,30.70068359375
3555257,30.82275390625
3555641,32.16552734375
3555850,30.57861328125
3556044,32.958984375
3559544,30.6396484375
3560524,40.58837890625
3560541,32.65380859375
3560654,33.26416015625
3560739,34.3017578125
3560821,38.87939453125
3560856,32.65380859375
3560920,34.36279296875
3561059,47.79052734375
3561108,32.8369140625
3561655,31.06689453125
3562264,34.912109375
3563740,30.3955078125
3565453,31.1279296875
3566069,32.958984375
3566447,33.8134765625
3568156,32.53173828125
3571848,31.79931640625
3573852,34.36279296875
3574483,36.31591796875
3576855,30.76171875
3580355,35.70556640625
3580648,31.3720703125
3581058,33.75244140625
3582453,35.2783203125
3582469,31.6162109375
3586272,30.45654296875
3587054,33.203125
3587162,30.3955078125
3587258,32.16552734375
3590954,46.7529296875
3591007,46.875
3591065,32.40966796875
3591111,33.26416015625
3591159,44.12841796875
3591195,31.494140625
3591271,32.2265625
3591346,41.748046875
3591549,38.0859375
3591747,36.07177734375
3591815,34.11865234375
3591854,38.2080078125
3592276,30.45654296875
3592847,30.45654296875
3595059,31.31103515625
3596403,30.517578125
3598051,31.31103515625
3598955,32.958984375
3604273,34.97314453125
3604669,30.57861328125
3604856,31.31103515625
3605078,31.494140625
3608155,32.1044921875
3608471,33.38623046875
3610457,31.31103515625
3610873,32.958984375
3613560,31.55517578125
3617464,31.005859375
3618192,32.40966796875
3618864,30.76171875
3619158,33.0810546875
3619281,32.04345703125
3619363,30.45654296875
3622964,30.3955078125
3623865,33.447265625
3624666,31.06689453125
3624869,32.65380859375
3631846,30.82275390625
3636068,30.45654296875
3637362,31.005859375
3639527,32.40966796875
3639869,34.85107421875
3642179,33.447265625
3644669,32.2265625
3645671,34.7900390625
3646670,31.92138671875
3647772,31.25
3649573,30.3955078125
3650083,30.8837890625
3658989,30.70068359375
3659115,30.3955078125
3660475,32.1044921875
3663491,31.92138671875
3663879,30.8837890625
3663972,33.447265625
3665896,30.94482421875
3666789,30.517578125
3676685,32.2265625
3688890,31.3720703125
3694509,32.28759765625
3696894,30.70068359375
3697180,30.82275390625
3698188,30.45654296875
3699289,32.958984375
3699899,37.9638671875
3700589,30.8837890625
3704514,31.25
3706795,34.66796875
3707111,31.73828125
3708798,31.92138671875
3715931,31.06689453125
3718902,31.6162109375
3720999,31.79931640625
3721796,35.33935546875
3723930,33.5693359375
3724209,30.6396484375
3725704,30.45654296875
3728913,34.11865234375
3728991,35.5224609375
3735013,32.3486328125
3735110,33.447265625
3737179,30.82275390625
3742526,32.5927734375
3743716,30.3955078125
3746816,32.04345703125
3748338,32.04345703125
3748922,30.82275390625
3749116,35.33935546875
3749226,30.70068359375
3749419,31.31103515625
3751908,30.94482421875
3753565,30.82275390625
3754326,41.32080078125
3754416,30.57861328125
3756725,31.73828125
3759312,32.53173828125
3759731,31.494140625
3760436,33.203125
3760618,32.8369140625
3762312,31.1279296875
3763313,30.517578125
3766118,30.45654296875
3769728,32.3486328125
3770317,31.18896484375
3771117,30.76171875
3771220,30.8837890625
3771326,32.77587890625
3772528,32.958984375
3772917,32.958984375
3774417,34.1796875
3775722,31.06689453125
3776125,30.76171875
3777365,31.18896484375
3778727,32.04345703125
3779539,33.50830078125
3780322,34.48486328125
3783719,31.73828125
3784624,33.0810546875
3784741,31.005859375
3786819,36.92626953125
3786922,33.5693359375
3787122,31.3720703125
3787186,30.3955078125
3791149,31.73828125
3792726,33.447265625
3793925,35.5224609375
3794451,31.1279296875
3795144,30.45654296875
3795349,31.55517578125
3795423,31.25
3796341,31.55517578125
3797627,31.18896484375
3798020,33.8134765625
3798135,32.71484375
3799325,33.87451171875
3799726,31.6162109375
3799923,30.82275390625
3800322,31.79931640625
3802026,30.70068359375
3802127,31.3720703125
3802530,33.203125
3803727,30.3955078125
3805328,35.15625
3806545,31.31103515625
3806735,30.3955078125
3806933,30.76171875
3809760,35.58349609375
3810025,32.5927734375
3811330,33.203125
3815932,31.1279296875
3820933,33.38623046875
3826230,31.43310546875
3830722,37.2314453125
3836540,32.71484375
3837349,30.6396484375
3837447,31.6162109375
3842346,33.203125
3842861,31.3720703125
3843040,33.0810546875
3844738,37.53662109375
3844963,32.53173828125
3846109,32.40966796875
3847162,32.53173828125
3848161,32.3486328125
3849068,32.28759765625
3849340,32.5927734375
3849364,32.04345703125
3852952,30.517578125
3853467,30.6396484375
3854161,30.3955078125
3856054,33.447265625
3856645,30.3955078125
3858047,33.5693359375
3858247,31.73828125
3865269,33.8134765625
3865522,31.79931640625
3866469,32.89794921875
3870551,35.400390625
3872960,30.517578125
3873856,31.982421875
3874764,31.18896484375
3877658,31.18896484375
3877768,31.43310546875
3878001,33.69140625
3878073,31.005859375
3880556,40.0390625
3883962,30.517578125
3884061,38.39111328125
3884156,32.65380859375
3884370,33.38623046875
3885172,30.94482421875
3886358,31.92138671875
3890585,32.28759765625
3895559,33.14208984375
3896357,32.28759765625
3897671,31.3720703125
3898172,31.67724609375
3898572,30.82275390625
3900097,30.76171875
3902241,32.958984375
3906268,33.8134765625
3907961,34.36279296875
3908371,30.6396484375
3908563,31.3720703125
3910365,31.55517578125
3911976,31.1279296875
3913871,33.99658203125
3917064,32.71484375
3917479,40.10009765625
3918573,34.1796875
3919193,30.6396484375
3920578,33.5693359375
3921181,31.8603515625
3922180,31.67724609375
3922881,32.3486328125
3923372,37.353515625
3924874,31.3720703125
3926874,32.1044921875
3929182,34.66796875
3930677,32.77587890625
3931287,32.53173828125
3933979,32.8369140625
3936683,35.94970703125
3937283,36.43798828125
3941850,32.04345703125
3944190,35.0341796875
3944679,32.3486328125
3947582,31.982421875
3948182,32.28759765625
3950903,32.40966796875
3952601,34.85107421875
3954600,32.53173828125
3954985,35.0341796875
3958401,31.06689453125
3961193,33.87451171875
3961294,32.8369140625
3963801,31.3720703125
3964192,33.87451171875
3965297,34.24072265625
3968397,31.1279296875
3969996,32.40966796875
3970797,31.005859375
3971793,30.82275390625
3971996,30.70068359375
3973004,30.6396484375
3973797,31.92138671875
3974398,31.8603515625
3975096,31.494140625
3975486,30.45654296875
3976008,30.3955078125
3976303,30.45654296875
3976405,33.38623046875
3976615,30.76171875
3977413,33.3251953125
3978504,31.1279296875
3979800,31.494140625
3980209,33.38623046875
3980405,39.4287109375
3980611,35.7666015625
3981209,32.04345703125
3981408,32.04345703125
3982798,34.11865234375
3984197,31.3720703125
3986617,32.71484375
3986907,30.76171875
3987609,30.6396484375
3987818,36.1328125
3988009,33.0810546875
3988109,31.982421875
3989003,32.53173828125
3989207,30.76171875
3989621,30.45654296875
3990217,31.494140625
3990712,31.3720703125
3991905,30.76171875
3992820,32.3486328125
3992910,31.55517578125
3993027,32.5927734375
3993633,33.38623046875
3993805,31.25
3995413,31.6162109375
3996029,30.3955078125
3996407,30.57861328125
3998318,32.2265625
3998632,30.45654296875
3999517,31.005859375
4001516,30.45654296875
4001609,33.8134765625
4002611,30.45654296875
4003223,30.517578125
4003620,31.3720703125
4003819,30.70068359375
4004034,33.447265625
4004216,31.3720703125
4006916,30.45654296875
4007418,31.1279296875
4007619,32.28759765625
4008221,33.447265625
4008622,31.25
4009128,31.005859375
4010019,32.04345703125
4013120,30.45654296875
4013926,30.6396484375
4014027,30.57861328125
4014722,31.67724609375
4015425,30.94482421875
4016222,32.1044921875
4017243,36.9873046875
4018119,31.06689453125
4019226,30.45654296875
4019729,31.31103515625
4020127,32.04345703125
4020647,30.57861328125
4020720,30.45654296875
4020923,31.005859375
4021118,31.79931640625
4022045,31.31103515625
4022625,30.70068359375
4023425,33.935546875
4023645,30.6396484375
4023749,30.94482421875
4023833,30.94482421875
4024865,39.306640625
4025037,31.8603515625
4025629,32.3486328125
4027232,30.82275390625
4027908,35.33935546875
4028049,30.3955078125
4028848,30.76171875
4029434,32.04345703125
4030831,31.67724609375
4032452,31.18896484375
4033127,31.06689453125
4034026,31.1279296875
4034929,30.82275390625
4035825,31.06689453125
4036051,30.70068359375
4037556,31.73828125
4037940,35.09521484375
4038829,30.45654296875
4039647,31.494140625
4040630,40.0390625
4040832,31.6162109375
4041459,30.45654296875
4041537,31.3720703125
4043638,32.65380859375
4044236,34.0576171875
4044533,31.18896484375
4044641,33.14208984375
4044734,30.76171875
4045542,32.28759765625
4045685,32.1044921875
4046639,33.63037109375
4046844,32.65380859375
4050943,32.71484375
4051243,30.3955078125
4052237,30.6396484375
4053745,32.04345703125
4054048,33.69140625
4057151,30.45654296875
4057940,32.28759765625
4058146,32.16552734375
4059449,32.40966796875
4059642,36.92626953125
4060140,32.77587890625
4060444,31.494140625
4060863,32.2265625
4060944,32.71484375
4064454,31.06689453125
4064894,30.45654296875
4065571,33.02001953125
4066054,32.71484375
4067855,31.79931640625
4068254,30.57861328125
4068552,30.8837890625
4069254,31.31103515625
4071655,30.3955078125
4073266,31.06689453125
4077653,31.1279296875
4079557,30.517578125
4079857,34.48486328125
4080160,32.1044921875
4080749,31.494140625
4081556,31.79931640625
4081664,30.70068359375
4083253,33.99658203125
4094666,32.40966796875
4096656,30.70068359375
4102865,31.67724609375
4106093,31.3720703125
4107680,31.8603515625
4109474,33.0810546875
4120080,31.005859375
4122696,32.65380859375
4123293,31.31103515625
4123578,30.3955078125
4124990,31.92138671875
4125676,32.89794921875
4127678,34.66796875
4128690,30.3955078125
4130607,32.40966796875
4131882,34.24072265625
4132085,30.8837890625
4133363,31.3720703125
4134577,31.982421875
4136298,32.53173828125
4137090,31.982421875
4137293,34.5458984375
4140297,30.45654296875
4142304,30.45654296875
4143062,31.1279296875
4143908,30.57861328125
4145114,30.70068359375
4145682,31.005859375
4147393,36.80419921875
4147908,30.6396484375
4148095,35.888671875
4149204,36.62109375
4150917,30.70068359375
4152493,33.50830078125
4152589,30.8837890625
4153101,30.517578125
4154558,30.57861328125
4155094,31.43310546875
4155715,31.31103515625
4156307,37.04833984375
4156996,32.470703125
4158910,34.72900390625
4159197,31.005859375
4160597,30.3955078125
4160717,30.76171875
4164400,30.76171875
4166211,30.70068359375
4166310,30.76171875
4166498,31.982421875
4166905,30.8837890625
4167112,30.57861328125
4167206,30.8837890625
4168301,31.06689453125
4168316,31.67724609375
4168500,32.16552734375
4168701,31.982421875
4169195,35.5224609375
4170011,34.60693359375
4171103,34.1796875
4171903,41.19873046875
4173608,31.67724609375
4174137,32.2265625
4174719,32.89794921875
4175507,36.07177734375
4176909,31.3720703125
4177415,31.1279296875
4177724,32.5927734375
4178217,30.6396484375
4179724,33.8134765625
4179904,33.203125
4184211,33.203125
4185919,31.18896484375
4188726,30.94482421875
4188913,30.45654296875
4191336,31.25
4193217,30.45654296875
4195731,30.70068359375
4199721,31.18896484375
4200120,31.18896484375
4201124,30.76171875
4203448,32.5927734375
4204161,30.94482421875
4206931,31.005859375
4208521,30.57861328125
4208722,33.26416015625
4213321,31.25
4214126,30.82275390625
4214332,34.912109375
4214823,31.3720703125
4215124,32.04345703125
4215622,35.888671875
4216623,30.6396484375
4217128,33.5693359375
4218123,31.92138671875
4218522,32.71484375
4218925,34.48486328125
4220026,33.0810546875
4220326,32.1044921875
4220628,32.28759765625
4221135,31.92138671875
4222221,30.3955078125
4224343,33.203125
4224931,36.0107421875
4225528,31.79931640625
4225927,31.005859375
4228732,31.06689453125
4231544,34.0576171875
4233433,30.8837890625
4234833,33.14208984375
4235144,31.55517578125
4237948,33.203125
4238740,31.25
4241532,30.517578125
4243558,31.31103515625
4247240,32.04345703125
4248942,30.3955078125
4251539,32.65380859375
4254437,31.55517578125
4254804,30.6396484375
4254942,32.8369140625
4255353,30.6396484375
4257156,33.75244140625
4260638,33.203125
4261048,31.18896484375
4261950,30.6396484375
4262147,31.92138671875
4262562,30.3955078125
4262754,30.45654296875
4262847,30.70068359375
4266143,31.1279296875
4266547,32.3486328125
4266858,31.494140625
4268250,31.982421875
4269370,31.73828125
4270046,30.94482421875
4271366,32.04345703125
4271851,30.517578125
4272151,36.56005859375
4272855,30.3955078125
4273447,33.87451171875
4274355,33.14208984375
4279766,30.6396484375
4282960,31.18896484375
4284158,31.43310546875
4287577,31.06689453125
4288367,33.02001953125
4289956,31.31103515625
4291775,31.6162109375
4293157,32.04345703125
4293764,31.6162109375
4294161,32.5927734375
4296374,30.94482421875
4296564,31.43310546875
4298086,31.55517578125
4302382,30.57861328125
4303174,30.3955078125
4304372,31.494140625
4305166,32.1044921875
4307174,32.28759765625
4307583,38.6962890625
4308469,33.02001953125
4309189,30.70068359375
4309377,33.14208984375
4310176,35.21728515625
4311375,30.45654296875
4311984,31.3720703125
4312573,32.28759765625
4315773,31.1279296875
4316180,30.6396484375
4316391,33.02001953125
4318544,31.494140625
4318591,32.71484375
4320080,30.82275390625
4320676,33.935546875
4321395,32.77587890625
4323182,31.494140625
4323400,31.18896484375
4324586,30.3955078125
4326797,30.8837890625
4326980,30.3955078125
4327202,30.3955078125
4327395,32.5927734375
4327596,31.06689453125
4328799,36.2548828125
4332197,30.3955078125
4332593,33.50830078125
4333281,30.70068359375
4334002,31.494140625
4338404,34.5458984375
4339484,31.31103515625
4340146,30.45654296875
4344369,33.8134765625
4345563,34.3017578125
4347809,32.3486328125
4347991,31.31103515625
4348030,31.31103515625
4350192,32.77587890625
4350393,30.45654296875
4350817,33.75244140625
4351009,30.76171875
4351413,33.02001953125
4352996,31.79931640625
4353795,30.45654296875
4354396,30.8837890625
4355696,32.28759765625
4357407,30.517578125
4357601,31.25
4359092,32.16552734375
4359590,30.3955078125
4361501,31.494140625
4367219,34.24072265625
4368967,31.005859375
4371366,30.6396484375
4372597,32.1044921875
4375398,30.8837890625
4377800,30.76171875
4380004,33.0810546875
4381021,30.8837890625
4382402,30.82275390625
4383623,30.8837890625
4385626,32.77587890625
4386223,31.31103515625
4387022,34.66796875
4388711,31.25
4389622,31.18896484375
4390614,33.447265625
4390633,32.53173828125
4393698,32.04345703125
4393831,31.79931640625
4394622,30.94482421875
4395430,32.1044921875
4396907,31.73828125
4397032,32.5927734375
4398225,32.3486328125
4399022,30.6396484375
4400119,30.517578125
4401014,32.1044921875
4407515,31.005859375
4410253,31.005859375
4412818,34.66796875
4414433,32.53173828125
4414820,31.6162109375
4415230,36.0107421875
4422427,31.79931640625
4426443,34.3017578125
4429841,31.31103515625
4433334,31.73828125
4433627,31.8603515625
4434757,30.70068359375
4435962,31.06689453125
4437833,32.470703125
4441421,37.59765625
4445058,32.3486328125
4453437,30.70068359375
4453826,33.14208984375
4456081,31.8603515625
4477799,30.517578125
4478677,31.06689453125
4481859,33.26416015625
4488138,32.53173828125
4489012,30.94482421875
4489982,30.3955078125
4516523,30.8837890625
4517089,32.1044921875
4517178,32.71484375
4524284,32.53173828125
4526080,32.16552734375
4538008,31.79931640625
4539506,30.6396484375
4581212,31.67724609375
4590942,30.82275390625
4591514,30.94482421875
4637439,30.57861328125
4638536,31.005859375
4639239,31.06689453125
4640781,30.57861328125
4647349,30.76171875
4648560,34.48486328125
4654162,30.3955078125
4665148,33.75244140625
4669551,34.3017578125
4672166,30.82275390625
4673752,34.60693359375
4675157,33.447265625
4675759,30.57861328125
4677506,31.3720703125
4685658,31.005859375
4688154,35.94970703125
4690164,34.24072265625
4700460,31.73828125
4702962,33.75244140625
4704789,30.94482421875
4707757,30.57861328125
4714981,32.1044921875
4715173,30.45654296875
4724382,30.3955078125
4729777,31.3720703125
4732176,31.3720703125
4734478,32.28759765625
4735988,30.6396484375
4736299,30.57861328125
4736482,31.55517578125
4738785,31.18896484375
4743381,35.46142578125
4744992,32.8369140625
4746380,31.79931640625
4748197,34.11865234375
4749182,30.57861328125
4750490,36.07177734375
4751396,33.75244140625
4751789,31.31103515625
4753218,30.82275390625
4754587,30.94482421875
4754707,36.62109375
4754809,33.3251953125
4754945,31.25
4755506,34.3017578125
4755787,33.87451171875
4755923,31.06689453125
4756002,31.73828125
4756177,37.7197265625
4757106,31.494140625
4757897,34.3017578125
4757908,32.28759765625
4758018,30.3955078125
4758391,37.04833984375
4758588,33.75244140625
4758602,31.79931640625
4759592,33.69140625
4763096,35.5224609375
4764592,32.40966796875
4765009,33.02001953125
4768198,30.45654296875
4769122,30.45654296875
4769332,31.6162109375
4769444,34.85107421875
4769525,32.16552734375
4769797,30.3955078125
4769847,39.4287109375
4769898,36.1328125
4771209,33.5693359375
4771229,38.14697265625
4771303,30.57861328125
4771338,32.16552734375
4771399,34.24072265625
4771576,35.82763671875
4771896,31.005859375
4771995,40.22216796875
4772046,36.80419921875
4772810,32.470703125
4773503,34.97314453125
4773898,32.8369140625
4774302,33.99658203125
4776406,34.36279296875
4776695,34.72900390625
4776799,34.423828125
4776817,31.982421875
4777201,33.63037109375
4777502,33.0810546875
4777904,31.79931640625
4778210,30.3955078125
4779202,30.3955078125
4779504,32.77587890625
4779603,31.6162109375
4781410,30.82275390625
4782708,33.38623046875
4784303,39.24560546875
4785805,30.517578125
4785906,32.470703125
4786702,32.04345703125
4787109,33.14208984375
4787506,36.56005859375
4788021,32.40966796875
4788131,32.5927734375
4789428,39.36767578125
4789905,36.80419921875
4791505,32.8369140625
4791905,45.83740234375
4793907,35.2783203125
4794308,32.04345703125
4794412,32.958984375
4794709,36.9873046875
4795109,33.5693359375
4795510,39.6728515625
4795905,41.44287109375
4796304,36.43798828125
4796704,32.958984375
4797107,34.66796875
4797505,34.1796875
4797821,32.3486328125
4797908,32.71484375
4798307,31.06689453125
4798427,31.3720703125
4798705,37.353515625
4799096,32.5927734375
4799107,36.7431640625
4799338,30.517578125
4799507,39.306640625
4799816,31.005859375
4799909,34.0576171875
4800308,38.39111328125
4800421,31.67724609375
4800706,36.0107421875
4801107,36.0107421875
4801304,36.43798828125
4801608,31.73828125
4801909,33.935546875
4802306,36.19384765625
4802707,41.6259765625
4803097,36.56005859375
4803506,41.68701171875
4803863,31.494140625
4804294,32.958984375
4804709,38.75732421875
4804813,31.06689453125
4805020,31.06689453125
4805099,33.99658203125
4805109,32.3486328125
4805243,32.5927734375
4805622,31.6162109375
4805909,35.0341796875
4806432,30.517578125
4806708,32.40966796875
4807630,30.76171875
4807907,38.26904296875
4808296,31.92138671875
4808308,33.14208984375
4808444,32.28759765625
4808707,47.607421875
4808916,32.1044921875
4809112,31.67724609375
4809907,33.3251953125
4810042,34.7900390625
4810307,38.51318359375
4810708,32.2265625
4811110,34.423828125
4811238,34.85107421875
4811495,36.1328125
4811905,42.05322265625
4812307,35.5224609375
4812705,32.8369140625
4813107,42.3583984375
4813508,37.17041015625
4814298,31.31103515625
4815108,38.9404296875
4815151,35.2783203125
4816306,33.447265625
4816624,32.53173828125
4816698,32.8369140625
4816711,33.935546875
4817223,30.70068359375
4817497,33.38623046875
4817896,35.70556640625
4818622,32.04345703125
4819098,31.79931640625
4820637,32.77587890625
4821108,32.65380859375
4821907,38.0859375
4822227,32.16552734375
4822308,32.40966796875
4822648,31.25
4823109,34.24072265625
4824306,37.4755859375
4825499,33.203125
4825829,31.31103515625
4826248,32.958984375
4830232,31.1279296875
4830707,31.31103515625
4831111,32.04345703125
4838058,30.8837890625
4838126,33.02001953125
4840859,31.005859375
4844736,31.6162109375
4845256,30.6396484375
4846139,30.517578125
4847438,30.45654296875
4848445,30.6396484375
4849042,39.1845703125
4849910,30.45654296875
4852707,34.0576171875
4852765,30.76171875
4853112,31.73828125
4853510,31.06689453125
4854311,32.40966796875
4854711,36.92626953125
4855110,30.76171875
4855342,31.25
4855512,36.80419921875
4856562,30.3955078125
4857260,30.57861328125
4858052,31.005859375
4861909,32.3486328125
4862310,31.6162109375
4866470,30.82275390625
4868311,37.353515625
4869275,30.76171875
4869503,31.982421875
4870477,32.71484375
4871055,32.470703125
4871474,30.82275390625
4872677,35.15625
4874655,32.958984375
4878275,30.45654296875
4878757,32.1044921875
4885360,31.8603515625
4885964,32.470703125
4887071,33.38623046875
4887879,32.5927734375
4889282,32.470703125
4893873,30.8837890625
4894273,31.25
4894472,32.53173828125
4895482,32.1044921875
4896667,30.3955078125
4897086,30.76171875
4898367,32.40966796875
4898580,30.6396484375
4899369,34.48486328125
4901276,38.14697265625
4902678,35.09521484375
4903287,33.14208984375
4903493,31.494140625
4906072,30.76171875
4906690,31.005859375
4907486,31.8603515625
4907590,32.958984375
4908975,31.43310546875
4909190,30.3955078125
4914486,32.04345703125
4914499,31.18896484375
4917278,30.3955078125
4918605,31.005859375
4918878,30.57861328125
4919779,30.70068359375
4922482,31.67724609375
4923377,30.8837890625
4927081,35.70556640625
4928097,34.66796875
4930101,34.66796875
4930708,30.70068359375
4930883,30.57861328125
4931106,31.67724609375
4934489,31.1279296875
4940290,30.517578125
4942092,32.04345703125
4948452,30.70068359375
4949701,31.25
4950823,31.43310546875
4951112,36.43798828125
4954801,30.76171875
4956700,30.8837890625
4956900,31.982421875
4958314,32.3486328125
4958704,31.31103515625
4959114,32.28759765625
4961117,30.57861328125
4961507,32.470703125
4962921,31.3720703125
4964235,33.63037109375
4964710,30.82275390625
4964910,35.09521484375
4965712,31.55517578125
4965802,30.57861328125
4969511,32.53173828125
4970310,30.57861328125
4971926,31.79931640625
4972410,31.6162109375
4975737,31.8603515625
4977332,32.3486328125
4979124,33.935546875
4979737,32.77587890625
4982135,32.3486328125
4988319,33.26416015625
4989118,30.76171875
4993127,31.8603515625
4994136,38.63525390625
4994224,31.494140625
4994427,30.94482421875
4996725,30.82275390625
4997534,39.1845703125
4997575,40.34423828125
4997612,30.3955078125
4997654,38.26904296875
4997685,32.04345703125
4997733,38.26904296875
4997758,33.203125
4997781,34.0576171875
4997828,41.32080078125
4997864,36.19384765625
4997899,37.90283203125
4997928,35.7666015625
4997970,31.005859375
4998030,36.62109375
4998112,34.912109375
4998432,32.5927734375
4999023,30.57861328125
5000345,32.77587890625
5001342,36.43798828125
5002553,31.18896484375
5002625,34.60693359375
5003049,30.6396484375
5003151,31.005859375
5003322,32.470703125
5003448,30.3955078125
5003643,31.31103515625
5003927,30.94482421875
5004531,33.14208984375
5005438,30.8837890625
5007829,33.3251953125
5010634,30.8837890625
5011759,30.8837890625
5012934,32.04345703125
5013239,35.400390625
5014266,31.1279296875
5014742,34.7900390625
5015145,31.06689453125
5016122,33.14208984375
5016339,32.77587890625
5016441,30.3955078125
5016636,34.60693359375
5019564,30.45654296875
5020796,31.92138671875
5022341,31.18896484375
5022373,32.40966796875
5022986,34.24072265625
5023708,30.57861328125
5024054,30.76171875
5024546,33.203125
5025566,31.31103515625
5025852,32.89794921875
5025951,36.19384765625
5026459,34.0576171875
5027450,36.31591796875
5027758,30.517578125
5028143,31.1279296875
5029788,36.68212890625
5030587,40.283203125
5030851,35.64453125
5031565,34.97314453125
5031765,33.14208984375
5032200,31.79931640625
5033126,31.92138671875
5033161,35.0341796875
5033890,31.67724609375
5034572,30.57861328125
5034759,35.82763671875
5035603,34.66796875
5036426,32.28759765625
5037185,42.1142578125
5038061,34.48486328125
5039357,31.55517578125
5039817,35.0341796875
5040780,36.0107421875
5041806,31.73828125
5041972,30.57861328125
5042836,36.1328125
5043258,33.203125
5043860,37.29248046875
5044943,36.43798828125
5045166,30.57861328125
5045864,31.6162109375
5046165,33.8134765625
5047158,31.67724609375
5048409,32.04345703125
5048668,33.38623046875
5049357,31.92138671875
5049686,32.77587890625
5049751,32.65380859375
5050105,31.25
5050374,30.45654296875
5050754,31.25
5050786,30.70068359375
5051174,31.67724609375
5051957,30.94482421875
5052500,30.70068359375
5052754,32.5927734375
5053684,38.02490234375
5054778,36.56005859375
5055387,36.56005859375
5055574,33.75244140625
5055981,30.3955078125
5056374,33.69140625
5057070,30.45654296875
5058376,35.400390625
5058780,31.25
5059975,33.50830078125
5060777,33.14208984375
5060848,36.80419921875
5060895,31.18896484375
5060911,32.1044921875
5061053,33.26416015625
5061087,45.8984375
5061138,37.353515625
5061200,32.3486328125
5061457,31.31103515625
5061562,31.25
5061777,36.4990234375
5061869,32.470703125
5061964,31.92138671875
5062364,33.14208984375
5062730,35.0341796875
5062772,37.53662109375
5063158,30.82275390625
5063987,36.0107421875
5064015,30.57861328125
5064068,33.3251953125
5064375,34.72900390625
5064583,30.6396484375
5065163,33.38623046875
5066276,30.70068359375
5066365,33.26416015625
5066776,36.62109375
5067165,30.8837890625
5067374,35.64453125
5067567,32.89794921875
5067966,33.14208984375
5068365,33.02001953125
5068393,31.43310546875
5068419,33.935546875
5068588,31.982421875
5068892,35.2783203125
5069216,37.90283203125
5069345,32.8369140625
5069448,33.38623046875
5069626,33.75244140625
5069799,33.99658203125
5069974,30.517578125
5070000,32.958984375
5070600,31.25
5071372,34.1796875
5071996,31.31103515625
5072390,30.57861328125
5076588,36.56005859375
5076607,30.6396484375
5077742,31.6162109375
5078053,33.38623046875
5078108,31.06689453125
5078173,31.67724609375
5078276,39.0625
5078361,30.6396484375
5078483,31.55517578125
5079406,32.04345703125
5080682,31.18896484375
5081398,30.76171875
5083987,31.31103515625
5084990,37.841796875
5091320,30.76171875
5091817,31.6162109375
5091906,30.3955078125
5092005,34.97314453125
5092062,37.7197265625
5092105,35.7666015625
5092196,34.66796875
5092223,32.89794921875
5092394,30.6396484375
5092423,30.517578125
5093007,30.45654296875
5094818,34.36279296875
5095123,33.14208984375
5096608,32.958984375
5096798,31.005859375
5097245,31.43310546875
5106209,31.005859375
5106294,36.376953125
5106450,33.99658203125
5106464,30.45654296875
5106571,31.8603515625
5106641,35.09521484375
5106652,32.40966796875
5106708,31.18896484375
5106755,39.4287109375
5106808,34.5458984375
5106917,36.07177734375
5107056,32.40966796875
5107102,31.3720703125
5107251,32.3486328125
5107403,32.89794921875
5107593,30.3955078125
5108331,33.0810546875
5108632,31.31103515625
5110511,30.8837890625
5116228,32.28759765625
5117412,30.70068359375
5119792,30.8837890625
5120035,30.517578125
5120235,37.04833984375
5120266,31.8603515625
5120525,31.1279296875
5120598,34.24072265625
5120624,31.494140625
5120638,32.16552734375
5120722,31.3720703125
5121333,32.89794921875
5121833,32.28759765625
5124030,32.89794921875
5124062,32.28759765625
5125424,31.06689453125
5126932,32.470703125
5127629,32.470703125
5127872,32.28759765625
5129639,31.73828125
5132805,31.31103515625
5133099,33.99658203125
5133144,36.7431640625
5133191,32.28759765625
5133725,40.6494140625
5134229,31.43310546875
5134476,31.1279296875
5135223,30.57861328125
5136432,34.36279296875
5137437,33.203125
5137534,30.57861328125
5139252,31.982421875
5140132,32.470703125
5140438,31.31103515625
5142635,33.87451171875
5143639,35.46142578125
5144054,32.1044921875
5144086,30.94482421875
5144136,31.6162109375
5144539,36.07177734375
5144573,31.1279296875
5144621,30.8837890625
5145037,31.79931640625
5146537,30.3955078125
5147656,36.7431640625
5148849,31.982421875
5150545,30.6396484375
5151146,31.43310546875
5152022,37.41455078125
5152092,33.99658203125
5152241,31.55517578125
5152326,32.470703125
5152422,32.1044921875
5152453,35.64453125
5152509,31.1279296875
5152547,41.259765625
5152578,38.63525390625
5152632,31.25
5152699,36.1328125
5152768,39.24560546875
5152854,33.63037109375
5152925,31.43310546875
5153038,30.45654296875
5153660,30.45654296875
5154247,31.73828125
5165220,39.97802734375
5165348,35.94970703125
5165455,33.38623046875
5165751,30.517578125
5165848,31.25
5165868,36.19384765625
5166047,31.18896484375
5166324,30.3955078125
5166655,33.38623046875
5171660,31.43310546875
5175651,31.494140625
5176058,32.53173828125
5179040,30.517578125
5179118,36.0107421875
5179150,38.02490234375
5179186,34.97314453125
5179257,31.55517578125
5179269,32.2265625
5179349,35.15625
5179423,30.70068359375
5179455,31.18896484375
5179563,32.8369140625
5179666,35.0341796875
5179740,32.8369140625
5179778,30.45654296875
5180159,32.28759765625
5180177,33.38623046875
5180959,34.24072265625
5188768,30.57861328125
5190272,32.8369140625
5190800,31.25
5193291,39.1845703125
5193467,33.8134765625
5193557,32.5927734375
5193670,47.8515625
5193804,34.85107421875
5193957,31.25
5194054,34.72900390625
5194102,32.958984375
5194260,31.67724609375
5194299,32.2265625
5196679,31.494140625
5200285,31.005859375
5200364,32.16552734375
5206372,48.03466796875
5206496,34.0576171875
5206572,31.25
5206847,38.87939453125
5207256,31.982421875
5207364,31.43310546875
5207487,38.51318359375
5209771,30.6396484375
5216645,32.89794921875
5216861,31.494140625
5216937,35.21728515625
5217179,33.203125
5217198,33.75244140625
5217427,30.94482421875
5217486,30.6396484375
5217687,33.203125
5217891,31.31103515625
5218475,30.3955078125
5220878,33.447265625
5222502,32.5927734375
5226971,30.3955078125
5228376,31.92138671875
5230082,31.25
5230986,34.423828125
5231795,30.82275390625
5231819,39.48974609375
5232185,32.1044921875
5232255,30.517578125
5232293,44.37255859375
5232307,31.43310546875
5232372,32.958984375
5232480,39.85595703125
5232504,50.78125
5232518,32.8369140625
5232612,30.517578125
5232741,31.494140625
5233089,36.31591796875
5233312,32.71484375
5234891,33.3251953125
5237680,31.3720703125
5238082,36.9873046875
5238885,32.470703125
5240509,34.1796875
5243310,30.517578125
5244283,31.92138671875
5244585,34.72900390625
5245684,31.1279296875
5246498,32.470703125
5248098,35.09521484375
5249825,36.56005859375
5249876,34.11865234375
5249919,40.22216796875
5250027,30.94482421875
5250090,36.0107421875
5250156,31.92138671875
5250236,32.3486328125
5250424,35.21728515625
5250471,31.494140625
5250501,30.3955078125
5250591,40.771484375
5250689,36.4990234375
5251095,32.71484375
5256595,33.14208984375
5256895,30.45654296875
5257711,31.55517578125
5257995,30.57861328125
5262899,33.447265625
5266040,32.89794921875
5266104,34.85107421875
5266133,31.3720703125
5266247,30.517578125
5266317,35.400390625
5266348,31.43310546875
5266456,33.69140625
5266615,31.005859375
5266714,36.1328125
5266833,30.57861328125
5266896,32.2265625
5266996,30.8837890625
5268541,31.06689453125
5277995,31.55517578125
5278503,30.6396484375
5280706,30.8837890625
5280757,42.05322265625
5280906,30.94482421875
5281114,39.85595703125
5281157,30.3955078125
5281303,34.11865234375
5281406,35.7666015625
5281485,30.3955078125
5281504,31.73828125
5281577,32.1044921875
5282254,31.6162109375
5283104,32.16552734375
5285431,30.57861328125
5286522,32.89794921875
5288719,32.40966796875
5290410,30.6396484375
5295381,30.70068359375
5295542,39.24560546875
5295614,35.400390625
5295714,30.94482421875
5295824,34.48486328125
5296517,35.09521484375
5297978,34.48486328125
5298919,31.43310546875
5299421,33.69140625
5302123,30.517578125
5306721,31.6162109375
5307512,31.1279296875
5307531,37.78076171875
5307912,33.02001953125
5308103,31.79931640625
5309017,33.0810546875
5309720,31.06689453125
5310917,32.40966796875
5311915,33.8134765625
5315325,33.02001953125
5316723,36.865234375
5316920,30.82275390625
5321127,31.31103515625
5323344,32.2265625
5325142,31.31103515625
5325643,31.73828125
5325686,35.2783203125
5325824,40.283203125
5325835,33.203125
5325851,31.8603515625
5325962,46.08154296875
5326053,31.8603515625
5326126,34.24072265625
5326152,32.5927734375
5326168,31.005859375
5326213,33.203125
5326256,31.67724609375
5326314,31.8603515625
5326425,36.0107421875
5326439,35.7666015625
5326525,31.494140625
5327428,33.69140625
5332146,30.70068359375
5334738,31.494140625
5341347,32.2265625
5342731,32.5927734375
5344431,45.34912109375
5344474,39.61181640625
5344517,33.26416015625
5344545,31.43310546875
5344638,31.73828125
5344865,31.005859375
5345037,32.65380859375
5345118,33.26416015625
5345350,34.24072265625
5345643,36.376953125
5346151,31.494140625
5346438,31.92138671875
5359159,31.92138671875
5360785,34.24072265625
5360949,34.11865234375
5360978,31.06689453125
5361262,31.18896484375
5361313,31.43310546875
5361438,34.36279296875
5363358,30.45654296875
5363669,32.40966796875
5371374,31.92138671875
5378055,30.3955078125
5378957,31.92138671875
5380767,31.6162109375
5381622,34.0576171875
5381687,30.94482421875
5381755,30.76171875
5381956,37.59765625
5382005,34.60693359375
5382017,49.98779296875
5382186,37.7197265625
5382253,38.75732421875
5382275,35.70556640625
5382368,34.0576171875
5382452,31.92138671875
5382856,30.94482421875
5382961,32.3486328125
5383660,31.92138671875
5383676,32.2265625
5383752,31.8603515625
5383764,32.04345703125
5384376,33.50830078125
5389271,34.0576171875
5390159,30.82275390625
5390775,33.935546875
5392565,33.26416015625
5394066,32.470703125
5394563,33.8134765625
5394667,30.3955078125
5394787,30.82275390625
5394961,30.82275390625
5395169,33.38623046875
5395380,32.3486328125
5396582,30.57861328125
5399412,40.0390625
5399438,32.1044921875
5399465,40.771484375
5399585,30.3955078125
5399765,32.77587890625
5399776,33.50830078125
5399863,34.66796875
5399947,34.36279296875
5399975,34.97314453125
5400246,30.517578125
5400363,30.94482421875
5400550,30.517578125
5400665,32.65380859375
5400878,33.3251953125
5400983,32.89794921875
5401387,35.82763671875
5402275,32.470703125
5405418,31.31103515625
5406871,32.3486328125
5408572,31.55517578125
5409569,30.3955078125
5411573,34.0576171875
5414175,31.92138671875
5416560,35.5224609375
5416875,35.94970703125
5416930,30.76171875
5416980,34.11865234375
5417046,32.77587890625
5417308,36.1328125
5417722,31.25
5417997,40.58837890625
5418355,36.376953125
5418751,32.77587890625
5419274,34.48486328125
5424881,33.203125
5430902,30.6396484375
5432183,31.005859375
5435578,33.99658203125
5435611,35.0341796875
5435673,31.25
5435701,32.5927734375
5435757,42.66357421875
5435810,40.71044921875
5436083,35.70556640625
5436097,35.15625
5436384,31.55517578125
5437091,30.76171875
5437522,30.45654296875
5437789,34.24072265625
5438111,31.92138671875
5438201,32.77587890625
5440191,31.73828125
5442897,31.005859375
5450848,31.55517578125
5456389,34.7900390625
5456442,37.59765625
5456478,41.07666015625
5456629,42.78564453125
5456699,32.28759765625
5456802,32.470703125
5456976,34.48486328125
5457106,34.0576171875
5457480,33.0810546875
5457760,31.6162109375
5458187,33.38623046875
5461529,31.92138671875
5468420,32.16552734375
5471016,30.76171875
5472605,30.70068359375
5473595,35.33935546875
5476693,38.14697265625
5476745,30.57861328125
5476772,31.31103515625
5477005,31.25
5477063,32.958984375
5477312,35.33935546875
5477416,32.3486328125
5478583,31.31103515625
5478861,32.2265625
5479508,35.21728515625
5481011,30.8837890625
5482211,30.57861328125
5482413,32.04345703125
5492220,32.5927734375
5492848,38.0859375
5492899,31.06689453125
5492941,42.724609375
5493074,30.45654296875
5493246,42.54150390625
5493402,31.25
5493512,31.8603515625
5494327,33.203125
5494415,31.43310546875
5494822,30.82275390625
5494911,35.94970703125
5495052,30.517578125
5495116,33.75244140625
5501843,32.89794921875
5503015,31.06689453125
5508820,31.6162109375
5509426,30.8837890625
5514873,39.12353515625
5514962,37.17041015625
5515224,32.53173828125
5515329,41.259765625
5515340,33.69140625
5515927,32.1044921875
5519833,32.16552734375
5527646,30.82275390625
5535129,31.25
5537141,31.55517578125
5542841,31.8603515625
5543892,33.63037109375
5543989,32.40966796875
5545146,30.3955078125
5545852,30.57861328125
5546142,32.958984375
5546389,31.67724609375
5547641,31.982421875
5548052,31.6162109375
5548134,34.11865234375
5551043,32.40966796875
5552017,37.90283203125
5552299,32.3486328125
5552463,38.63525390625
5552581,36.80419921875
5558524,30.6396484375
5559646,32.16552734375
5559857,30.76171875
5587064,30.6396484375
5595064,31.31103515625
5608678,30.8837890625
5621092,30.517578125
5621193,31.73828125
5621686,30.82275390625
5639919,32.65380859375
5640425,35.33935546875
5641515,32.16552734375
5641600,31.25
5642105,37.4755859375
5645653,30.3955078125
5648530,31.06689453125
5648918,30.8837890625
5649326,34.60693359375
5649725,31.31103515625
5650510,32.40966796875
5651323,31.8603515625
5652125,34.72900390625
5652925,31.982421875
5653351,30.76171875
5654340,31.3720703125
5654527,35.58349609375
5660918,30.70068359375
5665013,31.31103515625
5667580,33.38623046875
5674274,32.2265625
5679324,34.5458984375
5684937,30.70068359375
5695329,32.5927734375
5699023,33.447265625
5703034,32.16552734375
5707081,36.0107421875
5709038,31.92138671875
5710153,30.3955078125
5710521,32.71484375
5711749,30.82275390625
5715741,34.60693359375
5716944,33.99658203125
5719845,31.06689453125
5720141,32.89794921875
5720336,30.3955078125
5722532,30.70068359375
5722766,30.76171875
5723556,33.14208984375
5724146,32.958984375
5724538,33.5693359375
5724942,34.1796875
5725732,30.45654296875
5726129,34.3017578125
5726949,33.99658203125
5727331,32.3486328125
5727354,32.71484375
5728126,30.57861328125
5728372,34.1796875
5728534,32.470703125
5728941,32.77587890625
5729326,30.76171875
5729732,35.2783203125
5730147,32.3486328125
5730533,40.58837890625
5730932,31.3720703125
5731330,34.97314453125
5731970,33.447265625
5732541,33.935546875
5733353,30.76171875
5733546,34.72900390625
5733728,32.16552734375
5734507,33.26416015625
5734561,31.43310546875
5735330,30.70068359375
5735731,30.3955078125
5736144,33.203125
5737751,30.45654296875
5738523,31.79931640625
5738560,35.82763671875
5738933,31.25
5739577,36.56005859375
5739733,32.28759765625
5740129,32.5927734375
5740951,33.50830078125
5741753,32.470703125
5744150,32.04345703125
5744172,31.1279296875
5744353,31.31103515625
5745733,32.470703125
5749749,30.6396484375
5751352,32.04345703125
5752155,30.94482421875
5754158,30.8837890625
5757152,31.67724609375
5761733,39.00146484375
5762558,33.447265625
5768940,31.25
5769761,31.67724609375
5771753,31.73828125
5772555,34.0576171875
5774164,31.06689453125
5780166,30.45654296875
5795775,30.3955078125
5799399,31.6162109375
5800185,33.8134765625
5802392,30.517578125
5808156,31.43310546875
5810531,32.40966796875
5813290,30.82275390625
5818484,32.28759765625
5823986,31.43310546875
5825164,30.517578125
5835193,30.70068359375
5837597,30.70068359375
5841785,33.69140625
5844087,32.1044921875
5849197,31.3720703125
5852289,35.09521484375
5854007,30.82275390625
5855997,31.25
5856193,32.65380859375
5858296,31.31103515625
5859304,30.57861328125
5862221,31.06689453125
5864128,30.45654296875
5872002,33.203125
5876076,33.75244140625
5877806,31.73828125
5877911,30.8837890625
5879025,31.3720703125
5885409,31.06689453125
5887906,32.04345703125
5887998,31.31103515625
5888605,34.66796875
5898227,31.25
5900846,31.92138671875
5904015,31.6162109375
5906611,32.53173828125
5907218,30.82275390625
5907795,30.517578125
5908622,30.94482421875
5914222,30.6396484375
5914414,30.57861328125
5916635,31.8603515625
5917211,38.2080078125
5918218,33.203125
5922429,33.0810546875
5926624,31.494140625
5930839,31.79931640625
5933270,32.53173828125
5935421,30.6396484375
5936230,30.3955078125
5938023,30.76171875
5939053,32.8369140625
5939775,30.6396484375
5940023,33.14208984375
5942834,32.53173828125
5943631,30.6396484375
5944836,33.63037109375
5945134,31.73828125
5948035,31.92138671875
5948227,30.8837890625
5948328,30.57861328125
5948432,31.6162109375
5953630,32.65380859375
5957635,33.99658203125
5958912,30.3955078125
5964453,32.65380859375
5964647,30.45654296875
5966435,30.3955078125
5973841,32.77587890625
5975256,33.935546875
5980264,31.92138671875
5980443,31.494140625
5982044,32.1044921875
5985440,31.92138671875
5988155,33.203125
5988558,31.73828125
5989647,30.70068359375
5990348,33.0810546875
5990861,31.982421875
5991248,30.57861328125
5993449,30.57861328125
5994044,35.33935546875
5996659,31.8603515625
5998555,31.005859375
6008990,31.3720703125
6055447,31.3720703125
6103163,33.69140625
6112905,31.79931640625
6123551,34.36279296875
6134174,32.04345703125
6159705,33.3251953125
6188027,30.3955078125
6201773,30.57861328125
6218491,34.48486328125
6218739,31.1279296875
6219002,31.005859375
6234530,39.4287109375
6248983,33.75244140625
6249098,35.21728515625
6249423,34.97314453125
6297883,31.18896484375
6297989,37.841796875
6298197,31.18896484375
6298452,39.00146484375
6317543,30.517578125
6335187,32.89794921875
6347379,31.494140625
6347425,32.470703125
6348118,30.76171875
6348194,34.60693359375
6362324,33.0810546875
6372360,31.005859375
6391771,32.16552734375
6391820,46.0205078125
6391989,32.40966796875
6392273,37.59765625
6392404,31.79931640625
6392503,32.2265625
6413820,33.0810546875
6414838,30.70068359375
6414941,32.470703125
6477832,53.52783203125
6478083,32.77587890625
6478277,35.5224609375
6478537,31.8603515625
6531960,34.85107421875
6532658,33.69140625
6532760,37.41455078125
6532861,31.1279296875
7479226,35.5224609375
7479470,37.04833984375
7479549,31.43310546875
7479683,39.0625
7479718,31.1279296875
7509045,34.11865234375
7519662,31.55517578125
8145605,34.0576171875
8145653,31.67724609375
8145895,44.25048828125
8145909,45.47119140625
8145941,36.7431640625
8145954,38.26904296875
8146050,33.203125
8146063,50.048828125
8175216,34.7900390625
8180722,31.31103515625
8181657,33.87451171875
8182562,30.517578125
8183593,33.0810546875
8386925,38.63525390625
8386968,35.21728515625
8387049,33.3251953125
8387105,31.06689453125
8387144,34.60693359375
8387184,36.376953125
8387223,33.203125
8387297,38.6962890625
8417863,30.76171875
8439188,39.794921875
8439265,31.18896484375
8439356,42.3583984375
8439489,36.7431640625
8439510,35.58349609375
8453113,32.1044921875
8453439,30.57861328125
8478299,32.71484375
8478850,33.38623046875
8508861,31.6162109375
8548971,30.3955078125
8549175,31.005859375
8555207,30.94482421875
8564518,31.25
8573941,30.517578125
8584046,31.6162109375
8595600,33.3251953125
8606659,32.2265625
8616789,36.376953125
8617029,33.5693359375
8631483,31.43310546875
8631526,38.2080078125
8642921,30.76171875
8643015,31.6162109375
8643372,37.841796875
8655640,30.517578125
8667870,30.70068359375
8667962,30.45654296875
8668127,31.31103515625
8680922,32.65380859375
8681027,31.31103515625
8692850,30.94482421875
8701162,35.2783203125
8726268,31.6162109375
8753206,32.2265625
8764536,37.90283203125
8775535,32.470703125
8792897,32.28759765625
8806392,30.76171875
8823893,32.89794921875
8837683,30.94482421875
8852073,32.40966796875
8852257,31.43310546875
8864521,30.3955078125
8864707,34.97314453125
8881911,36.865234375
8907629,31.982421875
8907671,30.82275390625
8942116,32.958984375
8942166,31.494140625
8942484,35.09521484375
