8998000,0
113717,33.14208984375
114016,39.97802734375
114091,33.38623046875
216125,31.73828125
284144,31.18896484375
284232,36.376953125
284445,30.8837890625
284683,35.09521484375
284759,31.3720703125
368903,31.6162109375
369070,31.67724609375
369384,31.06689453125
369694,31.3720703125
458493,34.48486328125
458854,31.73828125
515585,31.67724609375
515943,31.43310546875
647773,33.99658203125
647910,36.376953125
648032,32.5927734375
949974,33.14208984375
950095,31.92138671875
1107034,34.24072265625
1107117,31.1279296875
1209146,34.5458984375
1209403,32.65380859375
1210018,33.447265625
1284078,32.958984375
1284305,32.65380859375
1303575,31.79931640625
1303757,34.97314453125
1303956,35.5224609375
1304071,35.400390625
1304358,31.55517578125
1313390,36.376953125
1314116,32.77587890625
1323134,34.912109375
1358569,33.69140625
1364343,32.958984375
1369871,39.85595703125
1375291,33.0810546875
1384903,31.1279296875
1391729,37.53662109375
1391864,33.99658203125
1392006,33.447265625
1402725,34.11865234375
1416797,31.73828125
1416978,37.90283203125
1425939,31.79931640625
1436781,32.89794921875
1462960,35.888671875
1476646,36.376953125
1476804,32.04345703125
1477080,33.99658203125
1477132,31.73828125
1490341,31.005859375
1503691,32.3486328125
1531640,31.06689453125
1531669,32.16552734375
1544583,36.4990234375
1544616,35.46142578125
1556988,36.92626953125
1557135,35.82763671875
1569709,51.513671875
1598068,36.07177734375
1611858,32.77587890625
1612006,32.65380859375
1626458,39.24560546875
1645802,31.494140625
1669166,32.8369140625
1669177,43.39599609375
1698971,34.97314453125
1750558,31.31103515625
2196855,31.67724609375
2272804,31.1279296875
2375913,35.21728515625
2375965,33.0810546875
2376092,31.18896484375
2376131,39.55078125
2376177,31.06689453125
2376716,37.9638671875
2376841,33.5693359375
2377548,31.8603515625
2378973,30.94482421875
2389756,31.06689453125
2408170,31.06689453125
2443569,31.6162109375
2463357,30.8837890625
2469356,30.94482421875
2500989,33.447265625
2503468,31.18896484375
2551692,30.8837890625
2561386,31.79931640625
2561607,30.8837890625
2569094,31.31103515625
2573692,32.04345703125
2586206,31.25
2594216,32.958984375
2611422,32.71484375
2616621,34.1796875
2621621,32.53173828125
2645130,31.8603515625
2685039,31.31103515625
2687750,31.005859375
2691067,32.65380859375
2694655,31.25
2712474,30.8837890625
2715284,34.60693359375
2772516,33.26416015625
2782446,32.28759765625
2782609,34.5458984375
2782762,31.8603515625
2782801,32.77587890625
2782899,32.470703125
2783108,32.8369140625
2783480,37.2314453125
2783851,32.2265625
2783899,31.06689453125
2783957,35.0341796875
2784102,33.203125
2784311,34.7900390625
2786404,32.1044921875
2840541,31.6162109375
2873557,31.25
2882861,31.18896484375
2889775,32.77587890625
2920399,31.31103515625
2923400,34.60693359375
2925187,30.94482421875
2938490,33.02001953125
2961808,31.25
2972016,36.19384765625
2992443,30.8837890625
2998216,33.3251953125
3003924,34.72900390625
3004104,42.17529296875
3004201,32.89794921875
3004324,35.7666015625
3004431,36.56005859375
3004807,39.24560546875
3005417,32.958984375
3005834,31.3720703125
3005926,34.72900390625
3017025,31.31103515625
3020454,32.16552734375
3030238,36.1328125
3039046,33.50830078125
3043638,31.18896484375
3048140,31.18896484375
3048448,31.1279296875
3066944,31.31103515625
3073455,33.14208984375
3073624,34.24072265625
3073716,33.75244140625
3073882,40.8935546875
3073978,32.5927734375
3074089,33.50830078125
3075155,35.46142578125
3075347,32.8369140625
3075463,33.75244140625
3075649,34.36279296875
3075773,34.7900390625
3075925,31.25
3076049,34.11865234375
3077459,31.67724609375
3086814,31.06689453125
3088862,35.2783203125
3088952,33.26416015625
3089104,39.73388671875
3089178,31.18896484375
3089296,32.8369140625
3089851,34.7900390625
3090028,32.8369140625
3091758,31.55517578125
3102758,31.43310546875
3103093,38.26904296875
3103160,39.0625
3103294,33.3251953125
3103462,40.0390625
3103485,33.447265625
3103596,31.494140625
3115237,31.73828125
3115544,31.6162109375
3115960,39.306640625
3116748,31.8603515625
3116868,32.8369140625
3119065,36.2548828125
3127342,33.935546875
3127574,32.470703125
3127981,37.90283203125
3134668,32.71484375
3138512,33.14208984375
3138661,32.16552734375
3138928,30.8837890625
3139005,32.04345703125
3148391,35.400390625
3156485,32.65380859375
3156976,31.18896484375
3166382,34.423828125
3168058,31.494140625
3176798,32.04345703125
3176892,32.28759765625
3185074,31.8603515625
3185104,35.58349609375
3193083,32.2265625
3197485,30.8837890625
3207262,36.68212890625
3207581,31.25
3217558,32.8369140625
3217927,34.60693359375
3219864,31.1279296875
3229210,31.31103515625
3240208,42.236328125
3249800,31.18896484375
3250838,31.31103515625
3275993,33.02001953125
3276040,31.494140625
3286656,32.1044921875
3289220,33.26416015625
3289346,35.400390625
3303461,39.61181640625
3303755,32.958984375
3336758,41.56494140625
3337186,34.85107421875
3346351,32.16552734375
3346445,31.005859375
3347545,32.8369140625
3349556,32.3486328125
3355525,31.3720703125
3355763,30.94482421875
3361448,30.94482421875
3380487,36.4990234375
3380861,37.53662109375
3384562,32.1044921875
3387375,31.8603515625
3391563,31.31103515625
3396004,37.109375
3410793,33.69140625
3413172,31.67724609375
3415184,32.71484375
3415283,32.470703125
3415410,41.748046875
3415482,34.85107421875
3415588,31.18896484375
3415671,31.1279296875
3415770,35.15625
3416193,31.79931640625
3435604,32.5927734375
3442786,35.0341796875
3445589,35.58349609375
3451570,34.11865234375
3451724,31.005859375
3451809,37.41455078125
3451995,31.79931640625
3452952,31.73828125
3464206,34.423828125
3468209,30.8837890625
3468341,33.02001953125
3468584,31.005859375
3478001,31.31103515625
3478601,33.8134765625
3480502,33.50830078125
3482929,32.04345703125
3483213,35.0341796875
3483303,38.9404296875
3483612,31.73828125
3484227,37.17041015625
3497167,39.9169921875
3497297,33.3251953125
3497476,32.71484375
3497623,35.888671875
3502433,31.6162109375
3508927,31.73828125
3509825,31.1279296875
3512722,34.66796875
3512985,31.67724609375
3519427,38.87939453125
3527834,32.65380859375
3528623,33.203125
3528824,33.26416015625
3532648,33.0810546875
3534042,34.3017578125
3534052,31.43310546875
3534639,31.494140625
3535977,31.67724609375
3536246,36.1328125
3536424,32.2265625
3536839,31.3720703125
3537034,30.8837890625
3537838,33.87451171875
3538834,31.31103515625
3541289,31.18896484375
3542932,32.1044921875
3544347,33.38623046875
3550439,31.55517578125
3554444,32.28759765625
3554842,31.55517578125
3555639,31.73828125
3559043,32.470703125
3559340,30.94482421875
3559843,30.94482421875
3560739,31.06689453125
3572052,32.8369140625
3572448,31.43310546875
3585252,31.982421875
3587351,31.25
3588358,31.005859375
3591151,38.14697265625
3591276,40.83251953125
3591435,35.46142578125
3598051,32.16552734375
3599373,31.1279296875
3601257,34.912109375
3608953,31.55517578125
3612060,30.8837890625
3613560,33.38623046875
3613657,31.494140625
3616454,32.1044921875
3619988,30.8837890625
3625065,32.04345703125
3630684,32.470703125
3632965,31.3720703125
3633483,30.8837890625
3636668,33.0810546875
3644669,35.46142578125
3652175,33.5693359375
3655096,31.25
3655593,31.494140625
3672495,31.92138671875
3680106,32.65380859375
3682292,33.38623046875
3682587,31.43310546875
3693091,35.94970703125
3693309,34.36279296875
3693897,31.8603515625
3694695,34.66796875
3694893,31.6162109375
3696898,33.5693359375
3699899,35.70556640625
3700991,31.1279296875
3701091,31.6162109375
3706796,31.8603515625
3710306,34.5458984375
3710798,33.38623046875
3720399,31.1279296875
3720999,31.494140625
3727710,32.16552734375
3728913,32.53173828125
3729009,34.36279296875
3743713,32.16552734375
3749116,32.958984375
3749721,31.1279296875
3754326,33.447265625
3760412,33.75244140625
3768915,32.958984375
3769122,30.94482421875
3769723,32.3486328125
3769822,32.40966796875
3771117,31.43310546875
3771816,31.79931640625
3773923,31.31103515625
3776019,31.6162109375
3777365,33.203125
3779219,31.67724609375
3780331,33.447265625
3783719,31.92138671875
3786744,33.447265625
3786922,32.04345703125
3790632,31.982421875
3791118,30.94482421875
3791849,30.94482421875
3792521,33.447265625
3793938,31.55517578125
3794451,33.38623046875
3794828,33.99658203125
3796027,31.79931640625
3796724,33.99658203125
3796946,31.79931640625
3797124,35.58349609375
3797627,31.25
3798540,31.73828125
3798732,31.55517578125
3799325,31.982421875
3799923,31.06689453125
3801525,31.55517578125
3802526,33.0810546875
3802829,32.958984375
3805328,30.8837890625
3806136,33.3251953125
3809734,33.203125
3812141,33.447265625
3812330,33.0810546875
3827132,32.53173828125
3827336,30.94482421875
3828682,34.36279296875
3829646,30.94482421875
3830731,31.3720703125
3835339,31.25
3838238,30.94482421875
3845098,37.17041015625
3845638,31.43310546875
3854257,32.2265625
3854344,31.005859375
3855150,32.40966796875
3858247,35.400390625
3859751,32.3486328125
3863954,33.14208984375
3865751,32.53173828125
3869746,30.94482421875
3873151,32.3486328125
3877167,33.38623046875
3880462,34.423828125
3881262,32.16552734375
3884156,33.203125
3884372,31.92138671875
3887955,35.46142578125
3898174,33.02001953125
3898976,34.24072265625
3904791,34.0576171875
3905165,31.982421875
3907964,31.79931640625
3910178,34.5458984375
3914187,37.53662109375
3917479,34.97314453125
3918573,30.8837890625
3919593,31.73828125
3922366,32.40966796875
3922572,33.99658203125
3923372,31.18896484375
3924977,33.63037109375
3930482,36.92626953125
3930779,31.6162109375
3933979,31.25
3943780,32.3486328125
3945789,32.40966796875
3949592,36.68212890625
3951884,31.31103515625
3952486,32.53173828125
3952999,34.85107421875
3953402,32.28759765625
3954188,31.92138671875
3954985,34.1796875
3961208,31.1279296875
3961294,31.92138671875
3961394,31.494140625
3961605,32.5927734375
3962004,31.67724609375
3962799,35.82763671875
3963400,30.94482421875
3963992,33.99658203125
3964991,32.470703125
3965697,33.203125
3967992,32.28759765625
3969403,32.04345703125
3971294,31.005859375
3972800,31.92138671875
3975299,31.005859375
3979800,31.005859375
3980209,31.494140625
3980221,31.43310546875
3980405,33.3251953125
3980611,31.92138671875
3983006,32.3486328125
3984222,31.3720703125
3985014,31.73828125
3986308,32.5927734375
3988409,33.02001953125
3990134,31.8603515625
3990224,32.1044921875
3990712,33.50830078125
3991317,31.67724609375
3993805,32.8369140625
3994910,32.1044921875
3995009,31.25
3995413,31.79931640625
3995605,32.470703125
3995631,31.3720703125
3998635,34.11865234375
3999213,34.1796875
3999828,31.43310546875
4002813,32.16552734375
4004616,33.203125
4004820,32.40966796875
4006619,31.92138671875
4007419,34.60693359375
4008221,31.67724609375
4008424,32.2265625
4008546,30.8837890625
4008636,32.470703125
4008831,31.3720703125
4009128,30.8837890625
4010835,31.8603515625
4013096,34.1796875
4015321,34.1796875
4016624,32.53173828125
4017222,33.203125
4017320,35.2783203125
4019029,31.8603515625
4020621,32.16552734375
4021249,33.5693359375
4021748,33.3251953125
4022045,35.400390625
4022627,33.0810546875
4024865,31.67724609375
4025629,34.97314453125
4027832,34.912109375
4028427,32.71484375
4029236,32.77587890625
4030330,32.5927734375
4030424,33.69140625
4031426,33.38623046875
4031648,31.06689453125
4036051,32.40966796875
4036232,34.24072265625
4036827,32.04345703125
4039647,33.447265625
4040630,35.09521484375
4040838,31.982421875
4042354,32.77587890625
4043638,31.73828125
4045247,41.32080078125
4045434,31.79931640625
4046340,30.94482421875
4046743,31.55517578125
4050739,32.2265625
4050843,36.9873046875
4051243,32.65380859375
4052679,31.8603515625
4054040,37.353515625
4054749,31.005859375
4055140,38.14697265625
4055771,31.55517578125
4057151,30.94482421875
4060144,32.3486328125
4060270,31.6162109375
4060451,33.02001953125
4062447,31.8603515625
4063252,31.3720703125
4063467,33.3251953125
4064642,34.72900390625
4065053,32.40966796875
4065657,31.31103515625
4066446,31.494140625
4067956,31.67724609375
4069057,34.3017578125
4071655,33.02001953125
4071961,34.3017578125
4072697,31.67724609375
4075148,32.1044921875
4080056,34.60693359375
4080561,32.470703125
4080959,31.25
4082457,31.494140625
4083651,31.005859375
4088060,37.17041015625
4098373,32.71484375
4099569,31.8603515625
4111071,35.21728515625
4118882,31.494140625
4120178,31.18896484375
4120297,33.99658203125
4120676,30.8837890625
4121680,30.94482421875
4124280,34.0576171875
4127683,33.38623046875
4128098,34.11865234375
4129296,33.5693359375
4130607,33.99658203125
4131881,31.67724609375
4132293,32.16552734375
4133202,30.8837890625
4141893,31.005859375
4143999,30.8837890625
4145684,32.53173828125
4146994,31.25
4147908,32.1044921875
4148095,37.90283203125
4150396,33.8134765625
4155493,30.94482421875
4157195,31.92138671875
4158895,31.1279296875
4160400,32.5927734375
4164880,31.73828125
4167120,30.94482421875
4167918,34.48486328125
4168102,31.43310546875
4168500,33.87451171875
4169309,31.005859375
4171903,36.07177734375
4173807,31.43310546875
4174115,35.33935546875
4175507,32.77587890625
4176000,32.28759765625
4177115,33.0810546875
4180704,31.494140625
4182297,31.1279296875
4183195,32.16552734375
4184211,36.19384765625
4189809,31.3720703125
4193718,37.04833984375
4194215,31.25
4195007,31.1279296875
4197222,31.8603515625
4199924,32.2265625
4201725,31.79931640625
4208136,32.77587890625
4208333,32.04345703125
4208922,31.3720703125
4212520,35.5224609375
4213118,32.5927734375
4214126,31.18896484375
4215622,33.447265625
4219432,34.36279296875
4220129,31.6162109375
4220328,31.25
4220632,31.73828125
4222127,33.447265625
4223344,35.2783203125
4227127,31.18896484375
4227333,32.1044921875
4227936,31.25
4229334,33.3251953125
4231024,32.8369140625
4235345,35.64453125
4237028,33.0810546875
4245022,32.3486328125
4247240,32.77587890625
4247992,31.25
4251141,31.6162109375
4251534,32.89794921875
4253042,31.31103515625
4253945,37.4755859375
4254139,32.3486328125
4254804,31.1279296875
4256941,36.0107421875
4258052,32.1044921875
4261847,32.04345703125
4264442,33.3251953125
4271366,34.11865234375
4271753,31.18896484375
4276253,33.02001953125
4277254,34.48486328125
4277351,37.53662109375
4281955,32.53173828125
4284454,31.1279296875
4287177,32.77587890625
4288362,34.0576171875
4288554,32.16552734375
4288757,31.43310546875
4288956,31.6162109375
4290167,31.494140625
4290259,32.2265625
4291775,34.423828125
4293060,31.3720703125
4293761,31.79931640625
4296380,30.94482421875
4298069,32.28759765625
4304269,31.005859375
4304768,31.18896484375
4308473,33.0810546875
4309192,35.5224609375
4310985,32.3486328125
4312770,31.92138671875
4313470,31.43310546875
4314309,31.55517578125
4315775,31.18896484375
4320372,31.06689453125
4320676,32.04345703125
4320781,32.89794921875
4320799,33.14208984375
4321190,30.94482421875
4322673,34.3017578125
4323192,31.25
4324481,31.55517578125
4326780,34.36279296875
4326980,31.67724609375
4329197,35.0341796875
4331390,35.09521484375
4332602,33.63037109375
4333492,35.46142578125
4333803,34.72900390625
4334581,32.470703125
4336003,31.1279296875
4338404,31.3720703125
4339488,31.92138671875
4339783,31.3720703125
4342000,32.77587890625
4344200,31.1279296875
4344381,31.79931640625
4346909,31.06689453125
4348005,34.11865234375
4348196,32.53173828125
4351012,31.6162109375
4352995,33.26416015625
4353192,32.40966796875
4355696,32.53173828125
4356201,31.06689453125
4358297,33.935546875
4359221,31.31103515625
4362012,31.92138671875
4363000,31.67724609375
4365593,32.04345703125
4366814,31.43310546875
4368202,31.8603515625
4370622,31.494140625
4370900,30.94482421875
4375601,31.005859375
4379471,31.79931640625
4379805,32.2265625
4380702,36.376953125
4381021,31.18896484375
4387006,31.25
4390632,30.8837890625
4396426,31.1279296875
4397032,33.38623046875
4398225,32.470703125
4399409,30.8837890625
4402429,32.958984375
4406618,31.92138671875
4414218,32.958984375
4416438,32.89794921875
4418123,31.494140625
4418227,32.470703125
4420023,31.73828125
4423849,31.43310546875
4430633,31.982421875
4432829,31.67724609375
4434828,34.0576171875
4436738,33.63037109375
4438050,31.8603515625
4449435,32.8369140625
4454450,31.3720703125
4468252,32.1044921875
4468652,32.8369140625
4472252,36.9873046875
4475855,31.67724609375
4478877,31.6162109375
4502486,30.8837890625
4504266,32.16552734375
4505290,31.1279296875
4557106,31.67724609375
4586919,31.67724609375
4595127,33.0810546875
4598735,31.73828125
4603526,31.005859375
4607544,31.494140625
4615231,32.53173828125
4622349,30.8837890625
4628236,32.5927734375
4630140,32.1044921875
4648164,31.31103515625
4663967,34.48486328125
4664955,31.8603515625
4674652,32.1044921875
4680556,37.29248046875
4681176,33.5693359375
4688154,34.1796875
4690164,31.73828125
4691958,31.92138671875
4695043,34.5458984375
4713169,32.77587890625
4714376,34.24072265625
4715181,33.99658203125
4716868,35.70556640625
4723590,33.5693359375
4725372,36.865234375
4728575,32.2265625
4732176,32.53173828125
4735891,31.79931640625
4744998,32.1044921875
4747986,31.6162109375
4749384,31.005859375
4749483,32.89794921875
4754188,32.2265625
4755494,31.005859375
4755506,39.61181640625
4755792,33.447265625
4755989,34.24072265625
4756101,31.31103515625
4756189,34.5458984375
4756402,30.8837890625
4757897,33.69140625
4758706,33.38623046875
4762213,31.005859375
4762410,33.38623046875
4763096,32.1044921875
4764216,31.1279296875
4766606,32.40966796875
4767498,31.494140625
4769114,43.02978515625
4769198,31.982421875
4769335,34.72900390625
4769393,31.67724609375
4769444,32.3486328125
4769708,33.14208984375
4769823,31.25
4769898,36.376953125
4769908,32.04345703125
4770134,32.53173828125
4770213,31.3720703125
4770807,33.02001953125
4771209,32.71484375
4771229,39.55078125
4771292,33.203125
4771338,31.92138671875
4771404,38.6962890625
4771497,37.65869140625
4771576,31.8603515625
4771647,34.7900390625
4771995,33.3251953125
4772045,33.38623046875
4772295,39.61181640625
4772694,32.89794921875
4773505,35.400390625
4773896,34.24072265625
4774295,34.60693359375
4776705,31.92138671875
4777502,32.2265625
4777904,31.3720703125
4779106,32.53173828125
4779607,33.26416015625
4780604,30.94482421875
4781304,32.1044921875
4781408,30.94482421875
4781814,32.8369140625
4782706,35.7666015625
4783104,38.330078125
4783902,31.3720703125
4784303,35.15625
4785507,34.11865234375
4785704,31.8603515625
4785906,32.71484375
4786525,32.89794921875
4787110,32.53173828125
4787507,43.5791015625
4787627,34.0576171875
4788027,35.33935546875
4788129,32.89794921875
4789105,33.63037109375
4791905,43.15185546875
4792428,33.38623046875
4793830,36.2548828125
4793907,36.2548828125
4794308,31.6162109375
4794705,36.80419921875
4795510,33.447265625
4796216,37.90283203125
4796295,32.28759765625
4796306,34.0576171875
4797107,38.63525390625
4797821,32.04345703125
4798307,35.09521484375
4798611,34.97314453125
4798707,43.64013671875
4799096,32.3486328125
4799107,41.19873046875
4799508,35.58349609375
4799908,32.89794921875
4800307,37.841796875
4800711,36.7431640625
4800819,32.04345703125
4801111,32.470703125
4801506,32.5927734375
4801618,32.89794921875
4802306,31.3720703125
4802707,45.83740234375
4803106,34.912109375
4803506,36.43798828125
4803912,31.005859375
4804698,32.77587890625
4804709,34.97314453125
4805107,35.64453125
4805506,31.3720703125
4805621,32.2265625
4806307,31.6162109375
4806522,31.1279296875
4806706,31.8603515625
4807906,33.69140625
4808304,40.10009765625
4808707,42.05322265625
4808916,31.31103515625
4809108,31.55517578125
4809907,33.8134765625
4810063,34.24072265625
4810307,31.92138671875
4810627,31.8603515625
4810707,37.353515625
4811107,39.61181640625
4811238,37.41455078125
4811507,33.935546875
4811726,33.8134765625
4811834,30.8837890625
4811905,35.5224609375
4812697,32.04345703125
4813107,38.0859375
4813509,36.07177734375
4814307,36.0107421875
4815108,37.41455078125
4815151,33.87451171875
4816306,32.2265625
4816624,32.04345703125
4816711,33.87451171875
4817497,31.18896484375
4819096,32.28759765625
4819497,30.94482421875
4821507,31.6162109375
4821909,34.36279296875
4822049,35.2783203125
4822312,31.25
4823109,36.19384765625
4823224,33.38623046875
4825111,31.31103515625
4826270,31.67724609375
4826427,31.06689453125
4831906,31.25
4833036,32.04345703125
4835353,33.8134765625
4836649,31.18896484375
4839441,35.94970703125
4844338,35.21728515625
4845445,33.447265625
4847239,37.841796875
4848644,36.376953125
4849042,36.865234375
4850047,31.06689453125
4850844,31.43310546875
4853748,33.203125
4854258,31.73828125
4854310,31.06689453125
4855110,32.16552734375
4856244,33.50830078125
4856307,33.5693359375
4856855,33.02001953125
4857150,32.8369140625
4858052,31.92138671875
4859110,32.3486328125
4860301,30.8837890625
4860653,32.16552734375
4861510,31.67724609375
4861667,32.65380859375
4862312,31.1279296875
4867455,32.470703125
4869905,33.3251953125
4870281,31.73828125
4871363,31.25
4872316,31.55517578125
4873057,37.04833984375
4875053,31.005859375
4877261,31.18896484375
4882881,31.8603515625
4892269,30.8837890625
4892469,32.2265625
4894465,35.82763671875
4897475,32.3486328125
4899873,32.1044921875
4900675,33.5693359375
4902688,31.18896484375
4903176,30.94482421875
4903493,32.71484375
4906172,33.0810546875
4907174,33.0810546875
4908697,32.40966796875
4916378,35.2783203125
4917877,30.8837890625
4918497,31.55517578125
4919088,31.3720703125
4919880,32.28759765625
4920296,31.494140625
4923086,32.53173828125
4931696,35.70556640625
4934733,30.94482421875
4936494,31.73828125
4936675,31.18896484375
4941096,31.8603515625
4942095,33.87451171875
4948305,30.8837890625
4949920,31.494140625
4952309,30.8837890625
4957701,31.1279296875
4960325,31.6162109375
4962508,31.18896484375
4963614,31.982421875
4966510,33.02001953125
4972100,31.1279296875
4975933,33.203125
4991520,31.1279296875
4996737,31.3720703125
4997774,36.07177734375
4997819,35.70556640625
4997927,42.78564453125
4998011,31.982421875
4998127,39.24560546875
4998743,33.3251953125
4999234,36.43798828125
4999303,35.58349609375
4999350,33.935546875
4999463,34.1796875
4999807,37.90283203125
5000267,31.18896484375
5000427,32.28759765625
5000844,31.3720703125
5002036,31.25
5003151,34.11865234375
5003636,36.865234375
5004829,30.8837890625
5004955,35.2783203125
5011437,32.470703125
5012751,32.71484375
5016741,30.8837890625
5017446,33.02001953125
5018145,31.18896484375
5019045,32.89794921875
5025852,32.2265625
5026151,31.31103515625
5026459,31.18896484375
5028534,31.6162109375
5041363,31.005859375
5045853,35.5224609375
5046165,32.5927734375
5048771,31.005859375
5049357,31.6162109375
5050280,31.8603515625
5050774,36.7431640625
5051073,33.5693359375
5051174,30.94482421875
5052753,33.63037109375
5053578,32.65380859375
5054778,33.75244140625
5055405,32.958984375
5055579,31.3720703125
5058061,30.8837890625
5058354,30.8837890625
5058669,32.470703125
5059975,34.423828125
5060761,33.5693359375
5060991,32.89794921875
5061025,30.8837890625
5061106,35.70556640625
5061141,47.8515625
5061179,33.935546875
5061193,47.54638671875
5061269,38.330078125
5061319,32.1044921875
5061412,31.73828125
5061473,42.48046875
5061962,33.26416015625
5062173,32.89794921875
5062364,32.470703125
5062774,38.14697265625
5062828,37.78076171875
5062896,32.04345703125
5062993,35.888671875
5063196,33.38623046875
5063376,32.89794921875
5063996,30.8837890625
5064185,34.97314453125
5064372,36.68212890625
5065013,31.005859375
5065160,32.28759765625
5065565,36.92626953125
5066364,31.1279296875
5066766,35.0341796875
5067176,34.3017578125
5067374,34.24072265625
5067966,35.58349609375
5068365,32.16552734375
5068588,38.87939453125
5069215,40.10009765625
5069396,32.470703125
5069602,33.447265625
5069822,33.203125
5069901,32.71484375
5070997,33.02001953125
5078301,33.14208984375
5078506,41.32080078125
5078668,32.89794921875
5080583,31.8603515625
5089391,31.92138671875
5091572,32.3486328125
5091807,32.40966796875
5091892,34.7900390625
5091973,32.65380859375
5092168,35.58349609375
5092233,43.5791015625
5092492,38.39111328125
5096998,32.3486328125
5098814,31.73828125
5103018,31.31103515625
5106089,32.1044921875
5106354,32.28759765625
5106585,30.8837890625
5106648,36.62109375
5106846,31.79931640625
5109408,31.55517578125
5110511,32.40966796875
5120556,38.330078125
5120689,44.98291015625
5121421,32.40966796875
5121622,36.43798828125
5121839,33.14208984375
5123923,31.8603515625
5129032,39.12353515625
5132636,31.1279296875
5133665,31.31103515625
5133931,31.06689453125
5140245,31.6162109375
5140735,30.94482421875
5143197,31.3720703125
5143639,33.0810546875
5144644,30.8837890625
5147660,30.8837890625
5149935,31.79931640625
5150641,34.66796875
5152044,31.25
5152257,41.1376953125
5152446,33.69140625
5152509,31.31103515625
5153089,32.89794921875
5153230,35.15625
5156643,30.8837890625
5156667,36.2548828125
5160044,35.15625
5165387,32.71484375
5165966,31.31103515625
5179098,33.0810546875
5188459,31.31103515625
5190753,31.982421875
5193594,31.1279296875
5194367,33.935546875
5196476,31.31103515625
5196666,35.5224609375
5196684,32.77587890625
5203475,32.40966796875
5203879,30.8837890625
5205173,30.94482421875
5205869,32.65380859375
5206167,32.71484375
5206827,31.8603515625
5207110,40.46630859375
5207487,33.203125
5219077,32.1044921875
5227786,31.06689453125
5227889,34.11865234375
5231891,35.7666015625
5232083,37.53662109375
5232339,33.87451171875
5232503,31.18896484375
5232703,33.63037109375
5233190,31.31103515625
5235102,33.935546875
5238890,45.8984375
5242586,31.67724609375
5244506,32.470703125
5245600,36.4990234375
5250090,43.701171875
5250114,33.69140625
5250303,35.0341796875
5251093,34.7900390625
5251107,31.18896484375
5254096,30.8837890625
5265605,33.02001953125
5266104,32.04345703125
5266317,32.28759765625
5271006,32.28759765625
5280910,42.41943359375
5281114,35.58349609375
5281502,44.73876953125
5282517,34.24072265625
5285926,31.1279296875
5286413,31.55517578125
5291313,31.73828125
5294912,31.73828125
5296017,43.212890625
5310518,31.73828125
5316723,34.11865234375
5319434,31.73828125
5323333,32.470703125
5325805,31.3720703125
5326059,32.16552734375
5326599,37.78076171875
5342741,32.65380859375
5344552,34.0576171875
5344718,32.16552734375
5344962,34.72900390625
5349542,32.3486328125
5358243,31.92138671875
5361149,32.470703125
5361521,33.447265625
5364201,31.494140625
5366345,32.04345703125
5369991,31.79931640625
5376136,31.55517578125
5376959,31.6162109375
5378957,33.5693359375
5381759,33.63037109375
5381906,34.3017578125
5382017,31.3720703125
5382184,31.18896484375
5382213,31.73828125
5383763,33.14208984375
5384166,32.53173828125
5387379,31.06689453125
5390181,31.79931640625
5390563,31.982421875
5392361,32.5927734375
5395065,31.31103515625
5395372,31.73828125
5396582,33.02001953125
5397562,32.04345703125
5398785,31.18896484375
5399585,40.52734375
5399772,40.34423828125
5399907,35.21728515625
5400170,35.888671875
5400279,31.3720703125
5400363,31.005859375
5403065,34.912109375
5403676,31.005859375
5406879,31.73828125
5406986,34.60693359375
5408880,32.1044921875
5416743,32.470703125
5416903,33.87451171875
5416973,37.9638671875
5417180,31.06689453125
5417217,35.46142578125
5422688,31.494140625
5426590,30.8837890625
5431387,31.67724609375
5435913,31.982421875
5438789,32.470703125
5443998,31.06689453125
5448597,32.53173828125
5456618,31.8603515625
5456788,36.56005859375
5456964,33.69140625
5462998,30.94482421875
5472410,31.8603515625
5472605,35.0341796875
5476619,33.935546875
5477406,37.78076171875
5477807,31.005859375
5491011,31.67724609375
5492040,30.8837890625
5493092,31.31103515625
5493310,32.89794921875
5493406,35.21728515625
5493515,31.92138671875
5494822,30.94482421875
5497513,32.28759765625
5497627,33.02001953125
5502726,31.982421875
5512010,31.18896484375
5515467,34.423828125
5533052,30.8837890625
5536143,32.04345703125
5542763,31.55517578125
5543769,34.24072265625
5543907,32.04345703125
5543992,32.40966796875
5545158,32.16552734375
5545229,32.5927734375
5552017,43.45703125
5552116,31.06689453125
5552365,31.79931640625
5552463,34.72900390625
5552581,37.65869140625
5558531,35.7666015625
5558728,32.3486328125
5559633,30.8837890625
5559857,34.85107421875
5596470,31.92138671875
5597971,30.94482421875
5605880,32.40966796875
5621681,31.1279296875
5624406,30.94482421875
5625089,33.8134765625
5631720,31.79931640625
5639896,34.24072265625
5642105,35.58349609375
5642300,31.67724609375
5646856,32.3486328125
5646904,31.67724609375
5647498,32.28759765625
5648129,34.60693359375
5648901,33.5693359375
5649708,35.15625
5650109,31.6162109375
5652125,36.31591796875
5652925,32.65380859375
5653903,31.3720703125
5661215,31.06689453125
5664116,32.1044921875
5667578,32.1044921875
5667901,32.65380859375
5687315,31.06689453125
5694133,32.53173828125
5708122,30.94482421875
5710172,31.3720703125
5711746,33.02001953125
5716919,33.14208984375
5716947,31.494140625
5719048,32.53173828125
5720545,31.55517578125
5720952,32.77587890625
5722532,33.02001953125
5723745,34.3017578125
5724533,31.982421875
5725345,31.25
5725745,35.58349609375
5726549,31.79931640625
5726562,31.005859375
5727320,33.203125
5727752,31.92138671875
5728128,35.5224609375
5728554,32.8369140625
5728950,32.470703125
5729731,35.15625
5730144,32.53173828125
5730533,31.06689453125
5731330,32.71484375
5731753,32.3486328125
5732548,31.1279296875
5732932,32.40966796875
5733348,32.5927734375
5733750,34.48486328125
5734136,33.935546875
5734507,31.982421875
5734561,32.71484375
5735330,33.203125
5735751,32.89794921875
5736147,31.73828125
5736770,31.79931640625
5738560,34.0576171875
5738949,39.794921875
5739374,33.75244140625
5739575,34.423828125
5740760,31.005859375
5740951,34.423828125
5741754,32.53173828125
5744552,30.8837890625
5747760,31.67724609375
5749734,30.94482421875
5752531,31.43310546875
5753754,31.1279296875
5754952,33.63037109375
5756953,37.7197265625
5761733,32.958984375
5765337,30.94482421875
5768962,32.71484375
5770562,36.80419921875
5774965,31.55517578125
5790591,31.79931640625
5809000,31.3720703125
5809796,31.79931640625
5818485,33.69140625
5819575,33.447265625
5821807,31.8603515625
5822786,31.73828125
5823493,31.6162109375
5823684,31.3720703125
5832389,33.38623046875
5837398,31.79931640625
5840992,32.53173828125
5850492,34.85107421875
5851398,32.40966796875
5852403,32.3486328125
5853891,32.89794921875
5859394,31.25
5861686,31.92138671875
5863295,31.18896484375
5873698,31.92138671875
5877798,31.18896484375
5879110,31.18896484375
5890600,32.89794921875
5892825,33.203125
5893022,31.1279296875
5894713,31.06689453125
5899002,31.06689453125
5899122,31.06689453125
5899618,33.14208984375
5900010,33.38623046875
5902424,31.8603515625
5903430,31.73828125
5911022,32.1044921875
5911205,32.77587890625
5913011,31.31103515625
5916810,33.0810546875
5923523,33.75244140625
5932834,33.0810546875
5937225,33.26416015625
5941231,31.6162109375
5956838,31.18896484375
5957235,32.77587890625
5961815,31.8603515625
5962932,32.8369140625
5963647,31.67724609375
5965534,32.958984375
5969040,32.5927734375
5970242,33.50830078125
5973956,30.8837890625
5974344,30.94482421875
5979640,31.494140625
5979862,31.92138671875
5987074,30.94482421875
5987663,31.92138671875
5989647,31.67724609375
5991251,32.65380859375
5993468,31.982421875
6147733,31.79931640625
6478873,31.1279296875
7479532,31.8603515625
7479682,32.3486328125
8145845,36.19384765625
8387073,36.1328125
8387228,30.8837890625
8439332,33.8134765625
8441687,32.16552734375
8693021,31.31103515625
8741554,32.16552734375
8806553,31.31103515625
8837857,32.1044921875
