4799001,0
96463,51.57470703125
96493,31.18896484375
96512,30.82275390625
96543,35.70556640625
96562,24.47509765625
96576,30.2734375
96600,28.62548828125
96638,31.67724609375
96661,25.08544921875
96690,27.52685546875
96751,26.91650390625
96795,24.4140625
96823,27.52685546875
200066,44.0673828125
200115,30.517578125
200160,39.55078125
200171,33.26416015625
200199,31.55517578125
200224,50.78125
200272,39.9169921875
200292,29.84619140625
200311,24.5361328125
200361,26.9775390625
200401,23.3154296875
200429,25.2685546875
200470,25.08544921875
200498,33.63037109375
234747,50.84228515625
234832,44.37255859375
234894,50.72021484375
234928,37.04833984375
234945,32.89794921875
234960,28.13720703125
234993,37.109375
235011,23.49853515625
235044,25.08544921875
235112,23.8037109375
235183,24.84130859375
235234,25.69580078125
235288,33.0810546875
235382,25.634765625
235496,30.8837890625
264496,55.72509765625
264579,50.537109375
264667,45.8984375
264688,23.3154296875
264734,40.95458984375
264751,25.146484375
264781,39.12353515625
264816,36.62109375
264837,42.54150390625
264855,24.47509765625
264873,33.5693359375
264886,23.8037109375
264903,30.029296875
264995,30.8837890625
265015,23.3154296875
265092,25.5126953125
265190,26.06201171875
265203,28.564453125
265448,26.611328125
296664,47.18017578125
296757,43.8232421875
296828,38.51318359375
296875,29.72412109375
296885,41.748046875
296902,30.21240234375
296918,31.6162109375
296935,25.5126953125
296946,27.587890625
296975,23.98681640625
296987,47.30224609375
297058,23.37646484375
297080,24.5361328125
297140,36.865234375
297157,23.25439453125
297179,25.390625
297218,25.45166015625
297241,31.005859375
297262,23.681640625
297314,26.06201171875
297397,28.99169921875
358126,41.8701171875
358189,41.56494140625
358250,37.353515625
358299,39.9169921875
358347,49.37744140625
358358,32.958984375
358391,34.1796875
358436,38.39111328125
358459,33.0810546875
358601,23.25439453125
358714,27.03857421875
358788,31.3720703125
1323600,44.49462890625
2892779,29.60205078125
3178432,24.47509765625
3178483,23.3154296875
3178755,29.4189453125
3178779,25.20751953125
3178807,54.13818359375
3178850,43.39599609375
3178880,29.96826171875
3178895,24.7802734375
3178909,34.11865234375
3178927,31.73828125
3178947,23.62060546875
3178997,26.79443359375
3179015,40.22216796875
3179048,30.029296875
3179076,29.11376953125
3179246,47.18017578125
3180552,24.59716796875
3227768,41.07666015625
3227936,38.9404296875
3228006,49.6826171875
3228076,31.43310546875
3228087,24.10888671875
3228128,42.96875
3228167,42.54150390625
3228186,26.06201171875
3228199,29.1748046875
3228264,35.888671875
3228425,23.681640625
3228493,23.4375
3228570,28.74755859375
3228690,28.1982421875
3228718,25.5126953125
3228834,32.04345703125
3265533,42.90771484375
3265841,40.22216796875
3265902,40.1611328125
3265923,28.38134765625
3265974,38.26904296875
3265992,34.5458984375
3266009,32.89794921875
3266036,25.0244140625
3266066,26.611328125
3266083,37.41455078125
3266098,27.34375
3266126,30.45654296875
3266185,23.74267578125
3266263,24.90234375
3266349,31.73828125
3266380,28.74755859375
3266406,23.25439453125
3266462,27.2216796875
3266487,23.4375
3266534,37.41455078125
3266545,29.1748046875
3266645,31.18896484375
3266659,24.59716796875
3266762,30.09033203125
3310431,45.83740234375
3310559,24.2919921875
3310581,41.32080078125
3310626,23.3154296875
3310655,35.33935546875
3310707,42.90771484375
3310720,41.07666015625
3310746,57.0068359375
3310778,23.86474609375
3310815,34.5458984375
3310827,24.23095703125
3310848,26.4892578125
3310874,27.40478515625
3310886,23.86474609375
3310904,24.0478515625
3310971,25.93994140625
3311005,32.16552734375
3311073,24.71923828125
3311161,39.48974609375
3362580,45.41015625
3362690,39.12353515625
3362758,44.5556640625
3362816,32.65380859375
3362834,37.17041015625
3362853,47.66845703125
3362874,24.23095703125
3362911,35.15625
3362935,44.49462890625
3362955,33.14208984375
3362985,23.3154296875
3363025,26.91650390625
3363068,36.43798828125
3363132,29.60205078125
3363147,24.7802734375
3455788,33.935546875
3455895,36.19384765625
3455983,41.19873046875
3456066,42.29736328125
3456122,47.18017578125
3456171,38.14697265625
3456211,29.78515625
3456229,32.5927734375
3456242,36.4990234375
3456280,40.8935546875
3456313,39.4287109375
3456328,23.62060546875
3456346,43.0908203125
3456386,37.78076171875
3456435,28.076171875
3456483,24.4140625
3456563,23.681640625
4194585,48.095703125
4194657,27.83203125
4194675,42.1142578125
4194694,28.50341796875
4194708,50.537109375
4194721,42.724609375
4194759,47.05810546875
4194776,34.85107421875
4194806,34.7900390625
4194822,40.0390625
4194866,27.9541015625
4194882,31.005859375
4194908,29.60205078125
4194919,24.71923828125
4194983,27.7099609375
4195115,30.517578125
