7799001,0
2393,31.494140625
12243,35.888671875
12637,31.31103515625
31742,31.31103515625
98792,32.8369140625
109825,31.79931640625
462017,31.43310546875
466210,32.8369140625
474897,31.25
588402,31.55517578125
654102,31.31103515625
658448,36.80419921875
695303,33.99658203125
703805,34.36279296875
712599,38.02490234375
721122,36.2548828125
722789,31.1279296875
754919,34.72900390625
759155,34.5458984375
766328,31.18896484375
772659,32.53173828125
787312,33.75244140625
795193,35.94970703125
804309,34.7900390625
814204,39.306640625
820633,32.470703125
826203,31.73828125
830409,35.64453125
835024,34.11865234375
840564,32.71484375
843166,41.07666015625
846344,32.04345703125
862365,34.0576171875
863880,32.40966796875
876329,31.73828125
897952,33.87451171875
903673,32.40966796875
911230,32.16552734375
913888,31.3720703125
922288,32.3486328125
924820,31.73828125
933360,40.10009765625
939056,32.2265625
949774,33.8134765625
950692,33.26416015625
954003,33.14208984375
956397,32.470703125
965340,35.46142578125
971321,32.65380859375
973604,37.41455078125
975591,32.2265625
991045,39.61181640625
994603,34.85107421875
998857,31.005859375
1010509,31.55517578125
1017290,38.39111328125
1019239,31.25
1019678,32.2265625
1020971,34.24072265625
1028145,32.71484375
1036638,33.447265625
1043994,34.60693359375
1057245,36.68212890625
1063072,38.02490234375
1070667,34.48486328125
1077165,35.46142578125
1080065,33.3251953125
1087220,34.72900390625
1095615,31.005859375
1104661,38.2080078125
1105439,36.19384765625
1120097,32.28759765625
1123797,34.48486328125
1137553,38.14697265625
1143394,36.80419921875
1146128,35.64453125
1161194,39.00146484375
1163410,31.73828125
1177190,31.494140625
1180954,34.48486328125
1189820,35.888671875
1193202,32.28759765625
1213296,34.97314453125
1217896,39.97802734375
1231221,36.62109375
1237638,31.92138671875
1241813,36.0107421875
1253791,33.5693359375
1265269,33.935546875
1273734,34.60693359375
1281101,33.02001953125
1295333,38.26904296875
1298739,38.330078125
1299390,35.0341796875
1303618,35.15625
1311701,31.31103515625
1315709,34.7900390625
1350673,33.87451171875
1353549,31.67724609375
1358801,33.203125
1364027,34.11865234375
1366033,34.7900390625
1366473,33.26416015625
1391384,31.79931640625
1391625,35.7666015625
1402797,35.64453125
1409928,35.5224609375
1421908,40.771484375
1433525,33.02001953125
1437693,34.36279296875
1440464,35.7666015625
1445424,34.423828125
1449468,39.85595703125
1455337,31.92138671875
1456595,36.2548828125
1462530,34.423828125
1483000,33.935546875
1496577,36.43798828125
1504729,39.73388671875
1511417,35.58349609375
1512577,31.43310546875
1514876,33.14208984375
1518850,31.06689453125
1547174,32.5927734375
1551318,31.3720703125
1555282,35.5224609375
1571352,31.31103515625
1577004,36.0107421875
1601445,36.31591796875
1602328,31.005859375
1625555,33.14208984375
1628094,31.3720703125
1633209,33.3251953125
1648759,31.55517578125
1650900,33.3251953125
1653919,33.5693359375
1670062,33.26416015625
1680246,33.3251953125
1683262,34.66796875
1718364,31.43310546875
1731027,35.5224609375
1737234,32.65380859375
1766948,31.3720703125
1788534,32.2265625
1800396,33.26416015625
1802404,34.3017578125
1835754,31.3720703125
1842898,33.26416015625
1862620,31.43310546875
1883390,31.25
1924972,39.73388671875
1972789,35.82763671875
2014074,34.36279296875
5476862,31.73828125
5480428,31.3720703125
7563001,31.005859375
