11999000,0
34648,17.9443359375
35127,21.78955078125
36170,18.6767578125
65752,18.49365234375
109620,17.76123046875
110332,18.61572265625
111240,17.7001953125
138374,17.822265625
167166,19.4091796875
228739,17.7001953125
229910,18.1884765625
265484,18.5546875
297988,17.76123046875
351170,18.310546875
393311,19.6533203125
417782,22.216796875
684702,18.1884765625
873657,21.05712890625
1040649,18.9208984375
1310888,17.7001953125
1350551,18.1884765625
1474496,18.24951171875
1495814,19.22607421875
1626688,19.1650390625
1676061,17.822265625
1718164,21.17919921875
1747876,19.1650390625
1833219,18.310546875
1843942,18.6767578125
1930373,18.37158203125
2034532,19.53125
2060792,17.88330078125
2150049,18.49365234375
2209973,17.9443359375
2242341,18.1884765625
2289439,19.59228515625
2294006,18.85986328125
2317394,18.9208984375
2363974,19.83642578125
2447828,18.85986328125
2737550,19.04296875
2785712,19.287109375
2786628,20.20263671875
2829722,19.04296875
2845630,19.22607421875
2895090,17.76123046875
3048203,18.1884765625
3710467,17.76123046875
4143766,18.06640625
4248658,19.775390625
4294384,20.1416015625
4352844,18.06640625
4408761,17.822265625
4564565,18.61572265625
4565536,18.24951171875
4674544,18.00537109375
4917939,19.59228515625
4954945,18.98193359375
4955368,17.76123046875
5099127,18.1884765625
5125473,17.822265625
5184663,20.69091796875
5185577,19.10400390625
5556363,18.98193359375
5581579,19.6533203125
5631925,21.17919921875
5751822,17.76123046875
5786760,19.10400390625
5829551,18.9208984375
6019753,18.5546875
6056031,18.1884765625
6317414,19.04296875
6624938,18.6767578125
6775215,18.24951171875
11970766,18.6767578125
