11999000,0
1341805,17.333984375
2421578,15.68603515625
2595849,15.68603515625
2601529,15.93017578125
2767820,15.56396484375
3047506,15.380859375
3055323,15.31982421875
3662106,16.6015625
3729886,15.68603515625
3883153,16.41845703125
3901136,15.9912109375
4083742,16.7236328125
4095982,18.06640625
4215197,17.02880859375
4228790,16.90673828125
4294257,15.93017578125
4533824,15.31982421875
4832345,15.7470703125
4857637,15.68603515625
4948917,16.05224609375
5079347,15.80810546875
5112765,15.625
5725090,16.845703125
5751703,17.02880859375
5835409,16.6015625
6294325,15.31982421875
6871752,15.56396484375
6921376,17.76123046875
7433609,15.44189453125
7512460,15.380859375
7567049,16.29638671875
8039455,16.41845703125
8218034,15.625
11862447,16.90673828125
