7799001,0
77479,13.7939453125
393181,14.70947265625
393467,13.73291015625
440178,14.6484375
449566,13.5498046875
459457,13.61083984375
481320,18.310546875
481413,13.97705078125
481461,14.34326171875
492978,14.5263671875
519704,17.02880859375
519747,13.5498046875
519813,15.380859375
533989,13.48876953125
534054,13.97705078125
534086,13.671875
550500,14.83154296875
550517,14.22119140625
594322,14.83154296875
594397,14.6484375
594479,14.22119140625
655072,14.16015625
655152,13.73291015625
655233,14.95361328125
703773,13.85498046875
703932,13.97705078125
1064700,13.916015625
1130978,13.7939453125
1189838,14.70947265625
1205971,13.48876953125
1224774,15.07568359375
1224831,13.916015625
1224889,13.73291015625
1224982,15.0146484375
1249619,15.93017578125
1285091,13.671875
1329819,14.892578125
1329863,14.892578125
1329926,13.85498046875
1705934,14.09912109375
1747244,14.5263671875
1747294,16.05224609375
1760229,14.6484375
1774485,14.46533203125
1793688,13.7939453125
1818993,15.625
1843875,13.61083984375
1843926,14.16015625
1870872,15.07568359375
1870920,16.7236328125
1899034,13.7939453125
1899056,13.916015625
1899105,15.19775390625
1899412,14.0380859375
1936114,14.16015625
1977288,13.85498046875
1977332,13.671875
1977406,17.15087890625
2007213,15.13671875
2007278,14.0380859375
2007332,14.09912109375
2007342,15.44189453125
2007430,13.61083984375
2007519,14.6484375
2028315,17.2119140625
2028521,14.09912109375
2058355,17.4560546875
2079300,15.380859375
2095885,13.85498046875
2096071,14.0380859375
2149338,14.2822265625
2164629,16.41845703125
2164674,15.2587890625
2755645,13.5498046875
2772218,15.56396484375
2773630,14.0380859375
3013500,15.80810546875
3042163,16.78466796875
3150760,14.6484375
3192790,13.7939453125
3192878,15.80810546875
3243946,13.97705078125
3284323,15.31982421875
3284349,14.70947265625
3284388,15.31982421875
3326769,16.357421875
3326816,15.07568359375
3326858,16.90673828125
3356510,13.5498046875
3356549,14.5263671875
3356588,15.44189453125
3356620,13.61083984375
3390274,13.85498046875
3820764,15.44189453125
3833869,13.61083984375
3848103,16.41845703125
3861631,13.671875
3875079,14.892578125
3875191,15.0146484375
3900548,14.6484375
3914630,13.5498046875
3929591,14.83154296875
3945164,14.2822265625
3967502,13.48876953125
3967562,13.85498046875
3990001,16.9677734375
3990241,15.0146484375
4017667,13.671875
4017783,14.5263671875
4048195,13.916015625
4091669,13.671875
4092269,13.73291015625
4582446,13.48876953125
4617847,14.404296875
4632121,15.380859375
4645327,15.5029296875
4657464,14.892578125
4667971,14.6484375
4726999,16.78466796875
4727048,13.73291015625
4745580,15.31982421875
4765830,13.671875
4765870,13.5498046875
4765894,14.5263671875
4765949,13.85498046875
4804105,14.7705078125
4821203,13.48876953125
4846375,14.58740234375
5507668,13.7939453125
5532483,14.0380859375
5568569,15.31982421875
5582650,13.48876953125
5666773,14.404296875
5666879,15.93017578125
5688944,14.6484375
5688993,15.625
6083252,13.5498046875
6260685,14.09912109375
6260776,13.5498046875
6287906,16.357421875
6315071,13.97705078125
6737740,17.02880859375
6761600,13.48876953125
6761624,14.22119140625
6774869,13.7939453125
6775127,14.22119140625
6790547,13.85498046875
6790599,14.0380859375
6807884,13.7939453125
6852798,14.95361328125
6914416,15.68603515625
6952633,14.22119140625
6952659,14.0380859375
7000597,13.7939453125
7047574,13.85498046875
7333339,14.22119140625
7613475,13.48876953125
7637480,14.404296875
7756504,14.2822265625
7787436,13.61083984375
