11999000,0
4159,37.29248046875
14853,47.18017578125
15318,47.2412109375
18052,46.2646484375
28051,37.7197265625
31998,39.306640625
40269,38.75732421875
43462,50.1708984375
44784,38.4521484375
51417,37.9638671875
70117,50.84228515625
70744,47.2412109375
76847,37.9638671875
86408,38.26904296875
96238,53.955078125
96671,49.072265625
100066,39.306640625
113748,45.59326171875
114844,40.0390625
117667,41.50390625
130699,48.03466796875
131062,42.6025390625
155302,37.29248046875
156804,52.06298828125
157493,58.41064453125
165633,42.29736328125
193166,37.29248046875
197724,49.49951171875
198108,46.142578125
202726,38.51318359375
226184,37.4755859375
233444,45.7763671875
234000,42.29736328125
239787,38.87939453125
241877,52.18505859375
252889,37.59765625
264885,38.39111328125
278194,52.490234375
296537,40.0390625
298143,47.05810546875
298870,40.52734375
323870,40.95458984375
328742,46.2646484375
337498,40.10009765625
343691,59.50927734375
344730,44.7998046875
376775,38.0859375
386224,39.9169921875
399284,41.07666015625
399936,55.72509765625
400608,46.08154296875
425474,37.7197265625
434788,51.6357421875
436266,47.7294921875
455559,38.0859375
467201,62.744140625
467792,55.6640625
468146,49.49951171875
468704,42.05322265625
468768,53.466796875
469115,40.771484375
469208,44.43359375
469321,77.1484375
469331,43.64013671875
469423,38.6962890625
469527,60.791015625
469787,86.3037109375
469879,44.25048828125
470191,41.6259765625
470286,38.330078125
470383,37.9638671875
470469,41.32080078125
470587,39.97802734375
470764,38.57421875
481886,41.8701171875
492041,38.818359375
498432,57.67822265625
513690,41.56494140625
525722,57.861328125
526291,48.33984375
531503,44.0673828125
556314,39.61181640625
566937,38.818359375
577799,38.87939453125
587959,40.0390625
595658,39.55078125
596908,52.79541015625
597417,47.66845703125
599523,37.41455078125
600441,38.51318359375
600980,41.93115234375
601462,45.2880859375
621232,48.15673828125
624581,62.19482421875
625435,45.95947265625
632675,44.00634765625
642821,39.794921875
647740,54.443359375
648285,46.9970703125
648791,38.2080078125
649819,54.74853515625
650608,48.88916015625
664838,41.3818359375
667674,40.58837890625
670125,60.6689453125
685058,38.75732421875
685695,51.57470703125
686397,45.41015625
698456,45.8984375
706348,42.41943359375
717957,40.771484375
734889,37.841796875
752319,48.4619140625
756656,41.56494140625
772944,39.36767578125
776178,57.0068359375
776825,53.5888671875
776863,58.7158203125
777124,45.59326171875
777703,37.90283203125
779252,49.74365234375
785032,39.794921875
795861,43.701171875
802453,38.51318359375
849443,39.24560546875
866427,38.75732421875
867024,41.748046875
879394,44.49462890625
883136,39.36767578125
914521,60.85205078125
926858,44.25048828125
937122,49.6826171875
954112,39.85595703125
954125,67.0166015625
996329,39.12353515625
1008435,42.54150390625
1008760,41.259765625
1017280,47.4853515625
1019322,55.23681640625
1020125,52.001953125
1029935,38.63525390625
1032345,41.50390625
1033353,43.0908203125
1043961,39.36767578125
1044844,57.2509765625
1045562,45.71533203125
1046565,46.81396484375
1053347,38.57421875
1062613,38.02490234375
1067193,43.3349609375
1072937,41.44287109375
1078193,37.29248046875
1086014,45.71533203125
1096353,47.8515625
1098597,48.27880859375
1098871,50.10986328125
1098900,75.0732421875
1098938,68.90869140625
1099028,54.38232421875
1099147,41.07666015625
1099201,68.115234375
1099258,59.26513671875
1099310,41.07666015625
1099516,47.66845703125
1099572,47.9736328125
1099713,38.14697265625
1099768,46.9970703125
1099788,50.59814453125
1099997,38.818359375
1100087,39.61181640625
1100321,38.26904296875
1100582,37.41455078125
1101548,37.353515625
1102924,40.771484375
1113418,40.83251953125
1117461,40.46630859375
1120143,38.2080078125
1120443,37.4755859375
1123516,45.5322265625
1125045,39.48974609375
1131348,39.1845703125
1140603,39.4287109375
1140933,47.91259765625
1140978,46.0205078125
1141368,53.8330078125
1141484,50.6591796875
1141500,66.7724609375
1141696,55.908203125
1141736,48.828125
1141813,46.44775390625
1141869,51.81884765625
1142038,46.142578125
1142080,46.20361328125
1142099,42.66357421875
1142317,40.46630859375
1142348,39.24560546875
1142845,40.283203125
1142879,39.0625
1142901,39.6728515625
1143369,46.32568359375
1144330,41.07666015625
1150870,41.50390625
1160391,41.19873046875
1165636,46.93603515625
1168506,37.65869140625
1182456,54.26025390625
1183535,46.32568359375
1183780,41.19873046875
1184110,45.5322265625
1184585,38.818359375
1184829,38.75732421875
1184839,57.80029296875
1184972,40.1611328125
1185026,38.818359375
1185221,45.47119140625
1185287,57.0068359375
1185308,38.75732421875
1185432,42.41943359375
1185462,63.5986328125
1185536,40.46630859375
1185571,41.3818359375
1185651,42.41943359375
1185678,38.87939453125
1185829,46.875
1185881,45.654296875
1185956,37.59765625
1186408,39.00146484375
1186737,41.32080078125
1187123,50.35400390625
1206714,46.32568359375
1220286,50.59814453125
1220865,42.17529296875
1224938,37.4755859375
1230113,38.63525390625
1231056,40.283203125
1231134,50.72021484375
1231656,51.025390625
1231836,69.2138671875
1232127,42.41943359375
1232146,48.15673828125
1232542,56.0302734375
1232725,56.396484375
1232871,43.3349609375
1232926,40.52734375
1233046,39.85595703125
1233263,41.93115234375
1233311,48.583984375
1233450,41.19873046875
1233580,47.91259765625
1234006,43.39599609375
1234065,38.14697265625
1234172,52.91748046875
1234522,39.00146484375
1235004,37.90283203125
1235342,38.0859375
1235475,41.68701171875
1264277,41.50390625
1266159,40.95458984375
1286400,41.9921875
1287366,47.54638671875
1288014,44.61669921875
1309768,37.65869140625
1347554,61.46240234375
1371386,46.81396484375
1383152,49.74365234375
1408865,44.189453125
1413197,37.41455078125
1425337,38.51318359375
1444361,41.3818359375
1478763,53.7109375
1480656,39.61181640625
1503172,41.68701171875
1509320,43.9453125
1509577,52.06298828125
1542731,45.654296875
1551279,42.48046875
1554263,37.9638671875
1568760,42.3583984375
1582768,40.1611328125
1597203,42.17529296875
1623661,37.9638671875
1624127,39.4287109375
1653832,39.9169921875
1657782,42.05322265625
1662082,60.72998046875
1662636,64.0869140625
1692395,41.6259765625
1704653,37.78076171875
1711653,37.29248046875
1727111,43.64013671875
1741637,38.330078125
1747077,46.56982421875
1750576,40.1611328125
1764275,71.22802734375
1768768,38.0859375
1787180,44.0673828125
1788445,61.95068359375
1788876,48.7060546875
1793709,42.66357421875
1807455,44.43359375
1856008,69.82421875
1873127,43.3349609375
1881613,63.8427734375
1902870,57.92236328125
1903522,69.51904296875
1904107,51.94091796875
1945563,41.015625
1949695,57.43408203125
1950335,61.1572265625
1968841,46.32568359375
1979874,62.5
1979903,37.59765625
1982489,47.7294921875
1995530,43.02978515625
2003679,62.98828125
2018618,39.73388671875
2032191,40.95458984375
2052100,39.61181640625
2053750,65.5517578125
2054999,38.0859375
2078964,39.1845703125
2082268,42.17529296875
2104923,54.6875
2115898,38.51318359375
2120541,37.4755859375
2147950,68.29833984375
2155680,72.509765625
2161264,37.90283203125
2166001,37.65869140625
2179407,38.26904296875
2194987,38.51318359375
2217856,40.95458984375
2240366,40.0390625
2253397,45.47119140625
2304690,41.3818359375
2319896,38.75732421875
2336196,38.14697265625
2347730,38.75732421875
2363932,71.4111328125
2364734,38.818359375
2378138,43.3349609375
2387676,43.212890625
2393335,37.90283203125
2398564,38.51318359375
2403948,38.330078125
2403971,54.87060546875
2404040,39.12353515625
2404385,58.89892578125
2404606,54.931640625
2404691,49.072265625
2404746,76.23291015625
2404760,52.55126953125
2404860,44.5556640625
2404889,55.5419921875
2404937,52.24609375
2404981,37.41455078125
2405057,64.51416015625
2405084,47.30224609375
2405129,46.32568359375
2405177,37.841796875
2405297,47.8515625
2405315,43.27392578125
2405478,44.189453125
2406075,42.54150390625
2406444,37.7197265625
2406615,38.39111328125
2407498,38.0859375
2408765,37.53662109375
2410186,39.1845703125
2421393,38.9404296875
2423067,47.66845703125
2426269,51.45263671875
2427110,41.259765625
2427174,38.4521484375
2427307,39.306640625
2427334,59.99755859375
2427378,38.2080078125
2427534,37.29248046875
2427639,44.00634765625
2427779,53.28369140625
2427917,37.90283203125
2427969,39.24560546875
2427996,44.5556640625
2428059,39.0625
2428268,39.48974609375
2428309,46.08154296875
2428324,42.90771484375
2428821,41.19873046875
2429058,40.46630859375
2429969,52.734375
2430369,40.771484375
2436477,38.4521484375
2447014,47.79052734375
2454100,48.583984375
2454127,43.5791015625
2454721,38.6962890625
2455692,47.9736328125
2455975,56.45751953125
2456124,56.45751953125
2456170,61.70654296875
2456267,48.33984375
2456329,48.76708984375
2456350,55.17578125
2456416,45.166015625
2456481,40.6494140625
2456513,60.85205078125
2456759,38.6962890625
2456798,45.654296875
2457076,45.654296875
2457169,39.1845703125
2457377,51.45263671875
2458082,37.41455078125
2458879,38.02490234375
2459510,41.50390625
2474854,38.63525390625
2479632,42.96875
2481013,41.19873046875
2487047,55.35888671875
2487903,46.08154296875
2488728,53.52783203125
2489213,42.724609375
2489471,54.26025390625
2489634,57.55615234375
2489660,61.8896484375
2489708,50.9033203125
2489851,43.3349609375
2489973,42.236328125
2490015,40.58837890625
2490034,60.1806640625
2490242,46.38671875
2490328,37.78076171875
2490409,38.330078125
2490496,41.50390625
2490619,38.02490234375
2490662,43.51806640625
2490811,44.49462890625
2490873,37.65869140625
2491399,41.80908203125
2491501,45.166015625
2491550,41.1376953125
2492340,38.39111328125
2518824,41.68701171875
2520744,40.46630859375
2535643,37.65869140625
2536558,45.34912109375
2537136,41.56494140625
2552922,38.26904296875
2553769,44.73876953125
2554054,42.724609375
2554228,48.76708984375
2554358,54.38232421875
2554419,68.42041015625
2554475,45.5322265625
2554508,53.955078125
2554532,62.3779296875
2554620,52.06298828125
2554654,43.76220703125
2554712,38.26904296875
2554725,43.0908203125
2554762,44.61669921875
2554821,42.05322265625
2554838,38.6962890625
2554953,38.6962890625
2555057,42.3583984375
2555149,45.10498046875
2555169,43.27392578125
2555235,40.46630859375
2555247,37.59765625
2555453,49.86572265625
2555479,43.3349609375
2555504,40.58837890625
2555607,37.90283203125
2555790,40.771484375
2555813,40.95458984375
2556115,40.71044921875
2557809,38.39111328125
2570472,38.39111328125
2590203,40.46630859375
2591352,37.59765625
2598964,38.330078125
2600020,45.7763671875
2600158,43.5791015625
2600342,45.8984375
2600490,51.26953125
2600676,44.189453125
2600753,51.94091796875
2600784,44.00634765625
2600806,60.302734375
2600844,42.48046875
2600930,47.91259765625
2600976,40.1611328125
2601085,61.70654296875
2601155,39.55078125
2601379,38.02490234375
2601497,43.8232421875
2601511,38.2080078125
2601616,40.0390625
2601740,38.26904296875
2601841,37.59765625
2601896,41.1376953125
2602128,41.68701171875
2602261,37.41455078125
2602505,37.353515625
2602585,37.9638671875
2613447,39.6728515625
2638610,37.29248046875
2642294,39.9169921875
2645395,42.54150390625
2663826,39.61181640625
2720972,41.748046875
2722716,54.13818359375
2729439,41.3818359375
2739090,41.07666015625
2769537,38.0859375
2915993,43.15185546875
2955236,40.10009765625
2977519,40.95458984375
2980320,38.63525390625
2998155,38.57421875
3028394,38.57421875
3044345,37.65869140625
3103164,38.2080078125
3114829,37.41455078125
3118244,68.05419921875
3131152,38.14697265625
3156696,43.02978515625
3167943,42.236328125
3178493,59.08203125
3185745,40.283203125
3189167,38.75732421875
3204505,41.56494140625
3209305,37.841796875
3243917,39.85595703125
3249193,37.4755859375
3253026,38.0859375
3262056,41.9921875
3284244,66.58935546875
3285863,38.9404296875
3311351,40.71044921875
3311481,44.7998046875
3312122,52.24609375
3312342,69.7021484375
3312529,45.7763671875
3312953,63.53759765625
3312969,78.55224609375
3312990,52.6123046875
3313034,41.8701171875
3313143,70.98388671875
3313162,47.4853515625
3313212,42.724609375
3313263,39.24560546875
3313286,51.20849609375
3313361,39.1845703125
3313423,39.0625
3313491,37.29248046875
3313635,45.166015625
3313677,38.39111328125
3313755,45.71533203125
3314288,42.6025390625
3314682,40.71044921875
3314959,37.78076171875
3321487,41.44287109375
3323805,37.59765625
3326704,44.98291015625
3329312,49.1943359375
3329736,49.31640625
3330027,40.46630859375
3331337,48.7060546875
3332155,40.95458984375
3335167,38.0859375
3335675,54.01611328125
3336118,48.40087890625
3336197,49.31640625
3337489,38.39111328125
3337531,42.6025390625
3337675,50.1708984375
3337771,41.1376953125
3337803,59.4482421875
3338002,44.189453125
3338031,39.97802734375
3338052,42.724609375
3338229,56.09130859375
3338413,43.51806640625
3338523,50.048828125
3338699,51.08642578125
3338712,39.61181640625
3338863,38.330078125
3339103,45.5322265625
3339330,38.6962890625
3339597,44.677734375
3339667,39.61181640625
3350245,38.26904296875
3358575,38.63525390625
3363548,38.9404296875
3363664,50.6591796875
3365191,39.12353515625
3365792,38.39111328125
3368634,46.630859375
3369314,38.39111328125
3369350,44.677734375
3369655,46.875
3369737,41.1376953125
3369865,42.8466796875
3369957,50.72021484375
3370058,41.07666015625
3370101,44.25048828125
3370124,38.9404296875
3370159,64.39208984375
3370174,42.8466796875
3370314,62.8662109375
3370335,40.10009765625
3370359,48.76708984375
3370404,41.07666015625
3370671,61.6455078125
3370688,63.720703125
3370893,37.7197265625
3371025,48.03466796875
3371066,45.41015625
3371376,37.78076171875
3371719,44.12841796875
3371796,39.6728515625
3372026,41.50390625
3372312,39.794921875
3373012,41.32080078125
3392421,39.73388671875
3393203,38.2080078125
3394059,38.87939453125
3394652,42.724609375
3416930,52.734375
3425387,55.908203125
3425512,42.8466796875
3425745,37.4755859375
3425791,40.4052734375
3425869,39.794921875
3425942,49.37744140625
3426169,40.52734375
3426215,50.23193359375
3426246,37.7197265625
3426275,63.8427734375
3426329,41.19873046875
3426408,56.45751953125
3426524,50.048828125
3426553,55.84716796875
3426756,60.05859375
3426874,39.1845703125
3427126,38.330078125
3427266,39.48974609375
3427330,41.9921875
3427458,42.8466796875
3427730,38.4521484375
3427751,37.53662109375
3428063,40.71044921875
3429053,37.59765625
3446550,39.12353515625
3446722,37.841796875
3459367,38.02490234375
3505135,60.72998046875
3506050,48.095703125
3550476,37.78076171875
3574343,38.87939453125
3589983,38.39111328125
3670167,38.02490234375
3671881,63.65966796875
3707204,74.52392578125
3707214,41.56494140625
3715625,39.1845703125
3797096,37.41455078125
3807730,66.83349609375
3830919,41.32080078125
3842005,40.6494140625
3873273,37.90283203125
3879335,70.068359375
3879939,62.6220703125
3898732,39.73388671875
3917141,38.4521484375
3925688,63.96484375
3939121,38.9404296875
3944870,39.9169921875
3963275,57.861328125
3963490,39.1845703125
3969034,60.97412109375
3974773,39.55078125
3985967,40.71044921875
3991141,39.73388671875
4016908,67.44384765625
4017202,72.20458984375
4017220,39.9169921875
4017437,40.771484375
4017727,39.61181640625
4022069,38.51318359375
4028730,47.30224609375
4029149,43.02978515625
4029593,48.33984375
4030024,41.3818359375
4030209,37.353515625
4030784,44.49462890625
4030905,43.39599609375
4031148,44.12841796875
4031230,53.955078125
4031251,42.8466796875
4031666,57.0068359375
4031680,42.48046875
4031729,45.8984375
4031864,55.908203125
4031914,53.8330078125
4031948,37.9638671875
4031960,48.40087890625
4031996,87.646484375
4032127,42.54150390625
4032220,46.69189453125
4032317,38.75732421875
4032361,43.15185546875
4032481,37.7197265625
4032642,44.189453125
4034109,37.53662109375
4034221,38.4521484375
4034327,40.771484375
4041470,41.6259765625
4047049,39.306640625
4050331,52.734375
4050507,38.6962890625
4051356,43.51806640625
4051743,49.560546875
4052128,44.61669921875
4052156,37.29248046875
4052657,40.4052734375
4052856,43.15185546875
4052915,44.43359375
4052953,41.1376953125
4053568,72.509765625
4053623,47.607421875
4053869,38.0859375
4053911,39.0625
4053964,48.2177734375
4054057,62.68310546875
4054082,37.53662109375
4054159,38.4521484375
4054311,48.583984375
4054328,38.02490234375
4054383,40.83251953125
4054409,39.55078125
4054871,39.55078125
4056450,38.330078125
4056707,40.8935546875
4056894,39.24560546875
4069368,43.9453125
4076992,40.8935546875
4079383,40.71044921875
4079511,48.40087890625
4079812,43.0908203125
4080100,66.0400390625
4080152,41.93115234375
4080180,50.1708984375
4080192,37.353515625
4080208,41.6259765625
4080288,47.119140625
4080481,40.34423828125
4080530,39.48974609375
4080579,38.39111328125
4080963,45.10498046875
4081033,38.6962890625
4081111,40.10009765625
4081294,55.2978515625
4081343,41.259765625
4081382,39.794921875
4081657,39.306640625
4082439,52.1240234375
4082523,37.53662109375
4082821,37.59765625
4083012,37.65869140625
4101248,51.69677734375
4104997,65.61279296875
4105185,46.93603515625
4105235,53.22265625
4106079,50.10986328125
4117159,42.90771484375
4153062,37.7197265625
4153505,48.27880859375
4153651,53.466796875
4153958,47.4853515625
4153996,51.69677734375
4154148,40.95458984375
4154163,52.67333984375
4154279,39.1845703125
4154372,57.861328125
4154514,41.93115234375
4154553,50.1708984375
4154564,50.1708984375
4154750,42.96875
4154811,46.56982421875
4154986,41.32080078125
4155208,52.490234375
4156057,38.57421875
4156142,37.53662109375
4156423,41.19873046875
4156610,38.4521484375
4157499,39.73388671875
4168834,41.3818359375
4176404,41.6259765625
4183430,64.27001953125
4184074,51.26953125
4197621,37.78076171875
4199282,46.81396484375
4199348,45.83740234375
4199799,40.10009765625
4199847,54.99267578125
4199897,40.71044921875
4200015,55.908203125
4200121,57.6171875
4200150,51.81884765625
4200268,43.701171875
4200323,54.74853515625
4200337,38.57421875
4200369,48.40087890625
4200442,58.28857421875
4200558,38.9404296875
4200653,47.42431640625
4200684,45.41015625
4200712,60.11962890625
4200776,38.51318359375
4201111,40.71044921875
4201360,38.2080078125
4201496,42.90771484375
4201653,40.8935546875
4201786,44.73876953125
4202866,37.65869140625
4203709,42.54150390625
4210409,42.41943359375
4212149,39.0625
4218386,38.57421875
4219014,37.353515625
4224888,39.73388671875
4231319,37.90283203125
4232156,39.0625
4232380,41.3818359375
4232856,48.4619140625
4232984,44.7998046875
4233038,37.29248046875
4233189,62.31689453125
4233201,66.5283203125
4233253,39.36767578125
4233412,42.54150390625
4233431,46.9970703125
4233478,60.1806640625
4233611,42.90771484375
4233730,41.6259765625
4233784,39.794921875
4233840,48.095703125
4234046,40.283203125
4234240,41.748046875
4234275,37.841796875
4234455,38.9404296875
4234488,42.724609375
4234524,37.53662109375
4235126,38.57421875
4235445,39.97802734375
4235518,37.353515625
4235885,45.71533203125
4236397,37.90283203125
4246130,39.48974609375
4273232,49.49951171875
4273768,48.7060546875
4274281,44.0673828125
4274751,44.12841796875
4274824,43.27392578125
4274837,48.33984375
4275030,66.34521484375
4275076,52.18505859375
4275232,75.68359375
4275364,84.77783203125
4275388,37.4755859375
4275427,39.36767578125
4275472,45.41015625
4275613,44.5556640625
4275696,52.490234375
4275855,39.6728515625
4276368,37.29248046875
4276608,42.96875
4276932,43.27392578125
4277275,40.52734375
4286895,40.6494140625
4293890,37.9638671875
4298362,39.73388671875
4304978,51.33056640625
4305337,49.4384765625
4306323,41.68701171875
4306464,57.18994140625
4307175,39.36767578125
4307440,40.52734375
4307689,56.7626953125
4308053,51.6357421875
4308194,42.66357421875
4308350,37.41455078125
4308892,51.57470703125
4308938,59.63134765625
4309289,50.537109375
4309746,47.9736328125
4310207,52.24609375
4350363,41.80908203125
4371215,38.02490234375
4499337,38.2080078125
4516454,38.818359375
4630382,39.36767578125
4668796,39.306640625
4679126,41.9921875
4707601,67.87109375
4708113,53.89404296875
4714757,48.64501953125
4741923,39.12353515625
4746725,73.6083984375
4747122,74.0966796875
4747586,44.12841796875
4769215,38.330078125
4772086,37.7197265625
4789109,41.68701171875
4792942,41.259765625
4794461,55.48095703125
4795205,54.6875
4795242,58.2275390625
4795642,53.89404296875
4795705,68.17626953125
4795767,43.64013671875
4795793,47.2412109375
4795830,41.07666015625
4795904,54.62646484375
4795919,38.14697265625
4796043,42.54150390625
4796082,47.54638671875
4796109,48.27880859375
4796181,38.26904296875
4796264,57.67822265625
4796339,37.9638671875
4796395,40.0390625
4796408,44.43359375
4796517,40.10009765625
4796548,38.57421875
4796600,43.39599609375
4796691,42.8466796875
4796740,41.32080078125
4796855,43.15185546875
4796953,41.1376953125
4797101,45.8984375
4797182,44.61669921875
4797384,52.18505859375
4797473,40.71044921875
4797894,42.48046875
4798925,38.39111328125
4810583,48.2177734375
4811246,38.6962890625
4812155,37.41455078125
4812452,38.2080078125
4812638,44.37255859375
4813015,40.4052734375
4813434,46.142578125
4815813,48.03466796875
4816126,43.45703125
4816318,47.4853515625
4816854,46.630859375
4816919,37.4755859375
4817183,41.3818359375
4817253,40.8935546875
4817565,72.265625
4817880,44.37255859375
4818148,42.54150390625
4818506,37.353515625
4818541,41.8701171875
4818845,39.00146484375
4818963,43.51806640625
4820583,40.6494140625
4831463,38.63525390625
4834642,37.53662109375
4837128,43.88427734375
4838018,39.1845703125
4839559,43.5791015625
4839867,41.80908203125
4840273,44.189453125
4840651,45.47119140625
4840696,38.02490234375
4840765,47.119140625
4840824,54.8095703125
4841076,62.01171875
4841103,56.82373046875
4841134,38.39111328125
4841180,37.841796875
4841288,39.1845703125
4841335,38.2080078125
4841391,44.73876953125
4841456,41.8701171875
4841598,37.53662109375
4841707,39.97802734375
4841989,43.212890625
4842023,50.23193359375
4842053,48.33984375
4842639,38.4521484375
4842977,37.90283203125
4843018,40.6494140625
4863585,44.921875
4865565,47.9736328125
4865576,47.54638671875
4879175,40.58837890625
4888560,42.54150390625
4890473,50.537109375
4891050,45.8984375
4891131,54.62646484375
4891244,40.771484375
4891439,42.6025390625
4891515,42.78564453125
4891581,69.9462890625
4891703,51.20849609375
4891782,69.091796875
4891859,44.7998046875
4891909,37.78076171875
4891939,37.41455078125
4892062,39.4287109375
4892118,39.73388671875
4892308,37.9638671875
4892405,52.1240234375
4892493,41.748046875
4892644,42.48046875
4892723,45.71533203125
4892759,45.83740234375
4893077,42.90771484375
4893493,40.8935546875
4893518,39.6728515625
4919679,39.306640625
4920190,52.06298828125
4920366,57.2509765625
4921322,46.08154296875
4921465,59.63134765625
4921821,45.22705078125
4921838,40.71044921875
4922049,51.26953125
4922157,47.42431640625
4922184,40.58837890625
4922244,56.5185546875
4922312,46.38671875
4922476,40.6494140625
4922552,39.55078125
4922611,49.25537109375
4922779,46.630859375
4922823,38.6962890625
4922871,46.44775390625
4949623,41.19873046875
4949805,38.02490234375
4949974,39.794921875
4950341,59.08203125
4950808,41.93115234375
4950827,47.2412109375
4951186,43.64013671875
4951232,44.43359375
4951253,57.80029296875
4951504,55.11474609375
4951608,41.259765625
4951636,67.07763671875
4951750,38.51318359375
4951850,43.5791015625
4952139,37.4755859375
4952277,41.015625
4952813,46.630859375
4953525,41.1376953125
4984426,40.71044921875
4995469,42.90771484375
4996621,43.88427734375
5019918,39.4287109375
5028524,45.47119140625
5028613,54.26025390625
5029292,43.212890625
5029363,65.85693359375
5029563,51.81884765625
5029720,47.66845703125
5030032,43.0908203125
5030325,51.6357421875
5030461,41.80908203125
5030600,44.3115234375
5030842,38.75732421875
5030852,57.6171875
5030868,39.0625
5031040,41.8701171875
5031088,66.650390625
5031107,47.18017578125
5031137,45.5322265625
5031289,37.29248046875
5031362,39.9169921875
5031383,46.875
5031405,40.1611328125
5031463,48.40087890625
5031606,37.7197265625
5031657,42.1142578125
5031688,46.38671875
5031947,42.8466796875
5032198,40.283203125
5032529,45.59326171875
5032940,44.5556640625
5033190,39.794921875
5088136,43.88427734375
5089814,55.6640625
5089896,46.44775390625
5091314,40.83251953125
5091507,75.25634765625
5091678,53.16162109375
5091756,70.068359375
5091947,41.015625
5092018,61.1572265625
5092073,80.01708984375
5092267,48.52294921875
5092282,44.86083984375
5092322,42.6025390625
5092350,39.9169921875
5092497,43.39599609375
5092537,43.701171875
5092639,47.05810546875
5092750,40.8935546875
5092938,45.7763671875
5093069,41.3818359375
5093343,43.45703125
5093420,39.55078125
5094000,40.95458984375
5094110,39.00146484375
5094592,41.80908203125
5114970,37.65869140625
5265232,40.46630859375
5290746,38.818359375
5315403,37.41455078125
5328164,40.0390625
5342503,39.24560546875
5356784,54.13818359375
5393530,40.22216796875
5402074,68.84765625
5410950,40.0390625
5412008,49.1943359375
5422756,42.8466796875
5424524,37.29248046875
5432704,38.6962890625
5440119,38.75732421875
5440763,37.59765625
5463729,59.08203125
5464174,56.45751953125
5464480,54.26025390625
5467400,37.7197265625
5501301,44.61669921875
5503185,48.03466796875
5503780,51.20849609375
5504177,41.748046875
5504451,42.1142578125
5504623,39.24560546875
5504749,39.794921875
5504896,38.02490234375
5505003,43.15185546875
5505085,59.6923828125
5505283,44.43359375
5505401,42.17529296875
5505465,68.42041015625
5505569,47.119140625
5505617,47.607421875
5505688,55.84716796875
5505765,46.9970703125
5505943,56.7626953125
5505969,40.22216796875
5506163,38.818359375
5506254,38.63525390625
5506282,37.353515625
5506589,40.83251953125
5506784,42.54150390625
5506945,44.43359375
5507163,42.1142578125
5507909,37.90283203125
5519442,50.9033203125
5519773,37.29248046875
5520949,45.47119140625
5523718,80.078125
5528521,38.63525390625
5530821,44.0673828125
5534849,44.61669921875
5537787,46.20361328125
5538046,44.25048828125
5538735,61.82861328125
5538985,70.12939453125
5539160,39.48974609375
5539217,40.71044921875
5539549,47.66845703125
5539710,40.34423828125
5539746,45.83740234375
5539997,41.9921875
5540045,45.5322265625
5540128,45.0439453125
5540670,52.91748046875
5541671,44.189453125
5542034,39.48974609375
5550296,52.24609375
5558402,48.88916015625
5562684,38.2080078125
5563506,37.65869140625
5564378,59.08203125
5564703,38.4521484375
5564884,40.83251953125
5565094,45.34912109375
5565562,57.2509765625
5565696,39.306640625
5566020,43.45703125
5566093,39.97802734375
5566701,44.49462890625
5566738,40.71044921875
5566905,44.3115234375
5567075,40.1611328125
5567199,59.4482421875
5567362,54.01611328125
5567610,39.48974609375
5567741,40.4052734375
5567764,37.90283203125
5568017,64.8193359375
5568118,37.7197265625
5568324,42.54150390625
5568570,38.02490234375
5569371,53.1005859375
5570333,39.97802734375
5596608,53.40576171875
5596974,49.560546875
5597516,53.03955078125
5597729,40.771484375
5597951,51.26953125
5598076,40.4052734375
5598374,46.69189453125
5598449,55.17578125
5598610,45.166015625
5598727,39.6728515625
5598771,60.36376953125
5598782,43.701171875
5598902,38.330078125
5598939,38.39111328125
5599006,38.9404296875
5599041,39.00146484375
5599224,44.43359375
5599244,50.23193359375
5599377,42.41943359375
5599469,46.44775390625
5599828,49.74365234375
5599958,42.8466796875
5600079,38.87939453125
5600212,39.6728515625
5600484,37.9638671875
5600522,42.8466796875
5601255,39.9169921875
5602770,42.54150390625
5607833,38.63525390625
5626033,46.93603515625
5628340,44.921875
5628363,39.1845703125
5628764,45.95947265625
5629144,58.65478515625
5629238,73.05908203125
5629423,47.4853515625
5629437,60.24169921875
5629515,38.9404296875
5629688,38.39111328125
5629725,49.98779296875
5629909,39.36767578125
5630015,42.236328125
5630174,40.0390625
5630206,41.1376953125
5630261,41.19873046875
5630348,37.29248046875
5630469,43.88427734375
5630487,38.818359375
5630740,37.78076171875
5631119,39.9169921875
5631222,38.0859375
5631634,37.59765625
5651204,38.330078125
5667241,64.27001953125
5668375,45.34912109375
5669960,40.0390625
5669977,41.56494140625
5670774,52.42919921875
5671906,47.4853515625
5674144,40.8935546875
5674273,46.38671875
5674554,39.48974609375
5674882,79.1015625
5678499,51.81884765625
5708292,42.1142578125
5708678,39.0625
5709364,49.6826171875
5709818,40.1611328125
5710198,60.24169921875
5724908,42.724609375
5743558,38.0859375
5760828,39.306640625
5767885,37.53662109375
5838226,41.44287109375
5847102,42.78564453125
5849484,40.22216796875
5856952,56.640625
5873445,39.12353515625
5877055,37.29248046875
5879621,39.1845703125
5896088,56.7626953125
5896160,38.57421875
5918234,40.4052734375
5931861,40.83251953125
5935991,38.57421875
5952908,41.32080078125
5964248,72.69287109375
5964678,61.03515625
5964856,39.1845703125
5965146,41.19873046875
5965420,39.61181640625
5975503,49.6826171875
5975626,38.57421875
5984892,41.50390625
5986157,40.8935546875
5989919,53.955078125
5993398,44.43359375
6000095,40.71044921875
6006792,43.15185546875
6009113,53.28369140625
6009141,54.3212890625
6009553,48.583984375
6009598,46.7529296875
6009758,56.0302734375
6009805,54.26025390625
6009879,69.3359375
6010050,42.8466796875
6010227,63.29345703125
6010260,56.82373046875
6010343,41.3818359375
6010357,46.38671875
6010406,41.6259765625
6010502,37.29248046875
6010542,40.22216796875
6010574,44.189453125
6010626,43.3349609375
6010716,41.50390625
6010773,52.67333984375
6010937,42.41943359375
6011024,56.70166015625
6011186,37.53662109375
6011326,38.4521484375
6012027,40.46630859375
6012055,37.29248046875
6012395,40.95458984375
6014985,42.236328125
6017346,51.33056640625
6019533,37.353515625
6024485,48.7060546875
6024829,64.02587890625
6024989,39.73388671875
6027249,45.7763671875
6028640,56.09130859375
6029061,43.39599609375
6029312,37.7197265625
6029836,45.83740234375
6030572,41.8701171875
6031003,38.2080078125
6031210,40.71044921875
6031884,38.4521484375
6031928,37.4755859375
6031986,46.81396484375
6032274,38.63525390625
6032310,38.6962890625
6032637,46.0205078125
6032850,41.3818359375
6033014,40.71044921875
6033031,42.96875
6033057,37.9638671875
6033720,37.29248046875
6036729,41.1376953125
6038630,44.98291015625
6048017,54.3212890625
6053112,39.24560546875
6054331,49.98779296875
6054566,42.6025390625
6054860,38.9404296875
6055154,43.64013671875
6055603,40.771484375
6055755,40.8935546875
6055874,55.84716796875
6056016,63.1103515625
6056129,39.0625
6056321,38.87939453125
6056421,39.6728515625
6056487,37.7197265625
6056635,45.71533203125
6056852,39.00146484375
6057145,41.32080078125
6057381,37.59765625
6057430,43.3349609375
6057647,38.2080078125
6058402,38.2080078125
6060178,40.83251953125
6074958,64.208984375
6077316,47.7294921875
6077585,37.7197265625
6077687,49.560546875
6077844,45.2880859375
6079338,47.54638671875
6080155,38.57421875
6080381,38.2080078125
6080547,41.8701171875
6080591,41.9921875
6081045,39.55078125
6081314,50.59814453125
6081384,37.59765625
6081545,38.14697265625
6081776,57.43408203125
6081793,37.353515625
6081867,45.654296875
6082114,40.83251953125
6082386,39.306640625
6082523,52.6123046875
6082572,39.12353515625
6082950,40.1611328125
6089105,42.1142578125
6098796,38.14697265625
6103182,53.466796875
6103442,37.353515625
6112131,40.22216796875
6112190,50.78125
6112462,51.025390625
6112546,37.353515625
6112571,47.8515625
6112856,46.93603515625
6112898,48.15673828125
6113019,45.41015625
6113124,47.8515625
6113138,41.259765625
6113197,40.283203125
6113268,38.6962890625
6113294,38.51318359375
6113331,40.771484375
6113454,44.73876953125
6113913,39.97802734375
6113946,60.85205078125
6114124,37.41455078125
6114135,46.93603515625
6114224,37.90283203125
6114462,39.97802734375
6114528,47.05810546875
6114818,46.38671875
6114856,40.6494140625
6114971,39.00146484375
6115797,51.69677734375
6130673,45.41015625
6131226,39.61181640625
6134711,38.26904296875
6141456,54.01611328125
6142339,65.61279296875
6143256,55.6640625
6160360,49.98779296875
6181717,40.83251953125
6198983,48.4619140625
6199801,46.2646484375
6200108,53.8330078125
6200153,42.236328125
6200676,43.02978515625
6200741,45.166015625
6200778,39.1845703125
6200905,54.3212890625
6200929,49.9267578125
6200939,38.57421875
6201079,44.921875
6201127,38.87939453125
6201238,50.537109375
6201283,47.36328125
6201393,50.10986328125
6201516,37.29248046875
6201858,41.44287109375
6201930,53.28369140625
6202126,41.80908203125
6202389,43.15185546875
6202571,47.79052734375
6202629,44.0673828125
6203464,41.32080078125
6203790,41.56494140625
6213929,37.53662109375
6219312,39.55078125
6233504,45.2880859375
6233899,46.0205078125
6234009,39.00146484375
6234251,52.734375
6234444,41.80908203125
6234544,38.51318359375
6234692,55.60302734375
6234761,42.724609375
6234973,51.3916015625
6235046,45.71533203125
6235106,39.794921875
6235177,39.00146484375
6235267,46.630859375
6235343,41.3818359375
6235454,45.5322265625
6235558,37.53662109375
6235691,45.5322265625
6235734,44.37255859375
6235798,37.41455078125
6236052,44.98291015625
6236085,38.9404296875
6236254,40.8935546875
6236500,43.88427734375
6236831,42.1142578125
6259770,51.45263671875
6261067,45.22705078125
6261382,49.4384765625
6261415,38.9404296875
6261628,37.29248046875
6262091,48.64501953125
6262257,41.68701171875
6262345,45.59326171875
6262372,64.453125
6262540,42.6025390625
6262594,38.57421875
6262736,45.95947265625
6262861,48.64501953125
6262894,47.8515625
6263011,59.50927734375
6263180,47.36328125
6263376,37.29248046875
6263542,39.0625
6263594,41.93115234375
6263861,41.93115234375
6264095,38.51318359375
6264583,38.75732421875
6280704,38.0859375
6291098,43.51806640625
6291392,50.537109375
6291402,61.21826171875
6291804,44.61669921875
6292009,44.12841796875
6292066,41.68701171875
6292253,39.73388671875
6292455,61.03515625
6292475,43.02978515625
6292535,43.76220703125
6292555,39.6728515625
6292662,51.94091796875
6292678,41.93115234375
6292837,46.9970703125
6292966,48.095703125
6293245,49.49951171875
6293822,37.9638671875
6294134,39.97802734375
6294322,39.97802734375
6295081,39.24560546875
6319909,49.9267578125
6335274,39.1845703125
6351198,47.2412109375
6353944,43.02978515625
6376765,58.59375
6378614,38.818359375
6384949,37.841796875
6389043,38.4521484375
6405282,42.29736328125
6421588,39.00146484375
6426525,40.0390625
6459188,57.7392578125
6463121,39.00146484375
6480823,38.02490234375
6490826,39.1845703125
6491077,46.875
6491111,37.4755859375
6492214,49.072265625
6492231,51.94091796875
6492411,41.50390625
6492646,42.724609375
6492824,59.5703125
6492968,40.283203125
6492990,37.29248046875
6493018,43.8232421875
6493080,50.23193359375
6493126,37.29248046875
6493175,51.08642578125
6493232,37.65869140625
6493273,39.24560546875
6493318,39.97802734375
6493392,45.83740234375
6493525,40.283203125
6493583,38.63525390625
6493679,43.9453125
6493716,38.51318359375
6493753,38.57421875
6493836,55.2978515625
6494061,42.724609375
6494244,40.771484375
6494514,37.4755859375
6494587,40.52734375
6494670,43.39599609375
6494912,56.15234375
6495402,41.07666015625
6498879,37.41455078125
6508288,41.80908203125
6508940,48.7060546875
6511948,42.78564453125
6517402,41.015625
6518998,46.9970703125
6522097,54.19921875
6522173,38.330078125
6522542,52.42919921875
6522610,38.2080078125
6522675,46.7529296875
6522710,41.8701171875
6522762,40.283203125
6522788,58.16650390625
6522806,42.8466796875
6522851,38.26904296875
6522928,52.8564453125
6523000,58.53271484375
6523025,41.50390625
6523067,46.56982421875
6523276,44.12841796875
6523430,38.39111328125
6523471,45.166015625
6523642,39.00146484375
6523877,37.9638671875
6524156,39.4287109375
6524308,55.7861328125
6524430,41.68701171875
6524726,57.0068359375
6524762,50.35400390625
6534111,42.3583984375
6537997,37.7197265625
6547362,43.51806640625
6549261,44.7998046875
6549681,51.20849609375
6551584,40.283203125
6557441,37.78076171875
6564618,42.66357421875
6565941,46.5087890625
6566365,47.8515625
6566612,41.9921875
6566622,41.9921875
6566710,53.64990234375
6566733,47.79052734375
6566803,42.17529296875
6566878,42.8466796875
6566909,48.2177734375
6566954,39.1845703125
6567006,37.4755859375
6567092,54.62646484375
6567126,54.62646484375
6567228,38.51318359375
6567361,44.00634765625
6567381,64.8193359375
6567458,40.4052734375
6567586,42.3583984375
6567853,40.46630859375
6568644,37.78076171875
6569234,39.55078125
6584730,42.236328125
6589564,38.63525390625
6591993,37.841796875
6592070,63.65966796875
6592398,55.7861328125
6592568,38.4521484375
6592810,77.08740234375
6593012,48.64501953125
6593092,39.6728515625
6593182,41.8701171875
6593265,45.59326171875
6593297,42.8466796875
6593454,37.4755859375
6593556,43.212890625
6593783,41.50390625
6593925,37.59765625
6594030,47.91259765625
6594287,40.95458984375
6594713,39.85595703125
6624377,50.29296875
6624820,55.6640625
6625404,46.08154296875
6629418,42.96875
6633551,57.06787109375
6643368,39.1845703125
6643386,50.96435546875
6643508,47.79052734375
6644862,42.3583984375
6644933,62.255859375
6645288,42.8466796875
6645368,46.5087890625
6645419,43.212890625
6645506,55.7861328125
6645650,51.33056640625
6645852,43.88427734375
6645867,68.29833984375
6646083,42.41943359375
6646171,49.74365234375
6646275,46.93603515625
6646408,41.6259765625
6646472,48.76708984375
6646683,37.7197265625
6647495,49.01123046875
6656606,37.41455078125
6666229,44.98291015625
6666277,37.65869140625
6667313,48.88916015625
6668710,41.68701171875
6680573,45.10498046875
6681474,49.31640625
6681914,41.259765625
6684100,39.1845703125
6684706,37.9638671875
6686387,40.22216796875
6686917,43.45703125
6687186,47.66845703125
6687449,52.490234375
6687603,43.88427734375
6687637,46.69189453125
6687774,39.0625
6687855,52.42919921875
6687934,46.69189453125
6688261,40.95458984375
6688424,47.119140625
6688566,41.50390625
6688730,38.0859375
6688751,41.68701171875
6688790,44.189453125
6689084,38.02490234375
6689130,44.37255859375
6689505,38.75732421875
6689916,50.4150390625
6714396,40.52734375
6738452,41.1376953125
6740485,45.166015625
6741068,51.26953125
6753388,40.58837890625
6764501,37.59765625
6765420,43.88427734375
6765472,41.19873046875
6782502,37.41455078125
6783331,40.34423828125
6813103,68.9697265625
6814485,55.72509765625
6825175,37.9638671875
6871727,40.6494140625
6874097,40.34423828125
6883627,41.19873046875
6885643,58.04443359375
6906519,37.90283203125
6909140,38.51318359375
6914845,67.93212890625
6931585,40.46630859375
6934301,57.12890625
6938942,38.0859375
6949441,42.96875
6958002,39.85595703125
6959520,43.15185546875
6961200,47.8515625
6963579,42.90771484375
6982684,41.44287109375
6983257,42.8466796875
6985169,52.6123046875
6985182,51.8798828125
6985506,71.4111328125
6985655,40.6494140625
6985920,76.11083984375
6985936,72.20458984375
6985976,66.7724609375
6986204,43.9453125
6986233,48.64501953125
6986359,46.142578125
6986455,56.70166015625
6986467,44.43359375
6986477,41.07666015625
6986564,37.78076171875
6986648,38.02490234375
6986816,48.095703125
6987013,45.2880859375
6987214,37.78076171875
6987437,37.41455078125
6987624,39.9169921875
6987827,38.02490234375
6987856,40.34423828125
6988098,37.65869140625
6988460,41.56494140625
7000936,40.58837890625
7002650,39.85595703125
7005523,40.95458984375
7010999,40.83251953125
7011395,43.64013671875
7011898,48.40087890625
7012336,40.1611328125
7013117,41.6259765625
7013860,43.39599609375
7014358,38.4521484375
7014405,37.353515625
7014545,45.59326171875
7014585,57.43408203125
7014767,40.0390625
7014957,46.9970703125
7015381,46.69189453125
7015437,37.9638671875
7015609,37.353515625
7015960,43.8232421875
7016108,37.53662109375
7016590,37.7197265625
7031980,43.27392578125
7035554,50.72021484375
7035655,45.59326171875
7035876,42.05322265625
7036148,52.001953125
7036296,40.58837890625
7036587,43.15185546875
7036630,55.419921875
7037230,41.259765625
7037319,46.38671875
7037371,46.32568359375
7037403,45.83740234375
7037593,37.41455078125
7037629,41.56494140625
7037863,39.6728515625
7037880,42.66357421875
7038162,37.353515625
7039177,39.0625
7039922,37.90283203125
7039969,41.748046875
7048788,37.90283203125
7057885,40.83251953125
7058066,41.93115234375
7059954,44.73876953125
7060493,40.771484375
7060607,44.43359375
7061009,54.3212890625
7061328,39.55078125
7061364,52.24609375
7061909,39.97802734375
7061946,42.54150390625
7061972,65.91796875
7062302,50.84228515625
7062350,39.6728515625
7062509,40.1611328125
7062598,38.330078125
7062674,54.8095703125
7062855,38.39111328125
7062925,38.51318359375
7063106,39.61181640625
7063279,37.29248046875
7063530,44.49462890625
7064018,39.4287109375
7064443,42.236328125
7083722,46.7529296875
7083800,40.34423828125
7084340,41.1376953125
7087524,42.96875
7087936,45.7763671875
7088365,50.78125
7088542,43.51806640625
7088557,52.67333984375
7088892,48.76708984375
7089149,41.1376953125
7089231,57.06787109375
7089356,40.10009765625
7089575,37.41455078125
7089615,48.2177734375
7089780,37.841796875
7089858,48.7060546875
7089935,47.42431640625
7090159,44.00634765625
7090242,43.39599609375
7090376,39.55078125
7090824,40.771484375
7091381,38.2080078125
7091981,38.02490234375
7112534,50.72021484375
7112547,38.87939453125
7113884,42.724609375
7117892,49.072265625
7121956,42.78564453125
7144876,38.39111328125
7144940,44.7998046875
7145308,51.57470703125
7151654,61.46240234375
7151875,49.4384765625
7152637,47.54638671875
7161971,38.87939453125
7162393,39.61181640625
7162445,40.71044921875
7162560,42.78564453125
7162843,43.701171875
7162995,51.45263671875
7163022,41.19873046875
7163065,62.3779296875
7163129,41.93115234375
7163195,58.10546875
7163373,48.4619140625
7163434,38.51318359375
7163629,39.1845703125
7163867,45.0439453125
7163881,52.06298828125
7164255,38.2080078125
7164329,43.9453125
7164594,37.7197265625
7164837,39.1845703125
7177444,40.22216796875
7185741,39.73388671875
7188131,48.76708984375
7197265,54.01611328125
7201537,47.42431640625
7206745,45.95947265625
7220602,55.2978515625
7220942,42.17529296875
7221195,41.56494140625
7221629,43.5791015625
7221710,37.41455078125
7222520,54.8095703125
7222580,45.59326171875
7222909,62.43896484375
7223030,53.1005859375
7223083,47.18017578125
7223314,42.17529296875
7223385,46.69189453125
7223399,45.83740234375
7223419,55.23681640625
7223651,67.93212890625
7223819,41.259765625
7223878,37.90283203125
7223922,43.701171875
7224641,44.3115234375
7224904,40.6494140625
7225251,43.27392578125
7226067,41.07666015625
7243143,38.2080078125
7246767,41.3818359375
7247290,41.50390625
7248750,46.2646484375
7249690,39.0625
7252715,42.78564453125
7252785,38.14697265625
7265260,41.50390625
7267880,48.2177734375
7268343,55.0537109375
7268843,38.4521484375
7268879,41.9921875
7269395,49.37744140625
7269541,40.52734375
7269783,37.65869140625
7269882,64.5751953125
7270020,37.29248046875
7270111,37.29248046875
7270123,52.06298828125
7270296,40.46630859375
7270411,44.73876953125
7270427,44.7998046875
7270652,42.236328125
7270818,68.603515625
7270902,47.18017578125
7271410,38.57421875
7272532,41.32080078125
7289584,52.24609375
7290092,46.20361328125
7290894,47.8515625
7297802,45.34912109375
7299425,48.27880859375
7300294,40.34423828125
7300464,59.50927734375
7300704,43.15185546875
7300759,41.9921875
7300799,57.06787109375
7300959,47.2412109375
7301178,37.7197265625
7301219,43.88427734375
7301244,40.58837890625
7301332,37.59765625
7301637,41.6259765625
7301819,41.32080078125
7301869,39.36767578125
7301912,45.166015625
7302374,46.142578125
7302653,37.9638671875
7302775,37.90283203125
7304615,38.57421875
7322430,37.4755859375
7322489,43.76220703125
7334195,48.27880859375
7338184,41.50390625
7348294,38.63525390625
7350228,56.396484375
7350290,37.78076171875
7351021,40.95458984375
7351237,47.607421875
7351331,41.93115234375
7351384,57.7392578125
7351495,47.18017578125
7351596,37.65869140625
7351690,37.7197265625
7351729,46.630859375
7351766,37.65869140625
7351843,41.07666015625
7351902,51.3916015625
7351991,41.50390625
7352078,39.306640625
7352303,49.37744140625
7352520,38.75732421875
7352724,44.3115234375
7352897,38.6962890625
7353133,40.22216796875
7354114,41.015625
7373159,51.08642578125
7379598,50.4150390625
7379703,62.07275390625
7380022,42.05322265625
7380126,42.66357421875
7380368,43.701171875
7380390,39.36767578125
7380476,38.26904296875
7380903,38.26904296875
7380918,52.3681640625
7381008,47.36328125
7381245,41.56494140625
7381279,37.9638671875
7381462,38.9404296875
7381521,42.90771484375
7381615,41.56494140625
7381719,44.37255859375
7381799,40.71044921875
7381871,43.0908203125
7382122,37.90283203125
7382357,39.0625
7382759,37.841796875
7392149,41.9921875
7399039,37.353515625
7408062,37.41455078125
7408079,43.76220703125
7408555,42.3583984375
7409615,44.25048828125
7409975,48.52294921875
7409995,41.32080078125
7410138,39.36767578125
7410346,50.23193359375
7410470,43.5791015625
7410486,41.1376953125
7410580,38.63525390625
7410610,62.6220703125
7410771,38.57421875
7410800,39.85595703125
7411068,38.87939453125
7411612,39.24560546875
7411882,47.54638671875
7412606,37.7197265625
7428207,43.3349609375
7437716,47.4853515625
7437777,44.0673828125
7442358,49.49951171875
7447834,41.93115234375
7447996,38.330078125
7448226,44.73876953125
7448372,47.119140625
7449129,41.93115234375
7449504,43.9453125
7449945,39.6728515625
7450112,40.22216796875
7450202,38.63525390625
7450295,38.87939453125
7450510,40.71044921875
7450739,40.58837890625
7450789,40.0390625
7450955,60.24169921875
7451182,37.353515625
7451342,43.88427734375
7451956,40.6494140625
7452495,39.97802734375
7453123,37.41455078125
7464223,40.6494140625
7476442,51.08642578125
7476930,43.76220703125
7477080,48.03466796875
7488847,40.283203125
7492067,45.8984375
7492573,42.66357421875
7492722,47.18017578125
7493061,45.8984375
7493139,40.8935546875
7493197,38.2080078125
7493401,48.76708984375
7493536,38.6962890625
7493570,48.33984375
7493609,41.50390625
7493977,37.841796875
7494139,39.6728515625
7494283,37.53662109375
7494642,38.57421875
7494666,38.26904296875
7494883,43.27392578125
7499258,37.29248046875
7511658,38.6962890625
7522722,49.13330078125
7523374,40.1611328125
7523562,41.32080078125
7523826,54.26025390625
7523860,39.00146484375
7524249,49.8046875
7524273,40.0390625
7524389,38.87939453125
7524431,39.794921875
7524465,38.4521484375
7524607,41.259765625
7524735,40.10009765625
7524763,37.841796875
7524855,39.306640625
7525111,40.58837890625
7525124,37.353515625
7525347,41.9921875
7525431,37.4755859375
7526150,41.19873046875
7553240,39.1845703125
7554385,41.44287109375
7554716,53.89404296875
7555279,41.56494140625
7555759,38.57421875
7555783,37.53662109375
7555831,59.63134765625
7556033,39.36767578125
7556100,46.93603515625
7556110,38.02490234375
7556164,40.95458984375
7556379,43.3349609375
7556431,39.794921875
7556713,37.7197265625
7556874,40.6494140625
7558426,43.88427734375
7558745,37.353515625
7569346,38.0859375
7573038,41.80908203125
7578934,37.53662109375
7580584,45.34912109375
7582481,40.46630859375
7583000,38.57421875
7584079,37.65869140625
7584507,49.74365234375
7584819,48.2177734375
7584883,46.56982421875
7585281,49.560546875
7585557,44.86083984375
7585833,43.88427734375
7585981,42.96875
7586115,37.65869140625
7586263,42.8466796875
7586544,38.87939453125
7586761,51.94091796875
7586865,41.6259765625
7587092,38.9404296875
7587182,39.6728515625
7614068,48.4619140625
7615054,50.23193359375
7615467,61.8896484375
7615506,38.51318359375
7615810,43.76220703125
7615894,59.02099609375
7616076,44.12841796875
7616147,49.62158203125
7616230,40.46630859375
7616396,44.12841796875
7616430,45.83740234375
7616552,42.6025390625
7616652,46.9970703125
7616877,48.88916015625
7616887,48.03466796875
7617135,46.69189453125
7617207,40.0390625
7617415,41.32080078125
7617730,40.771484375
7635268,49.1943359375
7636872,38.26904296875
7644774,45.8984375
7645189,49.6826171875
7645981,44.12841796875
7646434,38.51318359375
7646941,50.1708984375
7646953,38.87939453125
7647094,45.2880859375
7647126,40.0390625
7647249,41.6259765625
7647354,55.84716796875
7647744,37.41455078125
7647831,38.6962890625
7647881,38.26904296875
7647920,38.0859375
7648143,60.546875
7648219,39.306640625
7648545,42.48046875
7649328,40.771484375
7662730,38.02490234375
7672434,38.14697265625
7674134,54.931640625
7675174,42.29736328125
7676582,41.6259765625
7677112,39.97802734375
7677494,48.15673828125
7677770,46.81396484375
7677870,50.537109375
7677887,55.72509765625
7678139,52.490234375
7678184,50.59814453125
7678361,40.58837890625
7678489,45.2880859375
7678534,38.57421875
7678762,37.53662109375
7678931,40.10009765625
7679023,39.12353515625
7679518,39.6728515625
7695765,37.353515625
7707296,49.37744140625
7708707,39.24560546875
7709904,38.87939453125
7710189,39.0625
7710226,37.4755859375
7710425,41.748046875
7710704,49.31640625
7710808,37.7197265625
7710850,44.49462890625
7710900,52.55126953125
7710913,45.34912109375
7711087,38.9404296875
7711124,39.0625
7711239,38.57421875
7711365,39.73388671875
7711516,40.22216796875
7711698,53.7109375
7711882,39.36767578125
7712153,37.7197265625
7712488,38.87939453125
7712617,40.4052734375
7712742,38.330078125
7715541,37.7197265625
7731589,42.90771484375
7734688,49.37744140625
7739223,39.4287109375
7741803,47.54638671875
7742688,40.46630859375
7743373,40.1611328125
7743509,53.77197265625
7754377,38.75732421875
7757866,54.26025390625
7758299,42.1142578125
7758665,44.677734375
7758845,43.51806640625
7759832,47.607421875
7760312,38.14697265625
7760472,52.79541015625
7761094,39.6728515625
7761215,44.86083984375
7761257,39.00146484375
7761402,42.6025390625
7761582,40.58837890625
7761866,45.2880859375
7761928,40.0390625
7762067,38.0859375
7762491,41.259765625
7762785,37.41455078125
7763070,39.12353515625
7763150,37.9638671875
7763409,41.1376953125
7763780,48.095703125
7763842,42.54150390625
7771799,44.37255859375
7790210,37.353515625
7794483,46.875
7803167,37.65869140625
7803435,43.45703125
7806563,44.5556640625
7807310,43.8232421875
7807794,42.17529296875
7807851,42.236328125
7808129,40.1611328125
7808418,45.71533203125
7808715,54.01611328125
7808778,46.69189453125
7808873,43.0908203125
7808941,48.4619140625
7809003,45.2880859375
7809038,46.08154296875
7809161,37.9638671875
7809419,44.12841796875
7809627,41.19873046875
7809874,39.36767578125
7810412,39.73388671875
7834128,48.095703125
7834842,43.701171875
7835260,51.513671875
7835343,42.54150390625
7835369,41.50390625
7835621,56.15234375
7835724,40.6494140625
7835967,49.37744140625
7836124,38.818359375
7836139,45.8984375
7836409,37.9638671875
7836489,49.9267578125
7836719,41.9921875
7836761,43.3349609375
7837152,41.8701171875
7837762,38.330078125
7838052,39.36767578125
7838144,38.9404296875
7866616,57.12890625
7866643,48.4619140625
7866940,45.41015625
7867246,38.26904296875
7867310,37.841796875
7867670,60.11962890625
7867827,38.330078125
7867866,47.4853515625
7868234,61.03515625
7868267,52.91748046875
7868855,40.46630859375
7868894,49.37744140625
7869179,46.20361328125
7869502,38.0859375
7869719,38.57421875
7869785,37.9638671875
7869895,43.51806640625
7875450,41.32080078125
7899449,40.71044921875
7899737,45.10498046875
7900330,38.0859375
7900637,40.283203125
7900900,41.07666015625
7901054,41.68701171875
7901177,41.259765625
7901572,72.509765625
7901590,42.78564453125
7901978,46.9970703125
7902066,39.00146484375
7902157,46.38671875
7902313,37.9638671875
7902343,39.00146484375
7902682,37.29248046875
7902765,41.9921875
7902853,40.4052734375
7903181,37.65869140625
7903264,37.59765625
7903532,42.41943359375
7903623,38.39111328125
7904260,41.68701171875
7923136,38.57421875
7924642,49.31640625
7926452,44.43359375
7926903,46.93603515625
7928815,43.45703125
7928843,39.24560546875
7929623,50.96435546875
7929818,60.11962890625
7930307,40.1611328125
7930343,40.6494140625
7930441,41.50390625
7930535,45.654296875
7930644,41.1376953125
7931288,37.4755859375
7931476,38.51318359375
7949261,54.74853515625
7949536,41.32080078125
7960476,57.4951171875
7960700,38.14697265625
7961142,47.54638671875
7961833,48.76708984375
7964038,45.166015625
7966637,38.57421875
7968663,45.2880859375
7968846,39.4287109375
7969073,39.9169921875
7969085,37.7197265625
7969107,42.724609375
7969401,37.53662109375
7969641,39.61181640625
7969731,41.68701171875
7969923,45.34912109375
7969943,43.15185546875
7970247,39.85595703125
7970450,38.330078125
7970522,44.3115234375
7971278,39.00146484375
7971697,38.4521484375
7985880,37.841796875
7988730,38.02490234375
7999798,43.9453125
8000165,52.24609375
8000675,38.9404296875
8000825,44.37255859375
8001048,46.56982421875
8001151,39.4287109375
8001216,38.02490234375
8001693,44.189453125
8001833,40.83251953125
8002061,45.71533203125
8002331,41.68701171875
8002373,54.931640625
8002488,42.05322265625
8002772,39.24560546875
8002966,65.673828125
8003140,48.095703125
8003614,39.55078125
8004028,38.14697265625
8004063,37.29248046875
8030902,38.26904296875
8030983,41.748046875
8031577,50.96435546875
8031776,38.63525390625
8031879,39.61181640625
8032276,38.14697265625
8032478,42.724609375
8032611,39.4287109375
8032796,37.65869140625
8033028,37.78076171875
8033266,40.46630859375
8033555,41.07666015625
8033879,51.26953125
8033997,46.142578125
8034032,43.02978515625
8034445,44.0673828125
8034472,40.83251953125
8052395,39.48974609375
8053454,45.7763671875
8053863,41.6259765625
8054308,48.15673828125
8064809,41.32080078125
8065294,46.44775390625
8065432,41.68701171875
8065726,44.73876953125
8065959,41.56494140625
8066201,51.94091796875
8066283,53.89404296875
8066378,39.97802734375
8066767,42.54150390625
8066790,37.29248046875
8066806,37.353515625
8067011,38.57421875
8067127,41.748046875
8067214,44.00634765625
8067451,37.29248046875
8076812,37.78076171875
8094561,40.283203125
8096391,39.61181640625
8097329,44.86083984375
8098104,50.35400390625
8098282,55.23681640625
8098543,41.748046875
8098641,53.64990234375
8098816,40.46630859375
8098897,40.46630859375
8098911,38.9404296875
8098960,47.05810546875
8099218,39.61181640625
8099304,51.6357421875
8099746,44.73876953125
8100048,40.0390625
8100758,43.9453125
8121873,40.8935546875
8124639,41.93115234375
8131182,44.25048828125
8131535,50.537109375
8132118,42.48046875
8132151,38.4521484375
8132386,45.95947265625
8132724,50.47607421875
8133029,40.22216796875
8133123,43.8232421875
8133263,45.47119140625
8133284,39.55078125
8133528,37.59765625
8133565,45.22705078125
8133775,42.90771484375
8134159,41.50390625
8134374,40.22216796875
8134865,42.48046875
8143994,44.98291015625
8161025,42.3583984375
8161646,54.6875
8162329,47.54638671875
8162715,39.6728515625
8162911,39.73388671875
8163103,67.3828125
8163250,37.78076171875
8163332,37.78076171875
8163490,37.65869140625
8163526,40.58837890625
8163735,42.17529296875
8163965,41.748046875
8164089,39.794921875
8164231,38.6962890625
8164467,48.27880859375
8164486,37.7197265625
8164547,38.2080078125
8164557,44.00634765625
8164728,37.41455078125
8164786,45.22705078125
8165263,40.83251953125
8177618,37.353515625
8185299,38.57421875
8187657,44.189453125
8188999,38.51318359375
8189227,45.34912109375
8189551,49.8046875
8208060,38.9404296875
8210876,45.59326171875
8231020,49.37744140625
8231428,48.52294921875
8231782,42.41943359375
8248630,45.8984375
8252470,37.29248046875
8260631,42.724609375
8271673,39.48974609375
8272399,47.4853515625
8275419,39.0625
8298583,39.12353515625
8304814,42.78564453125
8313540,43.701171875
8328417,51.8798828125
8329358,40.52734375
8329520,59.50927734375
8330107,51.69677734375
8330272,49.62158203125
8330729,45.59326171875
8330800,40.10009765625
8331142,39.0625
8331172,44.25048828125
8331216,38.87939453125
8331362,39.48974609375
8331436,57.92236328125
8331571,41.80908203125
8331593,40.0390625
8331637,41.56494140625
8331708,40.22216796875
8331781,42.3583984375
8331808,43.3349609375
8331861,38.87939453125
8332101,40.52734375
8332389,38.14697265625
8332416,41.259765625
8333286,37.90283203125
8336851,38.4521484375
8352318,46.5087890625
8353078,44.86083984375
8364583,45.71533203125
8365024,38.0859375
8365424,44.189453125
8365458,43.27392578125
8366181,57.9833984375
8366328,42.78564453125
8366416,61.5234375
8366443,39.6728515625
8366614,52.978515625
8366765,39.9169921875
8366811,42.48046875
8366947,45.71533203125
8367000,45.71533203125
8367109,37.90283203125
8367213,39.0625
8367231,38.0859375
8367310,41.259765625
8367466,39.306640625
8367609,38.51318359375
8367661,38.26904296875
8367699,40.95458984375
8385404,40.22216796875
8388802,38.330078125
8393888,37.41455078125
8396588,45.22705078125
8396828,43.3349609375
8397112,40.6494140625
8397186,41.68701171875
8398184,40.6494140625
8398594,39.1845703125
8398666,53.03955078125
8398868,50.29296875
8399122,57.373046875
8399270,38.75732421875
8399417,46.9970703125
8399431,39.55078125
8399548,39.48974609375
8399562,37.41455078125
8399784,50.1708984375
8399883,42.90771484375
8400680,50.84228515625
8400744,42.05322265625
8401039,42.48046875
8401086,37.90283203125
8421054,43.51806640625
8421318,40.52734375
8421830,38.6962890625
8421937,51.3916015625
8422411,37.9638671875
8422745,46.5087890625
8423352,40.0390625
8424124,49.4384765625
8424266,39.48974609375
8436401,37.65869140625
8438319,41.44287109375
8439904,37.7197265625
8448580,38.57421875
8449817,40.22216796875
8450281,38.6962890625
8451280,47.91259765625
8452007,51.69677734375
8459999,45.22705078125
8460894,48.64501953125
8461584,39.0625
8462126,40.4052734375
8462404,55.11474609375
8462686,49.62158203125
8462766,37.4755859375
8462816,42.66357421875
8462860,55.84716796875
8463048,45.166015625
8463074,37.59765625
8463219,44.5556640625
8463282,40.283203125
8463367,47.18017578125
8463595,41.32080078125
8463759,53.64990234375
8464018,38.14697265625
8464474,39.36767578125
8464780,38.75732421875
8472717,39.12353515625
8479743,40.10009765625
8481041,39.6728515625
8491664,41.07666015625
8491953,38.87939453125
8492637,37.29248046875
8493015,40.283203125
8493396,55.0537109375
8493710,51.1474609375
8494074,37.353515625
8494411,44.0673828125
8494483,41.80908203125
8494664,41.748046875
8494685,44.61669921875
8494857,40.10009765625
8495045,41.3818359375
8495348,41.32080078125
8496598,44.00634765625
8508379,37.78076171875
8517430,54.19921875
8521966,41.6259765625
8522011,43.0908203125
8522133,44.189453125
8522416,40.4052734375
8522450,37.53662109375
8522650,51.69677734375
8522772,50.048828125
8522881,40.771484375
8522983,41.07666015625
8523041,40.283203125
8523256,38.26904296875
8523280,38.6962890625
8523441,43.9453125
8523588,47.30224609375
8523943,37.59765625
8524061,37.353515625
8524132,47.05810546875
8544530,43.15185546875
8545060,43.212890625
8545280,47.91259765625
8545350,38.818359375
8553971,39.36767578125
8554527,66.40625
8554623,43.64013671875
8555229,49.1943359375
8555441,47.4853515625
8555452,49.8046875
8555767,38.4521484375
8555820,38.2080078125
8556114,44.677734375
8556445,40.34423828125
8557016,37.78076171875
8557303,40.52734375
8558243,48.828125
8573066,38.63525390625
8575795,38.9404296875
8585679,38.02490234375
8588494,39.12353515625
8590475,55.11474609375
8590907,50.47607421875
8590944,81.84814453125
8591286,41.50390625
8591356,37.90283203125
8591580,45.47119140625
8591707,41.19873046875
8591835,42.66357421875
8591877,41.748046875
8592104,39.55078125
8592130,37.65869140625
8592354,38.4521484375
8592622,41.8701171875
8592891,41.07666015625
8593384,37.29248046875
8619112,46.20361328125
8619441,46.93603515625
8619464,52.55126953125
8620058,49.25537109375
8620327,39.55078125
8620529,38.02490234375
8620932,44.98291015625
8621025,46.38671875
8621317,42.29736328125
8621755,44.3115234375
8621822,40.52734375
8621957,45.47119140625
8622394,37.65869140625
8622804,40.83251953125
8623308,40.10009765625
8631372,42.66357421875
8645415,38.6962890625
8647638,41.56494140625
8648156,41.68701171875
8648323,39.36767578125
8649522,41.259765625
8650543,38.9404296875
8650870,51.1474609375
8651106,37.41455078125
8664180,43.51806640625
8675171,41.80908203125
8675807,47.2412109375
8676397,39.00146484375
8676668,58.4716796875
8676746,49.01123046875
8676814,42.1142578125
8676979,45.95947265625
8677110,43.45703125
8677347,41.07666015625
8677395,43.88427734375
8677501,40.6494140625
8677651,42.78564453125
8677715,42.78564453125
8677813,38.818359375
8677844,40.4052734375
8678114,53.16162109375
8678896,40.22216796875
8712588,41.6259765625
8714595,50.84228515625
8715716,47.66845703125
8715860,42.29736328125
8715931,44.189453125
8716294,44.61669921875
8716427,40.95458984375
8716491,43.64013671875
8716764,39.55078125
8716775,37.7197265625
8716837,38.4521484375
8716888,39.9169921875
8716986,39.4287109375
8717158,40.95458984375
8717286,38.87939453125
8717484,43.9453125
8717629,43.88427734375
8717854,37.353515625
8718259,51.69677734375
8733396,37.90283203125
8744087,40.83251953125
8744485,40.4052734375
8744692,42.6025390625
8745934,44.677734375
8746346,37.90283203125
8746557,47.4853515625
8746587,42.96875
8746870,37.841796875
8747106,41.19873046875
8747279,39.00146484375
8747535,38.02490234375
8747564,38.14697265625
8747959,44.189453125
8748519,37.90283203125
8748976,44.12841796875
8773936,37.9638671875
8776181,40.34423828125
8776524,38.818359375
8777074,46.2646484375
8779093,39.48974609375
8790017,51.69677734375
8790638,39.4287109375
8795082,39.9169921875
8797382,45.41015625
8800967,49.560546875
8801426,64.697265625
8801990,38.57421875
8802108,49.62158203125
8802283,41.93115234375
8802548,46.630859375
8802601,38.26904296875
8803005,45.654296875
8803065,38.330078125
8803145,39.85595703125
8803294,46.5087890625
8803569,45.41015625
8804102,41.44287109375
8804611,37.65869140625
8817334,44.0673828125
8830619,41.015625
8836025,37.65869140625
8847304,44.00634765625
8848068,38.51318359375
8849455,46.69189453125
8864436,43.5791015625
8864684,37.53662109375
8865137,50.048828125
8879329,37.65869140625
8891980,40.58837890625
8897458,38.0859375
8899629,47.66845703125
8904527,38.14697265625
8910219,38.57421875
8913823,59.08203125
8914084,38.818359375
8914714,37.7197265625
8922031,38.330078125
8925660,46.44775390625
8925949,41.80908203125
8926538,40.71044921875
8926634,49.1943359375
8944343,38.51318359375
8953408,40.10009765625
8958296,38.57421875
8960305,37.59765625
8966653,48.33984375
8981071,40.6494140625
8982297,50.10986328125
8990586,44.43359375
8991244,43.0908203125
9009321,38.6962890625
9016610,40.46630859375
9027358,47.05810546875
9029073,37.7197265625
9030171,37.29248046875
9037683,38.02490234375
9039142,47.66845703125
9057073,38.75732421875
9057728,39.48974609375
9061924,37.29248046875
9070290,57.18994140625
9074443,42.1142578125
9074584,50.78125
9078645,49.4384765625
9079705,40.1611328125
9088061,40.6494140625
9091907,42.96875
9094807,37.59765625
9101703,41.748046875
9103701,57.12890625
9104625,40.46630859375
9105885,46.875
9119180,53.466796875
9119676,43.701171875
9127097,40.46630859375
9127727,39.55078125
9132585,38.2080078125
9141564,60.05859375
9141897,52.8564453125
9146251,44.3115234375
9147207,41.9921875
9154144,39.85595703125
9161250,37.29248046875
9165291,39.36767578125
9166537,49.25537109375
9169998,37.841796875
9177025,39.00146484375
9186556,38.63525390625
9192387,43.701171875
9192841,49.25537109375
9205187,48.2177734375
9207512,47.54638671875
9207886,56.09130859375
9208809,39.794921875
9218154,37.90283203125
9224531,52.06298828125
9229905,44.00634765625
9235224,38.26904296875
9237052,37.4755859375
9244585,46.875
9245629,41.07666015625
9246318,42.29736328125
9246755,50.23193359375
9246870,37.78076171875
9247004,44.98291015625
9247181,43.51806640625
9247208,53.5888671875
9247234,60.24169921875
9247368,46.9970703125
9247398,55.7861328125
9247458,40.6494140625
9247538,53.466796875
9247606,41.19873046875
9247720,37.53662109375
9247815,42.17529296875
9248019,37.53662109375
9248258,39.73388671875
9249718,43.27392578125
9261477,39.00146484375
9261734,38.14697265625
9263351,37.53662109375
9264055,42.17529296875
9268290,38.818359375
9272606,38.26904296875
9272933,45.34912109375
9273156,43.701171875
9273276,38.330078125
9273455,44.12841796875
9273557,41.259765625
9273636,41.68701171875
9273684,39.00146484375
9273763,53.52783203125
9273881,51.08642578125
9273953,43.3349609375
9274245,48.33984375
9274485,38.330078125
9274762,38.51318359375
9275102,40.1611328125
9291409,40.0390625
9291787,38.57421875
9292688,37.841796875
9293480,37.90283203125
9293627,38.39111328125
9293983,38.330078125
9294104,37.353515625
9294168,40.6494140625
9294221,47.91259765625
9294588,41.07666015625
9294769,40.58837890625
9294805,37.53662109375
9294989,39.55078125
9295044,45.83740234375
9295389,37.4755859375
9295473,40.46630859375
9310849,41.015625
9310979,39.306640625
9312072,42.29736328125
9313129,40.46630859375
9313646,43.76220703125
9314266,42.29736328125
9325295,40.46630859375
9325426,47.54638671875
9325919,41.1376953125
9325963,39.306640625
9326055,48.15673828125
9326146,37.9638671875
9326260,49.1943359375
9326359,50.537109375
9326485,48.7060546875
9326604,40.283203125
9326633,49.1943359375
9326718,41.9921875
9326812,37.59765625
9326871,45.7763671875
9326946,44.98291015625
9327118,37.53662109375
9327240,38.51318359375
9327397,40.1611328125
9327930,45.83740234375
9345782,47.30224609375
9346462,40.58837890625
9346749,41.9921875
9348042,40.52734375
9348195,39.55078125
9348349,38.818359375
9348720,42.1142578125
9349093,39.306640625
9349135,38.87939453125
9349257,40.8935546875
9349414,37.4755859375
9349467,40.1611328125
9349744,39.12353515625
9349854,45.7763671875
9350223,52.67333984375
9350463,39.36767578125
9351302,37.90283203125
9367283,40.1611328125
9368815,37.29248046875
9370822,43.27392578125
9371429,39.61181640625
9371814,37.4755859375
9372376,37.78076171875
9372395,40.46630859375
9379244,38.02490234375
9379665,41.19873046875
9380569,37.65869140625
9381732,38.2080078125
9382133,47.2412109375
9382223,45.22705078125
9382233,37.7197265625
9382287,40.283203125
9382491,44.3115234375
9382528,57.9833984375
9382578,43.51806640625
9382880,42.90771484375
9383114,38.4521484375
9383291,44.921875
9383421,45.41015625
9383576,39.0625
9384179,42.96875
9404881,49.25537109375
9405516,41.93115234375
9405708,41.32080078125
9406304,37.9638671875
9406788,52.06298828125
9407000,41.56494140625
9407612,52.24609375
9407982,63.41552734375
9407996,53.64990234375
9408755,41.56494140625
9428386,41.93115234375
9431858,39.0625
9433926,37.353515625
9435230,44.5556640625
9435426,41.50390625
9435534,48.03466796875
9435685,48.9501953125
9435952,41.8701171875
9436039,45.10498046875
9436192,41.50390625
9437705,41.9921875
9454994,46.08154296875
9455672,38.14697265625
9458005,42.724609375
9458089,37.353515625
9458468,39.794921875
9470745,41.015625
9470884,48.828125
9471480,43.76220703125
9471771,38.75732421875
9472108,39.85595703125
9472333,40.83251953125
9472374,41.68701171875
9472599,37.29248046875
9472843,38.39111328125
9472911,52.8564453125
9472923,39.55078125
9473209,38.6962890625
9473450,43.88427734375
9474067,38.26904296875
9474420,43.15185546875
9474738,43.39599609375
9492519,48.03466796875
9492917,42.236328125
9494792,37.78076171875
9497710,38.4521484375
9499181,38.26904296875
9507853,49.86572265625
9508437,43.9453125
9508766,41.80908203125
9509183,50.10986328125
9509274,51.08642578125
9509450,46.20361328125
9509484,51.69677734375
9509671,47.4853515625
9509702,43.76220703125
9509750,38.14697265625
9510074,39.12353515625
9510480,41.44287109375
9510660,42.48046875
9529350,47.42431640625
9530101,52.67333984375
9533735,38.26904296875
9535596,43.8232421875
9536344,40.10009765625
9546634,39.73388671875
9559890,47.66845703125
9559974,45.8984375
9560311,46.630859375
9560670,39.6728515625
9560816,45.8984375
9561051,46.5087890625
9561080,48.76708984375
9561151,44.98291015625
9561179,44.12841796875
9561415,38.330078125
9561491,41.56494140625
9561573,44.86083984375
9561583,51.08642578125
9561728,43.3349609375
9562024,39.12353515625
9562060,38.2080078125
9562341,40.771484375
9562666,40.46630859375
9563248,39.9169921875
9569209,37.7197265625
9577440,38.9404296875
9583433,39.1845703125
9584312,45.8984375
9584891,42.3583984375
9588763,39.24560546875
9600467,49.1943359375
9600794,48.9501953125
9601287,55.0537109375
9601512,42.78564453125
9601639,38.57421875
9601954,42.41943359375
9602103,54.8095703125
9602188,43.51806640625
9602382,37.841796875
9602632,49.62158203125
9602722,37.78076171875
9603008,42.8466796875
9603069,42.90771484375
9603232,42.78564453125
9603399,37.78076171875
9603597,38.63525390625
9603734,37.41455078125
9604012,43.39599609375
9627447,37.59765625
9629906,42.8466796875
9630408,38.63525390625
9634637,40.71044921875
9635224,41.259765625
9635800,38.2080078125
9636147,40.10009765625
9636239,42.05322265625
9636324,40.46630859375
9636414,41.44287109375
9636431,38.2080078125
9636589,38.51318359375
9636762,44.98291015625
9637085,41.015625
9637194,44.61669921875
9637596,42.236328125
9637680,39.306640625
9637860,44.49462890625
9663244,42.3583984375
9664096,38.02490234375
9664670,48.03466796875
9665107,46.0205078125
9665408,45.10498046875
9665455,49.98779296875
9665598,41.748046875
9665840,40.58837890625
9666168,39.4287109375
9666577,53.16162109375
9666667,37.9638671875
9666888,37.78076171875
9667100,40.95458984375
9667153,37.53662109375
9667215,38.9404296875
9673990,39.85595703125
9678645,37.41455078125
9689012,43.27392578125
9696830,40.34423828125
9697007,37.59765625
9708776,37.78076171875
9715215,38.0859375
9719311,40.10009765625
9720280,39.794921875
9720403,41.8701171875
9720556,43.76220703125
9720724,51.81884765625
9720782,39.794921875
9720906,38.75732421875
9721240,38.39111328125
9721326,39.306640625
9723344,40.283203125
9741875,46.20361328125
9743069,40.771484375
9749823,41.68701171875
9750637,37.41455078125
9751157,47.36328125
9751216,43.701171875
9751440,41.748046875
9751570,37.4755859375
9751860,38.57421875
9751973,47.79052734375
9752328,38.4521484375
9752370,38.63525390625
9752391,42.29736328125
9752454,40.83251953125
9752719,38.0859375
9752916,38.26904296875
9763444,41.50390625
9779089,43.88427734375
9779540,45.7763671875
9796917,46.93603515625
9797006,63.8427734375
9797560,37.7197265625
9798321,38.0859375
9798762,37.41455078125
9798791,46.2646484375
9798841,45.22705078125
9798877,38.75732421875
9799116,38.330078125
9799265,39.48974609375
9799325,43.212890625
9799344,54.74853515625
9799630,39.55078125
9799805,39.24560546875
9800041,39.12353515625
9800487,38.0859375
9801160,45.71533203125
9816118,38.63525390625
9817042,42.236328125
9818642,37.9638671875
9835834,45.22705078125
9836297,39.0625
9836412,41.9921875
9836593,37.65869140625
9836808,39.24560546875
9836877,39.61181640625
9836984,42.236328125
9837156,41.50390625
9837211,45.7763671875
9837438,43.9453125
9838082,39.0625
9838372,41.8701171875
9838382,53.52783203125
9865036,38.6962890625
9865239,52.24609375
9866002,47.79052734375
9866238,39.306640625
9866386,38.39111328125
9866413,59.50927734375
9866620,38.330078125
9866694,49.31640625
9866960,39.85595703125
9867072,39.55078125
9867495,39.306640625
9867517,40.4052734375
9868320,37.7197265625
9868481,40.46630859375
9877647,39.1845703125
9885168,38.14697265625
9891203,45.95947265625
9892980,41.44287109375
9894931,42.1142578125
9895904,47.18017578125
9896073,51.94091796875
9896446,41.68701171875
9896634,42.724609375
9896820,44.3115234375
9896879,39.9169921875
9896893,42.66357421875
9896990,39.00146484375
9897140,42.90771484375
9897372,43.212890625
9897495,45.22705078125
9897846,40.771484375
9897870,37.9638671875
9930871,52.6123046875
9931544,46.56982421875
9937074,45.47119140625
9953929,47.18017578125
9957364,39.4287109375
9960339,45.166015625
9985555,55.60302734375
10024263,39.48974609375
10029188,39.0625
10044602,56.94580078125
10049105,38.75732421875
10055494,43.64013671875
10065382,53.64990234375
10077619,53.7109375
10094671,43.5791015625
10123209,38.63525390625
10156113,39.4287109375
10165961,57.7392578125
10166347,47.9736328125
10166700,44.43359375
10179687,38.818359375
10180244,46.93603515625
10187468,49.560546875
10190096,38.57421875
10192114,50.35400390625
10192381,38.26904296875
10193121,41.07666015625
10207827,37.53662109375
10211345,45.47119140625
10212614,39.0625
10220300,39.24560546875
10222064,52.490234375
10236177,40.8935546875
10238975,39.00146484375
10239750,38.6962890625
10245239,38.2080078125
10252809,37.7197265625
10258670,39.1845703125
10264908,40.0390625
10266735,42.8466796875
10267556,49.072265625
10280791,38.57421875
10293670,37.90283203125
10296544,45.71533203125
10319713,51.7578125
10320902,38.14697265625
10328017,45.5322265625
10339149,39.36767578125
10350935,38.75732421875
10363212,38.6962890625
10371387,43.212890625
10376466,38.2080078125
10377598,53.16162109375
10383203,37.7197265625
10384635,45.71533203125
10391781,43.51806640625
10395659,62.68310546875
10404833,42.90771484375
10417110,41.07666015625
10417301,53.89404296875
10417317,58.2275390625
10417723,39.12353515625
10418106,42.05322265625
10418140,39.97802734375
10418529,46.142578125
10418725,44.921875
10419006,49.98779296875
10419075,37.53662109375
10419171,51.69677734375
10419206,55.72509765625
10419384,47.8515625
10419415,45.7763671875
10419452,51.57470703125
10419640,39.24560546875
10419684,47.05810546875
10419801,38.6962890625
10419851,39.9169921875
10420096,42.78564453125
10421024,38.02490234375
10421727,37.7197265625
10433099,39.6728515625
10434918,46.69189453125
10436916,41.07666015625
10438688,39.9169921875
10438904,39.24560546875
10439534,42.3583984375
10439745,47.66845703125
10439914,37.841796875
10439928,53.77197265625
10439997,40.22216796875
10440215,39.24560546875
10440511,44.86083984375
10440594,40.52734375
10440811,38.63525390625
10440929,37.7197265625
10441119,41.9921875
10441613,37.7197265625
10456412,40.283203125
10456770,37.841796875
10457174,38.39111328125
10457549,39.24560546875
10460446,37.53662109375
10461617,39.97802734375
10462671,42.05322265625
10464300,40.8935546875
10471102,38.51318359375
10471387,37.65869140625
10472319,56.45751953125
10472343,67.19970703125
10472536,39.0625
10472613,48.4619140625
10472688,45.0439453125
10472709,48.33984375
10472722,39.36767578125
10472778,38.39111328125
10473093,46.5087890625
10473407,37.841796875
10473447,38.9404296875
10473568,44.5556640625
10473733,43.9453125
10474006,38.14697265625
10474367,37.7197265625
10474693,38.51318359375
10481074,39.0625
10486171,45.83740234375
10491670,41.56494140625
10494736,38.87939453125
10495146,47.79052734375
10495370,43.39599609375
10495583,57.80029296875
10496084,39.00146484375
10496204,41.8701171875
10496346,41.8701171875
10496481,54.6875
10496538,42.236328125
10496684,39.794921875
10496921,38.63525390625
10497209,39.36767578125
10497737,43.51806640625
10497748,44.98291015625
10497914,41.3818359375
10498041,39.61181640625
10522618,49.9267578125
10522967,39.306640625
10524231,38.0859375
10524312,41.9921875
10531062,38.2080078125
10533102,40.71044921875
10534047,40.6494140625
10534309,38.57421875
10534667,37.841796875
10534901,43.701171875
10534953,42.78564453125
10535073,40.6494140625
10535109,39.48974609375
10535187,38.818359375
10535243,48.27880859375
10535399,38.02490234375
10535481,41.19873046875
10535871,49.13330078125
10536166,39.24560546875
10536668,41.3818359375
10537024,43.3349609375
10549611,43.76220703125
10556363,41.6259765625
10561276,38.818359375
10561507,49.98779296875
10561829,40.771484375
10562119,43.212890625
10562317,37.59765625
10562631,40.95458984375
10562651,46.32568359375
10563132,44.61669921875
10563199,40.34423828125
10563495,41.6259765625
10572322,37.9638671875
10582646,41.6259765625
10583353,40.46630859375
10586918,38.87939453125
10587067,48.76708984375
10588195,38.26904296875
10598662,38.0859375
10602299,49.6826171875
10603398,41.80908203125
10603767,39.97802734375
10603890,40.6494140625
10613049,47.66845703125
10619826,50.47607421875
10620585,39.1845703125
10635940,44.677734375
10638869,39.24560546875
10641737,42.8466796875
10645919,39.9169921875
10663714,40.58837890625
10697591,57.12890625
10715271,41.748046875
10715382,59.50927734375
10729872,39.24560546875
10739278,38.51318359375
10743046,40.0390625
10792459,51.57470703125
10801671,39.61181640625
10806980,41.44287109375
10810399,44.5556640625
10815969,42.3583984375
10823962,37.53662109375
10827026,45.7763671875
10827344,41.748046875
10827916,38.818359375
10832765,37.41455078125
10848365,40.283203125
10857260,39.1845703125
10868022,50.23193359375
10869740,38.26904296875
10870140,38.6962890625
10903336,48.27880859375
10906367,38.0859375
10923841,47.119140625
10932332,37.7197265625
10943553,52.6123046875
10959574,46.9970703125
10964779,41.32080078125
10970184,54.3212890625
10970229,45.59326171875
10982596,37.78076171875
10987417,45.10498046875
10997210,38.330078125
11011489,40.83251953125
11024414,57.43408203125
11024628,46.56982421875
11024938,46.0205078125
11025235,39.4287109375
11037138,41.44287109375
11038125,44.189453125
11057034,40.8935546875
11060340,41.19873046875
11072608,38.6962890625
11087744,44.73876953125
11093629,45.59326171875
11100948,42.54150390625
11116074,45.59326171875
11122642,48.15673828125
11127104,39.85595703125
11132060,38.9404296875
11135599,47.4853515625
11136128,38.818359375
11142879,37.7197265625
11144504,66.7724609375
11154012,62.31689453125
11154343,38.6962890625
11162734,38.63525390625
11167491,38.02490234375
11175200,49.37744140625
11175529,40.95458984375
11179842,49.62158203125
11194476,38.51318359375
11195075,53.955078125
11200434,52.18505859375
11201044,54.931640625
11201513,47.2412109375
11201687,55.48095703125
11201746,54.6875
11201908,54.99267578125
11201953,49.8046875
11202159,55.60302734375
11202302,46.81396484375
11202366,37.53662109375
11202395,57.861328125
11202437,45.34912109375
11202597,39.61181640625
11202624,38.330078125
11202634,46.81396484375
11202855,38.2080078125
11211461,38.39111328125
11213755,44.86083984375
11215169,38.9404296875
11216851,44.25048828125
11218148,38.0859375
11222509,37.7197265625
11223341,39.61181640625
11223625,39.1845703125
11223804,37.59765625
11223838,49.1943359375
11223982,40.0390625
11224060,40.6494140625
11224191,46.56982421875
11224355,38.02490234375
11224752,41.56494140625
11224789,41.50390625
11225412,40.771484375
11239903,39.6728515625
11244158,38.63525390625
11244691,50.72021484375
11244871,38.26904296875
11244981,46.56982421875
11245072,43.5791015625
11245319,47.79052734375
11245645,38.57421875
11246077,40.8935546875
11246109,40.46630859375
11246766,38.57421875
11246890,37.41455078125
11261593,39.85595703125
11261955,46.56982421875
11266127,38.0859375
11268268,45.34912109375
11269871,48.27880859375
11273197,44.3115234375
11274123,40.46630859375
11274358,45.2880859375
11274497,37.9638671875
11274553,59.38720703125
11274580,62.1337890625
11274686,39.306640625
11274705,59.326171875
11274842,41.44287109375
11275169,39.4287109375
11275233,39.73388671875
11275601,41.93115234375
11275621,45.2880859375
11276154,38.14697265625
11276365,38.39111328125
11296115,41.44287109375
11296721,38.6962890625
11296970,41.50390625
11297667,42.236328125
11297749,44.3115234375
11298873,37.53662109375
11307989,58.89892578125
11308009,46.142578125
11308275,41.50390625
11308614,45.7763671875
11309013,40.0390625
11309082,52.30712890625
11309289,44.61669921875
11309337,48.4619140625
11309403,44.12841796875
11309583,39.73388671875
11309646,39.61181640625
11309841,47.2412109375
11310334,39.4287109375
11310626,39.306640625
11310910,44.677734375
11311530,39.73388671875
11319996,39.306640625
11329075,42.724609375
11329819,45.83740234375
11333167,42.48046875
11338707,38.75732421875
11339217,39.4287109375
11339627,37.29248046875
11339653,67.81005859375
11339971,37.78076171875
11340011,38.51318359375
11340055,47.91259765625
11340067,40.83251953125
11340120,39.794921875
11340368,46.2646484375
11340500,39.306640625
11340645,40.34423828125
11340805,56.640625
11340941,38.0859375
11341224,44.12841796875
11341508,41.07666015625
11341913,41.50390625
11341928,40.58837890625
11349194,38.14697265625
11353089,40.83251953125
11361216,38.63525390625
11366635,49.01123046875
11367269,39.48974609375
11367289,45.0439453125
11367660,48.52294921875
11367919,44.00634765625
11368098,40.71044921875
11368162,43.0908203125
11368343,37.9638671875
11368423,37.7197265625
11368534,37.90283203125
11368688,45.654296875
11368942,38.9404296875
11369102,37.41455078125
11369846,39.36767578125
11384311,40.52734375
11393974,40.52734375
11398102,40.283203125
11399048,53.8330078125
11399494,42.29736328125
11431188,48.88916015625
11449238,48.76708984375
11450137,37.90283203125
11456085,37.29248046875
11470159,42.6025390625
11492608,42.3583984375
11494045,58.7158203125
11503593,44.86083984375
11535594,49.1943359375
11536027,48.40087890625
11540094,37.353515625
11547909,41.6259765625
11572738,55.48095703125
11601544,60.302734375
11603314,37.41455078125
11613006,41.9921875
11628008,49.560546875
11631086,41.1376953125
11643489,40.283203125
11650801,37.29248046875
11666558,40.283203125
11669629,39.6728515625
11704915,41.6259765625
11706543,44.61669921875
11710497,38.57421875
11715304,43.212890625
11726097,53.955078125
11738189,37.841796875
11739407,37.59765625
11742663,38.57421875
11752480,38.818359375
11764198,53.7109375
11764731,42.66357421875
11764987,37.65869140625
11785011,37.53662109375
11807198,41.50390625
11812642,53.955078125
11815758,63.17138671875
11816103,44.189453125
11820789,38.57421875
11829462,38.75732421875
11834441,38.02490234375
11836854,37.65869140625
11839983,47.2412109375
11840400,40.52734375
11848593,53.52783203125
11848632,51.513671875
11849098,38.39111328125
11849262,49.49951171875
11849288,42.724609375
11849365,59.38720703125
11849512,40.10009765625
11849632,39.61181640625
11849654,54.62646484375
11849679,37.4755859375
11849771,53.955078125
11849864,40.58837890625
11849886,37.59765625
11849967,38.14697265625
11850051,74.951171875
11850089,41.07666015625
11850206,61.6455078125
11850479,39.85595703125
11850855,42.66357421875
11851772,38.2080078125
11860399,39.4287109375
11862731,42.54150390625
11865807,43.27392578125
11867701,45.22705078125
11868531,38.9404296875
11869469,43.15185546875
11869876,40.1611328125
11869948,42.17529296875
11870099,42.3583984375
11870231,42.1142578125
11870259,40.46630859375
11870296,38.26904296875
11870450,38.39111328125
11870567,38.39111328125
11870690,41.32080078125
11870783,45.34912109375
11871217,37.353515625
11871494,41.1376953125
11871531,39.48974609375
11871756,37.59765625
11872742,40.71044921875
11888882,38.4521484375
11894487,44.25048828125
11899159,43.8232421875
11901756,41.56494140625
11903189,47.18017578125
11903214,41.3818359375
11903452,41.1376953125
11903556,46.9970703125
11903716,40.52734375
11903997,51.08642578125
11904239,46.2646484375
11904357,38.9404296875
11904552,41.32080078125
11904635,40.71044921875
11905351,37.90283203125
11905730,39.9169921875
11906156,39.00146484375
11920644,38.39111328125
11920914,42.724609375
11926723,39.9169921875
11926934,42.78564453125
11928532,40.283203125
11931145,46.9970703125
11931779,40.0390625
11931810,55.23681640625
11931873,37.90283203125
11931941,39.85595703125
11932079,40.6494140625
11932107,47.607421875
11932174,42.96875
11932232,45.34912109375
11932290,37.78076171875
11932315,38.87939453125
11932426,38.39111328125
11932605,37.65869140625
11932628,42.724609375
11932701,43.3349609375
11932970,50.29296875
11933186,41.44287109375
11933621,38.14697265625
11933647,45.34912109375
11933671,47.8515625
11945358,37.53662109375
11951245,38.02490234375
11957692,38.39111328125
11958238,54.74853515625
11958483,41.50390625
11960389,39.61181640625
11961132,50.23193359375
11978823,48.03466796875
11982468,39.97802734375
11985979,48.583984375
11986703,42.724609375
11987438,48.76708984375
