11999000,0
469680,40.4052734375
1099088,36.68212890625
1141898,35.7666015625
1142219,38.9404296875
1232173,37.29248046875
2404817,35.2783203125
2405339,40.52734375
2489839,34.85107421875
2555225,36.68212890625
2555855,34.912109375
2600576,37.353515625
2600806,36.62109375
2601652,35.21728515625
3313489,39.97802734375
3313840,35.58349609375
3608431,40.6494140625
4031736,34.85107421875
4032647,38.75732421875
4033067,38.63525390625
4053584,35.21728515625
4079717,36.0107421875
4081031,34.85107421875
4154001,34.60693359375
4154141,37.9638671875
4154581,35.888671875
4154961,36.9873046875
4155343,35.94970703125
4200368,35.09521484375
4201299,34.97314453125
4234504,35.888671875
4275234,37.53662109375
4275717,36.62109375
4796504,47.18017578125
4796839,36.865234375
4816321,35.15625
4816733,38.02490234375
4843137,37.2314453125
4891636,35.70556640625
4891669,35.46142578125
4893132,35.21728515625
4894012,34.7900390625
4921991,35.70556640625
4923809,35.400390625
5092196,37.4755859375
5092713,38.87939453125
5505975,34.97314453125
5506663,45.95947265625
5539037,37.109375
5539669,40.1611328125
5540798,38.14697265625
5566970,36.9873046875
5567987,34.60693359375
5629126,34.72900390625
5674123,34.85107421875
6010247,39.4287109375
6010428,36.1328125
6010728,37.59765625
6056883,36.9873046875
6081574,36.1328125
6082589,38.330078125
6115670,34.60693359375
6202261,35.5224609375
6203099,35.46142578125
6234777,34.85107421875
6263173,35.2783203125
6292297,46.142578125
6493406,40.10009765625
6493657,38.26904296875
6523257,38.57421875
6566661,35.0341796875
6595656,35.15625
6645435,35.46142578125
6688419,41.748046875
6986049,35.0341796875
6986683,37.2314453125
6986750,35.21728515625
6987213,34.912109375
7015525,41.19873046875
7038334,35.7666015625
7089718,36.31591796875
7221185,36.80419921875
7271026,34.97314453125
7351594,37.109375
7410367,37.04833984375
7493057,46.38671875
7555727,34.66796875
7712276,35.33935546875
7809203,34.912109375
8001853,35.21728515625
8098536,39.85595703125
8133016,34.85107421875
8163291,35.70556640625
8366529,35.64453125
8399971,36.0107421875
8522839,38.14697265625
8555170,35.33935546875
8591879,35.58349609375
8649864,38.6962890625
8676627,35.58349609375
9246964,35.5224609375
9273406,38.14697265625
9273684,41.6259765625
9294732,35.09521484375
9349412,37.90283203125
9561752,37.841796875
9665616,34.85107421875
9798357,34.85107421875
9799495,38.2080078125
9866444,35.5224609375
9867647,35.0341796875
9896887,37.29248046875
10418975,38.4521484375
10419501,34.60693359375
10419639,34.7900390625
10440172,35.2783203125
10440791,35.7666015625
10471769,38.0859375
10562917,34.72900390625
11202319,48.03466796875
11202755,46.32568359375
11849836,34.912109375
11850122,35.09521484375
11850162,36.1328125
11869818,37.841796875
11871914,36.62109375
