4799001,0
106,22.8271484375
2951,26.06201171875
470418,24.47509765625
470461,27.9541015625
470528,24.96337890625
470538,31.982421875
470637,21.8505859375
473535,22.5830078125
773433,29.052734375
773484,26.79443359375
773558,25.93994140625
773576,25.57373046875
773604,25.32958984375
773662,22.705078125
773698,26.30615234375
774093,23.13232421875
1145821,22.94921875
1394388,26.55029296875
1394601,23.25439453125
1394802,25.08544921875
1394828,22.88818359375
1395003,22.76611328125
1559640,23.25439453125
1561709,25.2685546875
1612998,22.8271484375
1719211,21.91162109375
2037208,22.0947265625
3012804,22.705078125
3012931,30.09033203125
3013025,26.30615234375
3013159,23.0712890625
3013177,23.681640625
3013242,25.0244140625
3013270,25.87890625
3014138,23.49853515625
3015730,22.5830078125
3020324,22.3388671875
3025029,23.86474609375
3398865,29.84619140625
3398892,29.60205078125
3398933,25.08544921875
3398959,22.4609375
3398979,23.37646484375
3398997,36.62109375
3399018,25.634765625
3399343,25.634765625
3407477,22.64404296875
3410107,23.01025390625
3528805,26.3671875
3528952,25.7568359375
3528997,23.37646484375
3529042,21.97265625
3529077,23.193359375
3529424,23.193359375
3530032,25.08544921875
3538143,23.74267578125
3568724,25.0244140625
3568752,27.16064453125
3568886,22.76611328125
3568993,32.53173828125
3569059,28.4423828125
3569092,22.94921875
3569147,22.52197265625
3569175,23.193359375
3575291,24.23095703125
3616249,22.3388671875
3616297,23.193359375
3616422,24.7802734375
3616449,24.35302734375
3616559,22.216796875
3616610,23.86474609375
3670280,23.4375
3670297,25.2685546875
3670338,23.193359375
3670348,25.32958984375
3670420,22.5830078125
3670441,21.97265625
3670482,25.0244140625
3670500,22.64404296875
3670513,27.4658203125
3670549,25.08544921875
3670751,24.169921875
3670838,22.76611328125
3742872,22.15576171875
3742895,25.69580078125
3742969,23.13232421875
3743041,25.390625
3743115,27.03857421875
3807890,30.029296875
3807964,24.169921875
3807996,34.97314453125
3808049,23.13232421875
3808109,22.705078125
3808179,22.94921875
3809111,24.0478515625
4258741,22.5830078125
4273460,22.39990234375
4534845,29.6630859375
4534968,27.16064453125
4534993,30.1513671875
4535021,22.8271484375
4535048,21.78955078125
4535308,22.3388671875
4536431,25.2685546875
4536842,24.4140625
