7799001,0
254171,24.4140625
254207,93.68896484375
254217,40.95458984375
254242,60.791015625
254267,52.18505859375
254281,43.9453125
254305,34.0576171875
254330,30.029296875
254341,30.029296875
254361,26.79443359375
254378,26.4892578125
254529,25.2685546875
254938,26.611328125
255136,35.7666015625
255285,38.87939453125
255438,40.52734375
255581,28.86962890625
255712,39.12353515625
255810,30.45654296875
255857,25.390625
256189,33.50830078125
391347,29.052734375
503260,26.85546875
503296,83.6181640625
503306,41.6259765625
503335,74.64599609375
503345,35.15625
503387,31.43310546875
503407,26.30615234375
503427,30.3955078125
503456,31.67724609375
503611,25.69580078125
504093,33.02001953125
504185,29.23583984375
504249,42.41943359375
504277,25.0244140625
504299,27.4658203125
504395,30.1513671875
504486,32.8369140625
504529,29.84619140625
504672,25.81787109375
504704,25.146484375
504802,26.67236328125
504943,30.82275390625
504965,32.04345703125
505152,30.45654296875
505336,34.5458984375
513161,30.2734375
513197,57.67822265625
513327,53.7109375
513357,53.03955078125
513388,36.7431640625
513401,27.9541015625
513429,24.90234375
513449,33.38623046875
513465,29.60205078125
513482,32.04345703125
513500,30.21240234375
513527,33.26416015625
513556,24.4140625
513596,33.935546875
514087,25.81787109375
514117,25.81787109375
514303,33.0810546875
514331,27.099609375
514544,35.2783203125
514782,26.4892578125
514999,26.06201171875
534970,24.4140625
535147,24.47509765625
535198,32.65380859375
535220,25.57373046875
535250,30.8837890625
535262,61.279296875
535287,40.6494140625
535297,35.58349609375
535330,58.9599609375
535344,28.9306640625
535369,39.12353515625
535385,40.95458984375
535412,65.4296875
535444,38.9404296875
535482,36.07177734375
535565,27.16064453125
535576,37.04833984375
535726,26.2451171875
535762,24.7802734375
535799,27.9541015625
536153,27.099609375
536168,25.57373046875
536267,28.38134765625
536292,26.67236328125
536496,26.3671875
536519,25.634765625
536560,26.42822265625
536609,26.30615234375
536762,40.0390625
586917,25.20751953125
586944,68.42041015625
586965,42.05322265625
586979,36.31591796875
587011,60.546875
587047,53.77197265625
587066,25.20751953125
587080,32.5927734375
587097,31.3720703125
587107,29.296875
587160,25.20751953125
587221,27.099609375
587250,24.35302734375
587778,26.79443359375
587884,32.16552734375
587967,25.45166015625
588048,26.7333984375
588200,26.7333984375
588235,27.89306640625
588386,31.31103515625
588552,35.33935546875
588739,27.34375
975215,26.30615234375
975232,54.3212890625
975259,51.69677734375
975274,42.41943359375
975284,48.095703125
975303,27.64892578125
975321,45.34912109375
975335,36.865234375
975362,43.0908203125
975398,26.0009765625
975412,27.83203125
975447,32.53173828125
975556,25.87890625
976264,29.78515625
976353,28.564453125
976376,25.0244140625
976444,46.93603515625
976560,24.47509765625
976589,31.1279296875
976775,32.3486328125
977007,26.30615234375
977162,34.912109375
977461,44.49462890625
977809,25.57373046875
984927,56.45751953125
984987,28.564453125
985014,25.7568359375
985029,37.9638671875
985053,55.419921875
985081,34.24072265625
985091,46.630859375
985117,46.56982421875
985159,33.447265625
985189,30.6396484375
985200,26.85546875
985255,39.24560546875
985284,26.4892578125
985350,28.564453125
985390,31.18896484375
985425,26.123046875
985546,27.89306640625
985759,27.7099609375
985929,25.146484375
986122,29.47998046875
986180,24.96337890625
986285,25.57373046875
986296,29.72412109375
986405,26.2451171875
986696,31.79931640625
986890,26.2451171875
987227,25.20751953125
1292151,27.40478515625
1292185,36.4990234375
1292197,54.26025390625
1292212,65.73486328125
1292235,57.06787109375
1292269,60.4248046875
1292283,48.88916015625
1292349,24.84130859375
1292392,26.30615234375
1292546,24.84130859375
1293042,25.32958984375
1293145,27.099609375
1293200,25.5126953125
1293259,28.1982421875
1293287,25.7568359375
1293410,25.45166015625
1293435,36.68212890625
1293523,25.2685546875
1293587,24.7802734375
1293601,27.4658203125
1293725,25.08544921875
1293971,25.7568359375
1294214,25.57373046875
1294527,24.4140625
1376048,25.7568359375
1376072,29.11376953125
1376091,55.2978515625
1376107,27.9541015625
1376138,36.865234375
1376156,46.630859375
1376168,34.48486328125
1376182,42.724609375
1376212,43.51806640625
1376237,27.34375
1376266,42.54150390625
1376285,30.21240234375
1376329,26.3671875
1376381,25.57373046875
1376411,24.59716796875
1376547,25.57373046875
1377205,28.1982421875
1377223,25.81787109375
1377323,36.92626953125
1377501,35.5224609375
1377513,30.3955078125
1377640,33.87451171875
1377679,32.04345703125
1377786,27.64892578125
1377807,30.45654296875
1377870,24.71923828125
1378005,31.18896484375
1724109,73.54736328125
1724148,34.5458984375
1724176,64.63623046875
1724202,44.37255859375
1724218,44.3115234375
1724229,28.38134765625
1724252,28.3203125
1724289,30.76171875
1724325,26.06201171875
1724485,24.5361328125
1725160,36.80419921875
1725252,25.0244140625
1725371,43.701171875
1725518,27.64892578125
1725536,27.64892578125
1725738,25.93994140625
1725757,28.4423828125
1725948,32.77587890625
1726083,37.53662109375
1726298,24.5361328125
1726632,24.658203125
1726952,29.1748046875
1735608,27.77099609375
1981543,63.5986328125
1981558,25.45166015625
1981575,43.3349609375
1981593,29.35791015625
1981613,40.71044921875
1981624,52.6123046875
1981648,31.6162109375
1981677,29.23583984375
1981692,26.9775390625
1981725,34.48486328125
1981744,40.71044921875
1981764,36.31591796875
1981797,24.658203125
1981811,31.67724609375
1981840,25.2685546875
1982551,26.3671875
1982830,37.78076171875
1982861,25.390625
1983004,27.099609375
1983020,35.888671875
1983034,29.1748046875
1983201,38.63525390625
1983401,33.3251953125
1983428,28.3203125
1983567,24.96337890625
1983618,26.42822265625
1983657,30.82275390625
1983749,28.076171875
1983909,28.13720703125
1984044,25.87890625
1997075,26.0009765625
1997306,36.19384765625
1997403,29.9072265625
1997414,46.69189453125
1997453,25.32958984375
1997488,25.7568359375
1997503,32.71484375
1997541,43.15185546875
1997560,24.96337890625
1997577,34.1796875
1997595,36.07177734375
1997615,31.6162109375
1997641,39.794921875
1997665,29.1748046875
1997715,35.64453125
1997756,24.4140625
1997777,26.30615234375
1997791,29.23583984375
1997836,33.99658203125
1997846,25.32958984375
1997876,26.85546875
1997916,24.658203125
1998105,26.2451171875
1998185,26.67236328125
1998326,26.30615234375
1998390,24.47509765625
1998583,28.38134765625
1998608,28.6865234375
1998758,27.34375
1998975,40.8935546875
1999184,27.16064453125
1999329,24.7802734375
2010950,24.47509765625
2017544,25.32958984375
2188743,27.03857421875
2188758,25.08544921875
2188778,55.48095703125
2188798,51.6357421875
2188829,34.5458984375
2188848,59.2041015625
2188877,54.0771484375
2188897,39.9169921875
2188914,25.45166015625
2188930,27.64892578125
2188946,32.04345703125
2188982,29.9072265625
2189062,25.390625
2189526,24.90234375
2189712,27.34375
2189743,27.16064453125
2189812,24.84130859375
2189865,37.90283203125
2189890,24.84130859375
2189982,28.13720703125
2190000,28.99169921875
2190230,27.40478515625
2190292,25.81787109375
2190389,41.44287109375
2190440,29.052734375
2190499,24.7802734375
2190561,24.59716796875
2190597,26.123046875
2190626,38.75732421875
2190814,25.634765625
2191032,25.2685546875
2191302,27.83203125
2352005,24.5361328125
2352016,78.67431640625
2352041,44.7998046875
2352072,26.91650390625
2352097,31.43310546875
2352119,50.84228515625
2352130,60.24169921875
2352154,31.43310546875
2352165,33.87451171875
2352205,30.33447265625
2352243,39.4287109375
2352327,24.71923828125
2352365,26.18408203125
2352957,30.57861328125
2353157,41.07666015625
2353359,27.52685546875
2353440,24.5361328125
2353592,24.96337890625
2353643,28.1982421875
2353678,27.7099609375
2353782,48.7060546875
2353924,37.90283203125
2354370,25.146484375
2515099,29.84619140625
2515112,58.9599609375
2515153,40.22216796875
2515177,27.7099609375
2515192,39.794921875
2515217,43.8232421875
2515242,31.73828125
2515267,26.0009765625
2515297,38.818359375
2515309,31.55517578125
2515335,31.982421875
2515352,24.90234375
2515395,28.564453125
2515543,26.611328125
2516173,27.099609375
2516301,26.611328125
2516368,34.66796875
2516519,29.60205078125
2516715,24.7802734375
2516941,33.203125
2516951,27.77099609375
2517228,33.99658203125
2517383,24.71923828125
2517575,25.45166015625
2950252,29.296875
2950268,32.04345703125
2950288,84.5947265625
2950320,39.97802734375
2950336,41.259765625
2950353,30.94482421875
2950378,42.29736328125
2950403,25.87890625
2950427,41.1376953125
2950559,24.7802734375
2951090,28.25927734375
2951310,34.48486328125
2951439,25.08544921875
2951458,25.57373046875
2951495,33.8134765625
2951600,25.57373046875
2951690,26.85546875
2951723,26.123046875
2951837,24.35302734375
2952006,31.79931640625
2952093,25.45166015625
2952241,28.74755859375
3306455,26.0009765625
3306474,49.62158203125
3306507,49.560546875
3306533,68.115234375
3306553,39.1845703125
3306579,43.212890625
3306596,26.18408203125
3306611,37.78076171875
3306648,33.0810546875
3306691,26.611328125
3306752,26.42822265625
3306898,26.0009765625
3307246,27.28271484375
3307425,35.58349609375
3307729,32.04345703125
3307777,28.6865234375
3307882,24.5361328125
3307894,25.7568359375
3308031,39.306640625
3308067,25.634765625
3308188,26.123046875
3308434,25.20751953125
3308475,26.4892578125
3308724,24.47509765625
3309291,25.87890625
3557073,29.9072265625
3557100,33.75244140625
3557112,85.51025390625
3557122,31.494140625
3557147,74.27978515625
3557175,35.94970703125
3557188,28.38134765625
3557204,26.42822265625
3557263,26.611328125
3557295,28.4423828125
3557494,26.4892578125
3557779,26.9775390625
3557893,28.25927734375
3557996,34.0576171875
3558080,26.18408203125
3558165,24.47509765625
3558246,24.7802734375
3558271,28.13720703125
3558338,28.99169921875
3558399,24.4140625
3558427,29.1748046875
3558461,32.28759765625
3558600,24.7802734375
3558649,30.82275390625
3558700,24.47509765625
3558801,31.55517578125
3558907,25.634765625
3558965,36.43798828125
3559052,28.4423828125
3559243,24.90234375
3559567,25.93994140625
3561674,26.91650390625
3572210,24.5361328125
3573516,24.4140625
3902322,24.96337890625
4012206,61.46240234375
4012226,33.26416015625
4012257,57.0068359375
4012287,47.79052734375
4012299,47.05810546875
4012325,34.11865234375
4012350,38.02490234375
4012382,35.2783203125
4012392,27.34375
4012451,37.353515625
4012605,24.96337890625
4013202,33.935546875
4013362,41.32080078125
4013548,30.517578125
4013573,25.93994140625
4013648,26.30615234375
4013796,31.31103515625
4013839,24.59716796875
4014022,24.96337890625
4014130,25.390625
4014425,36.31591796875
4016174,24.7802734375
4176808,24.35302734375
4176839,47.8515625
4176851,51.57470703125
4176885,58.2275390625
4176896,63.17138671875
4176938,65.36865234375
4176948,27.2216796875
4176981,26.4892578125
4176998,26.123046875
4177347,27.77099609375
4177485,26.2451171875
4177853,28.01513671875
4178027,37.53662109375
4178168,43.701171875
4178225,25.08544921875
4178301,28.3203125
4178468,27.2216796875
4178491,25.20751953125
4178648,24.71923828125
4178739,25.93994140625
4179134,25.87890625
4179236,25.146484375
4179331,25.87890625
4181589,25.0244140625
4327941,26.2451171875
4327957,33.99658203125
4327974,25.87890625
4328011,46.630859375
4328022,55.60302734375
4328037,73.1201171875
4328070,49.8046875
4328080,29.84619140625
4328120,34.912109375
4328135,29.1748046875
4328146,28.564453125
4328188,24.7802734375
4328333,27.64892578125
4328867,27.587890625
4329036,41.68701171875
4329199,38.75732421875
4329360,27.587890625
4329490,27.28271484375
4329572,26.67236328125
4329785,37.04833984375
4330006,26.4892578125
4386527,28.3203125
4386548,55.0537109375
4386559,44.00634765625
4386592,40.52734375
4386610,41.56494140625
4386620,57.06787109375
4386638,35.400390625
4386658,41.44287109375
4386668,33.50830078125
4386678,26.91650390625
4386748,26.55029296875
4386769,26.91650390625
4386792,27.03857421875
4386811,30.517578125
4386919,27.64892578125
4387365,25.93994140625
4387527,35.5224609375
4387688,33.02001953125
4387778,24.35302734375
4387840,27.03857421875
4387968,25.81787109375
4388097,28.62548828125
4388159,27.16064453125
4388263,35.0341796875
4388300,24.90234375
4388399,25.81787109375
4388425,25.69580078125
4388475,25.45166015625
4388753,41.50390625
4410404,26.91650390625
4539365,58.16650390625
4539386,40.6494140625
4539404,27.587890625
4539414,91.73583984375
4539431,45.2880859375
4539462,52.978515625
4539480,30.94482421875
4539544,34.0576171875
4540319,24.7802734375
4540337,27.4658203125
4540374,32.77587890625
4540497,24.7802734375
4540587,24.84130859375
4540654,28.3203125
4540797,26.91650390625
4540962,29.9072265625
4541160,38.26904296875
4541204,33.0810546875
4541382,33.0810546875
4541491,27.7099609375
4542734,24.47509765625
4647278,30.94482421875
4647295,35.33935546875
4647314,37.841796875
4647340,59.08203125
4647351,32.28759765625
4647384,37.17041015625
4647402,37.59765625
4647429,27.587890625
4647463,35.21728515625
4647478,25.20751953125
4647573,24.71923828125
4647625,26.91650390625
4647727,29.4189453125
4647810,25.20751953125
4648019,26.18408203125
4648266,32.5927734375
4648278,26.3671875
4648347,25.7568359375
4648374,29.72412109375
4648431,27.34375
4648583,27.16064453125
4648604,24.35302734375
4648644,40.4052734375
4648706,25.69580078125
4648761,35.82763671875
4648772,26.4892578125
4648903,24.59716796875
4648935,41.07666015625
4649063,24.47509765625
4649111,31.3720703125
4649379,39.36767578125
4649794,26.67236328125
4649946,25.390625
4794347,27.099609375
4794358,86.669921875
4794391,27.28271484375
4794421,64.27001953125
4794438,26.79443359375
4794456,35.58349609375
4794478,28.99169921875
4794492,49.01123046875
4794522,32.1044921875
4794553,32.470703125
4794568,34.7900390625
4794591,34.0576171875
4794602,27.16064453125
4794634,29.78515625
4794653,30.517578125
4794884,25.69580078125
4795343,24.71923828125
4795432,28.4423828125
4795474,25.2685546875
4795574,26.0009765625
4795585,25.7568359375
4795607,30.76171875
4795643,24.5361328125
4795785,29.35791015625
4795822,25.146484375
4795919,28.99169921875
4796084,36.0107421875
4796163,25.32958984375
4796397,29.4189453125
4796407,34.7900390625
4796458,24.96337890625
5013076,78.857421875
5013093,41.80908203125
5013125,67.138671875
5013137,45.47119140625
5013152,39.0625
5013162,32.71484375
5013179,37.7197265625
5013206,34.3017578125
5013224,32.470703125
5013264,33.935546875
5013299,32.5927734375
5013312,24.7802734375
5013347,27.16064453125
5013503,26.3671875
5013933,24.90234375
5014086,33.75244140625
5014247,26.85546875
5014381,34.97314453125
5014525,26.0009765625
5014541,24.35302734375
5014683,39.61181640625
5014828,27.89306640625
5014861,40.771484375
5015091,29.47998046875
5332409,51.7578125
5332427,79.7119140625
5332455,49.98779296875
5332489,28.74755859375
5332501,38.6962890625
5332517,26.42822265625
5332539,29.052734375
5332567,25.81787109375
5332610,35.58349609375
5332622,28.86962890625
5332834,24.658203125
5333232,25.81787109375
5333409,41.44287109375
5333505,25.93994140625
5333576,50.1708984375
5333612,26.55029296875
5333720,28.86962890625
5333811,24.90234375
5333823,41.3818359375
5333852,36.2548828125
5333989,26.55029296875
5334172,30.2734375
5334313,29.78515625
5334593,29.96826171875
5341146,30.6396484375
5490508,28.01513671875
5490545,25.69580078125
5490556,72.75390625
5490588,37.41455078125
5490605,57.4951171875
5490624,53.28369140625
5490651,52.30712890625
5490666,41.44287109375
5490700,26.9775390625
5490729,34.1796875
5490816,32.89794921875
5491539,30.3955078125
5491648,25.7568359375
5491702,31.982421875
5491864,37.78076171875
5492003,28.6865234375
5492052,27.64892578125
5492150,28.38134765625
5492176,29.84619140625
5492233,25.0244140625
5492338,24.47509765625
5492897,26.9775390625
5623178,24.658203125
5623203,69.88525390625
5623220,51.3916015625
5623247,57.373046875
5623261,36.7431640625
5623298,41.19873046875
5623309,35.33935546875
5623352,31.005859375
5623384,33.5693359375
5623422,30.57861328125
5623489,26.06201171875
5623514,25.5126953125
5623659,24.4140625
5623977,25.45166015625
5624106,32.77587890625
5624247,40.52734375
5624258,29.84619140625
5624290,30.09033203125
5624316,24.96337890625
5624435,26.3671875
5624498,27.34375
5624575,32.65380859375
5624606,24.35302734375
5624719,31.1279296875
5624732,26.2451171875
5624831,25.81787109375
5624874,35.2783203125
5625065,24.96337890625
5625233,25.87890625
5625359,25.87890625
5625583,27.34375
5626161,29.541015625
5633239,24.658203125
5654890,24.59716796875
5744592,24.7802734375
5744617,81.54296875
5744641,60.85205078125
5744659,27.89306640625
5744669,56.15234375
5744703,30.70068359375
5744714,50.6591796875
5744753,35.7666015625
5744820,27.64892578125
5744847,26.67236328125
5745502,27.28271484375
5745534,24.90234375
5745669,40.83251953125
5745783,29.6630859375
5745822,26.55029296875
5745924,42.724609375
5746079,25.5126953125
5746168,26.85546875
5746246,34.48486328125
5746412,36.43798828125
5746612,35.400390625
5746931,37.41455078125
5747960,24.96337890625
5776436,24.84130859375
5952346,25.146484375
5952363,74.462890625
5952390,25.2685546875
5952412,33.5693359375
5952423,32.53173828125
5952465,46.0205078125
5952481,26.18408203125
5952504,27.34375
5952524,29.4189453125
5952604,26.0009765625
5952660,25.87890625
5952953,26.4892578125
5953209,26.55029296875
5953351,43.212890625
5953533,32.958984375
5953631,26.30615234375
5953678,28.80859375
5953853,24.47509765625
5953951,25.390625
5953982,27.2216796875
5954129,30.45654296875
5954405,37.841796875
6337525,27.34375
6337553,54.62646484375
6337577,38.9404296875
6337587,57.9833984375
6337636,40.58837890625
6337664,25.93994140625
6337689,36.0107421875
6337713,34.72900390625
6337723,30.82275390625
6337765,25.69580078125
6337892,24.5361328125
6338138,24.59716796875
6338707,33.26416015625
6338889,26.0009765625
6338920,46.630859375
6339091,25.81787109375
6339224,32.28759765625
6339377,29.72412109375
6339436,32.53173828125
6339842,26.42822265625
6339998,36.19384765625
6340045,24.59716796875
6340078,32.16552734375
6340405,24.5361328125
6341398,25.57373046875
6350459,25.634765625
6483348,24.4140625
6483382,27.587890625
6483403,89.05029296875
6483434,50.537109375
6483453,44.00634765625
6483491,44.7998046875
6483501,41.259765625
6483535,29.052734375
6483556,28.25927734375
6483567,31.005859375
6483640,25.2685546875
6484253,24.35302734375
6484351,24.658203125
6484416,37.4755859375
6484452,31.494140625
6484507,27.52685546875
6484527,27.40478515625
6484671,24.5361328125
6484701,28.62548828125
6484806,28.80859375
6484979,32.53173828125
6485129,28.99169921875
6485399,40.0390625
6486335,24.47509765625
6682818,26.123046875
6682841,38.39111328125
6682857,39.97802734375
6682875,27.40478515625
6682888,39.48974609375
6682912,45.10498046875
6682931,66.40625
6682955,35.7666015625
6682998,32.8369140625
6683038,25.390625
6683110,24.71923828125
6683139,27.9541015625
6683820,30.1513671875
6683890,43.212890625
6684047,45.166015625
6684191,32.3486328125
6684223,25.45166015625
6684243,26.0009765625
6684365,37.59765625
6684706,25.0244140625
6684720,41.8701171875
6684838,25.5126953125
6685033,36.2548828125
6970382,24.35302734375
6970404,67.87109375
6970419,28.80859375
6970442,39.97802734375
6970461,55.908203125
6970484,46.875
6970509,35.82763671875
6970525,26.3671875
6970548,28.86962890625
6970571,45.10498046875
6970583,34.48486328125
6970616,24.47509765625
6970634,25.81787109375
6971334,25.2685546875
6971398,26.7333984375
6971579,25.634765625
6971598,28.62548828125
6971706,31.55517578125
6971814,33.935546875
6971926,25.20751953125
6972051,26.18408203125
6972158,36.80419921875
6972298,38.330078125
6972322,27.34375
6972427,30.94482421875
6972676,33.50830078125
6972713,25.390625
7448298,36.07177734375
7448324,98.7548828125
7448365,68.84765625
7448396,36.31591796875
7448406,29.60205078125
7448452,28.50341796875
7448465,33.935546875
7448510,27.40478515625
7448770,24.658203125
7449129,39.1845703125
7449145,31.79931640625
7449289,41.015625
7449381,26.42822265625
7449453,34.1796875
7449600,26.91650390625
7449632,36.62109375
7449678,30.76171875
7449775,34.48486328125
7449902,30.21240234375
7450102,26.0009765625
7450238,29.96826171875
7670543,24.59716796875
7670624,76.84326171875
7670639,24.71923828125
7670657,37.78076171875
7670688,69.03076171875
7670698,49.86572265625
7670729,44.0673828125
7670755,46.2646484375
7670780,35.58349609375
7670796,34.7900390625
7670814,26.55029296875
7670830,24.90234375
7671002,28.80859375
7671584,24.35302734375
7671866,25.08544921875
7671878,30.6396484375
7671903,37.7197265625
7672050,43.27392578125
7672064,26.0009765625
7672135,29.35791015625
7672181,27.099609375
7672329,30.33447265625
7672349,39.61181640625
7672558,32.04345703125
7672658,27.77099609375
7672935,27.89306640625
7673551,25.634765625
