7799001,0
254172,29.6630859375
254187,29.541015625
254205,40.22216796875
254224,45.71533203125
254254,45.0439453125
254282,33.38623046875
254357,23.98681640625
254386,28.9306640625
254403,27.2216796875
254440,25.7568359375
254492,23.98681640625
254547,24.35302734375
254853,25.2685546875
255022,24.23095703125
255101,26.30615234375
255179,24.7802734375
255288,24.59716796875
255380,25.57373046875
255603,24.7802734375
255665,26.4892578125
255713,24.84130859375
255802,24.84130859375
255824,27.7099609375
255872,25.146484375
260990,28.6865234375
261519,27.40478515625
262039,26.91650390625
262719,26.67236328125
263665,27.03857421875
266195,24.0478515625
266875,24.90234375
267558,25.146484375
503271,31.79931640625
503287,39.24560546875
503305,55.6640625
503324,26.06201171875
503343,47.4853515625
503359,28.74755859375
503379,37.17041015625
503434,27.03857421875
503491,25.7568359375
503539,24.90234375
503612,26.18408203125
503802,25.81787109375
504018,27.40478515625
504201,24.0478515625
504239,26.91650390625
504359,27.64892578125
504440,24.4140625
504456,27.77099609375
504567,24.658203125
504627,26.06201171875
504676,23.92578125
504777,25.08544921875
504791,30.82275390625
504838,27.89306640625
504859,24.59716796875
505002,27.2216796875
505044,29.296875
505094,25.32958984375
510129,25.57373046875
510564,24.35302734375
511096,24.35302734375
511664,25.390625
512343,25.81787109375
513205,29.11376953125
513328,28.4423828125
513353,34.423828125
513363,28.62548828125
513385,32.77587890625
513399,24.10888671875
513422,31.3720703125
513436,34.11865234375
513454,43.3349609375
513485,28.9306640625
513512,31.67724609375
513538,34.85107421875
513550,28.86962890625
513691,25.0244140625
513723,32.1044921875
513785,24.71923828125
513798,23.8037109375
513895,26.18408203125
513941,25.146484375
514021,24.658203125
514076,24.96337890625
514169,25.08544921875
514261,25.08544921875
514999,25.32958984375
519099,23.92578125
521113,24.7802734375
521763,26.06201171875
522418,27.03857421875
525610,26.3671875
527282,25.57373046875
529276,27.34375
529657,24.7802734375
530132,25.81787109375
530476,24.658203125
535098,26.2451171875
535147,23.8037109375
535187,26.42822265625
535230,32.28759765625
535258,29.6630859375
535268,31.06689453125
535283,39.12353515625
535302,31.25
535331,38.4521484375
535346,26.30615234375
535405,37.4755859375
535417,35.888671875
535442,34.36279296875
535459,29.4189453125
535496,32.1044921875
535517,25.146484375
535534,24.23095703125
535609,33.3251953125
535889,23.92578125
536695,24.7802734375
536731,25.20751953125
540881,23.8037109375
542560,24.2919921875
585598,28.1982421875
586032,26.7333984375
586919,25.390625
586929,28.80859375
586958,47.7294921875
586976,34.24072265625
587000,38.75732421875
587027,65.185546875
587039,37.2314453125
587066,26.18408203125
587083,26.67236328125
587117,29.541015625
587182,33.50830078125
587204,25.87890625
587250,24.0478515625
587260,26.18408203125
587309,25.57373046875
587408,24.658203125
587620,27.7099609375
587694,24.71923828125
587832,23.98681640625
587887,28.25927734375
587954,25.146484375
588255,26.42822265625
588298,26.18408203125
588350,28.62548828125
588442,24.59716796875
588537,30.3955078125
588718,27.64892578125
594563,27.28271484375
596721,24.96337890625
597337,23.8037109375
975116,24.90234375
975164,24.0478515625
975184,32.470703125
975214,26.30615234375
975236,39.6728515625
975275,40.52734375
975306,29.9072265625
975317,26.0009765625
975332,39.4287109375
975358,40.10009765625
975386,39.97802734375
975448,26.85546875
975528,24.96337890625
975589,25.2685546875
975835,25.81787109375
976104,32.77587890625
976550,26.79443359375
976637,32.8369140625
976699,24.0478515625
976774,25.69580078125
976926,27.34375
977029,26.611328125
977097,26.06201171875
981626,25.81787109375
983950,30.45654296875
984950,33.02001953125
985023,29.541015625
985050,27.099609375
985060,31.79931640625
985093,51.7578125
985123,28.564453125
985147,29.23583984375
985169,49.01123046875
985180,28.076171875
985207,26.2451171875
985226,25.20751953125
985277,34.7900390625
985340,24.59716796875
985401,31.06689453125
985496,30.8837890625
985513,24.84130859375
985721,32.89794921875
985858,25.390625
986180,28.01513671875
991606,24.169921875
992043,23.92578125
993243,23.92578125
994848,24.5361328125
998254,26.0009765625
999727,25.08544921875
1214190,24.0478515625
1292134,25.81787109375
1292172,41.32080078125
1292200,52.67333984375
1292223,33.203125
1292240,41.19873046875
1292253,37.41455078125
1292295,32.65380859375
1292307,25.08544921875
1292379,26.123046875
1292499,24.5361328125
1292625,26.79443359375
1292712,29.9072265625
1293194,24.84130859375
1293284,27.7099609375
1293350,24.169921875
1293457,23.8037109375
1293648,30.33447265625
1293700,25.45166015625
1293959,25.390625
1294328,24.0478515625
1294936,25.146484375
1299814,24.90234375
1300280,27.83203125
1304881,24.47509765625
1306621,28.25927734375
1307463,25.81787109375
1308676,24.35302734375
1375605,31.005859375
1375824,23.8037109375
1375974,26.55029296875
1376047,26.0009765625
1376079,29.60205078125
1376104,31.1279296875
1376141,28.99169921875
1376161,38.63525390625
1376181,33.935546875
1376192,32.28759765625
1376231,35.15625
1376248,26.42822265625
1376284,35.64453125
1376294,27.099609375
1376311,25.634765625
1376334,24.23095703125
1376347,33.02001953125
1376370,27.77099609375
1376404,33.5693359375
1376509,27.28271484375
1376868,25.2685546875
1377023,31.6162109375
1377137,25.5126953125
1377236,24.59716796875
1377332,32.65380859375
1377420,29.78515625
1377519,24.0478515625
1377794,28.564453125
1381863,33.75244140625
1383629,25.57373046875
1383997,24.71923828125
1384847,26.0009765625
1387112,23.92578125
1387818,24.658203125
1723888,34.1796875
1724088,33.0810546875
1724110,28.25927734375
1724137,40.22216796875
1724160,29.4189453125
1724184,56.0302734375
1724194,27.03857421875
1724208,46.20361328125
1724242,41.50390625
1724275,24.59716796875
1724285,48.2177734375
1724303,26.2451171875
1724362,24.59716796875
1724498,26.611328125
1725154,24.10888671875
1725438,26.123046875
1725637,24.71923828125
1730191,23.8037109375
1734419,23.98681640625
1736647,24.5361328125
1737940,24.7802734375
1741080,28.13720703125
1743162,25.93994140625
1981326,24.23095703125
1981498,25.5126953125
1981517,26.9775390625
1981557,42.17529296875
1981570,42.724609375
1981591,26.67236328125
1981608,39.48974609375
1981644,37.17041015625
1981662,37.17041015625
1981674,24.2919921875
1981705,32.65380859375
1981739,24.47509765625
1981751,25.0244140625
1981777,24.23095703125
1981808,28.564453125
1981828,27.03857421875
1981868,24.96337890625
1981963,24.5361328125
1981999,27.40478515625
1982382,24.96337890625
1982882,36.56005859375
1982933,24.10888671875
1983103,33.75244140625
1983908,24.96337890625
1991229,25.32958984375
1991827,25.69580078125
1992585,31.1279296875
1993312,23.98681640625
1995136,28.564453125
1995530,27.03857421875
1995977,25.69580078125
1996376,26.4892578125
1997022,30.45654296875
1997253,27.77099609375
1997319,24.2919921875
1997465,27.16064453125
1997478,24.7802734375
1997515,38.75732421875
1997565,28.3203125
1997595,41.50390625
1997621,35.21728515625
1997637,32.65380859375
1997663,25.45166015625
1997731,26.85546875
1997762,29.052734375
1997830,31.982421875
1997890,35.58349609375
1997908,25.7568359375
1997947,29.11376953125
1998009,24.658203125
1998264,30.33447265625
1998297,24.23095703125
1998373,29.96826171875
1998473,25.81787109375
1998589,27.77099609375
1998845,27.587890625
1998972,26.06201171875
1999410,24.7802734375
2005820,24.10888671875
2010796,29.052734375
2188786,34.24072265625
2188801,23.8037109375
2188833,48.095703125
2188843,26.0009765625
2188858,29.296875
2188881,29.1748046875
2188910,26.18408203125
2188968,24.5361328125
2188994,26.4892578125
2189032,29.9072265625
2189059,26.2451171875
2189178,27.40478515625
2189738,24.23095703125
2189763,24.84130859375
2189783,24.5361328125
2189882,25.87890625
2190228,26.7333984375
2195156,28.076171875
2196720,25.45166015625
2197915,24.0478515625
2200337,24.35302734375
2201793,24.658203125
2250942,29.78515625
2251257,24.7802734375
2261568,35.0341796875
2351645,30.09033203125
2351839,34.24072265625
2352001,29.052734375
2352024,30.76171875
2352049,36.56005859375
2352071,43.64013671875
2352084,57.0068359375
2352108,27.2216796875
2352142,45.59326171875
2352160,30.6396484375
2352180,24.59716796875
2352236,27.64892578125
2352279,32.3486328125
2352335,36.43798828125
2352367,26.7333984375
2352473,24.84130859375
2352978,26.3671875
2353253,24.0478515625
2353329,26.9775390625
2353387,27.28271484375
2353406,26.123046875
2353511,25.57373046875
2353540,24.10888671875
2353561,23.8037109375
2353588,24.23095703125
2358269,24.84130859375
2359817,24.35302734375
2361091,24.7802734375
2362179,25.32958984375
2363049,24.59716796875
2364965,26.4892578125
2366404,24.7802734375
2368337,26.611328125
2514928,31.73828125
2515074,29.96826171875
2515102,31.1279296875
2515118,30.029296875
2515130,39.0625
2515146,31.55517578125
2515185,41.015625
2515195,44.00634765625
2515219,26.18408203125
2515243,31.31103515625
2515300,32.16552734375
2515329,25.81787109375
2515351,27.9541015625
2515374,27.83203125
2515441,29.541015625
2515474,25.20751953125
2515529,24.2919921875
2515703,26.7333984375
2515927,27.77099609375
2515956,28.9306640625
2516090,27.099609375
2516622,26.4892578125
2516694,25.390625
2516791,27.40478515625
2516886,31.982421875
2520896,24.23095703125
2522437,26.9775390625
2526797,25.390625
2529619,25.5126953125
2552199,30.33447265625
2552431,28.1982421875
2561611,24.90234375
2567175,29.60205078125
2567553,26.42822265625
2950260,28.564453125
2950277,25.7568359375
2950288,37.04833984375
2950315,43.64013671875
2950337,35.94970703125
2950362,28.4423828125
2950437,28.86962890625
2950494,31.73828125
2950554,26.42822265625
2950588,26.2451171875
2950606,24.7802734375
2950698,26.42822265625
2950888,30.3955078125
2951150,27.4658203125
2951412,24.71923828125
2951426,28.62548828125
2951475,28.50341796875
2951581,26.0009765625
2951610,24.47509765625
2951669,29.9072265625
2951761,24.2919921875
2951831,24.0478515625
2951868,24.169921875
2952546,24.90234375
2957955,24.84130859375
2958928,27.03857421875
2959447,25.146484375
2960256,25.08544921875
2961094,26.0009765625
2962121,27.7099609375
2967991,25.634765625
3306320,23.86474609375
3306375,31.06689453125
3306413,24.10888671875
3306454,24.35302734375
3306470,43.02978515625
3306502,44.12841796875
3306517,24.59716796875
3306554,65.0634765625
3306574,29.11376953125
3306614,32.40966796875
3306655,25.93994140625
3306677,26.4892578125
3306692,28.564453125
3306709,28.076171875
3306737,27.03857421875
3306859,24.96337890625
3307474,24.84130859375
3307713,28.86962890625
3313829,25.32958984375
3314181,23.86474609375
3314583,26.06201171875
3315666,24.7802734375
3317967,24.35302734375
3319958,27.40478515625
3321539,26.42822265625
3557079,26.3671875
3557100,49.072265625
3557123,41.8701171875
3557135,40.771484375
3557172,60.85205078125
3557182,28.4423828125
3557216,31.6162109375
3557300,28.38134765625
3557371,24.23095703125
3557395,29.84619140625
3557677,25.57373046875
3557933,27.28271484375
3558094,30.82275390625
3558133,26.7333984375
3558202,24.658203125
3558239,24.71923828125
3558338,25.20751953125
3558392,24.0478515625
3558414,32.65380859375
3558464,25.7568359375
3558534,23.98681640625
3558585,30.029296875
3558705,26.9775390625
3558828,24.23095703125
3558915,28.564453125
3562671,25.7568359375
3565436,25.7568359375
3567034,24.10888671875
3567807,24.658203125
3569414,29.60205078125
3571460,24.84130859375
3571867,24.169921875
3572452,24.4140625
3572943,24.84130859375
3573290,24.2919921875
3574009,24.35302734375
3574744,24.96337890625
4012043,36.1328125
4012167,28.50341796875
4012182,24.71923828125
4012202,35.46142578125
4012217,31.06689453125
4012242,36.68212890625
4012266,48.583984375
4012279,27.28271484375
4012292,43.64013671875
4012334,27.77099609375
4012344,37.17041015625
4012446,28.13720703125
4012468,24.7802734375
4012484,36.1328125
4012507,24.4140625
4012596,24.35302734375
4013376,24.35302734375
4013485,24.7802734375
4013585,24.5361328125
4013657,23.8037109375
4013719,25.0244140625
4013804,27.89306640625
4013840,25.81787109375
4014105,25.0244140625
4014145,29.052734375
4014835,24.90234375
4020115,25.5126953125
4021108,26.4892578125
4021604,24.47509765625
4022079,25.08544921875
4022656,25.81787109375
4024733,24.59716796875
4026083,26.79443359375
4176814,24.169921875
4176833,29.296875
4176844,25.69580078125
4176868,37.4755859375
4176881,30.70068359375
4176909,29.11376953125
4176920,36.1328125
4176941,25.146484375
4176987,24.96337890625
4177108,28.13720703125
4177141,30.70068359375
4177925,27.2216796875
4177961,29.35791015625
4178043,31.06689453125
4178140,24.4140625
4178311,26.85546875
4178368,25.45166015625
4178444,23.86474609375
4178528,24.169921875
4178642,24.84130859375
4178791,25.146484375
4179290,25.08544921875
4183055,30.76171875
4186064,28.99169921875
4187160,26.18408203125
4188823,24.23095703125
4191795,24.84130859375
4193128,27.9541015625
4327942,24.7802734375
4327981,36.7431640625
4327993,42.236328125
4328022,39.97802734375
4328039,34.97314453125
4328059,53.3447265625
4328070,26.2451171875
4328089,26.06201171875
4328114,36.865234375
4328136,25.2685546875
4328176,24.2919921875
4328208,24.169921875
4328333,23.86474609375
4328370,27.28271484375
4328415,26.55029296875
4328567,29.23583984375
4328969,26.55029296875
4329273,24.23095703125
4329289,27.2216796875
4329394,24.0478515625
4329618,24.47509765625
4329746,23.8037109375
4329937,23.98681640625
4335263,23.8037109375
4335564,24.5361328125
4336176,25.146484375
4336906,27.2216796875
4338964,25.81787109375
4341173,31.005859375
4342113,24.5361328125
4343543,24.35302734375
4347994,24.4140625
4353169,28.38134765625
4386310,28.38134765625
4386541,28.86962890625
4386556,47.91259765625
4386572,29.541015625
4386597,37.65869140625
4386619,42.41943359375
4386633,27.587890625
4386673,44.61669921875
4386693,28.99169921875
4386726,29.541015625
4386763,27.9541015625
4386788,26.2451171875
4386808,37.78076171875
4386834,27.52685546875
4386857,25.0244140625
4386957,24.71923828125
4387429,23.8037109375
4387782,24.169921875
4387820,29.11376953125
4387889,24.4140625
4388410,24.4140625
4388672,25.0244140625
4388937,25.634765625
4398778,24.169921875
4400811,25.5126953125
4405175,25.2685546875
4539341,35.15625
4539359,30.76171875
4539381,62.07275390625
4539423,36.56005859375
4539435,33.8134765625
4539474,24.10888671875
4539501,35.09521484375
4539522,28.74755859375
4539554,36.2548828125
4539594,31.3720703125
4539727,23.98681640625
4539888,28.13720703125
4539948,25.87890625
4540204,29.541015625
4540517,26.0009765625
4540675,31.92138671875
4540713,24.5361328125
4540756,26.42822265625
4540786,24.4140625
4541070,31.005859375
4541097,30.3955078125
4541588,31.43310546875
4546928,23.92578125
4547908,25.5126953125
4551500,27.16064453125
4552114,24.71923828125
4553260,23.86474609375
4647283,25.146484375
4647300,36.9873046875
4647318,23.92578125
4647342,29.72412109375
4647355,51.08642578125
4647386,28.25927734375
4647407,40.71044921875
4647423,33.0810546875
4647460,31.43310546875
4647485,24.90234375
4647527,25.32958984375
4647556,31.3720703125
4647572,29.1748046875
4647607,26.85546875
4647708,24.71923828125
4647768,25.5126953125
4647844,23.92578125
4647888,26.85546875
4648498,24.4140625
4648519,28.86962890625
4648637,24.96337890625
4648668,24.35302734375
4653968,26.30615234375
4657311,26.06201171875
4659703,27.16064453125
4661142,26.55029296875
4662175,24.90234375
4664216,26.79443359375
4793984,25.32958984375
4794170,25.69580078125
4794313,32.8369140625
4794326,29.9072265625
4794342,29.72412109375
4794359,29.96826171875
4794371,34.7900390625
4794396,42.96875
4794416,45.71533203125
4794436,36.0107421875
4794462,35.888671875
4794479,37.2314453125
4794495,24.84130859375
4794539,27.4658203125
4794557,24.71923828125
4794575,26.42822265625
4794691,27.587890625
4795419,25.08544921875
4795534,24.71923828125
4795642,25.390625
4795718,25.87890625
4796533,24.658203125
4796701,26.06201171875
4802978,26.3671875
4803889,24.90234375
4805388,24.4140625
4806264,26.55029296875
4808163,25.390625
4812765,23.86474609375
5013091,42.90771484375
5013103,39.36767578125
5013124,51.26953125
5013140,27.03857421875
5013156,46.44775390625
5013178,29.11376953125
5013200,39.73388671875
5013231,30.94482421875
5013252,29.11376953125
5013301,24.84130859375
5013372,29.052734375
5013741,25.146484375
5013757,25.20751953125
5013971,33.8134765625
5014174,32.1044921875
5014289,23.98681640625
5014309,29.23583984375
5014420,26.0009765625
5014478,24.96337890625
5014560,31.92138671875
5014752,24.4140625
5014805,25.32958984375
5019684,23.98681640625
5022977,26.123046875
5025092,27.28271484375
5025655,25.45166015625
5026308,24.90234375
5027103,24.90234375
5332397,27.89306640625
5332417,54.62646484375
5332442,46.7529296875
5332453,41.19873046875
5332477,43.02978515625
5332532,34.7900390625
5332542,25.634765625
5332758,26.30615234375
5332890,26.7333984375
5332905,24.71923828125
5333043,27.4658203125
5333696,26.30615234375
5333724,28.62548828125
5333783,24.59716796875
5333875,24.59716796875
5333914,26.79443359375
5333980,24.84130859375
5334053,30.029296875
5334306,25.634765625
5334779,23.86474609375
5335786,24.10888671875
5341780,23.92578125
5342505,24.90234375
5343486,27.64892578125
5344637,25.2685546875
5346349,26.2451171875
5490532,26.06201171875
5490554,49.9267578125
5490569,27.83203125
5490588,26.3671875
5490601,45.34912109375
5490626,33.5693359375
5490646,24.169921875
5490657,25.5126953125
5490689,24.71923828125
5490707,25.5126953125
5490737,26.55029296875
5490750,24.47509765625
5490765,26.55029296875
5490945,30.8837890625
5490959,24.71923828125
5491398,26.91650390625
5491497,29.4189453125
5491521,26.85546875
5491653,27.16064453125
5491677,23.98681640625
5491813,24.35302734375
5492091,26.7333984375
5492136,27.64892578125
5492182,27.7099609375
5497046,23.8037109375
5497791,24.35302734375
5499080,24.2919921875
5500232,24.90234375
5501117,27.89306640625
5501881,23.8037109375
5504365,24.59716796875
5508397,24.658203125
5623146,24.10888671875
5623179,28.99169921875
5623202,41.3818359375
5623218,63.53759765625
5623229,39.9169921875
5623241,54.99267578125
5623272,40.283203125
5623301,25.146484375
5623375,29.052734375
5623414,29.47998046875
5623441,24.658203125
5623496,25.390625
5624280,24.84130859375
5624379,31.25
5624431,24.4140625
5624461,30.09033203125
5624482,23.8037109375
5624625,25.0244140625
5624677,26.91650390625
5624759,24.2919921875
5624856,28.9306640625
5625803,25.7568359375
5629803,24.2919921875
5630774,25.2685546875
5632068,26.91650390625
5632565,24.2919921875
5637696,24.5361328125
5639749,27.4658203125
5744604,36.43798828125
5744622,45.2880859375
5744652,42.66357421875
5744685,32.470703125
5744715,36.07177734375
5744729,26.30615234375
5744782,30.57861328125
5744795,28.38134765625
5744851,24.10888671875
5744880,39.9169921875
5744971,25.32958984375
5745523,37.65869140625
5745640,23.98681640625
5745764,24.658203125
5745874,24.23095703125
5745887,24.35302734375
5745957,25.45166015625
5746112,23.92578125
5746243,24.4140625
5751749,25.81787109375
5753782,26.67236328125
5755624,26.42822265625
5756716,24.10888671875
5758298,28.076171875
5761675,25.0244140625
5952298,24.84130859375
5952317,58.7158203125
5952340,39.1845703125
5952352,25.2685546875
5952379,36.56005859375
5952393,29.9072265625
5952432,24.0478515625
5952453,43.15185546875
5952485,26.9775390625
5952529,27.03857421875
5952665,26.42822265625
5952961,25.69580078125
5953187,32.71484375
5953274,24.59716796875
5953287,27.9541015625
5953434,24.35302734375
5953775,31.982421875
5953955,24.71923828125
5954146,25.69580078125
5954247,24.5361328125
5954389,24.658203125
5958298,24.23095703125
5961535,24.35302734375
5964055,30.517578125
5965382,24.7802734375
6337423,32.71484375
6337477,30.6396484375
6337488,25.7568359375
6337522,26.9775390625
6337544,26.67236328125
6337561,30.3955078125
6337592,38.26904296875
6337621,38.6962890625
6337634,29.541015625
6337649,24.23095703125
6337714,23.86474609375
6337731,27.34375
6337790,24.47509765625
6337910,31.06689453125
6338855,27.34375
6338920,26.611328125
6339071,25.7568359375
6339365,24.90234375
6339860,24.2919921875
6344479,24.4140625
6345153,24.90234375
6346791,30.76171875
6356329,25.08544921875
6483389,24.71923828125
6483404,69.091796875
6483437,36.56005859375
6483467,51.94091796875
6483480,28.1982421875
6483528,25.146484375
6483545,30.82275390625
6483560,24.10888671875
6483588,26.91650390625
6483620,33.87451171875
6483641,25.69580078125
6484164,23.92578125
6484444,32.1044921875
6484597,27.89306640625
6484640,25.08544921875
6484689,28.1982421875
6485205,25.634765625
6493345,24.10888671875
6494304,26.0009765625
6495526,26.30615234375
6682696,26.4892578125
6682791,24.84130859375
6682822,33.02001953125
6682834,26.85546875
6682856,34.7900390625
6682881,49.13330078125
6682900,40.34423828125
6682918,25.87890625
6682949,26.0009765625
6682959,31.06689453125
6682987,41.68701171875
6683002,24.169921875
6683014,25.20751953125
6683032,36.19384765625
6683061,25.146484375
6683092,24.5361328125
6683118,24.5361328125
6683322,24.4140625
6683928,25.81787109375
6683969,24.84130859375
6684046,24.2919921875
6684075,24.0478515625
6684085,26.123046875
6688992,24.10888671875
6689634,24.71923828125
6691724,23.86474609375
6697035,24.71923828125
6970142,33.50830078125
6970249,24.7802734375
6970311,27.34375
6970341,24.5361328125
6970389,25.634765625
6970413,29.1748046875
6970444,28.9306640625
6970454,40.34423828125
6970492,54.8095703125
6970526,55.35888671875
6970544,32.89794921875
6970580,24.5361328125
6970616,26.7333984375
6970670,24.658203125
6970719,26.55029296875
6970824,27.2216796875
6970874,25.7568359375
6971552,25.5126953125
6971593,25.146484375
6971622,24.10888671875
6971640,25.32958984375
6971718,24.658203125
6971874,24.658203125
6971903,26.18408203125
6972058,24.4140625
6977209,26.2451171875
6978403,25.390625
6979436,25.146484375
6980219,25.81787109375
6981291,24.96337890625
6982567,27.89306640625
6983654,28.01513671875
7448283,25.5126953125
7448307,44.189453125
7448335,37.90283203125
7448345,26.123046875
7448374,37.4755859375
7448405,35.33935546875
7448441,32.5927734375
7448456,32.958984375
7448556,24.2919921875
7448587,27.40478515625
7448696,27.34375
7449161,26.85546875
7449210,25.93994140625
7449239,28.6865234375
7449287,23.98681640625
7449337,27.89306640625
7449396,27.03857421875
7449514,32.3486328125
7449560,27.099609375
7449646,25.08544921875
7449698,30.029296875
7449770,25.2685546875
7449857,25.7568359375
7449898,26.67236328125
7450264,26.0009765625
7450877,25.2685546875
7451014,26.67236328125
7454710,28.99169921875
7456438,24.4140625
7457682,23.8037109375
7458781,23.98681640625
7460807,26.30615234375
7461875,26.9775390625
7463098,25.08544921875
7670088,24.0478515625
7670389,25.81787109375
7670566,28.86962890625
7670584,35.5224609375
7670608,46.69189453125
7670622,37.78076171875
7670648,52.18505859375
7670659,43.27392578125
7670671,45.0439453125
7670685,38.14697265625
7670714,33.38623046875
7670730,32.89794921875
7670745,30.029296875
7670759,29.9072265625
7670783,29.296875
7670827,26.0009765625
7670871,30.1513671875
7670940,26.42822265625
7671002,24.4140625
7671021,23.86474609375
7671690,28.38134765625
7671809,24.71923828125
7671888,28.74755859375
7671916,24.96337890625
7671979,27.89306640625
7672099,31.55517578125
7672177,27.52685546875
7672307,25.08544921875
7672412,25.32958984375
7672454,23.92578125
7672731,23.8037109375
7676451,23.86474609375
7678941,23.92578125
7679477,25.69580078125
7679944,24.7802734375
7680638,24.2919921875
7681230,29.47998046875
7682714,25.32958984375
7684327,24.5361328125
7685906,24.47509765625
