7799001,0
58243,16.845703125
58286,16.90673828125
58833,19.53125
58956,16.9677734375
60130,16.90673828125
103752,18.5546875
103855,20.69091796875
103902,28.38134765625
103954,20.5078125
103991,17.2119140625
104071,18.49365234375
104101,16.66259765625
106131,16.7236328125
109836,19.22607421875
145643,18.61572265625
148731,20.1416015625
150314,16.6015625
150357,26.9775390625
150397,17.578125
150413,17.15087890625
150439,20.01953125
150471,23.25439453125
150482,17.15087890625
150514,24.10888671875
150553,27.52685546875
150579,16.90673828125
150622,19.775390625
150812,16.7236328125
151030,20.751953125
154788,17.2119140625
154805,19.4091796875
154884,19.95849609375
154896,21.30126953125
154963,24.2919921875
154994,18.06640625
155035,18.49365234375
155056,25.57373046875
155102,22.88818359375
155114,23.86474609375
155453,16.90673828125
158475,16.66259765625
158533,22.705078125
158599,20.1416015625
158625,16.357421875
158726,16.66259765625
161940,17.15087890625
161969,23.8037109375
162016,24.2919921875
162121,19.71435546875
162174,16.845703125
162206,21.05712890625
162294,16.54052734375
167113,17.2119140625
167157,16.66259765625
167193,27.64892578125
167221,27.64892578125
167247,18.9208984375
167284,19.47021484375
167344,17.76123046875
167537,18.12744140625
167636,17.51708984375
167795,16.357421875
494686,17.333984375
535161,20.5078125
535459,16.78466796875
535983,16.845703125
536143,17.08984375
536600,16.90673828125
545712,17.9443359375
569022,16.41845703125
569093,16.845703125
569131,16.845703125
569192,19.10400390625
569222,16.90673828125
569269,18.85986328125
569303,20.5078125
569382,16.66259765625
570120,16.54052734375
580118,19.8974609375
580208,19.4091796875
580235,16.41845703125
580254,17.333984375
580313,17.2119140625
580393,21.91162109375
580418,22.5830078125
580429,20.20263671875
580445,17.27294921875
580517,20.08056640625
580549,18.06640625
580591,21.6064453125
671294,16.4794921875
706992,19.6533203125
707145,17.63916015625
707190,16.845703125
707263,22.705078125
707302,17.88330078125
707343,23.86474609375
707429,17.51708984375
712961,16.9677734375
717355,19.71435546875
757521,17.15087890625
759674,18.61572265625
763150,16.7236328125
773831,17.333984375
777127,17.2119140625
784010,20.751953125
784039,19.34814453125
784075,16.6015625
784099,18.798828125
784117,18.98193359375
784147,22.27783203125
784176,18.00537109375
784192,19.71435546875
784218,31.31103515625
784246,28.6865234375
784268,17.76123046875
784324,17.63916015625
784352,17.39501953125
784383,19.287109375
784401,23.13232421875
784430,24.47509765625
784455,18.61572265625
785011,17.15087890625
785162,16.4794921875
785499,17.88330078125
801619,16.845703125
813642,26.7333984375
813670,19.10400390625
813695,17.88330078125
813706,29.1748046875
813748,17.9443359375
813762,16.78466796875
813787,21.97265625
813827,18.49365234375
813856,16.66259765625
813872,16.6015625
856218,17.9443359375
856304,19.10400390625
856320,19.47021484375
856366,21.97265625
856390,20.08056640625
856404,19.10400390625
856443,17.822265625
856456,26.55029296875
856486,27.03857421875
856513,29.35791015625
856525,28.38134765625
856554,37.04833984375
856564,23.25439453125
856602,20.8740234375
856623,20.81298828125
856656,18.5546875
856667,18.49365234375
856810,20.81298828125
856871,18.9208984375
856888,25.5126953125
879494,16.4794921875
879562,17.333984375
879573,21.97265625
879588,20.1416015625
879598,21.97265625
879628,34.85107421875
879660,18.85986328125
879678,30.76171875
879691,22.88818359375
879705,23.74267578125
879734,20.8740234375
879757,30.029296875
879784,26.7333984375
879797,22.3388671875
879826,19.71435546875
879846,19.4091796875
879875,18.5546875
879892,21.484375
879933,20.3857421875
880061,19.47021484375
880214,20.20263671875
880326,17.822265625
880415,20.32470703125
880471,24.23095703125
880538,16.66259765625
906601,18.00537109375
906624,18.37158203125
906654,23.01025390625
906682,17.2119140625
906705,18.798828125
906736,27.83203125
906754,23.13232421875
906766,24.23095703125
906783,19.6533203125
906814,22.88818359375
906909,16.90673828125
906924,19.34814453125
906945,19.04296875
906991,17.08984375
914375,17.08984375
922033,19.4091796875
922094,22.15576171875
922124,21.91162109375
922159,18.98193359375
922179,43.15185546875
922191,16.357421875
922237,30.3955078125
922277,22.3388671875
922310,29.84619140625
922323,19.22607421875
922352,19.4091796875
922418,21.1181640625
940596,17.333984375
940607,24.0478515625
940637,27.2216796875
940665,28.99169921875
940697,32.65380859375
940719,26.611328125
940733,22.8271484375
940775,23.4375
940813,17.39501953125
940856,16.845703125
940869,18.5546875
940926,18.98193359375
941111,16.66259765625
941133,18.9208984375
941163,17.02880859375
941197,18.1884765625
941247,16.357421875
941276,18.1884765625
941291,16.7236328125
941315,17.15087890625
941435,17.27294921875
941480,19.04296875
941511,18.6767578125
941526,20.5078125
941585,16.357421875
965308,17.2119140625
1005997,26.611328125
1006039,17.27294921875
1006061,17.02880859375
1006086,25.5126953125
1006102,22.64404296875
1006129,18.24951171875
1006167,24.90234375
1006185,28.86962890625
1006217,23.74267578125
1006241,26.123046875
1006271,21.42333984375
1006294,21.728515625
1006356,17.578125
1166819,18.6767578125
1304531,18.85986328125
1305101,17.7001953125
1305370,16.7236328125
1305485,17.9443359375
1305531,16.66259765625
1306992,16.54052734375
1428832,17.333984375
1428912,19.04296875
1428969,16.41845703125
1429029,16.54052734375
1429070,18.00537109375
1429172,17.02880859375
1429554,17.822265625
1429634,18.85986328125
1429729,17.7001953125
1432406,16.66259765625
1432813,18.00537109375
1437085,16.78466796875
1437785,16.90673828125
1460287,16.6015625
1468783,18.9208984375
1480097,17.02880859375
1490302,18.1884765625
1498106,21.17919921875
1736625,16.90673828125
1736702,16.78466796875
1736750,23.86474609375
1736760,24.47509765625
1736777,23.4375
1736818,35.400390625
1736830,21.54541015625
1739092,18.12744140625
1739437,16.4794921875
1780169,16.78466796875
1780275,22.39990234375
1780316,18.12744140625
1780329,17.2119140625
1780369,18.73779296875
1780412,16.41845703125
1780426,19.59228515625
1780677,17.63916015625
1780916,16.6015625
1791647,16.4794921875
1791756,17.51708984375
1813145,27.099609375
1813188,17.7001953125
1813230,26.4892578125
1813276,25.390625
1813307,16.4794921875
1813337,19.775390625
1813367,27.77099609375
1813386,17.51708984375
1853752,16.6015625
1853801,16.6015625
1853838,16.845703125
1853858,24.4140625
1853893,22.4609375
1853910,37.9638671875
1853924,16.54052734375
1853947,33.8134765625
1853966,21.8505859375
1853980,30.76171875
1854035,25.87890625
1854048,20.81298828125
1854074,23.5595703125
1854087,18.4326171875
1854116,19.775390625
1854149,16.845703125
1854159,21.78955078125
1854239,16.66259765625
1854989,16.90673828125
1855186,18.9208984375
1931572,16.90673828125
1931655,17.51708984375
1968407,17.02880859375
2074411,18.4326171875
2147781,17.15087890625
2197819,19.95849609375
2207363,16.90673828125
2235205,17.822265625
2235218,17.02880859375
2235288,19.59228515625
2290642,18.9208984375
2290719,18.06640625
2290773,24.5361328125
2290803,29.1748046875
2290825,20.81298828125
2290859,27.89306640625
2290872,16.6015625
2290901,36.9873046875
2290914,21.8505859375
2290980,19.47021484375
2290992,16.6015625
2291018,19.71435546875
2291070,18.1884765625
2312484,16.7236328125
2312985,16.845703125
2356464,18.12744140625
2356474,17.2119140625
2356498,17.88330078125
2356544,22.94921875
2356578,19.59228515625
2356613,19.47021484375
2356635,16.4794921875
2356664,16.78466796875
2356703,17.02880859375
2356833,18.49365234375
2381461,23.5595703125
2381476,18.73779296875
2381510,21.91162109375
2381544,18.37158203125
2381576,35.58349609375
2381586,30.517578125
2381655,25.69580078125
2381686,18.310546875
2400708,17.76123046875
2427757,16.41845703125
2427792,17.7001953125
2427802,20.6298828125
2427896,20.1416015625
2457166,16.7236328125
2457264,17.9443359375
2457300,20.32470703125
2457332,24.10888671875
2457346,21.91162109375
2457382,23.25439453125
2457395,20.44677734375
2457425,22.27783203125
2457452,21.30126953125
2457463,20.20263671875
2457508,18.6767578125
2457550,16.7236328125
2457630,18.5546875
2457664,20.5078125
2523696,17.578125
2523724,36.1328125
2523749,18.61572265625
2523765,17.51708984375
2523791,30.94482421875
2523817,23.5595703125
2523831,17.4560546875
2523845,20.751953125
2523859,22.3388671875
2523892,17.9443359375
2523905,23.193359375
2523945,28.4423828125
2523970,19.47021484375
2523995,17.4560546875
2524045,17.2119140625
2524100,18.5546875
2524131,16.90673828125
2524381,25.634765625
2524430,20.263671875
2524595,16.66259765625
2524705,16.54052734375
2524932,17.578125
2530537,20.81298828125
2570156,21.240234375
2570183,25.08544921875
2570193,20.01953125
2570218,40.8935546875
2570239,25.2685546875
2570260,33.87451171875
2570302,28.62548828125
2570335,17.9443359375
2570348,23.62060546875
2570488,17.4560546875
2570564,16.9677734375
2570858,18.9208984375
2571005,19.34814453125
2571091,16.4794921875
2571123,16.78466796875
2571257,21.484375
2571321,17.4560546875
2571385,16.9677734375
2571406,19.83642578125
2571454,16.41845703125
2571644,19.1650390625
2571735,18.98193359375
2634329,16.41845703125
2634367,20.56884765625
2634397,29.96826171875
2634409,33.8134765625
2634436,21.05712890625
2634449,21.1181640625
2634463,36.376953125
2634488,20.20263671875
2634507,30.76171875
2634538,22.3388671875
2634585,18.00537109375
2634779,19.34814453125
2635046,18.798828125
2635105,17.15087890625
2635215,20.56884765625
2635342,17.822265625
2635382,17.15087890625
2635423,18.49365234375
2635681,20.20263671875
2691140,21.8505859375
2691174,21.6064453125
2691196,27.89306640625
2691209,23.49853515625
2691237,31.6162109375
2691257,30.76171875
2691300,23.5595703125
2691338,35.15625
2691371,17.822265625
2691419,17.2119140625
2691465,17.9443359375
2691789,16.357421875
2691868,17.333984375
2691920,16.9677734375
2691998,17.4560546875
2692055,17.76123046875
2692134,17.88330078125
2692149,17.4560546875
2692339,17.578125
2692783,19.04296875
2711290,19.04296875
2733987,21.17919921875
2734009,17.76123046875
2734033,41.19873046875
2734051,33.87451171875
2734080,23.25439453125
2734095,17.578125
2734123,23.193359375
2734193,18.00537109375
2734229,19.775390625
2734303,18.5546875
2734430,17.88330078125
2734475,20.01953125
2734729,18.06640625
2734799,19.1650390625
2734823,26.85546875
2735048,20.93505859375
2735463,18.73779296875
2786934,19.47021484375
2786980,46.38671875
2786997,21.17919921875
2787024,35.400390625
2787036,35.7666015625
2787055,16.9677734375
2787079,17.27294921875
2787116,18.73779296875
2787161,16.9677734375
2787189,19.775390625
2787387,21.1181640625
2787419,20.56884765625
2787521,22.27783203125
2787578,18.6767578125
2787706,21.91162109375
2787779,17.4560546875
2787859,20.08056640625
2787958,17.51708984375
2788044,21.66748046875
2788090,16.41845703125
2788178,19.34814453125
2788322,17.76123046875
2788359,19.34814453125
2788528,16.78466796875
2844047,22.64404296875
2844078,18.798828125
2844118,21.1181640625
2844146,18.5546875
2844168,24.71923828125
2844194,26.611328125
2844210,29.4189453125
2844233,25.146484375
2844275,18.12744140625
2844286,23.4375
2844310,20.44677734375
2844332,16.66259765625
2844394,17.88330078125
2844459,17.39501953125
2844501,16.845703125
2844612,17.15087890625
2844730,19.04296875
2844891,18.310546875
2844995,20.263671875
2845148,20.1416015625
2845241,18.12744140625
2845290,16.6015625
2845710,16.66259765625
2888226,18.00537109375
2888258,19.1650390625
2888296,17.63916015625
2888319,34.36279296875
2888330,22.03369140625
2888357,30.3955078125
2888374,18.61572265625
2888396,19.1650390625
2888410,22.705078125
2888428,26.2451171875
2888451,30.94482421875
2888480,18.85986328125
2888495,26.123046875
2888520,17.39501953125
2888540,20.01953125
2888581,20.99609375
2888631,18.73779296875
2888643,16.6015625
2888742,20.01953125
2888825,16.54052734375
2888895,17.51708984375
2888905,16.357421875
2888971,20.69091796875
2888991,16.357421875
2889039,20.01953125
2889129,19.8974609375
2889269,18.37158203125
2889340,17.02880859375
3077639,21.1181640625
3077767,17.822265625
3077864,19.10400390625
3077934,19.34814453125
3078295,16.41845703125
3079703,16.357421875
3170153,21.8505859375
3170234,17.88330078125
3170250,20.44677734375
3170338,22.0947265625
3170363,31.8603515625
3170393,16.54052734375
3170412,21.54541015625
3170471,20.32470703125
3171033,16.845703125
3171163,16.41845703125
3180997,16.54052734375
3223511,16.78466796875
3240633,19.53125
3249848,19.6533203125
3249889,16.90673828125
3249909,23.3154296875
3249987,18.00537109375
3268422,19.47021484375
3268448,16.7236328125
3268601,17.63916015625
3314155,17.2119140625
3314222,16.6015625
3314262,18.98193359375
3314284,17.4560546875
3314306,18.9208984375
3314339,16.78466796875
3314356,16.66259765625
3314379,24.2919921875
3314395,17.578125
3314441,27.03857421875
3314459,16.54052734375
3314551,17.27294921875
3314626,22.39990234375
3314667,16.41845703125
3314752,20.01953125
3314787,30.029296875
3314880,16.66259765625
3314993,19.47021484375
3315097,18.49365234375
3315545,18.37158203125
3315726,17.15087890625
3316883,17.08984375
3323368,17.15087890625
3489574,16.78466796875
3503850,18.24951171875
3503897,27.7099609375
3503956,20.6298828125
3503969,17.88330078125
3504243,17.2119140625
3504881,18.12744140625
3505540,17.08984375
3617437,20.6298828125
3617455,18.61572265625
3717398,16.6015625
3717478,18.798828125
3717520,19.287109375
3717554,42.96875
3717603,35.2783203125
3717614,18.73779296875
3717667,20.44677734375
3717687,17.4560546875
3717744,17.4560546875
3718558,21.240234375
3721055,17.2119140625
3725877,16.66259765625
3808354,18.4326171875
3813939,18.24951171875
3813950,21.97265625
3813972,36.2548828125
3814027,18.4326171875
3871646,18.06640625
3871867,16.41845703125
3872128,18.310546875
3872176,18.49365234375
3872212,16.9677734375
3872325,17.333984375
3872923,16.78466796875
3873156,17.15087890625
3878023,17.63916015625
3946338,16.41845703125
3946349,16.54052734375
3946390,17.333984375
3946436,21.240234375
3946467,18.9208984375
3946504,20.8740234375
3946592,18.98193359375
3946602,20.20263671875
3946628,20.1416015625
3946868,16.66259765625
3984412,16.54052734375
3984427,17.39501953125
3984447,17.2119140625
3984467,20.01953125
3984520,35.94970703125
3984558,17.51708984375
3984572,21.17919921875
3984599,18.61572265625
3984628,31.1279296875
3984679,17.76123046875
3984691,17.7001953125
3984701,24.90234375
3984808,16.66259765625
3984904,17.578125
3997384,17.2119140625
3997445,18.37158203125
3997608,16.66259765625
3997688,16.66259765625
3997769,28.99169921875
3997911,24.658203125
3997944,20.08056640625
3998467,17.4560546875
3998927,16.6015625
4001376,16.9677734375
4002386,19.47021484375
4006064,17.02880859375
4019524,16.78466796875
4045492,17.4560546875
4045526,18.24951171875
4045539,18.6767578125
4045570,16.6015625
4045587,19.287109375
4045645,17.578125
4045692,16.66259765625
4045703,18.06640625
4045717,21.91162109375
4045764,29.6630859375
4045789,17.4560546875
4046441,17.4560546875
4069185,18.24951171875
4074286,23.5595703125
4076261,20.01953125
4076289,18.49365234375
4076327,20.263671875
4076354,24.23095703125
4076370,19.22607421875
4076425,26.67236328125
4076439,23.0712890625
4076488,16.66259765625
4076511,23.0712890625
4076551,21.1181640625
4076563,16.66259765625
4076578,17.333984375
4076665,20.5078125
4076678,16.54052734375
4076711,18.37158203125
4076891,16.7236328125
4076911,21.78955078125
4077002,16.78466796875
4081473,20.69091796875
4081503,21.240234375
4081529,17.88330078125
4081567,23.37646484375
4081581,19.04296875
4081608,35.64453125
4081660,17.578125
4081748,17.88330078125
4081824,19.47021484375
4087170,20.1416015625
4087245,21.484375
4087260,19.34814453125
4087284,23.13232421875
4087319,23.13232421875
4087346,27.7099609375
4087376,21.8505859375
4087408,20.3857421875
4087459,20.32470703125
4087510,16.6015625
4087565,16.78466796875
4087700,17.27294921875
4203981,20.01953125
4204003,23.62060546875
4204032,22.5830078125
4204071,17.08984375
4204101,24.4140625
4204118,27.099609375
4204150,20.3857421875
4204160,21.97265625
4204193,19.53125
4204212,20.20263671875
4204273,18.85986328125
4204318,18.06640625
4204339,18.6767578125
4204353,22.39990234375
4204387,16.54052734375
4204796,16.90673828125
4205292,16.4794921875
4205365,16.41845703125
4231380,17.15087890625
4231427,17.2119140625
4284109,18.06640625
4284205,22.216796875
4284223,18.49365234375
4284241,18.310546875
4284259,17.4560546875
4284278,27.9541015625
4284319,23.25439453125
4284337,22.3388671875
4284373,17.4560546875
4284398,21.728515625
4284422,18.9208984375
4325242,17.2119140625
4325305,32.65380859375
4325326,29.6630859375
4325340,21.42333984375
4325378,19.47021484375
4325426,16.7236328125
4325454,20.5078125
4325478,17.9443359375
4325497,29.541015625
4325531,20.5078125
4325567,18.00537109375
4325627,27.28271484375
4325685,16.41845703125
4325724,16.9677734375
4325875,17.4560546875
4325938,16.9677734375
4326055,16.54052734375
4345220,17.51708984375
4345324,16.845703125
4345360,23.98681640625
4345399,20.44677734375
4345410,16.66259765625
4345432,22.216796875
4345455,16.66259765625
4345855,17.7001953125
4388816,16.4794921875
4388848,20.08056640625
4388864,22.4609375
4388879,17.9443359375
4388917,17.39501953125
4388930,31.494140625
4388968,23.3154296875
4388995,16.845703125
4389010,17.63916015625
4389027,27.7099609375
4389084,17.822265625
4389126,16.54052734375
4389141,19.59228515625
4389165,19.287109375
4389192,20.1416015625
4389213,20.32470703125
4389246,16.66259765625
4389264,16.4794921875
4389281,28.01513671875
4389308,21.66748046875
4389352,20.263671875
4389392,20.751953125
4389959,16.9677734375
4412900,17.15087890625
4412961,16.66259765625
4412994,22.39990234375
4413035,16.78466796875
4413073,17.88330078125
4413102,21.240234375
4413130,18.310546875
4413168,23.5595703125
4458800,19.775390625
4458842,19.83642578125
4458861,19.83642578125
4458885,21.66748046875
4458914,21.1181640625
4458956,24.658203125
4459005,20.93505859375
4459024,25.08544921875
4459060,20.81298828125
4594530,16.41845703125
4594540,43.02978515625
4594598,28.01513671875
4594609,20.20263671875
4594628,22.52197265625
4594664,24.35302734375
4594707,26.06201171875
4594759,27.64892578125
4594808,17.76123046875
4594863,17.51708984375
4594885,27.7099609375
4594985,19.04296875
4595366,16.7236328125
4595528,17.51708984375
4617752,19.10400390625
4617950,16.7236328125
4618327,18.798828125
4654461,17.76123046875
4654578,16.9677734375
4676143,17.27294921875
4716209,16.78466796875
4760312,16.41845703125
4760332,16.4794921875
4784474,16.4794921875
4784491,16.845703125
4784508,19.04296875
4784547,17.15087890625
4784565,16.41845703125
4809190,16.54052734375
4809293,18.49365234375
4809376,23.01025390625
4809426,24.169921875
4809543,21.17919921875
4809563,20.263671875
4812194,16.7236328125
4905355,18.310546875
4905402,17.4560546875
4905502,18.5546875
4905539,26.91650390625
4905599,29.78515625
4905642,24.71923828125
4905668,18.00537109375
4905713,19.34814453125
4905754,16.845703125
4908652,16.41845703125
4919393,18.12744140625
4940394,16.90673828125
4951953,17.63916015625
4962367,16.41845703125
4966241,16.6015625
4966363,16.41845703125
4966420,25.5126953125
4966437,17.7001953125
4966450,26.91650390625
4966478,26.06201171875
4966508,17.4560546875
4966561,18.61572265625
4966598,22.216796875
4966683,17.08984375
4970696,18.85986328125
4970746,20.99609375
4970808,18.24951171875
4970851,20.5078125
4970885,20.81298828125
4970915,18.4326171875
4970930,16.78466796875
4970972,29.78515625
4970993,22.94921875
4971018,24.10888671875
4971053,16.90673828125
4971134,18.61572265625
4971390,17.578125
4977967,23.193359375
4977994,17.578125
4978019,18.4326171875
4978064,25.5126953125
4978109,21.42333984375
4978147,20.32470703125
4978262,20.01953125
4978345,16.845703125
4978379,18.73779296875
5078732,25.08544921875
5078746,21.6064453125
5078772,23.49853515625
5078798,21.97265625
5078829,27.03857421875
5078855,20.08056640625
5078878,22.88818359375
5078904,24.10888671875
5078932,24.23095703125
5078942,25.32958984375
5128997,27.77099609375
5129009,18.98193359375
5129024,21.484375
5129049,24.84130859375
5129074,46.38671875
5129101,38.39111328125
5129135,28.74755859375
5129150,21.78955078125
5129178,25.0244140625
5129218,26.06201171875
5129273,24.169921875
5129649,16.54052734375
5129704,20.751953125
5129886,16.357421875
5129977,20.1416015625
5130084,24.47509765625
5130182,17.02880859375
5130359,16.357421875
5130597,18.24951171875
5149220,16.357421875
5149250,26.85546875
5149282,16.90673828125
5149566,18.73779296875
5176936,20.99609375
5176998,17.7001953125
5206761,18.24951171875
5206872,18.310546875
5206947,21.54541015625
5233817,16.4794921875
5279312,17.76123046875
5302941,20.5078125
5302966,20.93505859375
5302987,16.9677734375
5303016,20.01953125
5329561,18.6767578125
5329590,22.94921875
5329601,19.83642578125
5329645,23.8037109375
5329668,23.3154296875
5355798,18.12744140625
5375319,19.34814453125
5376881,16.7236328125
5409515,17.27294921875
5409560,20.44677734375
5409737,24.23095703125
5409787,17.27294921875
5409800,17.333984375
5409844,29.84619140625
5409869,18.37158203125
5409901,23.37646484375
5409938,18.49365234375
5410067,17.333984375
5412979,18.06640625
5416115,17.15087890625
5466716,17.7001953125
5469395,20.01953125
5469430,25.5126953125
5469468,17.333984375
5469524,19.22607421875
5469556,20.99609375
5469584,16.90673828125
5469605,17.7001953125
5498620,18.85986328125
5498657,20.99609375
5498698,20.08056640625
5498742,19.8974609375
5498766,24.169921875
5498800,31.8603515625
5498842,16.7236328125
5498879,19.59228515625
5498920,24.169921875
5498942,16.9677734375
5498965,20.3857421875
5499102,19.10400390625
5499191,17.7001953125
5530109,20.20263671875
5530132,34.3017578125
5530212,20.93505859375
5530236,25.0244140625
5530265,21.17919921875
5530280,24.35302734375
5530329,20.5078125
5530357,16.357421875
5530392,16.9677734375
5530614,21.728515625
5555587,59.2041015625
5555601,24.59716796875
5555618,19.47021484375
5555637,23.92578125
5555672,28.564453125
5555683,24.71923828125
5555706,30.1513671875
5555728,19.59228515625
5555782,27.099609375
5555827,18.06640625
5555855,17.08984375
5555919,18.00537109375
5556787,17.578125
5556877,19.53125
5618025,17.578125
5618098,22.76611328125
5618112,28.6865234375
5618137,22.705078125
5618167,19.6533203125
5618186,21.728515625
5618198,17.76123046875
5618218,17.9443359375
5618244,23.193359375
5618278,18.1884765625
5618692,17.02880859375
5642616,19.59228515625
5642626,17.333984375
5642660,21.484375
5642729,30.3955078125
5642768,28.6865234375
5642786,21.240234375
5642817,23.681640625
5642880,20.6298828125
5642935,16.78466796875
5666755,25.634765625
5666787,32.04345703125
5666810,35.94970703125
5666856,36.2548828125
5666872,18.61572265625
5666902,34.72900390625
5666933,20.32470703125
5666960,21.1181640625
5666991,19.6533203125
5667096,24.658203125
5667281,18.12744140625
5667372,16.6015625
5667471,16.845703125
5667551,28.50341796875
5667682,16.66259765625
5667770,16.54052734375
5667858,20.20263671875
5667921,17.333984375
5667991,17.578125
5668084,18.61572265625
5668167,19.47021484375
5680745,16.78466796875
5692336,20.32470703125
5692364,27.89306640625
5692430,29.84619140625
5692466,19.71435546875
5692516,33.50830078125
5692539,20.751953125
5692664,22.15576171875
5724006,17.39501953125
5724022,21.3623046875
5724049,27.52685546875
5724078,20.69091796875
5724111,23.8037109375
5724150,31.25
5724183,23.37646484375
5724212,19.8974609375
5724240,16.357421875
5724279,16.9677734375
5724352,21.1181640625
5724382,18.798828125
5724434,20.81298828125
5724520,20.5078125
5724695,17.822265625
5724727,22.27783203125
5724753,16.41845703125
5724884,18.61572265625
5725117,18.6767578125
5725617,17.76123046875
5749413,30.94482421875
5749437,21.17919921875
5749451,33.3251953125
5749477,20.44677734375
5749498,27.77099609375
5749519,17.822265625
5749544,24.59716796875
5749565,21.1181640625
5749594,18.98193359375
5749607,23.13232421875
5749672,24.47509765625
5749706,24.71923828125
5749732,22.64404296875
5749868,17.2119140625
5749929,16.90673828125
5750060,16.9677734375
5750134,17.578125
5750188,20.01953125
5750404,20.44677734375
5800763,17.88330078125
5800798,17.822265625
5800816,28.1982421875
5800842,43.8232421875
5800861,34.0576171875
5800889,18.06640625
5800920,20.56884765625
5800949,23.62060546875
5800987,22.4609375
5801049,16.41845703125
5801102,17.27294921875
5801143,17.333984375
5801206,17.51708984375
5801238,22.64404296875
5801278,21.54541015625
5801334,18.1884765625
5801381,20.01953125
5801419,20.93505859375
5801465,18.6767578125
5801524,18.73779296875
5801860,17.08984375
5801890,16.41845703125
5801937,16.357421875
5856033,29.23583984375
5856067,31.92138671875
5856100,30.33447265625
5856119,21.240234375
5856130,16.7236328125
5856154,17.51708984375
5856192,26.9775390625
5856211,17.88330078125
5856236,20.99609375
5856263,21.3623046875
5856322,18.73779296875
5856357,20.69091796875
5856377,24.23095703125
5856420,19.10400390625
5856463,22.705078125
5856551,21.484375
5856626,16.7236328125
5856665,19.8974609375
5856698,21.484375
5856708,16.54052734375
5856788,17.333984375
5856820,17.7001953125
5856928,19.10400390625
5905780,36.80419921875
5905801,34.66796875
5905822,31.67724609375
5905853,31.67724609375
5905883,23.25439453125
5905912,27.4658203125
5905923,35.15625
5905938,22.64404296875
5905963,17.39501953125
5905979,22.27783203125
5906005,20.6298828125
5906070,28.25927734375
5906101,23.4375
5906117,23.01025390625
5906169,20.08056640625
5906215,17.7001953125
5906469,20.3857421875
5910521,16.6015625
5930081,17.7001953125
5930108,16.4794921875
5930139,27.40478515625
5930167,18.12744140625
5930184,24.4140625
5930220,18.61572265625
5930234,21.05712890625
5930287,17.63916015625
5930317,23.0712890625
5930343,24.90234375
5930369,24.35302734375
5930414,16.66259765625
5989010,21.8505859375
6111183,25.0244140625
6111226,18.798828125
6111303,18.5546875
6111318,19.22607421875
6111523,16.78466796875
6112171,16.41845703125
6171702,16.4794921875
6171780,16.41845703125
6171897,18.49365234375
6171986,25.08544921875
6172038,25.2685546875
6172055,19.95849609375
6172125,20.44677734375
6172173,18.00537109375
6223330,16.78466796875
6249899,16.7236328125
6255949,18.310546875
6256166,20.20263671875
6261171,18.73779296875
6261196,16.9677734375
6261226,16.90673828125
6261250,24.71923828125
6261284,17.08984375
6261297,19.47021484375
6261344,18.12744140625
6261370,16.78466796875
6261395,17.333984375
6261428,17.88330078125
6456909,18.798828125
6506169,18.798828125
6506324,16.54052734375
6506336,28.80859375
6506364,18.9208984375
6506433,18.6767578125
6512867,17.27294921875
6584143,21.42333984375
6584158,20.56884765625
6584179,31.79931640625
6584202,18.6767578125
6584254,18.5546875
6584280,19.4091796875
6584305,17.15087890625
6584346,18.00537109375
6621045,21.42333984375
6621180,17.15087890625
6621233,24.0478515625
6621264,22.4609375
6621292,16.4794921875
6621320,19.04296875
6621364,17.08984375
6621408,19.83642578125
6621451,17.2119140625
6621691,16.357421875
6680169,17.15087890625
6680206,16.845703125
6680267,19.95849609375
6680306,18.49365234375
6680325,28.564453125
6680395,28.3203125
6680413,20.263671875
6680478,25.81787109375
6680546,20.751953125
6680958,16.90673828125
6702712,17.7001953125
6702762,18.73779296875
6702796,17.39501953125
6702827,18.12744140625
6702875,26.30615234375
6702936,22.27783203125
6705890,19.22607421875
6705922,17.4560546875
6705955,23.74267578125
6706013,18.798828125
6706026,16.7236328125
6706076,37.65869140625
6706164,17.333984375
6706175,18.9208984375
6723392,17.2119140625
6723460,24.59716796875
6723484,17.2119140625
6723506,42.96875
6723535,16.7236328125
6723550,30.029296875
6723576,27.83203125
6723597,24.71923828125
6723614,18.9208984375
6723638,20.93505859375
6723680,17.88330078125
6723709,18.798828125
6723723,20.1416015625
6723796,16.78466796875
6723852,17.15087890625
6723899,16.90673828125
6724581,18.61572265625
6724673,17.822265625
6739341,16.845703125
6745366,28.6865234375
6745656,17.39501953125
6745793,18.9208984375
6809695,17.822265625
6809794,16.9677734375
6838919,18.310546875
6866102,21.8505859375
6890646,20.263671875
6892841,20.81298828125
6892862,25.20751953125
6892923,18.24951171875
6892960,18.24951171875
6892996,18.49365234375
6893028,20.93505859375
6923639,21.728515625
6946644,16.845703125
6946722,19.04296875
6946750,20.5078125
6946773,18.12744140625
6946810,18.5546875
7011338,16.54052734375
7011371,20.3857421875
7011389,18.6767578125
7011471,22.27783203125
7019040,17.08984375
7019066,16.845703125
7019080,20.32470703125
7019099,17.822265625
7019201,20.3857421875
7036058,16.90673828125
7042073,22.15576171875
7042116,23.92578125
7042163,21.78955078125
7042202,20.56884765625
7065010,23.74267578125
7065021,18.00537109375
7065075,17.822265625
7065121,20.93505859375
7065166,18.798828125
7106706,20.93505859375
7106749,19.1650390625
7106794,16.41845703125
7106847,16.90673828125
7106866,16.4794921875
7132028,20.20263671875
7132052,18.5546875
7132087,17.02880859375
7148850,18.61572265625
7148914,30.21240234375
7170619,19.71435546875
7170640,24.90234375
7170651,20.99609375
7170677,17.88330078125
7170720,26.79443359375
7170751,23.25439453125
7170789,17.51708984375
7170821,17.39501953125
7170866,19.47021484375
7185253,17.63916015625
7185268,18.37158203125
7207365,36.7431640625
7207391,25.87890625
7207412,30.09033203125
7207453,29.052734375
7207465,22.27783203125
7207506,18.61572265625
7207524,35.46142578125
7207575,19.1650390625
7207656,19.287109375
7230152,16.4794921875
7230163,26.91650390625
7230184,20.263671875
7230202,18.61572265625
7230220,22.705078125
7230240,18.37158203125
7230301,20.20263671875
7230321,30.029296875
7230411,25.20751953125
7230452,23.62060546875
7230523,18.73779296875
7230572,19.6533203125
7230657,17.9443359375
7231037,16.9677734375
7231126,17.39501953125
7231226,16.54052734375
7231332,20.8740234375
7247560,17.15087890625
7253442,16.4794921875
7264186,17.63916015625
7264227,21.05712890625
7264245,16.9677734375
7264302,17.4560546875
7264349,22.76611328125
7264391,17.76123046875
7264579,18.61572265625
7291758,16.6015625
7291820,17.2119140625
7291840,27.40478515625
7291920,18.24951171875
7291951,33.38623046875
7291967,30.82275390625
7291982,19.71435546875
7292013,18.06640625
7292024,18.1884765625
7292226,17.7001953125
7292257,19.6533203125
7314987,19.59228515625
7315012,27.2216796875
7315040,32.5927734375
7315060,28.99169921875
7315093,27.64892578125
7315109,29.96826171875
7315149,23.74267578125
7315163,24.10888671875
7315229,22.8271484375
7315281,17.15087890625
7315328,17.39501953125
7315375,19.8974609375
7315425,18.00537109375
7315503,18.06640625
7315595,23.49853515625
7315636,18.1884765625
7315717,18.73779296875
7315774,16.4794921875
7315856,17.333984375
7315883,19.53125
7315919,21.05712890625
7315966,18.37158203125
7315981,16.66259765625
7316018,19.53125
7316057,22.216796875
7316162,24.10888671875
7316265,16.4794921875
7316485,17.578125
7316505,16.78466796875
7359575,19.4091796875
7359592,21.6064453125
7359623,19.95849609375
7359644,49.1943359375
7359671,17.63916015625
7359681,26.42822265625
7359692,16.78466796875
7359714,33.99658203125
7359763,23.49853515625
7359798,16.41845703125
7359846,16.4794921875
7359861,25.390625
7359902,20.5078125
7359989,16.357421875
7360286,20.6298828125
7360370,20.69091796875
7360431,18.4326171875
7360464,17.15087890625
7360538,16.6015625
7360637,16.4794921875
7360673,16.845703125
7360821,16.54052734375
7360964,16.4794921875
7361085,20.99609375
7361207,17.822265625
7426147,20.93505859375
7426157,30.1513671875
7426194,27.2216796875
7426205,16.4794921875
7426218,31.005859375
7426246,22.52197265625
7426259,33.02001953125
7426296,36.31591796875
7426328,20.3857421875
7426352,18.49365234375
7426393,20.44677734375
7426447,18.00537109375
7426535,16.357421875
7426586,20.8740234375
7426621,16.41845703125
7426635,18.00537109375
7426694,27.28271484375
7426730,19.71435546875
7426870,17.578125
7426940,16.4794921875
7427053,17.15087890625
7427151,20.6298828125
7427252,20.6298828125
7427289,18.310546875
7427462,20.99609375
7427624,16.9677734375
7483777,22.5830078125
7483823,18.9208984375
7483835,28.01513671875
7483902,32.77587890625
7483913,18.37158203125
7483943,25.87890625
7483967,20.3857421875
7483995,24.5361328125
7484016,23.3154296875
7484044,23.8037109375
7484058,17.02880859375
7484088,17.51708984375
7484249,24.23095703125
7484262,20.69091796875
7484302,22.64404296875
7484374,33.69140625
7484417,16.4794921875
7484492,20.44677734375
7484514,18.49365234375
7484535,19.95849609375
7484626,21.97265625
7484874,16.78466796875
7484963,16.78466796875
7550754,28.25927734375
7550769,25.08544921875
7550787,24.59716796875
7550824,37.90283203125
7550840,34.5458984375
7550871,21.97265625
7550892,29.9072265625
7550922,20.751953125
7550938,32.53173828125
7550971,26.9775390625
7550985,16.6015625
7551161,28.50341796875
7551303,21.17919921875
7551389,16.78466796875
7551425,16.41845703125
7551584,16.357421875
7551783,18.61572265625
7551902,18.85986328125
7575898,18.310546875
7575911,22.4609375
7575942,35.82763671875
7575957,17.2119140625
7575981,36.68212890625
7576000,24.96337890625
7576042,39.794921875
7576057,29.1748046875
7576080,17.15087890625
7576099,21.30126953125
7576113,23.8037109375
7613160,16.90673828125
7613258,18.06640625
7613275,22.0947265625
7613298,28.25927734375
7613349,41.93115234375
7613366,20.3857421875
7613417,18.9208984375
7613497,17.51708984375
7646323,17.02880859375
7646408,16.41845703125
7646448,21.17919921875
7646471,18.1884765625
7646510,17.08984375
7646567,18.24951171875
7746924,30.94482421875
7746980,24.96337890625
7747026,28.3203125
7777425,16.357421875
7777777,17.4560546875
7779094,16.6015625
