7799001,0
5790,17.63916015625
13608,16.29638671875
41825,17.39501953125
55901,18.00537109375
58253,39.9169921875
58297,34.60693359375
58437,18.5546875
58538,20.263671875
58674,23.3154296875
59055,26.06201171875
59092,20.32470703125
59119,18.798828125
59193,16.29638671875
59366,23.98681640625
59627,25.08544921875
59795,18.5546875
60243,25.2685546875
60271,17.333984375
60398,21.484375
60785,18.98193359375
60997,24.5361328125
62021,17.02880859375
62717,16.78466796875
62997,16.66259765625
63161,17.27294921875
63678,16.7236328125
64190,18.61572265625
64489,16.66259765625
68624,16.41845703125
92043,20.1416015625
102440,17.7001953125
103824,23.4375
103855,22.52197265625
103886,16.78466796875
103933,23.5595703125
103960,21.91162109375
103980,39.6728515625
104020,25.32958984375
104048,32.2265625
104078,18.5546875
104608,23.98681640625
108995,16.54052734375
110326,16.845703125
117631,18.1884765625
119069,18.85986328125
123759,23.0712890625
126899,24.96337890625
127211,24.71923828125
129145,23.86474609375
129911,26.91650390625
131144,17.08984375
131719,25.0244140625
133285,23.3154296875
133349,19.4091796875
133889,20.56884765625
137069,26.79443359375
137084,23.74267578125
137139,21.54541015625
137511,26.3671875
137624,22.0947265625
137768,17.578125
138281,20.56884765625
138402,20.3857421875
139398,24.169921875
139698,21.1181640625
140045,17.333984375
140423,21.6064453125
140485,20.20263671875
142881,16.54052734375
145599,29.78515625
145612,19.6533203125
146835,24.84130859375
147721,16.4794921875
147934,28.3203125
148800,23.5595703125
149032,24.71923828125
149192,22.94921875
150299,16.41845703125
150310,21.17919921875
150328,19.59228515625
150345,28.1982421875
150384,21.05712890625
150401,25.08544921875
150431,35.0341796875
150441,16.90673828125
150476,27.9541015625
150511,16.4794921875
150534,23.49853515625
150563,28.38134765625
150681,17.4560546875
154593,16.845703125
154639,16.845703125
154685,18.73779296875
154717,26.7333984375
154749,24.35302734375
154772,16.2353515625
154812,16.54052734375
154854,16.4794921875
154864,19.10400390625
154881,20.08056640625
154914,16.29638671875
154938,31.494140625
154995,24.2919921875
155017,21.8505859375
155051,18.73779296875
155086,22.15576171875
155097,16.29638671875
155129,18.4326171875
155141,18.06640625
155327,20.751953125
155460,17.39501953125
155490,16.4794921875
158293,19.775390625
158312,16.7236328125
158368,22.39990234375
158379,17.39501953125
158410,26.4892578125
158423,34.1796875
158464,20.5078125
158502,17.4560546875
158512,21.97265625
158575,34.7900390625
158614,17.15087890625
158664,18.9208984375
158675,20.263671875
158792,26.30615234375
161861,22.705078125
161896,34.7900390625
161906,29.60205078125
161950,19.59228515625
161981,17.4560546875
162013,24.96337890625
162037,23.8037109375
162055,23.681640625
162076,19.53125
162111,16.29638671875
162131,20.99609375
162154,19.59228515625
162182,18.12744140625
162223,16.41845703125
162241,16.2353515625
167056,17.51708984375
167120,18.37158203125
167132,50.96435546875
167164,22.3388671875
167197,37.53662109375
167225,20.5078125
167236,17.27294921875
167265,23.8037109375
167292,17.27294921875
167310,18.06640625
167339,26.4892578125
167357,23.92578125
167387,24.10888671875
167414,21.3623046875
167430,31.55517578125
167450,23.3154296875
167468,22.64404296875
167499,46.2646484375
167527,22.8271484375
167542,25.146484375
167570,16.4794921875
167590,17.76123046875
167649,21.6064453125
167681,20.69091796875
167785,21.728515625
167832,16.29638671875
167875,16.357421875
167896,16.845703125
168001,19.287109375
168039,16.7236328125
168085,20.20263671875
168154,17.76123046875
175284,21.66748046875
175359,18.5546875
175437,19.71435546875
175464,25.5126953125
175483,33.8134765625
175520,19.22607421875
175540,23.86474609375
175577,22.705078125
175619,20.3857421875
175661,23.0712890625
175684,18.4326171875
175701,21.54541015625
175751,23.62060546875
175817,17.9443359375
175850,16.6015625
176041,20.263671875
176076,36.4990234375
176183,16.2353515625
176195,25.390625
176324,17.08984375
176459,18.1884765625
176634,16.2353515625
178579,16.6015625
178789,17.76123046875
179513,17.08984375
179679,17.578125
180023,17.08984375
181217,18.49365234375
182011,17.9443359375
183310,25.2685546875
183769,18.61572265625
184505,24.658203125
185869,26.0009765625
186764,16.66259765625
186781,19.04296875
187021,20.20263671875
188263,17.2119140625
188286,23.193359375
188986,22.76611328125
189012,18.61572265625
189248,21.484375
189483,19.22607421875
189493,17.51708984375
191734,26.611328125
192405,23.98681640625
192642,21.91162109375
192735,27.587890625
192896,16.9677734375
192912,24.7802734375
193563,21.91162109375
198985,18.37158203125
225430,16.9677734375
236918,19.71435546875
246604,20.3857421875
248094,16.7236328125
252122,18.6767578125
260389,20.44677734375
265530,17.39501953125
267779,16.54052734375
274898,17.02880859375
276042,16.78466796875
276388,16.29638671875
277588,17.08984375
287254,16.29638671875
301507,16.29638671875
308688,18.798828125
309453,16.90673828125
311503,16.845703125
313204,19.59228515625
313780,16.2353515625
343724,16.7236328125
343924,16.41845703125
348954,16.845703125
350471,16.6015625
350597,21.728515625
350612,17.08984375
350709,20.1416015625
356619,16.2353515625
379035,16.54052734375
380939,18.06640625
381410,18.73779296875
383734,17.2119140625
390030,16.66259765625
394107,19.8974609375
420092,16.90673828125
420729,16.357421875
420875,17.4560546875
421009,17.2119140625
425153,18.98193359375
425828,17.578125
428197,18.61572265625
435767,16.4794921875
470057,18.00537109375
483921,18.85986328125
490879,16.78466796875
492906,17.7001953125
493122,19.53125
494588,17.02880859375
494689,21.54541015625
494752,18.00537109375
495047,18.310546875
495125,16.90673828125
503131,16.66259765625
512280,17.7001953125
512616,17.822265625
513171,17.76123046875
513395,18.798828125
513619,19.22607421875
515663,20.44677734375
515717,19.59228515625
523942,17.822265625
534992,16.2353515625
535046,17.02880859375
535089,16.845703125
535176,23.01025390625
535226,29.96826171875
535356,24.169921875
535448,16.357421875
535475,22.94921875
535824,17.76123046875
535917,24.0478515625
536070,23.193359375
536127,20.56884765625
536297,16.845703125
536448,16.4794921875
536626,16.2353515625
536652,23.8037109375
536829,17.39501953125
537026,17.27294921875
537649,25.20751953125
537701,16.54052734375
537867,16.9677734375
538111,16.2353515625
538150,16.41845703125
538801,16.4794921875
539059,18.310546875
539179,16.7236328125
540055,27.34375
540177,17.39501953125
540454,29.296875
542745,17.15087890625
545448,18.61572265625
545898,18.5546875
546700,18.12744140625
548119,19.1650390625
564651,16.78466796875
566273,17.02880859375
568653,19.83642578125
568700,16.845703125
569059,16.41845703125
569126,29.11376953125
569170,17.822265625
569188,22.0947265625
569218,36.865234375
569333,17.2119140625
569718,18.98193359375
569834,25.57373046875
569994,17.15087890625
570636,17.39501953125
577331,17.63916015625
580192,20.56884765625
580246,25.7568359375
580257,22.39990234375
580271,21.1181640625
580305,37.7197265625
580334,22.3388671875
580356,31.43310546875
580392,31.982421875
580423,29.23583984375
580439,17.02880859375
580474,32.1044921875
580503,19.83642578125
580529,31.92138671875
580550,20.56884765625
589253,17.2119140625
594816,16.66259765625
596614,18.798828125
612903,16.9677734375
620631,17.578125
625447,17.2119140625
630629,16.357421875
632000,16.357421875
637891,17.822265625
639671,18.61572265625
640583,16.54052734375
647689,19.775390625
647817,16.66259765625
668817,16.54052734375
670976,17.63916015625
671129,19.53125
671172,17.76123046875
671330,25.20751953125
671532,17.02880859375
671710,17.08984375
671829,23.193359375
672204,17.15087890625
672500,16.2353515625
678909,17.51708984375
682147,16.54052734375
690146,18.85986328125
691821,17.08984375
699784,16.29638671875
705944,18.1884765625
706998,17.39501953125
707045,18.12744140625
707126,34.72900390625
707166,19.04296875
707209,30.33447265625
707221,21.97265625
707270,33.203125
707299,30.09033203125
707339,18.6767578125
707760,18.00537109375
707882,26.7333984375
708047,17.08984375
708079,40.58837890625
708100,21.240234375
708201,17.63916015625
708290,27.9541015625
708502,23.8037109375
708713,21.54541015625
708849,30.94482421875
709016,25.87890625
709176,16.90673828125
709427,17.08984375
709447,27.16064453125
709626,18.37158203125
710391,16.4794921875
710877,26.55029296875
711511,18.5546875
711529,19.53125
712898,16.78466796875
713956,16.7236328125
718069,19.1650390625
725437,18.310546875
727917,16.78466796875
738791,21.78955078125
740325,18.00537109375
742970,24.169921875
747160,28.99169921875
749187,25.146484375
749538,17.822265625
750191,27.40478515625
750441,23.98681640625
750699,24.23095703125
750753,16.54052734375
750968,21.66748046875
753475,16.41845703125
757340,21.91162109375
757385,21.54541015625
757405,25.390625
757522,27.587890625
757576,21.54541015625
757803,21.78955078125
759606,27.77099609375
759675,17.88330078125
759885,33.5693359375
759910,31.005859375
759932,17.63916015625
759989,21.30126953125
760063,39.24560546875
761800,16.90673828125
762181,16.6015625
763185,23.01025390625
763274,21.8505859375
764079,17.9443359375
765109,20.263671875
766589,16.6015625
766719,25.81787109375
767453,23.5595703125
767478,28.99169921875
767637,19.34814453125
767704,16.7236328125
768027,19.10400390625
768283,17.02880859375
768949,24.10888671875
770082,16.357421875
770743,16.2353515625
770790,23.3154296875
770860,29.052734375
770875,23.0712890625
772216,17.7001953125
773952,27.2216796875
773985,19.53125
776108,21.728515625
777725,31.79931640625
780155,20.01953125
780395,26.7333984375
780462,30.3955078125
780476,28.62548828125
780510,19.95849609375
780637,21.42333984375
780650,20.93505859375
780666,16.6015625
780767,19.83642578125
783832,16.41845703125
784022,25.08544921875
784044,28.3203125
784073,24.47509765625
784095,20.32470703125
784120,19.775390625
784144,31.25
784173,19.287109375
784192,32.04345703125
784230,28.01513671875
784248,22.5830078125
784262,22.64404296875
784285,35.09521484375
784295,31.005859375
784319,24.7802734375
784336,24.0478515625
784371,33.14208984375
784387,23.62060546875
784422,23.681640625
784446,24.96337890625
784474,32.2265625
784546,23.86474609375
784566,17.51708984375
784604,17.76123046875
784673,24.59716796875
784710,23.0712890625
784743,16.54052734375
785116,18.12744140625
785242,20.263671875
785307,21.42333984375
792577,23.193359375
792706,17.27294921875
792886,19.287109375
793028,16.4794921875
793042,18.98193359375
793148,18.6767578125
793161,20.20263671875
793367,16.6015625
793413,17.88330078125
793481,21.05712890625
793493,19.59228515625
793547,16.357421875
793794,16.78466796875
793890,18.310546875
794251,17.02880859375
795880,23.4375
796396,18.61572265625
797662,21.91162109375
798059,17.27294921875
798978,19.47021484375
799517,16.66259765625
801038,16.90673828125
801124,31.31103515625
801589,16.90673828125
801661,24.96337890625
801772,26.79443359375
802152,19.8974609375
813552,31.67724609375
813581,25.81787109375
813606,22.15576171875
813625,28.38134765625
813652,18.73779296875
813672,42.6025390625
813684,32.1044921875
813704,24.5361328125
813739,25.81787109375
813768,25.2685546875
813793,16.90673828125
813825,16.90673828125
813839,18.98193359375
813934,25.93994140625
814080,27.9541015625
814170,22.216796875
814280,24.71923828125
814416,24.84130859375
814538,18.5546875
814887,18.1884765625
815078,17.4560546875
815388,19.287109375
816170,26.123046875
816367,19.1650390625
816885,16.6015625
817152,24.0478515625
817551,19.287109375
817913,23.86474609375
818084,20.08056640625
818383,17.4560546875
818879,23.8037109375
819339,17.9443359375
819550,22.88818359375
820207,22.4609375
821978,20.6298828125
823513,22.88818359375
823762,22.64404296875
823983,19.775390625
824041,19.775390625
824583,23.62060546875
825396,21.05712890625
826013,19.8974609375
826781,25.81787109375
827454,20.69091796875
827618,16.66259765625
827761,22.94921875
828279,17.9443359375
830347,24.71923828125
831516,19.1650390625
831793,20.56884765625
833029,18.310546875
833544,21.240234375
833951,24.4140625
834473,19.6533203125
836897,18.06640625
837004,21.30126953125
837599,21.3623046875
838739,19.4091796875
839994,22.76611328125
843334,21.66748046875
843538,24.5361328125
843574,20.1416015625
843909,22.216796875
844772,19.71435546875
846644,18.6767578125
847428,23.0712890625
848070,26.611328125
856067,19.4091796875
856161,21.30126953125
856203,27.34375
856232,26.123046875
856251,18.73779296875
856287,33.75244140625
856303,28.25927734375
856336,26.2451171875
856352,24.96337890625
856377,32.65380859375
856400,22.705078125
856425,23.4375
856443,32.8369140625
856467,21.78955078125
856496,23.74267578125
856513,20.3857421875
856545,21.8505859375
856561,17.822265625
856574,31.982421875
856619,21.728515625
856656,25.32958984375
856674,16.90673828125
856733,18.798828125
856780,16.90673828125
856813,20.08056640625
856930,17.27294921875
865641,24.10888671875
865698,17.15087890625
865728,21.05712890625
865812,20.56884765625
865846,21.66748046875
865929,23.62060546875
865955,19.10400390625
866044,18.798828125
866081,23.681640625
866165,23.681640625
866276,19.287109375
866405,17.63916015625
866575,16.66259765625
866631,17.51708984375
866901,18.4326171875
867129,19.287109375
867355,22.5830078125
867735,19.10400390625
879458,23.62060546875
879486,23.62060546875
879500,25.634765625
879519,31.18896484375
879541,19.775390625
879569,24.5361328125
879580,17.63916015625
879606,22.5830078125
879620,26.611328125
879637,35.0341796875
879670,30.8837890625
879686,35.94970703125
879714,27.2216796875
879737,32.77587890625
879750,33.3251953125
879769,27.4658203125
879806,39.4287109375
879837,29.78515625
879862,21.728515625
879899,20.6298828125
879916,38.26904296875
879940,17.51708984375
879988,20.751953125
880050,33.38623046875
880069,21.8505859375
880200,16.4794921875
880213,28.50341796875
880264,18.310546875
880351,18.12744140625
880382,21.484375
880439,17.39501953125
880474,20.01953125
880519,25.146484375
880545,19.53125
880614,20.6298828125
880624,16.357421875
880728,17.88330078125
881140,16.78466796875
886956,17.88330078125
887109,17.88330078125
887211,19.4091796875
887873,16.6015625
888934,18.310546875
890310,22.216796875
890419,16.2353515625
891104,24.0478515625
891573,19.1650390625
891961,18.6767578125
892658,16.29638671875
893214,18.73779296875
894386,21.6064453125
894420,18.06640625
894911,21.05712890625
896086,23.681640625
896743,23.74267578125
898400,16.2353515625
906501,26.06201171875
906516,16.54052734375
906550,30.45654296875
906566,38.39111328125
906585,22.27783203125
906596,25.146484375
906634,22.88818359375
906657,28.4423828125
906670,22.88818359375
906684,20.01953125
906695,27.77099609375
906746,47.8515625
906760,35.64453125
906847,17.76123046875
906857,23.92578125
906930,17.76123046875
906945,36.62109375
906980,19.6533203125
907001,20.01953125
907050,23.49853515625
907065,20.08056640625
907295,19.4091796875
907305,16.2353515625
908818,25.5126953125
913991,27.587890625
914009,16.66259765625
914037,16.54052734375
914061,18.61572265625
914129,16.7236328125
914179,17.2119140625
914319,19.287109375
914380,17.27294921875
914502,16.357421875
914518,16.845703125
914836,17.9443359375
914926,17.63916015625
921897,28.564453125
921931,22.03369140625
921958,45.0439453125
921990,29.6630859375
922024,17.51708984375
922039,24.7802734375
922067,27.52685546875
922083,33.69140625
922116,29.47998046875
922145,30.8837890625
922168,29.6630859375
922190,17.578125
922202,20.93505859375
922227,21.54541015625
922255,16.6015625
922284,21.54541015625
922312,23.37646484375
922353,22.0947265625
922386,29.1748046875
922416,18.4326171875
922426,24.169921875
922695,19.95849609375
923822,24.35302734375
940546,25.45166015625
940558,25.57373046875
940568,29.4189453125
940586,33.26416015625
940610,28.74755859375
940641,40.22216796875
940654,33.87451171875
940696,52.91748046875
940709,20.751953125
940731,22.94921875
940761,36.56005859375
940781,31.25
940804,49.31640625
940815,22.5830078125
940858,25.81787109375
940894,18.61572265625
940915,18.4326171875
940983,31.55517578125
941025,18.00537109375
941052,17.51708984375
941067,17.27294921875
941104,17.15087890625
941120,18.73779296875
941145,23.25439453125
941236,22.705078125
941261,16.54052734375
941281,18.73779296875
941307,18.4326171875
941329,19.775390625
941381,16.2353515625
941393,26.611328125
941437,16.2353515625
941462,18.4326171875
941569,16.4794921875
941702,17.4560546875
944652,17.02880859375
946288,18.06640625
946346,16.9677734375
949152,18.1884765625
949203,17.88330078125
949885,22.52197265625
952557,19.22607421875
956001,26.4892578125
956037,24.84130859375
956092,22.15576171875
958556,17.02880859375
959962,18.06640625
960065,16.29638671875
960671,24.2919921875
960707,20.263671875
960761,16.4794921875
961004,17.2119140625
961043,18.06640625
961422,16.41845703125
961482,19.1650390625
964088,18.5546875
964893,20.6298828125
964921,20.44677734375
965196,16.29638671875
965269,25.93994140625
965374,16.845703125
968830,21.1181640625
969001,17.2119140625
969417,18.1884765625
969753,21.17919921875
969844,19.8974609375
970238,22.88818359375
1005974,30.2734375
1005992,24.35302734375
1006010,45.5322265625
1006039,42.29736328125
1006061,35.21728515625
1006074,19.4091796875
1006090,49.25537109375
1006128,34.1796875
1006145,24.5361328125
1006163,29.296875
1006187,17.15087890625
1006197,24.23095703125
1006254,29.6630859375
1006282,18.9208984375
1006345,22.52197265625
1006366,16.7236328125
1006393,21.54541015625
1006416,21.05712890625
1006437,16.845703125
1006490,17.7001953125
1006580,21.05712890625
1006644,22.39990234375
1006718,22.0947265625
1006756,22.4609375
1006780,22.3388671875
1006839,17.4560546875
1006898,17.27294921875
1006957,16.41845703125
1007010,17.39501953125
1007025,17.333984375
1007073,23.49853515625
1007084,35.7666015625
1007452,21.17919921875
1010561,16.4794921875
1013326,16.29638671875
1017188,19.10400390625
1018211,16.41845703125
1018990,18.61572265625
1019463,18.4326171875
1020845,17.51708984375
1144528,18.798828125
1144684,16.78466796875
1144722,22.03369140625
1145066,19.287109375
1145340,18.12744140625
1145862,16.66259765625
1146027,25.32958984375
1146128,17.39501953125
1147522,17.15087890625
1147572,17.15087890625
1148873,16.78466796875
1166649,29.6630859375
1166703,25.2685546875
1166717,18.06640625
1166756,22.64404296875
1166784,23.01025390625
1166820,29.72412109375
1166882,18.06640625
1167293,16.4794921875
1190903,18.06640625
1207468,22.216796875
1207528,19.1650390625
1207597,21.728515625
1207725,22.39990234375
1207935,24.71923828125
1208164,17.578125
1208482,20.32470703125
1225198,17.39501953125
1235232,16.6015625
1240126,16.2353515625
1257680,19.10400390625
1275223,16.2353515625
1275458,18.37158203125
1276097,21.30126953125
1276733,16.66259765625
1283864,16.357421875
1291348,18.06640625
1293904,18.06640625
1304201,23.13232421875
1304477,16.66259765625
1304501,23.13232421875
1304539,16.2353515625
1304593,19.53125
1304630,21.8505859375
1304806,24.90234375
1304890,19.287109375
1304931,16.2353515625
1305047,16.6015625
1305215,17.39501953125
1305337,16.4794921875
1305456,17.88330078125
1305610,20.5078125
1305723,19.34814453125
1305888,16.845703125
1306038,17.578125
1306203,24.35302734375
1306918,19.10400390625
1307778,17.63916015625
1307826,16.78466796875
1308647,16.90673828125
1308742,16.66259765625
1308811,17.4560546875
1309743,16.357421875
1309893,16.41845703125
1310166,17.578125
1311265,17.51708984375
1323897,18.310546875
1327281,18.85986328125
1331283,18.310546875
1331859,16.90673828125
1334606,16.4794921875
1340067,19.53125
1340615,21.1181640625
1350679,20.5078125
1353367,21.42333984375
1353654,16.4794921875
1357659,16.2353515625
1363336,18.61572265625
1363392,18.49365234375
1363436,16.845703125
1363475,27.52685546875
1389187,16.78466796875
1412954,19.34814453125
1417388,18.37158203125
1422859,19.1650390625
1424356,17.02880859375
1428739,16.845703125
1428751,36.0107421875
1428855,17.51708984375
1428908,27.40478515625
1428996,21.240234375
1429008,20.08056640625
1429095,23.5595703125
1429113,16.6015625
1429176,16.66259765625
1429282,17.63916015625
1429503,19.47021484375
1429561,19.95849609375
1429819,18.12744140625
1429890,31.6162109375
1429926,21.54541015625
1430142,22.94921875
1430312,17.7001953125
1430818,16.78466796875
1430845,20.5078125
1432545,17.39501953125
1433342,16.78466796875
1433443,16.357421875
1434811,17.9443359375
1437767,20.263671875
1439415,16.357421875
1439493,17.02880859375
1443457,16.29638671875
1445987,17.08984375
1447543,19.10400390625
1448231,17.578125
1453190,18.12744140625
1454056,20.263671875
1454091,23.13232421875
1454466,18.4326171875
1454502,17.4560546875
1456441,19.775390625
1459923,17.27294921875
1460257,17.39501953125
1462786,20.751953125
1465316,20.99609375
1465655,26.4892578125
1469683,18.49365234375
1470421,23.5595703125
1473250,16.41845703125
1475802,17.2119140625
1477119,16.66259765625
1477352,24.23095703125
1478772,24.7802734375
1480193,27.2216796875
1480451,23.4375
1482380,17.08984375
1482455,28.3203125
1482727,16.845703125
1483043,18.310546875
1485705,26.4892578125
1485780,20.1416015625
1490630,16.9677734375
1491505,21.728515625
1493506,30.33447265625
1493633,27.2216796875
1495962,16.41845703125
1498090,19.1650390625
1498186,22.3388671875
1498319,23.01025390625
1498385,26.06201171875
1498441,33.99658203125
1498453,19.8974609375
1498512,19.8974609375
1498549,18.00537109375
1508777,16.2353515625
1509266,18.6767578125
1512295,17.333984375
1521797,18.00537109375
1522474,18.798828125
1523751,16.54052734375
1544570,16.90673828125
1551034,19.1650390625
1563390,16.41845703125
1569173,16.41845703125
1576540,17.2119140625
1581391,20.1416015625
1581608,19.04296875
1582912,16.66259765625
1600626,16.7236328125
1603170,17.9443359375
1603401,16.6015625
1603527,16.7236328125
1603662,18.73779296875
1603819,17.15087890625
1604256,17.7001953125
1604433,16.41845703125
1604459,17.2119140625
1614113,16.29638671875
1655305,18.5546875
1670478,16.41845703125
1681200,16.66259765625
1688215,16.66259765625
1692772,16.6015625
1694646,22.216796875
1694689,16.357421875
1694791,18.4326171875
1712996,19.287109375
1713048,18.6767578125
1713378,18.06640625
1734924,17.27294921875
1736595,23.0712890625
1736638,19.22607421875
1736661,19.8974609375
1736675,30.1513671875
1736704,19.53125
1736763,25.146484375
1736774,23.3154296875
1736806,19.10400390625
1736823,19.8974609375
1736841,24.7802734375
1737116,18.9208984375
1737184,22.03369140625
1737195,21.1181640625
1737233,18.85986328125
1737293,29.296875
1737533,23.3154296875
1737552,16.6015625
1737600,16.2353515625
1737645,17.822265625
1737679,21.66748046875
1737887,25.57373046875
1737925,17.4560546875
1738109,22.4609375
1738267,16.90673828125
1738296,17.9443359375
1738354,17.51708984375
1738454,22.94921875
1738605,24.658203125
1738714,21.3623046875
1738728,17.88330078125
1738891,20.81298828125
1738962,20.99609375
1739078,21.42333984375
1739110,17.578125
1739206,21.6064453125
1739357,20.99609375
1739495,18.310546875
1739660,24.96337890625
1739679,17.7001953125
1740328,17.39501953125
1740458,16.6015625
1743715,17.4560546875
1746236,16.7236328125
1746347,16.29638671875
1747081,21.17919921875
1754608,19.83642578125
1763184,18.6767578125
1766079,17.15087890625
1770604,16.9677734375
1773847,16.41845703125
1775892,17.39501953125
1776549,16.78466796875
1778015,17.15087890625
1779500,18.4326171875
1779810,19.287109375
1780172,20.3857421875
1780219,20.6298828125
1780229,16.41845703125
1780267,36.92626953125
1780279,18.9208984375
1780307,16.9677734375
1780321,19.71435546875
1780351,19.95849609375
1780387,39.4287109375
1780939,26.2451171875
1781194,26.06201171875
1781442,16.2353515625
1781766,17.27294921875
1782130,17.9443359375
1784539,17.578125
1791613,20.81298828125
1791719,23.8037109375
1793756,21.42333984375
1796166,23.25439453125
1796313,26.79443359375
1797133,39.4287109375
1800655,26.55029296875
1800742,29.72412109375
1803030,18.61572265625
1803104,25.5126953125
1803747,24.84130859375
1805233,21.3623046875
1805715,16.845703125
1805737,23.25439453125
1809157,18.1884765625
1809268,18.73779296875
1809585,25.32958984375
1813117,27.89306640625
1813143,18.06640625
1813166,18.310546875
1813182,22.64404296875
1813211,26.9775390625
1813230,24.169921875
1813257,22.39990234375
1813273,26.85546875
1813322,33.935546875
1813342,16.845703125
1813354,19.287109375
1813383,18.00537109375
1813441,24.169921875
1813465,16.90673828125
1834720,16.6015625
1839595,17.578125
1852066,19.53125
1852670,19.04296875
1853844,24.90234375
1853876,26.3671875
1853888,24.658203125
1853911,25.69580078125
1853948,50.537109375
1853966,29.052734375
1853976,16.2353515625
1853996,20.5078125
1854006,25.2685546875
1854035,18.6767578125
1854046,29.541015625
1854087,19.6533203125
1854119,27.587890625
1854143,47.79052734375
1854181,25.93994140625
1854211,28.80859375
1854238,18.12744140625
1854267,20.01953125
1854278,20.20263671875
1854293,17.578125
1854342,16.7236328125
1854360,17.578125
1854389,17.76123046875
1854433,23.681640625
1854523,19.4091796875
1854788,20.20263671875
1854953,23.62060546875
1855079,23.8037109375
1857718,17.88330078125
1859195,17.15087890625
1859397,18.4326171875
1861095,16.54052734375
1862698,16.78466796875
1862952,28.99169921875
1863968,17.27294921875
1865138,17.4560546875
1865163,19.1650390625
1865280,16.66259765625
1865452,19.95849609375
1865868,20.56884765625
1866394,17.15087890625
1866628,16.357421875
1867002,16.9677734375
1867042,27.4658203125
1867143,17.08984375
1867528,16.2353515625
1867875,16.29638671875
1868364,16.7236328125
1870531,27.7099609375
1872492,16.357421875
1875424,20.99609375
1876980,22.5830078125
1878519,24.47509765625
1879815,16.845703125
1931396,16.41845703125
1931410,16.54052734375
1931448,22.0947265625
1931483,23.62060546875
1931551,17.822265625
1931561,19.34814453125
1931587,18.00537109375
1931618,17.9443359375
1931640,27.28271484375
1931686,30.8837890625
1931721,21.3623046875
1931759,17.51708984375
1931770,22.216796875
1931806,19.287109375
1931832,20.93505859375
1931959,16.41845703125
1968178,18.85986328125
1968245,21.17919921875
1968315,26.0009765625
1968373,22.94921875
1968464,18.61572265625
1968760,17.9443359375
1968980,16.29638671875
1969023,17.15087890625
1978043,19.59228515625
1988597,16.4794921875
1991792,19.1650390625
1991823,16.66259765625
1991833,19.59228515625
1991870,26.7333984375
1991912,18.4326171875
1991923,18.310546875
1991949,22.39990234375
1992289,18.61572265625
1992356,16.357421875
1992395,19.10400390625
1992449,16.845703125
1992526,17.27294921875
1992602,19.8974609375
1992666,16.2353515625
1992733,19.287109375
1992893,17.39501953125
2016279,18.310546875
2016741,25.634765625
2016775,26.18408203125
2016853,16.6015625
2016903,17.822265625
2017021,18.37158203125
2017097,23.74267578125
2017272,16.2353515625
2043941,16.6015625
2044324,16.41845703125
2044375,19.4091796875
2044397,21.05712890625
2044468,16.845703125
2044676,17.63916015625
2044855,17.578125
2074363,17.76123046875
2074382,36.376953125
2074423,42.6025390625
2074505,17.2119140625
2080646,17.51708984375
2080857,23.8037109375
2080883,16.357421875
2080918,18.73779296875
2080952,16.9677734375
2081055,17.27294921875
2081866,16.29638671875
2082318,16.66259765625
2103680,16.2353515625
2116965,18.00537109375
2117591,16.90673828125
2117802,18.1884765625
2118055,17.51708984375
2145627,16.2353515625
2145693,16.357421875
2147396,17.02880859375
2147736,19.71435546875
2147808,27.52685546875
2147819,26.79443359375
2147847,32.71484375
2147858,18.85986328125
2148038,16.90673828125
2171725,18.798828125
2171861,19.287109375
2171914,19.47021484375
2172452,17.08984375
2194637,17.9443359375
2195052,18.85986328125
2195163,17.27294921875
2195313,16.54052734375
2195378,16.78466796875
2197890,23.4375
2198065,16.2353515625
2198717,16.2353515625
2207472,16.54052734375
2207897,16.90673828125
2235240,31.1279296875
2235260,25.390625
2235287,25.390625
2235362,20.44677734375
2235441,16.66259765625
2260168,17.08984375
2262308,18.00537109375
2264215,22.0947265625
2264617,17.15087890625
2264681,19.95849609375
2265010,16.6015625
2276578,16.6015625
2281292,16.6015625
2287225,20.8740234375
2290706,16.4794921875
2290736,33.8134765625
2290757,20.6298828125
2290784,28.564453125
2290810,25.93994140625
2290835,33.26416015625
2290847,18.4326171875
2290870,41.44287109375
2290903,20.01953125
2290932,45.2880859375
2290949,17.27294921875
2290983,32.71484375
2291011,20.3857421875
2291194,27.16064453125
2299205,21.3623046875
2299465,19.71435546875
2299872,17.02880859375
2300053,16.4794921875
2300328,16.357421875
2300396,17.7001953125
2300867,16.90673828125
2301095,18.6767578125
2301725,17.333984375
2301861,16.9677734375
2302370,17.08984375
2302724,17.27294921875
2310069,17.51708984375
2310404,17.333984375
2311226,17.63916015625
2311297,16.29638671875
2311386,18.73779296875
2311492,17.15087890625
2311683,16.2353515625
2312342,17.76123046875
2312502,19.71435546875
2312541,16.9677734375
2312810,20.263671875
2312961,20.32470703125
2321613,16.4794921875
2327223,17.578125
2328881,16.845703125
2333290,18.73779296875
2335489,17.9443359375
2343572,17.39501953125
2348813,17.76123046875
2354527,18.310546875
2356455,25.2685546875
2356469,21.6064453125
2356510,24.4140625
2356549,33.26416015625
2356594,57.55615234375
2356611,21.97265625
2356643,26.0009765625
2356665,24.2919921875
2356676,16.2353515625
2356725,19.1650390625
2356736,19.59228515625
2363953,20.6298828125
2381434,29.60205078125
2381488,29.96826171875
2381500,24.4140625
2381532,21.17919921875
2381572,33.02001953125
2381595,22.03369140625
2381611,25.87890625
2381648,36.92626953125
2393979,16.2353515625
2400606,24.71923828125
2400726,25.32958984375
2400738,34.72900390625
2400765,17.2119140625
2400781,22.3388671875
2400807,20.08056640625
2400837,26.0009765625
2400984,18.61572265625
2409624,18.1884765625
2416547,16.357421875
2425158,17.27294921875
2427811,33.02001953125
2427848,21.728515625
2427862,30.70068359375
2427909,30.029296875
2427927,23.13232421875
2427988,16.41845703125
2439748,17.578125
2448654,16.41845703125
2457263,18.4326171875
2457288,17.4560546875
2457306,42.1142578125
2457334,19.04296875
2457352,16.4794921875
2457371,50.84228515625
2457398,48.33984375
2457418,22.216796875
2457448,33.5693359375
2457497,32.77587890625
2457534,48.15673828125
2457569,24.169921875
2457599,37.109375
2457638,28.9306640625
2457666,19.10400390625
2457708,24.5361328125
2457737,16.6015625
2457780,20.32470703125
2457818,25.57373046875
2457922,18.6767578125
2458049,22.03369140625
2458147,19.775390625
2458177,26.611328125
2458336,20.6298828125
2458667,26.3671875
2458950,17.333984375
2459312,17.76123046875
2459574,19.04296875
2460770,22.8271484375
2460855,20.751953125
2461021,16.6015625
2461186,17.39501953125
2461477,18.00537109375
2461904,18.00537109375
2462004,18.06640625
2462123,16.2353515625
2462313,18.24951171875
2462424,19.775390625
2462630,18.37158203125
2462888,19.95849609375
2463075,16.90673828125
2463355,17.27294921875
2463833,16.6015625
2464016,18.4326171875
2464160,16.78466796875
2464546,16.54052734375
2465580,16.41845703125
2465798,17.7001953125
2466932,18.1884765625
2467190,16.54052734375
2467718,18.85986328125
2468226,17.333984375
2468789,16.29638671875
2469257,19.04296875
2469408,16.78466796875
2469435,17.578125
2469647,31.06689453125
2469658,26.7333984375
2471781,18.49365234375
2471993,16.78466796875
2472218,16.2353515625
2472229,16.29638671875
2472590,16.29638671875
2472608,18.9208984375
2474823,17.9443359375
2474998,20.08056640625
2476953,16.78466796875
2477185,23.01025390625
2478375,17.88330078125
2480261,21.78955078125
2481647,18.6767578125
2489555,16.7236328125
2493422,18.00537109375
2499037,19.95849609375
2502472,16.7236328125
2506671,19.83642578125
2523684,17.4560546875
2523729,16.2353515625
2523747,46.69189453125
2523763,33.8134765625
2523789,39.73388671875
2523801,32.53173828125
2523831,40.6494140625
2523851,39.36767578125
2523874,26.18408203125
2523889,29.296875
2523923,41.93115234375
2523944,24.96337890625
2523970,31.005859375
2523987,20.81298828125
2524035,17.63916015625
2524046,17.9443359375
2524082,25.32958984375
2524112,25.2685546875
2524134,24.96337890625
2524168,25.7568359375
2524178,19.95849609375
2524314,24.84130859375
2524370,27.4658203125
2524389,18.49365234375
2524419,18.37158203125
2524531,21.8505859375
2524575,17.333984375
2524740,18.9208984375
2524913,19.47021484375
2528559,17.51708984375
2529335,16.90673828125
2529502,16.4794921875
2530520,17.02880859375
2532178,20.263671875
2532845,16.78466796875
2533575,18.1884765625
2533770,17.7001953125
2534094,18.12744140625
2534142,16.7236328125
2534363,23.25439453125
2534531,17.822265625
2537102,16.66259765625
2538051,17.88330078125
2538201,16.54052734375
2543934,18.310546875
2547595,17.9443359375
2547922,16.9677734375
2548479,20.751953125
2550365,16.7236328125
2570187,20.81298828125
2570222,17.51708984375
2570239,70.6787109375
2570254,29.4189453125
2570264,34.423828125
2570284,26.9775390625
2570316,18.49365234375
2570343,33.447265625
2570369,33.69140625
2570392,20.8740234375
2570419,24.2919921875
2570455,28.9306640625
2570504,16.54052734375
2570550,23.49853515625
2570586,16.4794921875
2570614,17.4560546875
2570662,18.5546875
2570692,16.41845703125
2570722,18.73779296875
2570735,16.9677734375
2570757,17.39501953125
2570778,18.00537109375
2570827,32.65380859375
2570856,25.69580078125
2570886,21.8505859375
2570923,21.78955078125
2570957,27.89306640625
2570984,21.78955078125
2571019,17.4560546875
2571040,20.3857421875
2571081,16.29638671875
2571102,23.0712890625
2571218,28.74755859375
2571258,16.845703125
2571280,17.578125
2571299,19.53125
2571354,25.7568359375
2571462,17.2119140625
2571478,26.9775390625
2571566,20.5078125
2571730,19.04296875
2571896,18.6767578125
2571925,23.86474609375
2574513,17.2119140625
2575297,17.2119140625
2575313,18.24951171875
2575797,16.78466796875
2576582,19.53125
2577647,17.51708984375
2579324,16.54052734375
2580113,16.357421875
2580447,22.3388671875
2580746,20.1416015625
2581922,18.5546875
2582186,18.49365234375
2582621,17.4560546875
2582941,16.7236328125
2584581,18.61572265625
2585672,19.6533203125
2586678,16.9677734375
2586995,16.2353515625
2587446,17.08984375
2588522,16.7236328125
2588815,17.9443359375
2588841,17.333984375
2589103,17.76123046875
2590274,19.287109375
2590863,19.59228515625
2591165,17.578125
2591717,16.29638671875
2592222,17.822265625
2593989,16.2353515625
2594048,17.51708984375
2599431,21.240234375
2600004,17.333984375
2601170,20.93505859375
2601283,17.578125
2601797,17.2119140625
2604317,21.6064453125
2605113,17.578125
2605919,19.10400390625
2606071,16.41845703125
2606279,17.578125
2607652,17.822265625
2608000,18.6767578125
2608052,16.2353515625
2608492,19.10400390625
2610040,19.04296875
2610118,16.29638671875
2634435,84.53369140625
2634450,26.42822265625
2634467,54.8095703125
2634495,35.09521484375
2634509,23.193359375
2634530,34.912109375
2634563,32.5927734375
2634585,32.77587890625
2634599,37.7197265625
2634621,19.95849609375
2634657,25.146484375
2634667,16.845703125
2634716,18.310546875
2634745,25.2685546875
2634785,24.658203125
2634802,20.751953125
2634846,22.52197265625
2634869,24.71923828125
2634910,27.89306640625
2634937,17.4560546875
2634958,24.169921875
2634977,27.64892578125
2635015,18.85986328125
2635071,23.8037109375
2635088,18.98193359375
2635125,22.03369140625
2635135,21.42333984375
2635155,21.17919921875
2635187,19.8974609375
2635243,16.6015625
2635282,26.67236328125
2635296,18.4326171875
2635319,17.76123046875
2635462,26.42822265625
2635636,16.6015625
2635847,23.4375
2635943,20.263671875
2638671,19.34814453125
2639005,18.85986328125
2639753,16.6015625
2640488,17.39501953125
2642461,17.9443359375
2642621,16.9677734375
2646337,19.775390625
2647565,17.39501953125
2648885,18.61572265625
2650326,20.5078125
2655887,21.66748046875
2655970,19.22607421875
2656078,17.02880859375
2656713,16.2353515625
2657273,17.51708984375
2658601,17.578125
2661001,20.99609375
2663089,17.51708984375
2663324,18.73779296875
2663882,18.1884765625
2664479,19.53125
2665926,18.4326171875
2691172,16.845703125
2691194,26.85546875
2691211,67.93212890625
2691229,20.263671875
2691252,52.24609375
2691274,44.00634765625
2691298,17.02880859375
2691320,29.6630859375
2691359,26.3671875
2691379,25.69580078125
2691390,18.49365234375
2691426,16.7236328125
2691446,17.15087890625
2691471,18.24951171875
2691499,18.73779296875
2691543,21.42333984375
2691587,32.470703125
2691597,29.4189453125
2691650,18.49365234375
2691680,25.45166015625
2691700,20.3857421875
2691726,20.08056640625
2691760,20.99609375
2691791,33.50830078125
2691811,22.0947265625
2691856,20.5078125
2691889,22.0947265625
2691936,18.73779296875
2691995,17.39501953125
2692020,19.22607421875
2692038,24.5361328125
2692072,21.30126953125
2692125,16.41845703125
2692164,16.78466796875
2692384,23.5595703125
2692503,29.72412109375
2697074,26.30615234375
2700312,17.63916015625
2700945,16.54052734375
2702546,17.88330078125
2704488,19.1650390625
2706214,17.08984375
2708406,17.02880859375
2709316,16.41845703125
2709544,17.02880859375
2709923,16.357421875
2711296,16.357421875
2713453,17.39501953125
2734051,68.359375
2734061,47.91259765625
2734087,56.884765625
2734109,17.88330078125
2734128,28.25927734375
2734148,16.78466796875
2734164,29.35791015625
2734200,22.76611328125
2734222,17.333984375
2734239,20.08056640625
2734261,21.30126953125
2734292,20.6298828125
2734334,18.00537109375
2734432,34.60693359375
2734474,19.1650390625
2734500,17.15087890625
2734511,17.7001953125
2734537,20.751953125
2734593,20.93505859375
2734622,19.10400390625
2734640,23.3154296875
2734655,23.86474609375
2734717,27.099609375
2734750,24.10888671875
2734839,26.2451171875
2734984,17.39501953125
2734995,18.00537109375
2735041,17.27294921875
2735052,17.08984375
2735100,19.34814453125
2735151,22.64404296875
2735532,18.1884765625
2739809,17.4560546875
2742658,16.6015625
2743169,17.2119140625
2750692,16.357421875
2754776,17.02880859375
2755349,17.02880859375
2755491,16.41845703125
2755704,20.3857421875
2786983,31.1279296875
2786995,86.42578125
2787029,69.7021484375
2787052,52.1240234375
2787090,39.9169921875
2787112,32.8369140625
2787126,36.4990234375
2787155,24.90234375
2787174,22.8271484375
2787217,26.18408203125
2787243,18.6767578125
2787264,21.3623046875
2787314,18.798828125
2787340,16.2353515625
2787357,22.76611328125
2787386,26.123046875
2787468,17.88330078125
2787504,18.24951171875
2787539,16.845703125
2787561,17.7001953125
2787589,17.333984375
2787655,22.76611328125
2787713,20.20263671875
2787729,22.52197265625
2787763,19.47021484375
2787874,23.62060546875
2787944,18.1884765625
2788016,26.18408203125
2788078,16.7236328125
2788147,20.751953125
2788169,17.4560546875
2788286,18.24951171875
2793515,16.29638671875
2799423,16.6015625
2804965,19.47021484375
2844077,17.15087890625
2844108,29.541015625
2844131,38.9404296875
2844147,24.35302734375
2844176,48.64501953125
2844207,32.04345703125
2844220,52.001953125
2844244,25.93994140625
2844270,48.2177734375
2844282,21.728515625
2844307,22.52197265625
2844336,22.64404296875
2844373,19.6533203125
2844398,23.4375
2844415,24.10888671875
2844472,22.88818359375
2844492,17.2119140625
2844531,17.822265625
2844551,31.18896484375
2844658,21.42333984375
2844688,17.333984375
2844706,23.98681640625
2844731,17.02880859375
2844741,23.5595703125
2844769,24.2919921875
2844804,16.6015625
2844871,17.76123046875
2844902,18.98193359375
2845544,25.81787109375
2848188,16.54052734375
2849715,19.1650390625
2856542,16.357421875
2888246,17.88330078125
2888270,17.02880859375
2888292,32.65380859375
2888309,42.8466796875
2888339,46.32568359375
2888355,38.02490234375
2888372,23.13232421875
2888403,27.03857421875
2888417,22.76611328125
2888446,18.61572265625
2888477,31.494140625
2888501,24.96337890625
2888511,25.7568359375
2888535,21.1181640625
2888564,40.283203125
2888597,25.45166015625
2888612,18.798828125
2888637,17.333984375
2888695,18.98193359375
2888733,17.51708984375
2888766,22.3388671875
2888839,25.69580078125
2888875,21.17919921875
2888915,16.90673828125
2888934,28.86962890625
2888966,16.845703125
2889016,18.49365234375
2889034,22.39990234375
2889046,23.193359375
2889082,17.822265625
2889116,21.91162109375
2889155,18.310546875
2889208,16.41845703125
2889512,23.25439453125
2892548,17.88330078125
2894959,17.02880859375
2898926,16.29638671875
2995191,18.1884765625
2995945,23.62060546875
2995985,16.66259765625
2996355,17.39501953125
3029725,17.4560546875
3077712,17.2119140625
3077754,18.1884765625
3077770,26.79443359375
3077806,18.00537109375
3077819,23.0712890625
3077857,29.052734375
3077890,21.728515625
3077915,20.6298828125
3077931,23.92578125
3078321,17.08984375
3078488,19.83642578125
3078660,20.93505859375
3079087,18.85986328125
3079754,22.88818359375
3079817,16.90673828125
3081857,18.24951171875
3082317,19.1650390625
3083013,16.6015625
3088881,16.66259765625
3089254,16.2353515625
3089834,17.4560546875
3090323,16.357421875
3170212,26.9775390625
3170265,28.50341796875
3170278,18.12744140625
3170292,22.39990234375
3170318,26.9775390625
3170330,29.541015625
3170386,21.8505859375
3170402,18.9208984375
3170436,33.63037109375
3170454,16.2353515625
3171100,27.2216796875
3171224,29.052734375
3171351,16.78466796875
3171893,18.00537109375
3172986,17.51708984375
3173733,16.845703125
3174692,17.822265625
3177412,18.61572265625
3188662,16.845703125
3190330,17.08984375
3195521,20.20263671875
3199019,18.9208984375
3202210,21.78955078125
3202242,17.7001953125
3204229,25.146484375
3218499,16.845703125
3220396,18.24951171875
3221241,26.18408203125
3226516,16.29638671875
3226598,17.39501953125
3230882,28.62548828125
3230935,20.751953125
3232128,16.6015625
3234226,20.56884765625
3234252,16.7236328125
3234823,24.35302734375
3236525,18.24951171875
3237443,26.3671875
3240174,29.23583984375
3240441,18.37158203125
3240638,27.89306640625
3241093,26.42822265625
3241185,17.02880859375
3246061,39.1845703125
3249727,25.7568359375
3249755,25.2685546875
3249775,16.357421875
3249793,20.44677734375
3249813,19.47021484375
3249833,23.193359375
3249855,24.658203125
3249907,23.25439453125
3249920,23.13232421875
3249953,29.9072265625
3249985,20.69091796875
3249995,16.29638671875
3251404,22.39990234375
3251768,31.31103515625
3254240,17.27294921875
3256390,18.12744140625
3260234,30.2734375
3260272,25.93994140625
3263014,20.20263671875
3265101,25.32958984375
3265175,21.05712890625
3265274,19.10400390625
3265628,24.90234375
3265899,16.41845703125
3268330,22.03369140625
3268342,25.32958984375
3268391,21.1181640625
3268405,25.69580078125
3268435,20.8740234375
3268471,28.86962890625
3268500,23.01025390625
3268534,20.99609375
3268552,23.98681640625
3268615,19.22607421875
3268638,24.4140625
3282001,17.27294921875
3287237,17.88330078125
3289856,17.08984375
3291609,16.6015625
3292566,16.78466796875
3314236,28.74755859375
3314275,22.03369140625
3314297,47.119140625
3314328,35.82763671875
3314361,39.48974609375
3314375,16.7236328125
3314403,34.7900390625
3314436,27.099609375
3314491,21.54541015625
3314523,24.96337890625
3314546,25.32958984375
3314574,17.39501953125
3314661,21.78955078125
3314687,23.5595703125
3314759,17.27294921875
3314794,21.54541015625
3314861,20.8740234375
3314926,16.845703125
3314975,22.88818359375
3315062,17.333984375
3315097,22.88818359375
3315228,20.263671875
3315323,18.12744140625
3315471,18.00537109375
3315542,17.15087890625
3315708,17.333984375
3315836,18.5546875
3316297,19.71435546875
3316484,18.5546875
3316652,20.5078125
3323524,17.2119140625
3330560,16.29638671875
3330995,17.08984375
3331204,16.9677734375
3332383,18.1884765625
3336596,18.61572265625
3337433,16.7236328125
3338608,19.10400390625
3339115,23.62060546875
3339330,16.2353515625
3340314,23.3154296875
3340917,17.4560546875
3346158,17.08984375
3346205,25.57373046875
3346233,20.5078125
3485248,21.66748046875
3503830,25.2685546875
3503874,19.1650390625
3503906,33.87451171875
3503947,26.18408203125
3503980,29.052734375
3503994,17.88330078125
3504752,18.06640625
3504938,29.96826171875
3504948,30.3955078125
3505000,19.83642578125
3505017,16.2353515625
3505039,21.97265625
3505061,19.83642578125
3505747,17.4560546875
3505822,17.27294921875
3505932,17.76123046875
3506090,17.2119140625
3509694,21.17919921875
3528252,16.90673828125
3531064,16.4794921875
3547866,17.822265625
3575037,18.37158203125
3589568,18.49365234375
3617390,42.6025390625
3617421,28.38134765625
3617432,20.81298828125
3617466,26.55029296875
3634201,17.27294921875
3654862,16.4794921875
3657981,32.2265625
3658738,20.99609375
3675417,18.00537109375
3679681,17.51708984375
3680071,16.6015625
3680427,16.2353515625
3689830,16.78466796875
3690208,16.78466796875
3706179,17.63916015625
3707160,16.90673828125
3707230,20.751953125
3712094,18.85986328125
3717440,16.7236328125
3717465,31.31103515625
3717488,18.61572265625
3717506,21.05712890625
3717520,33.3251953125
3717555,29.052734375
3717598,27.587890625
3717630,23.62060546875
3717689,26.06201171875
3717700,28.38134765625
3718516,18.00537109375
3718532,21.17919921875
3718626,29.541015625
3718693,24.90234375
3718710,17.27294921875
3718831,26.18408203125
3719037,23.98681640625
3719258,27.64892578125
3719477,17.63916015625
3721125,16.54052734375
3721796,17.39501953125
3722951,16.78466796875
3751118,17.15087890625
3753251,18.98193359375
3781835,17.63916015625
3781907,20.81298828125
3783158,17.822265625
3783212,17.76123046875
3799073,19.22607421875
3807336,16.357421875
3807377,16.357421875
3807397,24.59716796875
3807430,17.51708984375
3807528,18.37158203125
3808271,18.798828125
3808291,19.775390625
3808309,25.87890625
3808353,21.91162109375
3808702,16.845703125
3813240,20.263671875
3814023,29.11376953125
3814045,38.26904296875
3814057,36.9873046875
3814095,20.263671875
3814123,18.9208984375
3814194,17.02880859375
3814401,18.5546875
3814930,16.845703125
3825542,17.4560546875
3850871,24.23095703125
3859414,16.9677734375
3865367,19.6533203125
3871781,19.775390625
3871972,28.25927734375
3871992,24.59716796875
3872037,41.68701171875
3872080,30.21240234375
3872105,25.93994140625
3872123,31.1279296875
3872161,29.47998046875
3872186,16.78466796875
3872204,26.42822265625
3872855,28.99169921875
3872868,16.29638671875
3872951,26.123046875
3873236,24.59716796875
3873487,23.25439453125
3873598,30.45654296875
3873718,26.3671875
3873928,29.23583984375
3874029,21.91162109375
3874259,21.728515625
3874371,22.705078125
3874381,19.287109375
3874408,16.29638671875
3874489,19.47021484375
3874589,18.61572265625
3874599,17.2119140625
3874697,16.845703125
3874901,16.90673828125
3875059,16.357421875
3875076,23.5595703125
3875252,19.22607421875
3875325,16.2353515625
3875391,21.91162109375
3875499,20.32470703125
3875641,20.01953125
3875732,16.4794921875
3875742,16.357421875
3875911,18.798828125
3876141,18.310546875
3876490,21.728515625
3876664,16.357421875
3877084,24.4140625
3877597,18.37158203125
3879206,16.4794921875
3880063,16.90673828125
3880451,19.47021484375
3881225,26.30615234375
3883016,16.9677734375
3897588,18.06640625
3903414,16.78466796875
3904829,16.6015625
3911833,18.06640625
3926363,17.2119140625
3934989,18.310546875
3946103,26.91650390625
3946311,24.90234375
3946323,23.5595703125
3946359,29.052734375
3946383,21.66748046875
3946400,29.11376953125
3946440,23.25439453125
3946458,18.06640625
3946469,17.9443359375
3946486,26.123046875
3946511,24.90234375
3946553,19.53125
3946580,26.0009765625
3956219,16.29638671875
3969234,19.8974609375
3970035,16.29638671875
3970902,17.333984375
3984376,27.77099609375
3984394,18.06640625
3984415,29.47998046875
3984464,21.54541015625
3984482,29.052734375
3984508,27.587890625
3984526,24.35302734375
3984545,30.57861328125
3984562,35.15625
3984574,24.23095703125
3984615,31.79931640625
3984629,16.7236328125
3984672,31.8603515625
3984682,33.99658203125
3984757,17.2119140625
3984786,22.4609375
3984869,20.5078125
3984967,18.9208984375
3984995,22.64404296875
3985102,21.97265625
3985134,17.822265625
3985279,23.3154296875
3996229,17.15087890625
3996792,20.5078125
3997059,20.56884765625
3997129,17.63916015625
3997225,20.08056640625
3997573,22.3388671875
3997671,16.7236328125
3997718,24.4140625
3997748,23.0712890625
3997770,30.57861328125
3997796,16.2353515625
3997823,23.3154296875
3997835,25.45166015625
3997874,16.845703125
3997900,25.87890625
3997946,19.83642578125
3998215,29.296875
3998546,21.6064453125
3998650,28.076171875
3998894,27.7099609375
3999136,16.357421875
3999259,23.74267578125
3999397,27.52685546875
3999687,20.32470703125
3999802,16.54052734375
3999847,21.42333984375
4000103,19.71435546875
4000261,21.91162109375
4000415,24.4140625
4000552,24.2919921875
4000934,19.34814453125
4001131,20.93505859375
4001280,21.78955078125
4001293,21.17919921875
4001440,16.41845703125
4001673,17.02880859375
4001985,19.6533203125
4002044,19.59228515625
4002243,17.02880859375
4002378,26.06201171875
4002414,17.39501953125
4002779,25.32958984375
4003062,18.24951171875
4004077,17.88330078125
4005815,18.6767578125
4006972,16.78466796875
4010479,27.16064453125
4014233,22.3388671875
4014256,16.90673828125
4014335,26.7333984375
4016210,18.798828125
4016270,27.28271484375
4019718,16.41845703125
4022030,23.193359375
4022077,24.658203125
4022148,22.8271484375
4022242,24.5361328125
4024112,25.45166015625
4032538,16.2353515625
4033366,17.08984375
4034926,16.29638671875
4039745,16.29638671875
4045066,16.357421875
4045536,17.02880859375
4045564,18.37158203125
4045581,29.9072265625
4045613,28.50341796875
4045625,22.76611328125
4045650,28.564453125
4045680,37.841796875
4045709,26.91650390625
4045724,16.54052734375
4045745,19.775390625
4045760,18.61572265625
4045806,23.49853515625
4045829,24.84130859375
4046034,24.10888671875
4046160,24.90234375
4046294,21.6064453125
4046328,18.61572265625
4046408,23.37646484375
4046520,16.41845703125
4046597,22.88818359375
4046942,29.6630859375
4047080,20.5078125
4047397,22.39990234375
4047727,20.08056640625
4047952,23.74267578125
4048216,27.77099609375
4049778,21.54541015625
4052726,17.333984375
4053486,20.263671875
4053818,17.39501953125
4058539,27.89306640625
4059329,25.146484375
4059997,24.96337890625
4060112,16.2353515625
4061548,25.69580078125
4063069,18.00537109375
4063081,24.658203125
4063118,17.76123046875
4063146,20.751953125
4064913,23.74267578125
4064934,23.681640625
4064982,19.22607421875
4065061,23.193359375
4065093,19.10400390625
4065258,18.12744140625
4066337,16.54052734375
4067164,20.5078125
4067198,22.76611328125
4067231,25.87890625
4067540,16.29638671875
4068108,26.2451171875
4070158,16.7236328125
4072697,22.76611328125
4072791,19.8974609375
4074316,16.29638671875
4074328,27.64892578125
4074356,17.822265625
4074410,31.06689453125
4074447,18.798828125
4074525,27.16064453125
4076256,20.5078125
4076278,27.52685546875
4076290,19.04296875
4076314,31.494140625
4076349,23.74267578125
4076359,17.9443359375
4076378,18.85986328125
4076392,18.4326171875
4076402,24.35302734375
4076455,19.47021484375
4076470,27.83203125
4076494,29.1748046875
4076532,33.14208984375
4076543,17.51708984375
4076557,19.53125
4076580,20.08056640625
4076600,18.5546875
4076664,17.9443359375
4076725,21.30126953125
4076759,17.08984375
4081381,31.18896484375
4081399,27.099609375
4081423,26.123046875
4081470,26.0009765625
4081490,38.57421875
4081505,19.47021484375
4081532,24.658203125
4081566,23.01025390625
4081584,18.798828125
4081612,23.5595703125
4081629,29.1748046875
4081652,19.22607421875
4081689,18.06640625
4081712,23.86474609375
4081742,22.64404296875
4081767,19.95849609375
4081799,24.35302734375
4081849,17.15087890625
4081863,36.80419921875
4081915,17.02880859375
4081985,26.42822265625
4082019,17.333984375
4082213,16.2353515625
4087056,16.357421875
4087227,34.36279296875
4087243,30.33447265625
4087268,44.43359375
4087292,28.50341796875
4087302,26.4892578125
4087345,35.46142578125
4087375,31.005859375
4087393,52.79541015625
4087416,16.357421875
4087444,24.59716796875
4087465,17.39501953125
4087486,29.96826171875
4087505,52.67333984375
4087521,22.216796875
4087553,19.10400390625
4087565,18.73779296875
4087579,42.54150390625
4087653,19.53125
4087683,21.97265625
4087698,27.7099609375
4087740,20.81298828125
4087841,17.2119140625
4087943,20.81298828125
4088229,16.845703125
4088337,16.2353515625
4088364,16.4794921875
4088440,24.84130859375
4095154,26.06201171875
4095299,21.30126953125
4095441,18.24951171875
4095477,26.123046875
4095633,20.8740234375
4095677,19.287109375
4095771,25.81787109375
4095846,17.51708984375
4095906,18.310546875
4096027,17.02880859375
4096043,16.2353515625
4096450,18.4326171875
4096724,21.97265625
4096853,17.88330078125
4097088,17.51708984375
4097320,25.5126953125
4097572,16.6015625
4097763,22.39990234375
4099853,16.66259765625
4101388,23.62060546875
4101892,20.6298828125
4101968,17.08984375
4102401,20.1416015625
4102898,17.4560546875
4103030,23.5595703125
4103046,17.578125
4103094,19.8974609375
4103331,16.9677734375
4204007,35.15625
4204019,17.63916015625
4204040,40.83251953125
4204050,25.0244140625
4204063,33.63037109375
4204080,41.32080078125
4204099,28.6865234375
4204127,16.29638671875
4204159,34.3017578125
4204181,20.44677734375
4204218,39.61181640625
4204229,16.41845703125
4204242,17.51708984375
4204257,21.05712890625
4204281,17.2119140625
4204292,39.306640625
4204321,19.04296875
4204348,17.2119140625
4204364,18.24951171875
4204391,19.83642578125
4204414,16.7236328125
4204429,39.794921875
4204520,20.56884765625
4204610,17.27294921875
4204704,23.681640625
4204740,20.751953125
4204841,21.6064453125
4204892,16.7236328125
4204952,26.30615234375
4205143,24.2919921875
4205227,19.8974609375
4205247,21.66748046875
4205303,18.49365234375
4205551,21.91162109375
4207552,17.4560546875
4208350,16.6015625
4208490,17.08984375
4208660,16.90673828125
4209473,16.41845703125
4210589,17.2119140625
4210703,20.3857421875
4211264,16.2353515625
4213637,18.37158203125
4213947,16.7236328125
4214320,18.310546875
4214421,16.2353515625
4214557,21.91162109375
4214742,22.03369140625
4214922,19.71435546875
4215378,17.15087890625
4216642,16.29638671875
4217204,18.49365234375
4217471,17.4560546875
4217526,16.357421875
4218358,20.263671875
4218822,16.357421875
4220792,19.34814453125
4221408,16.54052734375
4222604,19.775390625
4231425,17.15087890625
4231446,28.13720703125
4231498,16.845703125
4231519,16.6015625
4231665,20.20263671875
4231751,19.22607421875
4231990,17.15087890625
4232138,20.08056640625
4232511,16.41845703125
4284148,21.17919921875
4284178,37.9638671875
4284193,44.00634765625
4284231,36.92626953125
4284246,53.466796875
4284285,30.517578125
4284304,22.8271484375
4284317,31.3720703125
4284347,30.3955078125
4284385,20.69091796875
4284420,26.67236328125
4284454,17.4560546875
4284601,32.1044921875
4284662,17.88330078125
4325172,17.578125
4325203,30.70068359375
4325221,24.23095703125
4325250,38.75732421875
4325288,23.49853515625
4325303,29.23583984375
4325335,37.90283203125
4325348,43.51806640625
4325365,32.77587890625
4325379,25.81787109375
4325404,56.33544921875
4325422,16.9677734375
4325450,21.3623046875
4325480,38.0859375
4325511,22.4609375
4325537,17.15087890625
4325561,39.1845703125
4325609,21.1181640625
4325635,27.587890625
4325669,28.076171875
4325747,27.16064453125
4325785,19.95849609375
4325868,16.2353515625
4325899,17.51708984375
4326031,21.30126953125
4326179,26.0009765625
4331107,16.66259765625
4335054,16.357421875
4345212,19.53125
4345228,19.59228515625
4345253,16.2353515625
4345303,30.33447265625
4345315,26.3671875
4345338,57.31201171875
4345351,47.607421875
4345369,25.5126953125
4345397,43.3349609375
4345428,31.79931640625
4345440,38.330078125
4345482,26.123046875
4345503,17.7001953125
4345519,18.73779296875
4345551,19.4091796875
4345616,26.4892578125
4345692,18.6767578125
4345730,16.9677734375
4388837,17.51708984375
4388888,22.64404296875
4388901,51.45263671875
4388924,54.19921875
4388950,21.05712890625
4388967,17.2119140625
4388981,34.1796875
4388999,31.67724609375
4389022,34.60693359375
4389044,65.85693359375
4389087,45.166015625
4389101,42.17529296875
4389145,23.62060546875
4389162,28.86962890625
4389191,24.71923828125
4389235,45.0439453125
4389260,18.5546875
4389278,19.53125
4389331,21.1181640625
4389349,24.10888671875
4389362,17.822265625
4389533,17.51708984375
4389646,16.9677734375
4389736,17.9443359375
4390137,19.47021484375
4392891,16.4794921875
4394207,17.7001953125
4394423,17.7001953125
4394760,17.15087890625
4395524,16.845703125
4396047,16.41845703125
4396268,19.59228515625
4396517,17.333984375
4397896,18.24951171875
4398198,17.578125
4398708,17.2119140625
4398994,23.193359375
4399247,22.216796875
4399401,17.9443359375
4399623,16.41845703125
4399849,20.20263671875
4399990,16.54052734375
4400012,16.845703125
4400210,20.93505859375
4400520,16.7236328125
4401178,16.6015625
4401430,16.4794921875
4401639,16.66259765625
4402007,18.37158203125
4412942,19.22607421875
4412982,16.9677734375
4413005,72.021484375
4413028,27.2216796875
4413040,34.3017578125
4413074,28.50341796875
4413091,37.7197265625
4413115,24.7802734375
4413138,24.23095703125
4413173,24.7802734375
4413235,26.91650390625
4413249,19.47021484375
4413334,16.7236328125
4413389,18.24951171875
4413505,25.32958984375
4413945,17.333984375
4414092,16.4794921875
4458817,24.23095703125
4458855,17.7001953125
4458872,40.52734375
4458890,44.25048828125
4458909,56.70166015625
4458925,16.29638671875
4458955,35.21728515625
4458967,24.35302734375
4458984,33.935546875
4459001,26.91650390625
4459034,40.58837890625
4459061,21.240234375
4459096,17.9443359375
4459209,19.83642578125
4459430,16.2353515625
4500915,17.39501953125
4500947,19.47021484375
4500971,17.08984375
4501020,18.6767578125
4501052,22.8271484375
4501113,22.94921875
4501202,22.94921875
4501516,19.4091796875
4501817,16.29638671875
4502070,18.49365234375
4539829,18.798828125
4539947,19.6533203125
4540163,16.66259765625
4540179,16.845703125
4540253,18.798828125
4540367,18.5546875
4540454,18.00537109375
4540527,17.9443359375
4540868,19.4091796875
4541028,17.02880859375
4572557,17.578125
4572975,18.5546875
4573094,16.41845703125
4573217,19.10400390625
4573229,21.6064453125
4573318,18.5546875
4573414,16.78466796875
4574730,16.66259765625
4594479,21.78955078125
4594496,30.6396484375
4594512,21.54541015625
4594523,18.49365234375
4594533,26.30615234375
4594546,20.81298828125
4594561,33.02001953125
4594590,23.98681640625
4594602,34.60693359375
4594648,29.60205078125
4594689,26.18408203125
4594724,39.48974609375
4594747,53.466796875
4594784,20.81298828125
4594814,22.8271484375
4594839,18.12744140625
4594850,22.52197265625
4594884,17.333984375
4594905,22.5830078125
4594935,24.7802734375
4594988,19.04296875
4595142,21.484375
4595210,18.49365234375
4596426,23.4375
4603063,18.00537109375
4604324,17.27294921875
4605664,21.6064453125
4606016,16.78466796875
4606769,17.27294921875
4607097,17.2119140625
4607338,16.90673828125
4607794,16.4794921875
4609427,17.02880859375
4611437,17.02880859375
4611800,16.29638671875
4617365,19.47021484375
4617637,20.20263671875
4617699,21.97265625
4617820,21.6064453125
4617870,23.37646484375
4617951,17.333984375
4617985,17.39501953125
4618170,17.08984375
4618275,18.85986328125
4618516,32.3486328125
4618600,18.00537109375
4618811,16.7236328125
4619160,21.1181640625
4619298,16.54052734375
4654366,25.146484375
4654502,29.296875
4654599,19.4091796875
4654639,17.4560546875
4654666,16.78466796875
4654822,18.85986328125
4676081,24.0478515625
4676156,19.775390625
4676166,16.78466796875
4676264,17.822265625
4676383,18.798828125
4676652,17.7001953125
4676681,20.1416015625
4677305,17.51708984375
4696029,16.4794921875
4696113,23.37646484375
4696729,17.9443359375
4696840,20.3857421875
4697195,30.21240234375
4716178,16.66259765625
4716230,17.27294921875
4716264,16.2353515625
4716311,18.06640625
4717026,16.6015625
4737192,16.29638671875
4738206,17.88330078125
4738450,17.7001953125
4738604,17.578125
4739338,16.9677734375
4760253,25.81787109375
4760268,19.10400390625
4760301,20.99609375
4760330,28.25927734375
4760361,19.1650390625
4760405,18.12744140625
4784306,25.0244140625
4784382,21.240234375
4784465,23.01025390625
4784490,32.04345703125
4784504,16.845703125
4784532,23.62060546875
4784550,25.87890625
4784581,23.681640625
4784616,22.39990234375
4784634,30.57861328125
4808459,19.71435546875
4808724,19.1650390625
4809123,22.15576171875
4809326,25.20751953125
4809407,16.29638671875
4809418,29.11376953125
4809487,29.35791015625
4809525,17.39501953125
4809540,27.28271484375
4809596,16.845703125
4809626,21.97265625
4810087,16.54052734375
4810348,16.78466796875
4811075,16.4794921875
4811754,16.845703125
4811813,16.2353515625
4811854,16.6015625
4812294,17.4560546875
4812404,16.845703125
4813614,16.66259765625
4813704,17.63916015625
4814421,16.90673828125
4819866,18.4326171875
4824613,16.6015625
4824805,17.822265625
4824823,17.4560546875
4832958,19.53125
4836177,16.357421875
4881968,20.3857421875
4882035,16.845703125
4905422,26.9775390625
4905470,51.08642578125
4905487,20.08056640625
4905521,40.22216796875
4905543,22.4609375
4905565,42.90771484375
4905583,31.3720703125
4905625,23.5595703125
4905642,23.01025390625
4905674,17.27294921875
4905720,17.15087890625
4905780,16.9677734375
4906034,24.10888671875
4906378,29.541015625
4906461,17.08984375
4906582,16.54052734375
4906725,27.64892578125
4906935,18.9208984375
4907220,22.27783203125
4907497,19.95849609375
4908428,18.12744140625
4910413,17.76123046875
4913710,16.90673828125
4920770,24.4140625
4923544,17.7001953125
4927217,19.53125
4930829,16.7236328125
4931926,22.705078125
4938495,17.51708984375
4940484,17.15087890625
4941084,26.06201171875
4943037,16.9677734375
4946308,27.34375
4946772,18.37158203125
4947739,17.76123046875
4951353,22.8271484375
4951727,19.47021484375
4954329,16.2353515625
4955012,22.0947265625
4955025,19.59228515625
4956029,23.62060546875
4956146,16.29638671875
4956306,16.2353515625
4956786,23.92578125
4958030,18.49365234375
4958283,25.634765625
4958317,17.2119140625
4958335,20.32470703125
4959512,19.775390625
4962360,18.00537109375
4962416,28.74755859375
4962445,18.00537109375
4964309,26.18408203125
4965454,17.7001953125
4965695,16.357421875
4965730,20.08056640625
4966109,24.4140625
4966183,25.93994140625
4966398,28.50341796875
4966409,27.4658203125
4966433,24.169921875
4966457,20.263671875
4966488,26.18408203125
4966506,31.43310546875
4966524,20.1416015625
4966540,19.8974609375
4966577,18.73779296875
4966595,21.240234375
4970761,28.25927734375
4970790,18.85986328125
4970805,60.24169921875
4970829,25.81787109375
4970855,18.4326171875
4970883,24.2919921875
4970916,28.80859375
4970947,26.85546875
4970978,50.4150390625
4970989,19.95849609375
4971015,22.0947265625
4971029,28.86962890625
4971067,24.90234375
4971091,18.12744140625
4971108,30.6396484375
4971131,18.85986328125
4971169,19.287109375
4971239,20.99609375
4971263,21.17919921875
4977867,16.357421875
4977894,16.54052734375
4977929,51.08642578125
4977942,25.57373046875
4977975,31.6162109375
4977996,34.24072265625
4978014,35.46142578125
4978033,25.81787109375
4978046,37.41455078125
4978074,22.76611328125
4978102,32.71484375
4978120,17.2119140625
4978148,23.86474609375
4978185,38.87939453125
4978212,25.0244140625
4978243,21.66748046875
4978269,33.935546875
4978294,22.3388671875
4978315,25.81787109375
4978340,40.34423828125
4978366,18.00537109375
4978376,23.0712890625
4978516,16.7236328125
4978551,18.06640625
4978578,18.5546875
4978617,20.3857421875
4978645,20.3857421875
4978714,20.1416015625
4978763,22.5830078125
4978831,22.216796875
4978843,16.41845703125
4978960,17.7001953125
4979162,16.6015625
4985704,18.06640625
4985837,21.484375
4985956,25.93994140625
4986026,20.5078125
4986045,16.29638671875
4987374,20.01953125
4987806,23.92578125
4988347,18.06640625
4989919,19.04296875
4990566,18.49365234375
4991043,18.00537109375
4993667,17.39501953125
4993983,20.3857421875
4995085,22.52197265625
4995213,16.54052734375
4996382,23.0712890625
4999040,16.29638671875
4999103,24.0478515625
4999131,26.2451171875
4999169,18.98193359375
4999180,35.94970703125
4999306,16.54052734375
5000504,17.4560546875
5000622,27.03857421875
5001198,18.98193359375
5001304,20.3857421875
5001577,24.169921875
5002939,21.91162109375
5004261,17.333984375
5005224,16.4794921875
5005931,17.822265625
5007342,25.634765625
5007571,23.0712890625
5010825,20.5078125
5011116,18.00537109375
5078740,22.216796875
5078786,24.10888671875
5078821,29.72412109375
5078836,18.61572265625
5078847,40.34423828125
5078872,18.12744140625
5078895,30.517578125
5078945,20.32470703125
5078981,18.4326171875
5078999,20.32470703125
5128930,17.88330078125
5128964,18.00537109375
5128996,93.81103515625
5129024,23.98681640625
5129035,18.9208984375
5129061,34.85107421875
5129077,36.62109375
5129105,26.67236328125
5129139,59.14306640625
5129150,47.18017578125
5129190,40.4052734375
5129223,56.09130859375
5129265,29.1748046875
5129275,33.935546875
5129314,20.99609375
5129327,29.78515625
5129359,17.08984375
5129400,25.08544921875
5129490,21.3623046875
5129520,25.5126953125
5129577,18.00537109375
5129677,28.564453125
5129758,22.4609375
5129825,18.1884765625
5129847,17.578125
5129947,26.18408203125
5130048,17.88330078125
5130079,20.01953125
5130226,25.45166015625
5130275,21.17919921875
5131030,25.81787109375
5135101,17.08984375
5137902,16.29638671875
5138364,16.90673828125
5139705,18.310546875
5140065,16.41845703125
5140183,17.7001953125
5149204,22.4609375
5149231,20.3857421875
5149270,16.29638671875
5149299,22.27783203125
5149309,28.50341796875
5149342,23.37646484375
5149369,22.52197265625
5149471,18.85986328125
5149504,22.216796875
5149565,18.6767578125
5149606,16.9677734375
5149637,17.39501953125
5149718,22.64404296875
5149800,16.845703125
5149926,16.845703125
5150203,16.845703125
5150251,17.822265625
5176778,17.333984375
5176908,17.9443359375
5176951,22.3388671875
5176961,20.1416015625
5177000,25.69580078125
5177015,24.90234375
5177048,17.02880859375
5177090,26.30615234375
5177247,16.78466796875
5177476,16.41845703125
5177517,17.333984375
5206772,16.78466796875
5206814,21.91162109375
5206830,34.5458984375
5206868,27.9541015625
5206896,20.69091796875
5206911,22.216796875
5206932,19.47021484375
5206984,19.71435546875
5207025,20.44677734375
5207345,16.2353515625
5207579,17.88330078125
5233696,17.7001953125
5233735,16.9677734375
5233745,31.06689453125
5233823,20.6298828125
5233990,18.49365234375
5234047,16.41845703125
5234348,16.6015625
5234578,16.66259765625
5234658,16.66259765625
5234688,17.9443359375
5260251,25.5126953125
5260287,19.22607421875
5260367,17.578125
5260476,17.39501953125
5261041,16.6015625
5261098,20.99609375
5261130,20.69091796875
5278482,17.7001953125
5279376,24.35302734375
5279394,16.9677734375
5279413,36.9873046875
5279456,23.86474609375
5279467,16.845703125
5302969,16.29638671875
5303002,23.92578125
5303086,17.822265625
5329613,16.90673828125
5329637,17.02880859375
5329651,22.3388671875
5329671,21.484375
5329698,25.81787109375
5329716,18.310546875
5329768,23.193359375
5329823,27.83203125
5330060,18.1884765625
5355828,27.2216796875
5355868,24.90234375
5355909,22.15576171875
5356322,17.39501953125
5356651,16.357421875
5375194,24.169921875
5375360,23.01025390625
5376943,21.42333984375
5376974,17.39501953125
5377521,18.61572265625
5408755,25.634765625
5408823,17.88330078125
5409472,16.66259765625
5409641,17.2119140625
5409684,22.64404296875
5409737,40.1611328125
5409751,17.333984375
5409788,29.11376953125
5409804,21.42333984375
5409830,16.90673828125
5409850,27.83203125
5409870,30.76171875
5409913,17.27294921875
5409950,18.6767578125
5412783,18.06640625
5413108,21.17919921875
5413127,19.47021484375
5413159,18.00537109375
5413246,29.052734375
5413576,16.2353515625
5414161,17.51708984375
5414179,18.49365234375
5414982,17.39501953125
5416305,18.37158203125
5416429,17.822265625
5465249,18.6767578125
5466747,20.69091796875
5468378,18.37158203125
5469446,19.47021484375
5469477,28.86962890625
5469501,27.03857421875
5469515,39.00146484375
5469555,27.64892578125
5469592,23.8037109375
5469605,21.728515625
5469804,16.2353515625
5498478,18.37158203125
5498606,20.93505859375
5498622,20.263671875
5498661,25.81787109375
5498713,16.4794921875
5498729,24.10888671875
5498752,19.1650390625
5498769,24.0478515625
5498789,27.9541015625
5498818,29.541015625
5498832,21.78955078125
5498867,26.06201171875
5498894,23.98681640625
5498919,25.20751953125
5498933,23.0712890625
5498981,20.81298828125
5527476,18.61572265625
5530156,16.66259765625
5530171,20.08056640625
5530187,42.3583984375
5530209,21.8505859375
5530227,32.5927734375
5530249,44.00634765625
5530271,16.7236328125
5530309,23.4375
5530338,26.67236328125
5530366,23.5595703125
5549794,16.6015625
5555564,16.66259765625
5555595,59.4482421875
5555607,21.484375
5555628,26.06201171875
5555638,37.7197265625
5555659,17.7001953125
5555674,23.0712890625
5555688,18.5546875
5555712,32.04345703125
5555734,29.6630859375
5555753,23.01025390625
5555765,32.958984375
5555779,19.34814453125
5555803,39.4287109375
5555831,28.80859375
5555858,16.90673828125
5555890,25.32958984375
5555915,18.06640625
5555935,17.27294921875
5555996,22.705078125
5556026,18.49365234375
5556065,16.4794921875
5556080,20.263671875
5556102,18.6767578125
5556193,16.2353515625
5556291,29.78515625
5556374,18.49365234375
5556414,18.9208984375
5556474,18.06640625
5556521,17.88330078125
5556626,21.91162109375
5556682,18.61572265625
5556712,20.1416015625
5556802,16.6015625
5556905,28.076171875
5557050,16.54052734375
5558043,17.333984375
5558304,24.4140625
5559243,16.29638671875
5559282,16.2353515625
5559415,16.357421875
5559577,16.7236328125
5559696,17.2119140625
5559895,18.12744140625
5559908,16.41845703125
5560099,17.15087890625
5560219,17.822265625
5560378,16.9677734375
5560461,18.12744140625
5560615,16.66259765625
5560912,19.22607421875
5561211,19.95849609375
5561257,25.7568359375
5561412,19.8974609375
5562769,16.7236328125
5562935,22.5830078125
5563072,16.41845703125
5563521,17.39501953125
5563672,17.39501953125
5564786,20.93505859375
5565296,19.10400390625
5566781,18.85986328125
5567453,16.4794921875
5569208,19.22607421875
5569530,16.78466796875
5570220,22.76611328125
5570375,22.3388671875
5570772,20.751953125
5571448,17.27294921875
5571494,16.2353515625
5575842,19.8974609375
5578539,16.29638671875
5580252,17.76123046875
5580282,32.89794921875
5580540,16.54052734375
5618090,20.263671875
5618129,23.01025390625
5618144,61.46240234375
5618161,16.6015625
5618173,43.51806640625
5618197,40.46630859375
5618214,16.7236328125
5618234,25.81787109375
5618252,22.216796875
5618282,19.83642578125
5618296,18.37158203125
5618339,16.78466796875
5618457,18.5546875
5618500,26.123046875
5618600,17.15087890625
5619248,16.54052734375
5642316,22.705078125
5642450,16.66259765625
5642513,17.02880859375
5642542,32.3486328125
5642588,36.43798828125
5642618,17.578125
5642646,24.59716796875
5642662,18.00537109375
5642707,49.49951171875
5642719,16.66259765625
5642740,22.216796875
5642773,38.02490234375
5642810,16.90673828125
5642850,22.03369140625
5666785,17.08984375
5666806,27.587890625
5666827,58.2275390625
5666840,52.55126953125
5666869,45.47119140625
5666903,41.32080078125
5666919,34.66796875
5666958,33.87451171875
5666981,38.75732421875
5666998,19.287109375
5667031,30.45654296875
5667065,20.5078125
5667086,19.22607421875
5667099,17.51708984375
5667119,17.63916015625
5667144,16.6015625
5667170,17.63916015625
5667232,23.3154296875
5667293,41.748046875
5667361,17.02880859375
5667372,23.193359375
5667405,20.32470703125
5667425,17.15087890625
5667494,19.04296875
5667514,23.74267578125
5667526,24.658203125
5667564,18.49365234375
5667580,16.41845703125
5667621,18.12744140625
5667649,18.4326171875
5667678,18.06640625
5667698,16.7236328125
5667735,18.5546875
5667760,17.27294921875
5667805,18.00537109375
5667883,17.15087890625
5668065,17.02880859375
5668170,16.845703125
5668798,22.3388671875
5670650,18.85986328125
5671444,17.39501953125
5671618,16.66259765625
5671792,19.71435546875
5671923,16.29638671875
5672139,16.78466796875
5672621,18.12744140625
5672763,17.15087890625
5673000,17.08984375
5674034,23.3154296875
5674220,17.76123046875
5674838,16.54052734375
5675768,17.08984375
5676268,16.4794921875
5678120,16.357421875
5678844,16.357421875
5679218,16.9677734375
5680546,16.54052734375
5680768,18.61572265625
5680852,18.61572265625
5680914,16.29638671875
5681080,17.578125
5681137,17.822265625
5681280,16.9677734375
5681554,20.93505859375
5681617,16.54052734375
5682410,16.2353515625
5682626,18.9208984375
5682802,16.29638671875
5692392,26.06201171875
5692419,36.43798828125
5692451,39.36767578125
5692465,16.9677734375
5692493,24.658203125
5692522,31.31103515625
5692561,33.14208984375
5692580,19.34814453125
5692607,16.54052734375
5692639,18.12744140625
5692670,19.4091796875
5692698,24.0478515625
5692710,18.00537109375
5692786,18.00537109375
5692829,24.71923828125
5693036,18.12744140625
5693340,29.9072265625
5724073,21.728515625
5724090,50.23193359375
5724123,32.2265625
5724144,48.7060546875
5724169,40.71044921875
5724190,34.85107421875
5724211,30.8837890625
5724237,31.6162109375
5724261,23.5595703125
5724279,18.12744140625
5724303,27.099609375
5724320,20.99609375
5724341,17.39501953125
5724360,18.310546875
5724408,25.81787109375
5724496,18.24951171875
5724533,19.71435546875
5724547,16.66259765625
5724661,19.6533203125
5724696,23.86474609375
5724712,18.12744140625
5724731,18.6767578125
5724772,18.61572265625
5724796,16.29638671875
5724828,17.51708984375
5724841,25.0244140625
5724870,16.4794921875
5724897,20.3857421875
5724925,18.24951171875
5725079,18.6767578125
5725693,17.578125
5726333,16.41845703125
5727878,16.6015625
5728382,18.49365234375
5728616,22.216796875
5729116,19.71435546875
5729369,18.24951171875
5730967,16.4794921875
5733647,20.263671875
5734881,16.2353515625
5735222,17.08984375
5735833,18.06640625
5735964,16.2353515625
5749355,16.29638671875
5749395,19.287109375
5749408,44.25048828125
5749439,50.59814453125
5749471,43.45703125
5749488,29.9072265625
5749527,31.73828125
5749537,29.11376953125
5749567,23.0712890625
5749591,41.50390625
5749608,25.45166015625
5749625,27.34375
5749638,21.6064453125
5749664,18.310546875
5749686,25.87890625
5749699,30.57861328125
5749725,22.52197265625
5749745,24.71923828125
5749786,27.587890625
5749992,21.484375
5750004,18.73779296875
5750118,23.0712890625
5750717,23.4375
5753169,17.15087890625
5754316,18.37158203125
5754569,17.2119140625
5754683,21.240234375
5754802,16.78466796875
5754935,16.357421875
5756363,17.15087890625
5757500,16.7236328125
5758267,17.822265625
5758317,20.69091796875
5760080,16.4794921875
5762448,16.41845703125
5800847,16.2353515625
5800865,84.716796875
5800892,38.51318359375
5800904,48.2177734375
5800934,20.751953125
5800954,38.39111328125
5800973,31.79931640625
5801007,28.1982421875
5801033,16.6015625
5801065,28.01513671875
5801133,21.484375
5801189,22.216796875
5801231,17.02880859375
5801252,22.0947265625
5801279,30.2734375
5801293,19.71435546875
5801325,21.1181640625
5801347,23.37646484375
5801400,22.705078125
5801423,22.94921875
5801483,20.69091796875
5801538,22.0947265625
5801582,18.00537109375
5801617,23.62060546875
5801642,21.6064453125
5801670,19.47021484375
5801762,17.27294921875
5801859,18.9208984375
5801917,24.0478515625
5801950,17.9443359375
5801960,16.9677734375
5802045,17.15087890625
5802130,17.27294921875
5802238,16.4794921875
5806612,16.41845703125
5807371,17.51708984375
5807878,18.5546875
5809198,17.76123046875
5810025,19.4091796875
5810045,19.22607421875
5810464,18.9208984375
5810844,16.41845703125
5812448,16.66259765625
5812837,16.78466796875
5816699,17.27294921875
5817473,18.73779296875
5817902,19.83642578125
5856079,19.04296875
5856100,84.53369140625
5856129,33.3251953125
5856152,31.8603515625
5856178,41.1376953125
5856200,42.54150390625
5856220,18.1884765625
5856251,39.36767578125
5856269,46.32568359375
5856301,17.63916015625
5856311,40.10009765625
5856335,39.85595703125
5856347,17.333984375
5856363,16.78466796875
5856376,17.02880859375
5856411,21.484375
5856428,17.88330078125
5856485,19.22607421875
5856508,23.62060546875
5856607,22.3388671875
5856626,16.4794921875
5856683,18.98193359375
5856703,27.28271484375
5856739,19.04296875
5856758,17.9443359375
5856974,19.53125
5859762,16.4794921875
5860217,17.822265625
5860666,17.51708984375
5861117,17.51708984375
5861865,17.39501953125
5861992,16.66259765625
5905784,30.33447265625
5905808,90.27099609375
5905830,31.79931640625
5905846,41.50390625
5905864,20.93505859375
5905896,30.8837890625
5905913,49.31640625
5905929,26.4892578125
5905952,38.2080078125
5905966,29.47998046875
5905999,45.59326171875
5906022,18.06640625
5906049,20.1416015625
5906079,25.69580078125
5906131,18.61572265625
5906144,18.49365234375
5906228,29.11376953125
5906260,18.12744140625
5906353,16.7236328125
5906371,16.357421875
5906602,18.1884765625
5908935,16.357421875
5909097,16.7236328125
5909234,20.5078125
5909383,18.4326171875
5909797,16.41845703125
5910079,19.775390625
5910351,18.9208984375
5910496,16.2353515625
5911049,18.12744140625
5912389,16.2353515625
5912798,19.71435546875
5913750,17.15087890625
5930162,18.9208984375
5930174,21.240234375
5930198,62.68310546875
5930217,29.96826171875
5930237,26.42822265625
5930256,24.71923828125
5930280,31.982421875
5930302,30.70068359375
5930314,35.5224609375
5930353,17.2119140625
5930369,20.99609375
5930388,29.84619140625
5930409,24.7802734375
5930441,23.0712890625
5930541,17.39501953125
5930598,18.00537109375
5930694,19.04296875
5930719,23.92578125
5931514,19.287109375
5932041,16.29638671875
5932858,17.27294921875
5933367,16.9677734375
5933379,17.76123046875
5934727,16.845703125
5935192,17.88330078125
5988982,23.01025390625
5989030,22.0947265625
5989046,23.193359375
5989092,27.34375
5989156,20.56884765625
5989375,17.822265625
5989769,20.81298828125
6022452,18.61572265625
6022621,19.47021484375
6023466,18.00537109375
6044270,18.49365234375
6044315,18.49365234375
6044366,17.578125
6044409,18.12744140625
6044424,17.63916015625
6044453,23.86474609375
6068999,20.08056640625
6069103,18.37158203125
6069152,23.13232421875
6069181,24.7802734375
6069191,21.42333984375
6069227,19.34814453125
6093178,18.12744140625
6111181,24.0478515625
6111220,16.4794921875
6111244,18.73779296875
6111263,16.78466796875
6111295,28.62548828125
6111326,19.287109375
6111367,23.13232421875
6111388,21.240234375
6111433,16.357421875
6111453,16.54052734375
6111577,17.27294921875
6111870,16.41845703125
6111985,17.333984375
6112405,16.4794921875
6112656,17.39501953125
6113101,19.10400390625
6113471,16.29638671875
6115926,16.7236328125
6116922,16.357421875
6120080,17.27294921875
6120207,16.2353515625
6171861,19.04296875
6171946,37.90283203125
6171967,21.1181640625
6172009,18.9208984375
6172041,23.13232421875
6172063,22.76611328125
6172076,24.0478515625
6172106,18.6767578125
6172142,21.42333984375
6172204,35.888671875
6172368,17.08984375
6172611,17.2119140625
6172688,20.263671875
6172886,21.1181640625
6172921,17.7001953125
6173360,16.7236328125
6175334,16.66259765625
6176689,16.357421875
6198393,18.24951171875
6220246,16.357421875
6221901,17.76123046875
6223246,19.22607421875
6227483,17.9443359375
6232937,16.7236328125
6237473,17.578125
6246681,26.55029296875
6246718,16.7236328125
6246757,22.8271484375
6249567,17.76123046875
6249701,33.02001953125
6249836,18.310546875
6249849,27.83203125
6250026,26.0009765625
6251484,16.54052734375
6255942,21.3623046875
6256054,28.38134765625
6256103,25.146484375
6256148,26.7333984375
6256231,29.4189453125
6261128,17.7001953125
6261161,16.7236328125
6261171,30.029296875
6261212,20.1416015625
6261246,16.6015625
6261265,18.00537109375
6261299,42.6025390625
6261315,18.12744140625
6261345,19.1650390625
6261363,23.193359375
6261393,18.98193359375
6261482,30.45654296875
6264623,16.2353515625
6267844,18.73779296875
6273685,16.357421875
6276507,24.47509765625
6276598,24.35302734375
6276680,26.9775390625
6421760,17.08984375
6422204,19.83642578125
6425899,18.06640625
6426028,19.1650390625
6456850,17.51708984375
6456881,17.08984375
6456918,32.2265625
6456961,28.01513671875
6456992,22.94921875
6457059,16.9677734375
6506253,17.02880859375
6506321,24.59716796875
6506356,29.052734375
6506374,20.6298828125
6506392,17.2119140625
6506405,28.01513671875
6507381,18.61572265625
6508012,16.66259765625
6508152,22.15576171875
6508739,16.90673828125
6508984,16.29638671875
6510426,17.02880859375
6512544,16.90673828125
6512991,17.333984375
6521105,17.08984375
6531181,17.333984375
6536877,16.7236328125
6538112,17.02880859375
6540535,16.29638671875
6541237,16.41845703125
6562948,17.27294921875
6565650,16.9677734375
6584093,17.51708984375
6584126,34.7900390625
6584154,53.5888671875
6584180,43.51806640625
6584196,31.79931640625
6584217,19.287109375
6584229,37.4755859375
6584250,20.69091796875
6584305,29.72412109375
6600067,17.08984375
6605081,16.7236328125
6605878,16.29638671875
6606507,17.02880859375
6616442,17.15087890625
6621163,18.24951171875
6621210,35.64453125
6621225,17.51708984375
6621239,20.01953125
6621252,26.7333984375
6621279,18.1884765625
6621312,55.96923828125
6621338,21.8505859375
6621359,22.0947265625
6621385,38.0859375
6621422,25.08544921875
6621432,23.25439453125
6622087,18.00537109375
6622265,17.7001953125
6622410,19.22607421875
6622667,20.32470703125
6622790,16.357421875
6623098,26.55029296875
6623159,16.41845703125
6624874,16.90673828125
6625237,17.51708984375
6626355,16.2353515625
6626833,17.39501953125
6629962,17.08984375
6656003,19.4091796875
6669052,20.99609375
6680209,21.17919921875
6680240,18.310546875
6680282,33.38623046875
6680316,18.61572265625
6680334,29.96826171875
6680355,27.52685546875
6680374,16.54052734375
6680395,34.0576171875
6680414,27.83203125
6680441,28.13720703125
6680479,18.9208984375
6680524,19.95849609375
6680557,19.83642578125
6680575,16.9677734375
6680855,26.2451171875
6682015,17.76123046875
6684998,19.47021484375
6688151,17.9443359375
6689841,17.4560546875
6696776,16.9677734375
6702709,16.78466796875
6702734,24.2919921875
6702772,17.63916015625
6702817,25.634765625
6702867,23.74267578125
6702898,18.73779296875
6702975,21.66748046875
6703004,28.076171875
6703032,22.15576171875
6703044,23.4375
6705823,37.78076171875
6705853,17.76123046875
6705880,43.15185546875
6705893,20.8740234375
6705925,17.4560546875
6705948,17.02880859375
6705970,55.17578125
6705997,18.00537109375
6706023,24.4140625
6706045,25.57373046875
6706056,26.7333984375
6706094,27.099609375
6706134,16.845703125
6706201,17.27294921875
6715648,19.10400390625
6716409,17.51708984375
6717667,17.578125
6720697,16.357421875
6722865,17.39501953125
6723394,16.2353515625
6723459,16.7236328125
6723469,27.587890625
6723490,22.216796875
6723515,30.94482421875
6723540,24.2919921875
6723558,21.97265625
6723568,20.44677734375
6723578,20.44677734375
6723591,48.76708984375
6723624,40.22216796875
6723657,36.376953125
6723671,35.46142578125
6723717,37.109375
6723750,46.7529296875
6723779,31.31103515625
6723798,22.27783203125
6723834,37.65869140625
6723905,30.3955078125
6723953,21.240234375
6724028,18.1884765625
6724173,19.83642578125
6724225,16.6015625
6724245,19.34814453125
6724323,18.00537109375
6724365,16.29638671875
6724568,33.935546875
6724657,26.0009765625
6725607,16.66259765625
6732166,24.23095703125
6732235,18.00537109375
6732386,16.90673828125
6732612,16.29638671875
6732642,22.39990234375
6732677,27.64892578125
6732726,16.845703125
6733305,23.193359375
6733561,22.76611328125
6733791,17.333984375
6733942,16.41845703125
6734129,18.310546875
6734233,21.17919921875
6734527,21.484375
6734732,19.59228515625
6735927,18.798828125
6738397,18.798828125
6738651,16.54052734375
6739321,18.798828125
6739407,31.31103515625
6745353,25.634765625
6745375,17.51708984375
6745589,25.87890625
6745653,23.5595703125
6745850,23.25439453125
6746101,18.1884765625
6746380,16.7236328125
6746401,17.822265625
6809497,19.22607421875
6809650,17.578125
6809671,16.66259765625
6809713,29.96826171875
6809727,17.63916015625
6809756,26.67236328125
6809802,25.69580078125
6809837,18.37158203125
6809883,21.240234375
6810060,16.7236328125
6838869,18.37158203125
6838930,20.751953125
6838948,25.20751953125
6838981,18.12744140625
6839036,17.4560546875
6839086,21.05712890625
6866132,21.91162109375
6866257,22.5830078125
6890696,16.78466796875
6890722,17.578125
6890750,16.7236328125
6890773,19.53125
6890835,30.57861328125
6890968,17.4560546875
6891197,16.4794921875
6891300,16.54052734375
6892885,20.81298828125
6892927,32.71484375
6892941,35.0341796875
6892972,35.21728515625
6892983,17.333984375
6893029,16.9677734375
6893050,23.8037109375
6893776,16.54052734375
6922614,19.04296875
6922677,16.66259765625
6922751,23.98681640625
6923462,16.41845703125
6923668,21.54541015625
6923701,34.36279296875
6923731,16.41845703125
6923754,25.390625
6923838,16.9677734375
6924164,16.7236328125
6946672,22.0947265625
6946732,26.123046875
6946794,39.6728515625
6946834,23.37646484375
6946875,22.8271484375
6946934,19.4091796875
6973988,16.357421875
6974107,18.5546875
6974873,18.4326171875
6975088,18.24951171875
6975680,25.146484375
6975820,22.5830078125
6975892,21.484375
6975954,20.01953125
6976083,18.6767578125
6976134,17.7001953125
6976244,21.54541015625
6976259,20.01953125
6976438,18.798828125
6976680,23.3154296875
6992341,19.287109375
6998595,16.4794921875
7011270,20.5078125
7011373,35.94970703125
7011419,23.8037109375
7019078,21.484375
7019110,27.7099609375
7019124,28.74755859375
7019149,32.16552734375
7019167,37.353515625
7019188,18.5546875
7019219,24.5361328125
7019255,17.2119140625
7019333,16.29638671875
7042058,17.39501953125
7042083,20.3857421875
7042109,28.38134765625
7042142,25.32958984375
7042185,24.23095703125
7042202,18.06640625
7042222,16.845703125
7042238,17.7001953125
7042332,18.5546875
7065053,26.85546875
7065086,22.3388671875
7065105,27.099609375
7065123,18.798828125
7065161,24.2919921875
7065200,16.845703125
7065266,17.39501953125
7065387,17.578125
7099352,17.39501953125
7105505,18.24951171875
7105628,16.7236328125
7106395,16.29638671875
7106704,23.3154296875
7106727,17.63916015625
7106748,28.01513671875
7106786,30.45654296875
7106826,33.26416015625
7106917,18.85986328125
7106935,20.01953125
7127001,21.78955078125
7127582,16.9677734375
7132062,17.822265625
7132102,26.79443359375
7132154,19.47021484375
7132204,18.73779296875
7132230,17.15087890625
7132377,16.54052734375
7148917,41.68701171875
7148962,18.61572265625
7169822,18.12744140625
7169979,20.5078125
7170673,33.99658203125
7170689,41.259765625
7170701,20.3857421875
7170715,41.8701171875
7170748,38.39111328125
7170771,33.203125
7170782,29.96826171875
7170809,16.29638671875
7170836,18.798828125
7170862,16.4794921875
7180239,18.24951171875
7184901,24.84130859375
7184962,17.15087890625
7185029,16.4794921875
7185141,18.73779296875
7185255,32.28759765625
7185293,22.216796875
7185309,32.40966796875
7185380,26.123046875
7186346,22.52197265625
7186365,18.9208984375
7186402,20.56884765625
7186453,16.845703125
7186941,16.54052734375
7187206,16.29638671875
7207349,35.58349609375
7207374,43.51806640625
7207400,28.99169921875
7207411,20.32470703125
7207424,35.58349609375
7207467,39.36767578125
7207512,26.67236328125
7207538,28.50341796875
7207570,37.841796875
7207608,17.02880859375
7207642,18.00537109375
7216843,18.49365234375
7217847,16.357421875
7218027,16.6015625
7218284,16.66259765625
7219016,16.66259765625
7225250,16.29638671875
7225683,19.1650390625
7228217,21.66748046875
7230187,26.91650390625
7230219,37.59765625
7230246,63.78173828125
7230273,36.62109375
7230293,24.7802734375
7230317,43.5791015625
7230337,18.73779296875
7230349,26.0009765625
7230366,22.76611328125
7230382,58.04443359375
7230413,28.62548828125
7230438,28.25927734375
7230465,34.97314453125
7230492,18.9208984375
7230528,33.5693359375
7230564,21.3623046875
7230596,31.494140625
7230622,17.822265625
7230638,16.357421875
7230662,24.90234375
7230696,20.81298828125
7230718,18.61572265625
7230794,18.5546875
7231053,16.357421875
7231142,18.798828125
7231203,18.4326171875
7231564,19.287109375
7231885,21.78955078125
7232356,21.17919921875
7233962,17.15087890625
7234277,17.333984375
7234720,18.85986328125
7234752,17.15087890625
7235170,16.29638671875
7235356,16.41845703125
7235492,16.78466796875
7235951,17.27294921875
7237942,16.29638671875
7238082,18.310546875
7238367,18.4326171875
7239316,26.42822265625
7240427,18.85986328125
7240876,17.51708984375
7241125,18.49365234375
7241794,19.775390625
7241901,19.287109375
7242077,18.00537109375
7242259,17.88330078125
7242451,23.74267578125
7242660,16.9677734375
7243016,17.333984375
7243055,16.845703125
7243534,17.4560546875
7243734,16.9677734375
7243888,17.15087890625
7244111,16.54052734375
7244342,17.02880859375
7244474,17.63916015625
7244937,17.39501953125
7245182,17.15087890625
7246128,17.4560546875
7246301,19.8974609375
7246698,20.01953125
7247187,17.578125
7247341,16.54052734375
7247872,17.39501953125
7249128,17.4560546875
7250145,17.63916015625
7253296,18.5546875
7253382,16.2353515625
7253535,19.287109375
7253574,16.357421875
7253584,23.49853515625
7253692,27.64892578125
7253819,18.61572265625
7253850,16.9677734375
7253920,17.76123046875
7254674,20.3857421875
7255484,16.7236328125
7255813,17.7001953125
7264140,23.4375
7264168,29.052734375
7264206,28.25927734375
7264222,18.5546875
7264278,26.0009765625
7264293,25.634765625
7264307,33.203125
7264338,21.484375
7264374,24.2919921875
7264401,34.1796875
7264566,18.4326171875
7264586,31.25
7264617,19.34814453125
7264822,29.11376953125
7264874,16.7236328125
7265359,16.2353515625
7291756,29.11376953125
7291774,50.29296875
7291811,18.12744140625
7291825,17.02880859375
7291854,19.59228515625
7291876,38.87939453125
7291887,37.9638671875
7291916,23.92578125
7291937,30.3955078125
7291961,38.57421875
7291976,25.0244140625
7291992,25.5126953125
7292018,22.39990234375
7292111,24.23095703125
7292123,27.03857421875
7314899,20.263671875
7314921,19.04296875
7314939,20.99609375
7314961,27.099609375
7315002,25.69580078125
7315036,27.7099609375
7315048,35.94970703125
7315060,36.7431640625
7315086,31.06689453125
7315102,31.06689453125
7315129,31.06689453125
7315147,17.15087890625
7315164,29.60205078125
7315183,29.9072265625
7315197,16.7236328125
7315211,19.59228515625
7315227,25.20751953125
7315265,35.21728515625
7315301,23.74267578125
7315315,16.78466796875
7315353,23.62060546875
7315372,20.08056640625
7315413,16.90673828125
7315478,20.44677734375
7315523,27.89306640625
7315538,20.20263671875
7315604,17.76123046875
7315715,24.71923828125
7315733,20.1416015625
7315758,22.03369140625
7315833,20.69091796875
7315850,21.05712890625
7315933,16.7236328125
7316087,25.7568359375
7316114,16.6015625
7316190,17.39501953125
7316766,17.08984375
7316995,18.4326171875
7319614,17.9443359375
7320289,18.61572265625
7321209,16.2353515625
7321339,16.2353515625
7321450,19.47021484375
7321541,18.24951171875
7321623,18.9208984375
7321811,16.41845703125
7321893,21.05712890625
7322804,18.9208984375
7323809,16.78466796875
7324350,16.41845703125
7324738,17.7001953125
7325168,17.9443359375
7326756,16.845703125
7326819,23.98681640625
7329467,26.611328125
7331218,16.4794921875
7334137,16.6015625
7359532,18.98193359375
7359548,32.89794921875
7359560,26.9775390625
7359574,43.64013671875
7359608,38.0859375
7359621,26.91650390625
7359644,37.04833984375
7359668,36.56005859375
7359679,28.80859375
7359701,19.4091796875
7359735,49.4384765625
7359764,36.68212890625
7359786,30.2734375
7359801,26.67236328125
7359823,18.24951171875
7359833,29.72412109375
7359860,24.47509765625
7359887,20.20263671875
7359900,28.6865234375
7359931,16.9677734375
7359974,18.798828125
7360009,16.90673828125
7360048,20.3857421875
7360139,25.634765625
7360154,17.76123046875
7360171,21.97265625
7360210,28.38134765625
7360246,23.13232421875
7360297,18.310546875
7360312,20.93505859375
7360371,18.61572265625
7360466,17.02880859375
7360486,22.03369140625
7360571,16.78466796875
7361041,16.78466796875
7361209,17.76123046875
7365316,18.310546875
7365455,16.90673828125
7365511,18.12744140625
7365717,18.6767578125
7365753,19.04296875
7366050,18.9208984375
7366173,16.54052734375
7366269,20.93505859375
7369792,16.41845703125
7370057,17.822265625
7370138,18.00537109375
7370312,17.51708984375
7370505,18.1884765625
7370571,16.4794921875
7370998,18.85986328125
7371304,16.4794921875
7371770,17.333984375
7374065,16.7236328125
7375567,16.78466796875
7376131,17.63916015625
7376387,22.76611328125
7378713,16.90673828125
7380176,29.60205078125
7380237,19.1650390625
7380360,17.27294921875
7380680,16.29638671875
7382026,16.9677734375
7382497,19.83642578125
7382920,19.4091796875
7383291,23.37646484375
7383941,17.7001953125
7385398,17.15087890625
7386047,24.5361328125
7386527,16.90673828125
7389080,19.83642578125
7389155,18.49365234375
7392330,16.78466796875
7392403,16.9677734375
7392437,16.41845703125
7392464,24.0478515625
7392479,31.25
7392495,21.78955078125
7392572,20.263671875
7393138,18.4326171875
7394240,18.24951171875
7426162,16.845703125
7426180,17.02880859375
7426205,19.47021484375
7426224,82.09228515625
7426257,63.3544921875
7426278,28.076171875
7426291,19.95849609375
7426306,17.4560546875
7426316,24.90234375
7426350,18.49365234375
7426370,23.8037109375
7426404,18.12744140625
7426451,17.15087890625
7426475,19.95849609375
7426508,21.3623046875
7426527,18.06640625
7426594,20.69091796875
7426611,16.7236328125
7426642,24.5361328125
7426662,21.8505859375
7426688,16.357421875
7426723,17.08984375
7426766,24.59716796875
7426826,27.64892578125
7426876,16.41845703125
7426923,26.18408203125
7426941,17.4560546875
7426984,23.193359375
7427017,18.5546875
7427069,18.1884765625
7427083,17.4560546875
7427136,16.66259765625
7427278,26.42822265625
7427288,17.7001953125
7427342,17.76123046875
7427503,18.1884765625
7427704,22.216796875
7430950,19.53125
7431277,20.1416015625
7431589,16.29638671875
7431992,17.4560546875
7433324,16.29638671875
7434436,16.845703125
7438960,16.357421875
7439349,17.08984375
7441009,16.7236328125
7441801,17.578125
7441827,17.333984375
7442093,17.76123046875
7444158,16.845703125
7444560,16.4794921875
7445878,16.6015625
7447500,16.845703125
7448463,16.4794921875
7448834,17.02880859375
7449138,17.88330078125
7451047,17.76123046875
7453087,24.7802734375
7456317,16.54052734375
7456367,17.39501953125
7456855,18.37158203125
7457192,17.63916015625
7483821,18.6767578125
7483859,25.0244140625
7483880,82.70263671875
7483901,52.6123046875
7483926,61.279296875
7483948,34.72900390625
7483969,37.17041015625
7483986,27.587890625
7484002,27.4658203125
7484029,26.3671875
7484059,33.63037109375
7484070,21.54541015625
7484104,21.78955078125
7484120,17.76123046875
7484151,19.71435546875
7484210,20.56884765625
7484263,21.17919921875
7484286,23.74267578125
7484331,17.822265625
7484357,17.2119140625
7484367,16.7236328125
7484425,34.5458984375
7484515,19.4091796875
7484541,21.54541015625
7484621,18.1884765625
7484697,17.578125
7484733,21.54541015625
7484757,18.85986328125
7484827,19.95849609375
7487622,17.51708984375
7487796,18.1884765625
7491130,16.78466796875
7491158,17.02880859375
7495494,16.54052734375
7496181,16.845703125
7498434,16.29638671875
7499467,17.15087890625
7500147,16.7236328125
7502220,17.822265625
7503765,16.4794921875
7550789,17.39501953125
7550802,19.59228515625
7550816,83.43505859375
7550860,50.537109375
7550878,34.11865234375
7550901,61.5234375
7550927,40.95458984375
7550944,31.005859375
7550959,37.59765625
7550987,33.99658203125
7551008,22.76611328125
7551053,16.9677734375
7551082,21.05712890625
7551097,17.63916015625
7551132,26.30615234375
7551156,26.30615234375
7551230,19.83642578125
7551262,22.94921875
7551287,21.54541015625
7551299,20.99609375
7551346,20.08056640625
7551368,23.0712890625
7551402,24.35302734375
7551424,21.240234375
7551460,26.06201171875
7551490,18.85986328125
7551519,16.9677734375
7551556,22.705078125
7551585,18.49365234375
7551662,20.99609375
7551700,20.8740234375
7551762,16.9677734375
7552018,20.20263671875
7552201,16.41845703125
7556174,18.310546875
7556318,17.08984375
7563185,20.44677734375
7575964,19.95849609375
7575978,25.45166015625
7575989,50.23193359375
7576020,34.11865234375
7576038,37.59765625
7576070,35.58349609375
7576089,37.109375
7576112,16.2353515625
7576132,27.34375
7576143,17.88330078125
7576170,28.25927734375
7576190,16.2353515625
7576316,19.8974609375
7576486,18.6767578125
7576608,18.12744140625
7576760,16.6015625
7577079,16.66259765625
7613180,25.7568359375
7613201,18.85986328125
7613227,19.47021484375
7613244,60.9130859375
7613285,26.9775390625
7613296,23.193359375
7613307,28.86962890625
7613346,26.2451171875
7613404,21.78955078125
7613438,16.66259765625
7613468,36.0107421875
7613480,48.2177734375
7613552,16.78466796875
7613694,19.95849609375
7613840,21.05712890625
7614315,21.3623046875
7615877,18.37158203125
7646341,17.27294921875
7646366,23.86474609375
7646383,22.15576171875
7646402,23.681640625
7646421,31.79931640625
7646449,20.69091796875
7646475,26.0009765625
7646493,24.71923828125
7646520,25.45166015625
7646542,29.35791015625
7646580,16.90673828125
7646664,17.27294921875
7646720,16.4794921875
7647079,20.32470703125
7647816,17.02880859375
7679877,20.3857421875
7679969,18.1884765625
7680066,21.1181640625
7680371,16.2353515625
7680718,20.81298828125
7681296,17.15087890625
7703847,16.90673828125
7704002,21.6064453125
7704183,18.5546875
7746721,19.04296875
7746792,31.31103515625
7746819,20.69091796875
7746852,25.390625
7746877,22.216796875
7746954,31.18896484375
7747015,16.7236328125
7777110,17.39501953125
7777525,16.41845703125
7777696,20.6298828125
7777848,16.41845703125
7779142,17.7001953125
7783649,16.66259765625
7783955,16.9677734375
7784720,19.1650390625
7787277,18.06640625
7787725,16.29638671875
7792671,18.37158203125
7793678,16.6015625
