7799001,0
40251,30.09033203125
40281,22.4609375
40294,48.40087890625
40336,50.048828125
40389,28.99169921875
40422,33.87451171875
40483,23.92578125
40500,31.982421875
40532,25.20751953125
40638,32.28759765625
40670,27.52685546875
40731,20.93505859375
40749,25.93994140625
40879,25.45166015625
40918,23.13232421875
40968,40.46630859375
41102,21.66748046875
41287,33.63037109375
41379,24.47509765625
41521,35.21728515625
41720,28.80859375
41783,24.169921875
42238,24.84130859375
42373,38.57421875
42515,37.53662109375
43105,27.03857421875
43137,37.65869140625
43666,20.99609375
43927,34.7900390625
43969,27.16064453125
44169,26.2451171875
44278,21.05712890625
44621,25.20751953125
44919,25.7568359375
45145,24.96337890625
45375,28.076171875
45481,21.54541015625
45732,26.7333984375
45877,39.61181640625
45926,27.2216796875
46272,23.4375
46331,26.2451171875
47071,24.35302734375
47320,23.8037109375
47519,23.3154296875
47573,23.92578125
47789,39.12353515625
47939,21.91162109375
48072,32.470703125
48134,22.4609375
48184,23.37646484375
48326,37.109375
48445,21.1181640625
48469,27.40478515625
48580,21.484375
48593,25.81787109375
48662,40.4052734375
48682,21.8505859375
48944,29.35791015625
49043,39.0625
49262,28.74755859375
49421,22.52197265625
49606,27.34375
49717,24.10888671875
49835,32.89794921875
50241,21.6064453125
50442,29.1748046875
50522,23.62060546875
50773,23.8037109375
50882,26.0009765625
51192,20.81298828125
51204,21.42333984375
51700,23.193359375
52154,20.8740234375
52420,20.99609375
52519,23.98681640625
52544,22.705078125
53239,22.27783203125
53554,38.14697265625
53644,23.681640625
54313,21.3623046875
54378,20.99609375
54508,22.216796875
54926,21.17919921875
103186,20.93505859375
103224,25.2685546875
103261,45.166015625
103278,38.51318359375
103318,32.8369140625
103328,39.6728515625
103357,26.7333984375
103371,22.216796875
103485,35.7666015625
103732,29.96826171875
104106,21.97265625
105625,29.72412109375
106672,29.96826171875
107645,29.052734375
107840,27.587890625
108029,21.1181640625
108370,23.681640625
108383,21.8505859375
108678,24.90234375
109484,21.728515625
109528,23.01025390625
109667,23.86474609375
109722,21.3623046875
144903,28.62548828125
144962,60.60791015625
145023,46.0205078125
145051,25.45166015625
145100,22.705078125
145134,34.24072265625
145282,35.33935546875
145301,31.43310546875
145363,23.3154296875
145429,21.78955078125
145471,37.53662109375
145495,26.06201171875
145562,22.4609375
145720,33.69140625
145817,36.19384765625
146310,34.66796875
146431,31.31103515625
146743,43.3349609375
146865,28.38134765625
146979,33.26416015625
147233,25.45166015625
147260,31.67724609375
147484,32.5927734375
147503,21.42333984375
147800,31.005859375
147839,37.65869140625
147866,25.32958984375
148129,25.390625
148145,23.3154296875
148240,33.87451171875
148352,23.01025390625
148449,28.25927734375
148650,29.6630859375
148710,21.66748046875
148874,23.4375
148956,21.6064453125
149043,21.240234375
149138,20.69091796875
149455,24.0478515625
149470,23.25439453125
149669,21.97265625
149719,23.681640625
150004,25.7568359375
150088,25.2685546875
150146,22.3388671875
150199,26.2451171875
150250,22.52197265625
150606,28.564453125
150736,30.3955078125
150786,25.87890625
150961,22.39990234375
151038,30.09033203125
151195,25.69580078125
151222,21.484375
151397,22.216796875
151460,28.99169921875
151663,22.64404296875
151679,28.38134765625
151913,26.123046875
151948,32.8369140625
152051,24.169921875
152186,26.611328125
152377,37.109375
152552,23.13232421875
152576,23.98681640625
152759,22.64404296875
152790,22.8271484375
152810,21.42333984375
152970,23.37646484375
153078,24.35302734375
153245,29.35791015625
153289,27.099609375
153478,22.64404296875
153618,30.09033203125
153687,24.2919921875
153865,26.30615234375
153958,23.4375
154078,23.37646484375
154355,27.52685546875
154710,28.50341796875
154876,20.69091796875
199290,20.6298828125
199337,25.87890625
199364,46.7529296875
199397,28.1982421875
199416,21.54541015625
199450,22.76611328125
199467,25.45166015625
199525,27.83203125
199573,34.85107421875
199599,21.8505859375
200795,33.447265625
202551,24.0478515625
203006,35.400390625
203184,23.25439453125
203202,25.57373046875
203688,39.0625
203723,22.94921875
204214,30.45654296875
204566,26.79443359375
204683,38.51318359375
204958,26.4892578125
204992,20.69091796875
205035,36.07177734375
205058,21.6064453125
205097,25.87890625
205140,31.6162109375
205190,20.93505859375
205389,23.86474609375
205400,35.94970703125
205421,24.5361328125
205485,23.92578125
205504,28.80859375
205699,28.50341796875
205756,34.60693359375
205814,24.10888671875
205879,34.97314453125
205967,34.1796875
206209,26.42822265625
206287,31.1279296875
206340,24.84130859375
206423,28.38134765625
206573,29.60205078125
206741,24.0478515625
206780,30.09033203125
207029,30.21240234375
207204,31.43310546875
207216,22.88818359375
207300,34.24072265625
207404,23.01025390625
207545,24.59716796875
207790,21.42333984375
207924,25.146484375
207935,21.1181640625
208138,21.42333984375
208788,23.0712890625
208956,25.634765625
209017,23.0712890625
209175,21.484375
209192,22.15576171875
209416,27.40478515625
209555,35.46142578125
209832,21.728515625
209875,24.23095703125
210152,21.97265625
210256,30.029296875
210792,24.35302734375
210822,20.93505859375
211224,34.85107421875
211435,21.97265625
211619,21.42333984375
211937,27.89306640625
212143,20.6298828125
212386,24.23095703125
212799,20.69091796875
212924,22.64404296875
213500,20.99609375
255705,21.78955078125
255733,24.23095703125
255801,35.2783203125
255824,42.96875
255859,25.08544921875
255873,52.6123046875
255912,23.681640625
255963,24.23095703125
256866,24.90234375
257128,32.5927734375
257905,41.6259765625
258144,25.93994140625
258991,39.306640625
259171,27.52685546875
259585,30.33447265625
259946,24.7802734375
259965,24.90234375
260343,36.80419921875
260473,23.92578125
260505,26.7333984375
260636,22.39990234375
260736,24.2919921875
261604,29.9072265625
261782,30.82275390625
264401,38.87939453125
264933,24.0478515625
265524,29.296875
265645,44.37255859375
265779,25.5126953125
265919,26.3671875
266257,22.76611328125
266341,41.1376953125
266431,34.5458984375
266448,21.1181640625
266604,29.11376953125
266617,24.59716796875
266724,33.3251953125
266833,22.27783203125
266844,22.27783203125
266912,46.81396484375
267166,26.7333984375
267397,21.42333984375
267417,32.16552734375
267463,27.2216796875
268058,42.48046875
268109,24.59716796875
268559,22.3388671875
268681,20.8740234375
268751,28.01513671875
268830,20.99609375
268868,21.240234375
268983,22.39990234375
269171,35.888671875
269352,30.70068359375
269385,22.03369140625
269451,32.470703125
269560,25.57373046875
269695,47.42431640625
269707,20.751953125
269812,26.06201171875
269879,23.98681640625
269974,31.06689453125
270083,25.08544921875
270226,29.60205078125
270256,21.3623046875
270411,28.1982421875
270449,21.05712890625
270643,32.5927734375
270723,27.9541015625
270736,23.01025390625
270859,25.57373046875
270921,22.5830078125
271082,22.216796875
271427,22.39990234375
271440,21.54541015625
271459,25.69580078125
271536,21.17919921875
271781,22.27783203125
271843,21.54541015625
272137,21.97265625
273216,26.611328125
273335,22.216796875
273773,22.64404296875
273921,20.6298828125
302934,30.94482421875
302976,43.15185546875
302988,34.11865234375
303031,26.123046875
303052,28.076171875
303098,22.03369140625
303136,25.32958984375
303171,30.2734375
303199,21.240234375
303218,21.3623046875
303246,20.99609375
303299,21.05712890625
303392,21.17919921875
303450,26.123046875
353237,26.0009765625
406270,22.88818359375
419692,22.03369140625
419755,25.87890625
419798,21.240234375
419851,24.5361328125
419912,23.13232421875
419948,23.62060546875
420032,23.92578125
420126,21.42333984375
420461,21.05712890625
420953,21.17919921875
476930,21.97265625
476973,20.8740234375
477036,21.91162109375
477119,30.517578125
477190,21.78955078125
481699,22.03369140625
481793,24.2919921875
481840,27.64892578125
481976,24.658203125
481991,21.728515625
482074,20.69091796875
492808,21.17919921875
492899,22.705078125
492927,30.82275390625
492954,22.39990234375
492965,28.9306640625
492994,24.2919921875
493046,22.5830078125
493058,25.20751953125
493121,21.484375
493158,21.97265625
493249,21.54541015625
504802,26.4892578125
504838,21.97265625
504866,21.17919921875
504879,24.4140625
504894,22.64404296875
504936,26.30615234375
504961,21.6064453125
505031,28.99169921875
505046,20.8740234375
505078,23.5595703125
505111,22.705078125
511137,27.40478515625
515644,21.91162109375
515690,25.57373046875
515783,26.30615234375
515802,25.7568359375
515839,24.0478515625
515927,20.81298828125
523592,21.05712890625
523659,22.15576171875
523700,28.076171875
523719,24.47509765625
523780,20.69091796875
523823,23.37646484375
523937,21.05712890625
528254,22.39990234375
528290,25.45166015625
528312,24.10888671875
528332,22.216796875
528365,20.69091796875
528385,23.13232421875
528420,20.751953125
528448,25.81787109375
528470,21.1181640625
528511,21.484375
528547,23.86474609375
536039,21.66748046875
538742,24.71923828125
538784,37.109375
538797,25.0244140625
538859,22.0947265625
538883,25.81787109375
538926,37.65869140625
539010,21.240234375
548530,27.099609375
548599,25.5126953125
548612,25.146484375
548623,26.55029296875
548643,22.8271484375
548680,20.81298828125
548702,23.92578125
548731,20.6298828125
548745,28.1982421875
558602,25.390625
558629,33.63037109375
558642,21.1181640625
558666,22.4609375
558686,23.4375
558710,27.28271484375
558746,32.16552734375
558788,27.34375
558800,21.1181640625
558879,21.05712890625
558916,25.0244140625
567672,22.52197265625
567711,22.0947265625
567825,29.6630859375
567847,25.2685546875
567883,25.146484375
567917,22.03369140625
567948,21.240234375
567993,21.66748046875
576127,22.76611328125
579167,20.6298828125
579202,22.4609375
579216,21.484375
579242,23.8037109375
579274,26.9775390625
579314,26.55029296875
579435,23.92578125
579811,21.1181640625
592289,21.3623046875
592465,21.8505859375
592478,23.25439453125
592540,26.3671875
592614,22.4609375
592707,25.69580078125
598861,22.64404296875
601162,23.681640625
601244,21.54541015625
601271,23.13232421875
601287,24.7802734375
601316,25.5126953125
601376,22.8271484375
607294,21.91162109375
610567,21.8505859375
610581,26.06201171875
610628,25.32958984375
610656,23.37646484375
610666,22.94921875
610685,20.99609375
610701,22.216796875
610809,22.705078125
611890,21.17919921875
618582,21.240234375
618656,21.30126953125
618693,24.84130859375
618706,24.7802734375
618771,21.3623046875
618798,27.2216796875
618880,20.99609375
618897,24.5361328125
623644,20.93505859375
623707,21.17919921875
626957,20.69091796875
626982,29.47998046875
627017,30.029296875
627028,31.92138671875
627054,25.87890625
627093,21.54541015625
627120,23.8037109375
627145,26.18408203125
627182,22.5830078125
627205,25.45166015625
634118,25.634765625
634160,22.5830078125
634191,21.17919921875
634210,22.5830078125
638241,22.52197265625
638292,22.03369140625
638319,20.8740234375
638352,32.5927734375
638371,23.5595703125
638393,33.63037109375
638419,24.0478515625
638486,20.93505859375
638508,26.06201171875
643989,24.23095703125
647540,23.62060546875
647623,21.42333984375
647674,23.25439453125
647736,24.2919921875
647799,25.57373046875
647847,34.912109375
647895,21.78955078125
647964,21.3623046875
647982,22.15576171875
653960,21.17919921875
658374,23.0712890625
658430,21.91162109375
658458,26.611328125
658498,23.8037109375
658539,22.15576171875
658561,24.4140625
658595,22.39990234375
658614,20.751953125
658663,21.3623046875
665171,21.1181640625
665259,25.87890625
671333,27.83203125
671354,29.11376953125
671382,34.1796875
671419,21.240234375
671446,23.86474609375
671466,24.23095703125
671498,23.92578125
671522,28.50341796875
671548,22.705078125
671563,20.6298828125
671921,24.59716796875
685546,22.705078125
685590,35.15625
685653,22.27783203125
685722,20.6298828125
685732,23.86474609375
685765,23.37646484375
686165,23.25439453125
697095,24.59716796875
705840,22.4609375
705863,21.91162109375
705879,21.97265625
705918,32.53173828125
705942,28.01513671875
705962,23.681640625
705998,27.40478515625
706021,21.6064453125
706053,26.06201171875
706251,23.86474609375
706322,24.7802734375
706397,21.3623046875
706468,20.69091796875
706486,21.728515625
724771,21.05712890625
724788,27.587890625
724820,22.39990234375
724832,31.3720703125
724859,21.8505859375
724879,30.2734375
724895,24.4140625
724931,24.0478515625
724956,25.45166015625
725000,20.81298828125
725024,21.97265625
725261,23.5595703125
725371,22.39990234375
725399,24.169921875
794303,23.25439453125
821828,21.6064453125
1109036,24.59716796875
1109050,27.34375
1109078,34.5458984375
1109129,43.76220703125
1109209,27.28271484375
1109220,28.13720703125
1109392,36.1328125
1109415,23.01025390625
1109426,37.90283203125
1109524,32.40966796875
1109645,27.64892578125
1109662,26.06201171875
1109678,34.1796875
1109844,24.7802734375
1109889,34.5458984375
1112322,21.97265625
1117895,20.6298828125
1118129,24.47509765625
1118225,43.76220703125
1164136,21.240234375
1164204,24.4140625
1164443,21.484375
1164485,71.22802734375
1164524,30.70068359375
1164534,28.4423828125
1164583,40.0390625
1164625,23.4375
1164681,25.0244140625
1164718,22.76611328125
1164754,35.58349609375
1164779,23.25439453125
1164890,50.29296875
1165014,22.27783203125
1165045,39.9169921875
1165070,24.71923828125
1165160,31.67724609375
1165170,24.47509765625
1165291,38.57421875
1165322,31.005859375
1165438,39.794921875
1165644,26.611328125
1165657,52.6123046875
1165775,28.86962890625
1165843,27.83203125
1165872,27.64892578125
1166413,35.64453125
1166715,35.82763671875
1167210,25.20751953125
1168431,31.8603515625
1169988,29.23583984375
1170304,22.52197265625
1170424,24.5361328125
1170771,38.75732421875
1170994,30.517578125
1171118,20.751953125
1201637,28.74755859375
1201717,25.69580078125
1201774,40.52734375
1201792,22.03369140625
1201888,35.400390625
1201937,44.921875
1202040,24.47509765625
1202051,22.27783203125
1202097,34.48486328125
1202195,43.88427734375
1202360,25.5126953125
1202425,36.0107421875
1202523,25.390625
1202543,25.93994140625
1202764,34.7900390625
1203154,32.40966796875
1203552,30.33447265625
1204447,23.49853515625
1204477,23.13232421875
1205335,27.28271484375
1209653,25.87890625
1209746,24.59716796875
1209761,53.77197265625
1209833,21.3623046875
1209861,24.0478515625
1209884,22.5830078125
1209999,23.49853515625
1210019,21.17919921875
1210153,20.751953125
1210208,23.92578125
1210221,40.46630859375
1210253,22.52197265625
1210409,38.330078125
1210488,32.65380859375
1210557,25.81787109375
1210657,21.240234375
1210752,23.49853515625
1210798,21.66748046875
1210830,24.10888671875
1210980,21.8505859375
1211428,31.8603515625
1211607,23.3154296875
1211765,22.88818359375
1211985,20.8740234375
1212607,26.9775390625
1212790,32.65380859375
1212980,35.33935546875
1212998,21.1181640625
1213133,23.98681640625
1213298,25.08544921875
1213517,22.39990234375
1213661,21.30126953125
1213801,44.0673828125
1214015,25.81787109375
1214166,21.6064453125
1214291,32.71484375
1214725,21.05712890625
1215691,50.29296875
1215726,39.1845703125
1215864,31.92138671875
1215879,22.5830078125
1216223,25.08544921875
1243323,28.80859375
1243576,21.78955078125
1243654,35.64453125
1243716,34.7900390625
1243735,22.5830078125
1243762,35.64453125
1243790,22.94921875
1243812,22.3388671875
1243903,24.10888671875
1243966,38.0859375
1244066,24.2919921875
1244093,42.41943359375
1244250,48.828125
1244367,42.1142578125
1244437,23.86474609375
1244658,25.5126953125
1245150,30.70068359375
1245188,30.517578125
1245839,41.6259765625
1247321,29.6630859375
1247892,24.4140625
1248001,26.611328125
1248775,25.45166015625
1248816,21.1181640625
1249641,24.23095703125
1249919,28.50341796875
1250146,21.484375
1251549,28.13720703125
1251748,25.87890625
1251830,25.20751953125
1252066,25.08544921875
1252284,22.94921875
1252616,22.705078125
1252698,24.658203125
1253345,28.6865234375
1253825,22.4609375
1253835,27.03857421875
1254272,22.4609375
1254406,47.30224609375
1254424,27.4658203125
1254795,27.4658203125
1255491,21.05712890625
1256094,24.59716796875
1280543,22.3388671875
1280559,25.45166015625
1280624,24.658203125
1280894,27.4658203125
1280909,25.146484375
1280922,45.166015625
1280965,30.029296875
1281022,43.15185546875
1281033,25.390625
1281097,23.98681640625
1281168,51.3916015625
1281239,31.79931640625
1281285,23.13232421875
1281295,25.7568359375
1281363,24.35302734375
1281445,36.43798828125
1281511,26.30615234375
1281525,23.13232421875
1281669,33.447265625
1282047,40.1611328125
1283437,20.69091796875
1283933,25.0244140625
1284871,25.93994140625
1285330,23.01025390625
1286407,24.47509765625
1286594,35.58349609375
1287107,26.06201171875
1287535,29.72412109375
1287642,29.78515625
1287856,28.1982421875
1288049,26.67236328125
1288343,24.10888671875
1288652,29.72412109375
1289110,20.6298828125
1289141,20.99609375
1289346,22.64404296875
1289977,27.28271484375
1290542,28.9306640625
1290620,25.45166015625
1290875,40.8935546875
1291053,32.04345703125
1291082,22.94921875
1291330,24.5361328125
1291785,25.08544921875
1291905,23.98681640625
1291947,23.86474609375
1292024,21.30126953125
1292051,39.9169921875
1292176,33.14208984375
1292189,24.96337890625
1292415,42.3583984375
1292592,24.169921875
1292679,22.39990234375
1292726,41.32080078125
1292849,36.19384765625
1292928,21.6064453125
1293029,26.42822265625
1293413,33.203125
1293560,35.33935546875
1293726,20.69091796875
1294014,21.8505859375
1294052,32.958984375
1294124,27.34375
1294200,28.564453125
1294212,21.3623046875
1294339,29.47998046875
1294404,23.5595703125
1294574,27.7099609375
1294685,24.4140625
1294871,22.0947265625
1295027,21.30126953125
1296291,21.240234375
1296342,23.37646484375
1296698,23.86474609375
1297431,25.20751953125
1297580,21.17919921875
1297905,21.240234375
1298259,24.23095703125
1298379,21.05712890625
1298583,25.08544921875
1298790,26.91650390625
1298910,23.3154296875
1298988,27.4658203125
1299307,21.240234375
1299623,22.8271484375
1299710,21.6064453125
1299759,30.45654296875
1300408,27.77099609375
1301635,22.705078125
1301672,20.99609375
1302052,30.517578125
1302489,22.88818359375
1302546,21.240234375
1302666,21.66748046875
1303052,25.0244140625
1303224,21.6064453125
1303553,22.76611328125
1303565,30.57861328125
1304069,21.6064453125
1304179,20.93505859375
1304491,25.81787109375
1304787,26.2451171875
1304916,22.705078125
1305167,28.50341796875
1305349,21.728515625
1305541,23.3154296875
1305839,29.541015625
1306206,22.27783203125
1306258,22.27783203125
1306483,22.39990234375
1306509,22.15576171875
1306574,26.91650390625
1307122,23.86474609375
1307353,27.03857421875
1307749,29.541015625
1308150,23.0712890625
1308164,44.677734375
1308341,27.587890625
1308488,21.05712890625
1308529,23.193359375
1308664,28.38134765625
1308759,22.216796875
1309117,31.8603515625
1309434,28.9306640625
1325038,31.25
1325051,38.75732421875
1325078,31.79931640625
1325088,21.66748046875
1325135,38.14697265625
1325208,27.587890625
1325290,22.52197265625
1325345,24.90234375
1325443,38.26904296875
1325479,29.84619140625
1325619,35.2783203125
1325637,26.7333984375
1326058,33.02001953125
1328766,23.92578125
1328790,24.96337890625
1329093,25.390625
1329548,40.46630859375
1330770,30.21240234375
1330827,20.6298828125
1331154,22.216796875
1331661,22.03369140625
1332166,39.55078125
1332802,25.7568359375
1333099,24.47509765625
1333818,29.541015625
1334042,23.74267578125
1334200,20.69091796875
1334289,21.728515625
1334628,30.1513671875
1335403,26.79443359375
1335473,25.57373046875
1335587,22.8271484375
1335935,20.69091796875
1335962,22.0947265625
1336127,21.728515625
1336199,21.66748046875
1336303,46.32568359375
1336501,25.634765625
1336611,22.216796875
1336622,20.93505859375
1337494,33.5693359375
1337512,37.04833984375
1337674,22.3388671875
1337891,52.3681640625
1337901,23.98681640625
1338436,27.34375
1338528,22.76611328125
1338646,22.15576171875
1338829,21.42333984375
1339303,28.86962890625
1339375,36.865234375
1339442,22.216796875
1339864,25.93994140625
1340782,23.92578125
1341289,21.17919921875
1341546,31.25
1341598,33.75244140625
1342241,42.236328125
1342281,24.90234375
1342390,22.52197265625
1343572,21.1181640625
1343666,21.17919921875
1344121,35.33935546875
1344145,26.18408203125
1344281,27.34375
1344479,27.52685546875
1344796,35.94970703125
1345040,36.865234375
1345888,27.89306640625
1346672,39.85595703125
1346816,26.611328125
1346947,24.90234375
1347374,23.01025390625
1347480,38.39111328125
1347514,24.71923828125
1347559,26.0009765625
1347581,25.57373046875
1347708,24.23095703125
1348181,30.57861328125
1348362,39.1845703125
1348374,21.484375
1349517,43.02978515625
1349678,37.04833984375
1349901,21.8505859375
1350251,32.3486328125
1378868,25.7568359375
1378889,37.841796875
1378904,20.8740234375
1378927,30.57861328125
1378982,22.216796875
1379005,34.5458984375
1379040,26.4892578125
1379132,34.48486328125
1379170,36.68212890625
1379290,24.84130859375
1379314,32.3486328125
1379573,30.029296875
1382606,24.47509765625
1383954,23.74267578125
1384152,21.54541015625
1384752,33.203125
1385018,22.94921875
1387267,21.8505859375
1387839,20.69091796875
1388092,24.59716796875
1391603,31.73828125
1392034,21.728515625
1393349,21.97265625
1393838,28.9306640625
1393914,24.96337890625
1394641,28.80859375
1394658,24.5361328125
1396555,24.4140625
1396642,25.81787109375
1396681,42.48046875
1396781,25.69580078125
1397267,40.771484375
1397280,26.55029296875
1397557,23.25439453125
1397577,23.8037109375
1437886,28.564453125
1437943,26.3671875
1437976,31.25
1437989,29.9072265625
1438057,50.4150390625
1438130,22.3388671875
1438168,33.935546875
1438213,27.77099609375
1438245,38.9404296875
1438324,20.93505859375
1438398,22.03369140625
1438413,24.2919921875
1438567,33.26416015625
1438725,31.43310546875
1439171,39.97802734375
1439810,20.6298828125
1441628,26.2451171875
1443266,32.1044921875
1443453,22.3388671875
1443977,24.658203125
1444143,28.564453125
1444464,30.45654296875
1444476,29.541015625
1444624,21.17919921875
1444871,24.5361328125
1445326,24.4140625
1445373,25.69580078125
1445932,21.1181640625
1446056,28.9306640625
1446085,32.1044921875
1446235,37.78076171875
1446263,24.5361328125
1446927,22.705078125
1450323,28.1982421875
1450872,25.87890625
1451473,25.7568359375
1452502,27.2216796875
1452524,37.2314453125
1452594,28.62548828125
1452777,34.97314453125
1452812,23.74267578125
1452956,33.203125
1453179,39.85595703125
1453294,35.64453125
1453434,32.71484375
1453665,35.21728515625
1453681,22.03369140625
1453770,29.9072265625
1453939,22.0947265625
1453961,27.4658203125
1454040,21.30126953125
1454201,25.69580078125
1454389,28.50341796875
1454605,26.06201171875
1454650,33.3251953125
1454785,29.78515625
1454997,22.4609375
1455010,25.146484375
1455076,29.60205078125
1455269,20.93505859375
1455381,32.40966796875
1455504,22.76611328125
1456178,24.84130859375
1456486,25.57373046875
1456664,34.3017578125
1456942,24.47509765625
1457558,25.57373046875
1502555,30.21240234375
1502622,25.0244140625
1502656,21.17919921875
1502674,35.888671875
1502694,25.7568359375
1502721,33.26416015625
1502733,29.47998046875
1502783,32.89794921875
1502814,24.0478515625
1502912,34.423828125
1502927,21.728515625
1502989,36.376953125
1503050,24.47509765625
1503086,29.47998046875
1503259,35.09521484375
1503290,40.6494140625
1503414,30.09033203125
1503535,24.71923828125
1503553,22.64404296875
1503654,26.3671875
1503683,33.5693359375
1505986,26.3671875
1506760,31.1279296875
1506770,28.25927734375
1506946,22.15576171875
1507217,24.23095703125
1507374,21.8505859375
1507952,24.5361328125
1508081,27.587890625
1508569,21.97265625
1508962,34.60693359375
1510342,27.9541015625
1511210,24.59716796875
1511860,28.80859375
1511870,31.6162109375
1512327,28.80859375
1512455,23.01025390625
1512548,26.30615234375
1512714,25.7568359375
1512813,27.52685546875
1513492,27.83203125
1513585,26.2451171875
1513604,21.05712890625
1513691,36.80419921875
1513828,22.64404296875
1513932,20.69091796875
1513949,21.78955078125
1513984,37.4755859375
1514071,33.99658203125
1514103,23.3154296875
1514291,36.31591796875
1514872,40.52734375
1514949,36.2548828125
1515064,39.12353515625
1515243,29.47998046875
1515375,46.20361328125
1515564,29.84619140625
1515612,21.97265625
1515696,25.81787109375
1515787,23.86474609375
1515895,23.98681640625
1515943,25.32958984375
1516005,20.93505859375
1516242,26.3671875
1516355,23.25439453125
1516391,29.541015625
1516446,26.9775390625
1516553,26.123046875
1516603,22.0947265625
1516713,20.69091796875
1516885,24.59716796875
1516963,27.34375
1517334,27.77099609375
1517468,21.6064453125
1517768,34.5458984375
1518489,30.09033203125
1518516,24.7802734375
1518733,23.98681640625
1519009,31.92138671875
1519019,28.3203125
1519191,21.484375
1687759,35.5224609375
1687862,41.8701171875
1687910,45.166015625
1688055,31.1279296875
1688072,38.63525390625
1688250,34.912109375
1688362,34.5458984375
1688406,25.32958984375
1688421,40.1611328125
1688527,36.92626953125
1688655,44.921875
1688838,26.611328125
1688910,25.93994140625
1689036,24.2919921875
1689049,32.16552734375
1689132,22.8271484375
1689185,29.84619140625
1689322,30.8837890625
1689418,39.36767578125
1689714,25.634765625
1690185,29.72412109375
1690341,27.40478515625
1690853,23.62060546875
1691087,24.10888671875
1691393,23.5595703125
1691573,21.91162109375
1692085,25.146484375
1692230,24.169921875
1692589,28.74755859375
1692975,24.90234375
1693070,25.2685546875
1693304,26.7333984375
1901894,32.3486328125
1901951,31.8603515625
1901981,43.5791015625
1902018,21.42333984375
1902086,28.38134765625
1902103,39.794921875
1902179,25.20751953125
1902190,42.3583984375
1902226,25.93994140625
1902320,38.0859375
1902414,26.2451171875
1902443,40.283203125
1902706,33.3251953125
1902736,32.958984375
1904201,30.57861328125
1905765,33.87451171875
1906219,36.2548828125
1908304,25.7568359375
1908363,24.59716796875
1908462,30.1513671875
1908554,21.42333984375
1908748,44.61669921875
1996589,27.89306640625
1996681,21.66748046875
2087729,34.60693359375
2087772,26.4892578125
2087830,43.45703125
2087899,45.0439453125
2087917,22.5830078125
2087959,25.5126953125
2088052,27.9541015625
2088141,36.865234375
2088277,40.46630859375
2088487,23.193359375
2089035,23.37646484375
2089169,20.8740234375
2092064,28.564453125
2092439,21.3623046875
2092519,22.39990234375
2092550,39.61181640625
2092936,23.0712890625
2094414,20.69091796875
2098601,33.75244140625
2099190,33.02001953125
2099219,26.3671875
2099315,25.5126953125
2099353,23.0712890625
2099505,27.16064453125
2099596,21.97265625
2099898,23.8037109375
2100102,29.96826171875
2100115,22.64404296875
2100659,27.77099609375
2100762,29.541015625
2180234,30.8837890625
2180270,30.029296875
2180302,42.48046875
2180331,22.4609375
2180343,23.01025390625
2180395,25.20751953125
2180413,21.484375
2180424,50.29296875
2180739,26.611328125
2180996,52.24609375
2181187,36.92626953125
2182058,22.705078125
2182212,30.8837890625
2182350,42.48046875
2182546,40.283203125
2182804,28.01513671875
2183156,22.76611328125
2183181,33.14208984375
2185501,33.38623046875
2185834,26.7333984375
2186109,25.45166015625
2186166,21.42333984375
2186243,23.49853515625
2186423,21.240234375
2187125,24.47509765625
2187717,46.630859375
2187749,24.169921875
2188430,27.52685546875
2188486,24.96337890625
2188580,23.4375
2188833,42.90771484375
2188896,21.728515625
2189055,22.3388671875
2189339,23.0712890625
2190147,29.1748046875
2190163,40.83251953125
2190548,25.0244140625
2190677,23.01025390625
2190757,43.212890625
2190957,21.240234375
2191063,32.65380859375
2191096,26.67236328125
2191113,33.26416015625
2191197,21.8505859375
2191369,21.17919921875
2191569,23.0712890625
2191853,22.64404296875
2192123,21.66748046875
2192409,22.705078125
2192938,22.4609375
2193792,24.96337890625
2193887,23.92578125
2194056,23.13232421875
2194310,21.42333984375
2194716,22.64404296875
2194792,20.69091796875
2194807,29.47998046875
2195453,29.4189453125
2195502,40.10009765625
2195945,25.146484375
2196128,25.93994140625
2196304,29.541015625
2196756,25.57373046875
2197734,24.7802734375
2197753,25.146484375
2197773,38.39111328125
2197854,41.32080078125
2197953,24.35302734375
2198036,20.8740234375
2198919,31.31103515625
2199042,35.33935546875
2199065,20.99609375
2199331,24.169921875
2199456,25.45166015625
2199688,41.93115234375
2199712,24.23095703125
2199804,39.00146484375
2199819,29.296875
2199874,31.3720703125
2199994,44.61669921875
2200179,22.8271484375
2200301,25.0244140625
2200319,38.63525390625
2200752,23.01025390625
2201063,23.37646484375
2201481,22.94921875
2201515,23.01025390625
2201543,36.43798828125
2201702,44.49462890625
2201975,21.240234375
2202301,28.076171875
2202570,39.55078125
2202590,22.0947265625
2203169,24.10888671875
2203465,22.216796875
2204083,21.30126953125
2204284,24.658203125
2256392,20.93505859375
2256414,50.59814453125
2256431,38.6962890625
2256462,23.13232421875
2256484,21.728515625
2256519,46.875
2256559,27.9541015625
2256622,24.7802734375
2256642,51.6357421875
2256718,30.1513671875
2256848,42.05322265625
2256990,23.4375
2257101,30.21240234375
2257283,21.91162109375
2257327,42.724609375
2257583,47.79052734375
2257910,24.10888671875
2258494,26.30615234375
2259129,27.099609375
2259961,25.0244140625
2260593,21.3623046875
2261554,23.193359375
2264090,32.16552734375
2264621,31.73828125
2265086,32.28759765625
2265744,22.88818359375
2265954,27.4658203125
2265993,41.44287109375
2266144,22.8271484375
2266485,29.84619140625
2266524,21.484375
2266919,21.05712890625
2266958,21.78955078125
2267073,21.8505859375
2267426,21.91162109375
2267883,25.146484375
2268018,35.70556640625
2268213,22.88818359375
2268778,25.69580078125
2269051,21.91162109375
2269303,21.17919921875
2269506,25.08544921875
2269659,24.35302734375
2269852,24.35302734375
2270083,28.50341796875
2270133,38.2080078125
2270170,26.42822265625
2270231,22.15576171875
2270449,24.90234375
2270647,22.216796875
2270726,42.66357421875
2271066,24.0478515625
2271090,20.99609375
2271222,23.37646484375
2271558,24.0478515625
2271739,29.296875
2272341,24.658203125
2272470,21.17919921875
2272500,54.50439453125
2272946,29.23583984375
2273143,37.29248046875
2273255,22.88818359375
2274205,28.38134765625
2274288,36.9873046875
2274334,21.484375
2274751,22.216796875
2275005,27.099609375
2275017,24.658203125
2275139,38.4521484375
2275194,25.08544921875
2275239,36.0107421875
2275389,37.109375
2275785,41.1376953125
2275801,22.216796875
2275818,21.728515625
2275938,40.71044921875
2276202,33.87451171875
2276684,30.94482421875
2276802,25.634765625
2276812,24.35302734375
2277802,29.296875
2277882,36.31591796875
2277958,20.81298828125
2278153,25.146484375
2278369,31.06689453125
2279202,28.076171875
2279299,20.81298828125
2279365,25.32958984375
2279400,35.82763671875
2279422,21.1181640625
2279669,22.39990234375
2280354,27.28271484375
2281250,22.8271484375
2281299,37.353515625
2281438,34.72900390625
2281677,22.27783203125
2281842,24.658203125
2282472,29.9072265625
2282537,31.005859375
2282594,41.3818359375
2282666,22.4609375
2282694,31.494140625
2282830,36.56005859375
2282866,23.4375
2282903,23.37646484375
2282984,25.634765625
2283210,20.69091796875
2283600,21.97265625
2283687,23.49853515625
2283964,22.94921875
2284822,21.17919921875
2284896,20.93505859375
2285274,25.390625
2286035,22.5830078125
2286054,22.0947265625
2286274,31.06689453125
2286405,20.751953125
2286479,20.751953125
2286765,25.32958984375
2286921,32.16552734375
2286958,27.64892578125
2286985,23.681640625
2287094,22.52197265625
2287247,24.5361328125
2287405,22.705078125
2287427,36.0107421875
2287594,20.8740234375
2288158,21.484375
2288198,21.54541015625
2322119,28.3203125
2322130,30.33447265625
2322160,40.0390625
2322179,33.38623046875
2322189,23.49853515625
2322241,36.43798828125
2322266,25.08544921875
2322293,23.62060546875
2322305,20.6298828125
2322356,22.64404296875
2322540,28.1982421875
2322670,21.05712890625
2327238,28.74755859375
2327467,27.4658203125
2330574,30.33447265625
2332375,22.4609375
2333771,29.60205078125
2333794,26.0009765625
2334315,26.9775390625
2334368,27.9541015625
2334837,22.0947265625
2335358,22.64404296875
2335833,23.62060546875
2335844,26.91650390625
2336449,34.60693359375
2337894,25.93994140625
2338025,25.45166015625
2338210,25.32958984375
2339406,28.6865234375
2339573,21.8505859375
2339610,27.64892578125
2339622,28.80859375
2340368,26.79443359375
2341177,36.62109375
2341367,23.86474609375
2341392,31.73828125
2341996,41.56494140625
2342044,23.74267578125
2343085,23.98681640625
2343586,29.1748046875
2343664,23.86474609375
2344590,43.212890625
2344771,21.42333984375
2345557,25.5126953125
2345611,39.0625
2346685,26.0009765625
2347361,20.99609375
2347385,30.1513671875
2348734,25.634765625
2348767,42.17529296875
2348939,21.54541015625
2349548,22.0947265625
2350397,26.06201171875
2350680,28.564453125
2351673,31.25
2351821,23.5595703125
2351891,28.25927734375
2352196,25.2685546875
2353015,25.87890625
2353140,42.6025390625
2353212,24.0478515625
2354122,21.78955078125
2354925,30.09033203125
2355284,23.4375
2355336,27.099609375
2356123,25.634765625
2356250,24.71923828125
2356379,26.06201171875
2357211,26.0009765625
2358461,33.69140625
2358713,26.67236328125
2359538,25.87890625
2360454,32.65380859375
2362567,25.69580078125
2362639,23.01025390625
2362790,27.64892578125
2363724,21.6064453125
2365216,30.029296875
2366037,29.84619140625
2366898,26.55029296875
2367709,29.296875
2370011,25.5126953125
2370089,21.54541015625
2376454,26.7333984375
2376467,28.86962890625
2376565,56.0302734375
2376596,24.5361328125
2376671,22.94921875
2376730,20.8740234375
2385819,28.6865234375
2388770,27.52685546875
2394824,38.2080078125
2394885,28.74755859375
2394927,24.47509765625
2394960,23.5595703125
2395137,21.240234375
2397808,32.5927734375
2397925,26.0009765625
2405851,28.74755859375
2405963,26.79443359375
2405992,25.69580078125
2409077,30.1513671875
2427185,26.85546875
2427217,30.82275390625
2427246,35.7666015625
2427324,21.6064453125
2427340,41.32080078125
2427392,22.15576171875
2427449,24.169921875
2427523,31.3720703125
2435919,21.97265625
2468643,33.50830078125
2479982,27.9541015625
2480226,29.78515625
2490235,21.8505859375
2506654,21.30126953125
2527290,23.193359375
2527485,20.8740234375
2543541,25.08544921875
2551610,21.05712890625
2560428,22.94921875
2560488,22.27783203125
2560604,23.681640625
2569733,23.01025390625
2579667,27.7099609375
2587833,24.7802734375
2587957,24.658203125
2598341,22.216796875
2615496,23.01025390625
2631615,20.99609375
2669475,20.751953125
2678491,20.8740234375
2702272,28.13720703125
2715921,21.54541015625
2715956,20.99609375
2733666,22.8271484375
2733758,23.92578125
2745124,20.751953125
2766387,25.5126953125
2804239,21.91162109375
3212206,23.98681640625
3212334,24.2919921875
3212377,54.0771484375
3212394,21.8505859375
3212552,32.71484375
3212677,31.3720703125
3212802,43.15185546875
3212942,29.4189453125
3213086,33.447265625
3213110,43.02978515625
3213214,40.95458984375
3218737,22.8271484375
3222730,33.99658203125
3223271,24.84130859375
3223383,23.5595703125
3223562,23.92578125
3224219,28.1982421875
3224245,47.7294921875
3224534,30.76171875
3271490,24.2919921875
3271555,28.3203125
3271577,44.61669921875
3271598,25.08544921875
3271650,24.7802734375
3271742,25.2685546875
3271788,42.48046875
3271965,33.87451171875
3272201,34.912109375
3272239,34.24072265625
3272910,21.97265625
3275726,32.71484375
3276993,29.23583984375
3277163,23.98681640625
3278037,35.7666015625
3278439,24.7802734375
3278575,25.08544921875
3278924,27.099609375
3278982,26.67236328125
3279032,61.82861328125
3279117,24.23095703125
3279453,22.3388671875
3279635,44.25048828125
3279651,26.18408203125
3279862,27.40478515625
3280089,25.87890625
3280135,36.9873046875
3280163,22.76611328125
3280273,23.25439453125
3280699,23.86474609375
3280870,23.62060546875
3280939,24.4140625
3281072,25.87890625
3281086,26.3671875
3281463,28.25927734375
3281539,55.23681640625
3281705,22.4609375
3282043,24.4140625
3282142,23.49853515625
3282547,30.1513671875
3282558,43.39599609375
3283111,24.7802734375
3283166,21.1181640625
3283241,25.81787109375
3283806,24.84130859375
3283870,21.54541015625
3283986,22.216796875
3284017,27.2216796875
3284114,31.25
3284527,27.7099609375
3284677,23.4375
3284715,30.1513671875
3284745,21.8505859375
3284867,36.865234375
3284878,26.0009765625
3285076,25.2685546875
3285222,23.3154296875
3285424,42.96875
3285442,26.3671875
3285794,26.55029296875
3285965,21.54541015625
3286050,21.3623046875
3286277,22.76611328125
3286342,22.64404296875
3286604,20.99609375
3286715,28.62548828125
3286797,24.59716796875
3287296,39.9169921875
3287328,21.97265625
3287914,25.2685546875
3288262,28.50341796875
3289000,27.03857421875
3289564,24.59716796875
3289591,25.20751953125
3289761,25.20751953125
3289771,34.48486328125
3289928,23.49853515625
3290523,29.296875
3290635,28.74755859375
3290772,40.34423828125
3291100,28.25927734375
3291378,24.0478515625
3292195,25.45166015625
3292217,33.5693359375
3292550,43.02978515625
3308597,24.59716796875
3308643,51.513671875
3308680,32.8369140625
3308701,42.3583984375
3308776,30.6396484375
3308795,21.42333984375
3310272,21.3623046875
3315807,28.9306640625
3316546,32.2265625
3317008,39.48974609375
3317429,33.203125
3317473,26.67236328125
3317837,26.3671875
3318449,27.9541015625
3319559,26.30615234375
3320593,31.005859375
3321641,28.80859375
3322222,29.47998046875
3323277,36.4990234375
3323515,27.77099609375
3323754,29.11376953125
3324095,41.93115234375
3324337,27.16064453125
3324465,26.42822265625
3324561,26.79443359375
3324919,24.23095703125
3325081,21.17919921875
3326714,29.541015625
3327217,27.40478515625
3327554,43.76220703125
3328247,25.45166015625
3328343,25.57373046875
3329430,28.3203125
3329502,21.97265625
3329749,28.4423828125
3330122,26.123046875
3330834,25.2685546875
3331629,27.099609375
3332090,32.28759765625
3332281,29.11376953125
3332475,23.681640625
3332703,21.66748046875
3333267,25.2685546875
3333969,27.7099609375
3334136,22.03369140625
3334643,22.03369140625
3334990,28.50341796875
3335131,22.705078125
3335237,25.81787109375
3335427,22.5830078125
3335782,25.81787109375
3335869,21.05712890625
3336422,23.98681640625
3336642,22.15576171875
3337525,21.1181640625
3337591,44.5556640625
3337994,27.40478515625
3338698,24.90234375
3339566,34.24072265625
3339811,43.76220703125
3340028,26.18408203125
3340386,24.90234375
3340753,23.62060546875
3341050,23.01025390625
3341728,29.23583984375
3341743,40.283203125
3342393,25.5126953125
3343567,28.4423828125
3343979,21.42333984375
3345196,29.052734375
3345280,21.3623046875
3345757,26.123046875
3345778,24.71923828125
3345885,36.865234375
3345919,37.4755859375
3345957,22.39990234375
3346000,21.1181640625
3346046,47.36328125
3346067,23.193359375
3346163,34.36279296875
3346246,38.26904296875
3346326,27.52685546875
3346546,38.2080078125
3346669,23.37646484375
3346680,22.52197265625
3346733,37.353515625
3346811,22.39990234375
3346995,33.3251953125
3347006,24.90234375
3347085,23.193359375
3347553,20.751953125
3348010,21.1181640625
3348036,34.7900390625
3348222,20.93505859375
3348424,22.27783203125
3348609,20.69091796875
3348650,23.92578125
3348671,21.54541015625
3348802,20.6298828125
3349177,25.0244140625
3349507,22.8271484375
3349695,23.13232421875
3349727,22.94921875
3349828,21.6064453125
3350044,21.54541015625
3350308,24.169921875
3350378,21.05712890625
3350546,47.607421875
3350757,22.76611328125
3351283,21.240234375
3351394,22.39990234375
3351535,30.82275390625
3351667,21.91162109375
3351693,23.193359375
3351832,23.25439453125
3351884,22.03369140625
3352048,37.04833984375
3352315,22.0947265625
3352516,21.54541015625
3352570,26.55029296875
3352812,23.49853515625
3353140,21.17919921875
3353189,31.31103515625
3353388,26.4892578125
3353486,21.97265625
3353566,31.31103515625
3353578,20.93505859375
3353835,20.6298828125
3353894,27.34375
3354257,24.169921875
3354329,20.6298828125
3354560,28.38134765625
3354632,20.69091796875
3354685,22.27783203125
3354743,28.99169921875
3354870,28.3203125
3354932,24.0478515625
3355108,23.193359375
3355360,30.21240234375
3355599,21.6064453125
3355625,23.86474609375
3355781,36.43798828125
3355791,23.37646484375
3355920,27.16064453125
3356350,24.658203125
3356361,34.11865234375
3356787,39.1845703125
3356996,24.7802734375
3357088,23.0712890625
3357174,27.7099609375
3357243,21.54541015625
3357312,22.88818359375
3357694,22.8271484375
3357954,28.1982421875
3358027,22.8271484375
3358067,25.08544921875
3358318,21.54541015625
3358700,30.76171875
3359043,20.751953125
3359066,21.30126953125
3359143,23.98681640625
3359367,31.494140625
3361257,26.91650390625
3361307,23.0712890625
3361330,56.5185546875
3361349,30.8837890625
3361391,24.7802734375
3361412,21.97265625
3361519,28.74755859375
3361542,22.0947265625
3365223,30.3955078125
3365334,32.1044921875
3365459,22.39990234375
3365478,28.9306640625
3365597,20.99609375
3366148,40.283203125
3366584,21.6064453125
3366657,47.607421875
3370098,35.94970703125
3370506,20.99609375
3371698,26.55029296875
3372375,29.78515625
3372503,25.7568359375
3372830,27.03857421875
3373841,23.3154296875
3373922,25.0244140625
3375084,24.0478515625
3375094,27.16064453125
3375382,45.34912109375
3375476,23.3154296875
3375569,29.78515625
3375822,26.3671875
3375857,41.93115234375
3377984,21.17919921875
3378455,22.03369140625
3378820,24.10888671875
3379319,24.90234375
3380513,20.6298828125
3382085,30.3955078125
3382157,25.93994140625
3382176,46.9970703125
3382311,25.390625
3382326,23.0712890625
3386529,29.78515625
3386563,27.16064453125
3386584,23.4375
3386657,43.9453125
3386696,28.80859375
3386957,23.74267578125
3387053,24.96337890625
3392607,27.099609375
3394037,26.123046875
3397218,24.35302734375
3397766,25.2685546875
3397956,30.2734375
3398500,24.23095703125
3400211,26.3671875
3400296,26.611328125
3405299,29.052734375
3405360,29.296875
3405372,27.7099609375
3409387,49.74365234375
3409472,20.93505859375
3409634,20.99609375
3414609,29.052734375
3414752,28.38134765625
3414806,30.94482421875
3415069,22.94921875
3420410,27.9541015625
3420571,22.3388671875
3420652,20.69091796875
3420716,24.5361328125
3420807,25.45166015625
3420869,24.5361328125
3421017,23.3154296875
3435766,24.4140625
3436009,25.634765625
3436068,20.69091796875
3436128,26.9775390625
3436204,23.13232421875
3436225,25.87890625
3436282,23.0712890625
3436346,22.216796875
3436380,26.42822265625
3467494,21.8505859375
3493417,20.81298828125
3498455,28.74755859375
3498510,22.5830078125
3510928,21.78955078125
3510971,23.01025390625
3511159,28.6865234375
3518910,23.01025390625
3525520,20.6298828125
3525623,22.216796875
3525652,22.705078125
3525687,21.42333984375
3525843,24.35302734375
3539423,20.93505859375
3539508,23.193359375
3546621,22.27783203125
3546803,20.69091796875
3546892,22.705078125
3566285,25.7568359375
3572241,20.69091796875
3572312,21.66748046875
3572504,20.81298828125
3579340,22.52197265625
3585821,21.240234375
3585843,22.0947265625
3585862,24.10888671875
3585923,26.4892578125
3599338,20.69091796875
3599370,21.66748046875
3599490,21.66748046875
3620384,21.97265625
3627220,25.87890625
3627256,23.49853515625
3634545,21.484375
3644410,23.37646484375
3644461,21.91162109375
3644536,25.87890625
3644562,22.52197265625
3659832,21.42333984375
3669885,23.49853515625
3669914,21.97265625
3669949,21.66748046875
3669987,20.751953125
3682570,22.216796875
3703567,21.05712890625
3703599,23.193359375
3703627,23.86474609375
3703682,21.05712890625
3725617,30.029296875
3734686,25.08544921875
3745772,25.20751953125
3758631,20.8740234375
3758672,20.8740234375
3769172,21.42333984375
3791828,21.484375
3791920,20.751953125
3791976,23.98681640625
3823951,20.6298828125
4388744,21.240234375
4389065,21.6064453125
4389193,35.09521484375
4389248,29.23583984375
4389261,52.79541015625
4389368,30.82275390625
4389380,40.771484375
4389446,33.8134765625
4390954,20.751953125
4392385,20.6298828125
4400735,34.912109375
4401389,28.38134765625
4401447,25.45166015625
4401491,28.1982421875
4402124,31.79931640625
4402214,24.84130859375
4402230,27.587890625
4403540,20.99609375
4405051,28.4423828125
4405149,24.2919921875
4405221,24.169921875
4405636,37.04833984375
4405848,23.0712890625
4497568,25.69580078125
4497594,27.4658203125
4497632,26.3671875
4497652,22.64404296875
4497685,40.771484375
4497697,42.17529296875
4497740,26.3671875
4497792,22.705078125
4497818,21.3623046875
4498048,51.7578125
4501463,31.8603515625
4502075,23.86474609375
4504443,35.33935546875
4505004,31.73828125
4505849,22.4609375
4505976,21.78955078125
4506009,23.37646484375
4506457,24.84130859375
4506838,31.67724609375
4507028,21.8505859375
4507098,25.87890625
4507331,22.03369140625
4509834,26.0009765625
4510055,27.7099609375
4510187,25.57373046875
4511412,36.80419921875
4511576,24.658203125
4511596,23.3154296875
4511738,27.9541015625
4511768,22.39990234375
4512048,21.78955078125
4512415,35.09521484375
4513005,21.8505859375
4513091,27.9541015625
4513766,27.64892578125
4514861,32.3486328125
4514872,28.01513671875
4514919,21.1181640625
4514940,23.62060546875
4515044,41.32080078125
4515111,24.90234375
4515218,26.79443359375
4515622,27.03857421875
4516268,29.96826171875
4516338,20.99609375
4517040,24.5361328125
4517596,25.87890625
4518724,25.20751953125
4518799,25.93994140625
4519197,26.9775390625
4519414,26.06201171875
4519645,24.10888671875
4519655,21.91162109375
4520180,23.49853515625
4520210,42.724609375
4520571,24.2919921875
4520790,30.33447265625
4521399,28.13720703125
4521452,41.19873046875
4521596,21.728515625
4529059,26.0009765625
4529085,25.20751953125
4529106,30.3955078125
4529123,31.6162109375
4529139,22.27783203125
4529197,44.61669921875
4529223,27.03857421875
4529563,21.3623046875
4538321,27.099609375
4540700,25.32958984375
4541271,25.7568359375
4541391,26.18408203125
4541561,26.123046875
4542448,26.611328125
4542458,25.390625
4543771,24.169921875
4543971,28.74755859375
4545708,28.1982421875
4545786,27.64892578125
4546071,27.40478515625
4546694,22.15576171875
4546921,23.5595703125
4547909,27.89306640625
4547936,20.8740234375
4548440,25.0244140625
4549472,21.42333984375
4550037,21.8505859375
4550231,22.52197265625
4550309,27.587890625
4550381,22.94921875
4550495,27.03857421875
4551287,26.06201171875
4551349,23.98681640625
4552029,26.4892578125
4552911,32.1044921875
4553642,25.45166015625
4554487,28.4423828125
4554579,43.27392578125
4554668,36.62109375
4554778,23.86474609375
4555221,26.30615234375
4555833,24.71923828125
4557362,29.78515625
4557380,23.8037109375
4557396,38.2080078125
4557507,24.35302734375
4557535,35.33935546875
4558054,28.50341796875
4558280,23.8037109375
4559229,27.587890625
4559258,42.96875
4559304,23.193359375
4559460,22.27783203125
4559471,42.3583984375
4559589,22.27783203125
4559940,32.77587890625
4560022,22.88818359375
4561058,20.93505859375
4561247,26.2451171875
4562558,28.564453125
4562752,26.55029296875
4563201,27.64892578125
4564009,27.40478515625
4564025,27.52685546875
4564353,23.0712890625
4564697,22.94921875
4565324,21.6064453125
4565434,22.64404296875
4566378,40.52734375
4566395,31.18896484375
4566483,23.193359375
4567415,26.2451171875
4567602,22.39990234375
4568115,26.2451171875
4568660,25.146484375
4568680,24.4140625
4569452,25.5126953125
4570591,28.076171875
4570739,24.0478515625
4570796,40.46630859375
4572473,34.1796875
4572523,46.7529296875
4572590,20.81298828125
4572635,35.7666015625
4572674,26.18408203125
4573039,23.98681640625
4573761,36.92626953125
4573978,28.9306640625
4574109,29.541015625
4574346,27.099609375
4574500,29.296875
4575833,29.60205078125
4575920,23.3154296875
4575961,21.54541015625
4576036,41.50390625
4576488,30.57861328125
4577233,25.7568359375
4577250,27.16064453125
4578255,26.06201171875
4578297,27.83203125
4578551,21.91162109375
4578932,23.92578125
4579370,23.74267578125
4579445,24.5361328125
4580146,26.42822265625
4580275,21.97265625
4580323,25.0244140625
4581483,25.45166015625
4582006,24.10888671875
4582739,27.77099609375
4583464,21.6064453125
4583486,22.705078125
4583657,23.74267578125
4584160,36.19384765625
4584265,28.80859375
4585156,22.03369140625
4585476,24.4140625
4586116,26.9775390625
4587188,30.82275390625
4587257,27.34375
4587444,22.94921875
4587591,32.3486328125
4587783,21.1181640625
4588637,30.70068359375
4588728,42.90771484375
4588757,28.25927734375
4588768,21.17919921875
4588916,22.216796875
4588952,33.99658203125
4591322,28.50341796875
4591347,27.03857421875
4591414,22.15576171875
4591430,23.62060546875
4591539,41.93115234375
4591585,22.705078125
4591633,24.35302734375
4591684,39.4287109375
4591785,38.6962890625
4592083,22.216796875
4592184,23.74267578125
4592209,23.13232421875
4592233,30.33447265625
4592417,28.9306640625
4592480,33.38623046875
4592681,29.541015625
4592793,30.21240234375
4593007,22.705078125
4593168,31.982421875
4593234,25.390625
4593414,46.81396484375
4593677,27.52685546875
4593825,27.28271484375
4594070,32.470703125
4594169,24.2919921875
4594300,21.66748046875
4594407,23.62060546875
4594514,29.72412109375
4594705,25.69580078125
4594820,34.72900390625
4594906,29.47998046875
4594968,30.70068359375
4595089,21.91162109375
4595161,29.78515625
4595209,20.8740234375
4595437,33.203125
4595855,26.2451171875
4595932,22.94921875
4596172,26.91650390625
4596364,31.18896484375
4596527,29.9072265625
4596652,22.3388671875
4596812,37.353515625
4596955,23.13232421875
4597110,22.76611328125
4597550,29.052734375
4597594,21.66748046875
4597648,22.88818359375
4598005,41.80908203125
4598256,30.33447265625
4598305,21.17919921875
4598438,23.8037109375
4598880,25.0244140625
4598968,24.35302734375
4599022,28.62548828125
4599109,28.99169921875
4599198,22.4609375
4599502,22.94921875
4599869,24.71923828125
4600444,36.376953125
4600519,38.75732421875
4600632,21.91162109375
4601066,23.25439453125
4601262,22.52197265625
4602695,31.25
4602745,21.3623046875
4602785,24.658203125
4602802,32.89794921875
4602824,21.240234375
4602851,24.4140625
4602949,25.87890625
4603495,38.14697265625
4603621,22.52197265625
4604538,24.71923828125
4604563,27.40478515625
4604720,23.193359375
4604730,23.0712890625
4605426,24.4140625
4606840,25.2685546875
4606869,22.216796875
4606941,29.60205078125
4606984,29.052734375
4607144,22.216796875
4607171,21.728515625
4607727,23.86474609375
4608863,31.1279296875
4609066,25.45166015625
4609082,44.98291015625
4609144,22.27783203125
4609731,23.92578125
4610131,22.15576171875
4610223,21.3623046875
4610292,24.4140625
4611883,22.8271484375
4611911,21.78955078125
4612054,46.9970703125
4612083,20.81298828125
4612265,39.12353515625
4613945,21.91162109375
4613984,22.5830078125
4614079,25.5126953125
4616514,29.23583984375
4616539,26.4892578125
4616639,44.12841796875
4616713,23.74267578125
4617312,20.93505859375
4617474,28.9306640625
4617496,21.42333984375
4618575,21.484375
4619200,21.91162109375
4620074,20.81298828125
4620817,31.18896484375
4620932,24.4140625
4621022,43.5791015625
4621057,31.494140625
4622747,24.658203125
4622767,25.146484375
4622835,40.4052734375
4624499,21.3623046875
4624624,23.49853515625
4624759,23.01025390625
4626636,28.62548828125
4626856,34.1796875
4626878,26.67236328125
4626936,21.91162109375
4626987,25.20751953125
4629993,26.9775390625
4630013,24.59716796875
4630076,32.71484375
4630164,46.875
4630285,22.94921875
4632625,29.84619140625
4632710,27.587890625
4632757,24.90234375
4632818,56.396484375
4632922,24.169921875
4634945,27.34375
4635161,30.029296875
4635187,39.73388671875
4635338,27.03857421875
4637653,27.03857421875
4637673,26.0009765625
4637722,23.01025390625
4637742,24.5361328125
4638989,20.81298828125
4639782,31.55517578125
4639866,20.8740234375
4640010,27.9541015625
4640047,23.25439453125
4640107,20.6298828125
4640802,21.6064453125
4642199,26.611328125
4642221,23.25439453125
4642365,22.76611328125
4642440,21.17919921875
4642759,20.751953125
4643059,27.587890625
4643367,21.1181640625
4643439,24.23095703125
4643509,23.4375
4643636,44.25048828125
4644123,22.39990234375
4646343,35.33935546875
4646438,22.39990234375
4646523,26.18408203125
4648855,28.99169921875
4648911,40.283203125
4648981,43.9453125
4649039,27.7099609375
4649059,28.62548828125
4653052,31.67724609375
4653109,27.03857421875
4653151,44.25048828125
4653233,39.6728515625
4653252,25.5126953125
4653435,23.0712890625
4653520,22.94921875
4654241,26.55029296875
4654348,24.90234375
4657383,27.64892578125
4657607,27.89306640625
4661355,29.6630859375
4661395,22.27783203125
4661471,58.28857421875
4661571,23.92578125
4661610,24.5361328125
4666366,25.87890625
4666508,25.146484375
4666547,29.4189453125
4666626,39.36767578125
4666733,22.3388671875
4667692,23.193359375
4671412,31.005859375
4671465,24.658203125
4671505,26.3671875
4671579,41.1376953125
4675531,28.13720703125
4675676,29.6630859375
4675737,26.18408203125
4675769,23.25439453125
4675814,26.7333984375
4675831,20.751953125
4680526,36.92626953125
4680582,27.34375
4680651,25.81787109375
4680700,44.3115234375
4680853,31.005859375
4680904,21.6064453125
4680923,22.4609375
4686386,28.4423828125
4686419,20.99609375
4686464,21.30126953125
4686537,49.8046875
4686741,26.42822265625
4691279,27.64892578125
4691292,22.0947265625
4691439,28.076171875
4697560,27.28271484375
4697596,27.4658203125
4697725,26.85546875
4698031,26.91650390625
4702595,22.39990234375
4702901,30.33447265625
4702934,28.62548828125
4703033,24.96337890625
4703180,22.15576171875
4703195,27.89306640625
4703334,21.728515625
4710971,32.89794921875
4711234,22.3388671875
4711288,22.15576171875
4718499,26.30615234375
4718566,22.88818359375
4718617,21.42333984375
4718702,39.00146484375
4718749,22.15576171875
4718822,21.728515625
4718867,21.728515625
4718918,26.67236328125
4718930,21.240234375
4718986,24.169921875
4719021,24.169921875
4719111,21.42333984375
4797733,23.681640625
4797963,24.90234375
4821347,22.4609375
4839279,21.484375
5388777,21.728515625
5400616,22.4609375
5400678,22.88818359375
5469065,21.97265625
5524075,21.1181640625
5617504,21.240234375
5617550,24.23095703125
5641079,37.41455078125
5641107,56.396484375
5641129,20.6298828125
5641152,31.25
5641196,48.40087890625
5641252,36.376953125
5641274,30.76171875
5641293,21.66748046875
5641330,24.7802734375
5641358,20.751953125
5641370,24.7802734375
5644208,21.6064453125
5645976,27.64892578125
5653031,27.03857421875
5653902,34.7900390625
5656795,30.76171875
5657610,33.5693359375
5659755,30.3955078125
5659997,25.634765625
5661054,25.390625
5662058,25.146484375
5664616,30.45654296875
5668011,29.4189453125
5669557,41.3818359375
5671873,32.8369140625
5674502,27.587890625
5678143,42.41943359375
5682603,27.34375
5683330,27.9541015625
5687095,28.74755859375
5688103,34.11865234375
5691701,32.71484375
5691803,27.28271484375
5694562,27.587890625
5695032,26.18408203125
5695753,29.296875
5702862,21.8505859375
5704787,23.4375
5705753,25.32958984375
5706684,32.53173828125
5706754,20.751953125
5707912,21.17919921875
5709033,30.70068359375
5710924,20.8740234375
5711975,24.658203125
5713932,31.55517578125
5715177,22.15576171875
5715995,31.67724609375
5717386,29.1748046875
5718150,27.4658203125
5719119,34.66796875
5720765,29.052734375
5722365,23.62060546875
5722472,32.89794921875
5722564,23.86474609375
5724380,28.564453125
5725932,34.3017578125
5726055,22.8271484375
5726082,27.28271484375
5726183,23.8037109375
5726227,27.587890625
5726239,24.47509765625
5726260,21.97265625
5726340,32.77587890625
5726364,23.37646484375
5726385,21.484375
5726488,22.64404296875
5726538,24.35302734375
5726650,22.4609375
5726686,22.705078125
5726916,25.69580078125
5852250,21.05712890625
5852394,20.8740234375
5855374,20.8740234375
5856214,20.99609375
5856302,26.0009765625
5856313,21.3623046875
5856347,21.3623046875
5856378,21.05712890625
5856442,22.15576171875
5856475,26.18408203125
5867142,23.86474609375
5871051,23.37646484375
5871137,22.64404296875
5871155,23.49853515625
5871191,27.2216796875
5871202,20.751953125
5871339,22.03369140625
5891424,23.49853515625
5895076,23.3154296875
5895105,26.9775390625
5895136,31.92138671875
5895161,21.30126953125
5895187,25.08544921875
5895277,20.99609375
5904269,20.8740234375
5904315,22.705078125
5909861,21.3623046875
5909952,30.82275390625
5921418,26.55029296875
5921476,30.21240234375
5921513,24.4140625
5921528,26.06201171875
5921633,22.94921875
5929131,20.6298828125
5929278,25.45166015625
5934720,20.751953125
5934751,29.11376953125
5934784,20.6298828125
5946800,28.564453125
5954098,23.92578125
5963141,27.28271484375
5963193,25.32958984375
5963209,21.05712890625
5963236,26.9775390625
5963289,25.0244140625
5963337,21.17919921875
5963372,34.66796875
5963713,21.3623046875
5980117,22.3388671875
5980318,21.91162109375
5991366,37.109375
5991398,20.99609375
5991477,27.64892578125
5991504,20.93505859375
5991529,24.35302734375
5991643,23.98681640625
5991668,21.91162109375
5991797,23.98681640625
6006545,21.484375
6006561,22.15576171875
6010819,23.86474609375
6010863,23.49853515625
6014565,21.484375
6014633,22.64404296875
6014657,27.4658203125
6014701,29.6630859375
6014749,21.54541015625
6014813,20.99609375
6014916,23.01025390625
6045509,22.76611328125
6045553,24.2919921875
6045566,20.99609375
6058328,24.10888671875
6058386,20.99609375
6064564,21.1181640625
6064606,35.70556640625
6064657,20.69091796875
6064667,20.751953125
6064693,23.98681640625
6064712,27.4658203125
6064742,22.94921875
6064766,22.705078125
6074229,23.01025390625
6074241,29.9072265625
6074336,22.03369140625
6088717,33.935546875
6088817,33.5693359375
6088892,22.64404296875
6098254,20.69091796875
6101886,22.3388671875
6105822,23.25439453125
6115632,21.05712890625
6115780,22.27783203125
6132385,24.658203125
6132468,21.1181640625
6132639,21.728515625
6144784,22.88818359375
6144908,21.30126953125
6158283,21.1181640625
6158413,21.3623046875
6184176,22.03369140625
6633534,21.66748046875
6664069,32.65380859375
6664140,26.611328125
6664234,47.4853515625
6664269,27.587890625
6664358,23.98681640625
6664374,40.0390625
6674269,30.82275390625
6676418,27.64892578125
6677900,34.48486328125
6683640,22.8271484375
6683660,33.26416015625
6683690,43.3349609375
6683704,27.40478515625
6683730,24.90234375
6683764,28.6865234375
6683905,25.7568359375
6683931,21.484375
6684029,27.64892578125
6684089,21.3623046875
6684247,23.98681640625
6684483,22.705078125
6684647,21.240234375
6688225,23.3154296875
6689696,33.99658203125
6690090,29.9072265625
6690531,26.55029296875
6692385,29.052734375
6693151,31.06689453125
6693408,23.25439453125
6693560,29.35791015625
6693854,26.9775390625
6694007,27.16064453125
6694606,28.99169921875
6695013,24.59716796875
6698824,24.169921875
6698882,35.888671875
6698934,29.72412109375
6698999,29.23583984375
6699113,25.81787109375
6699264,23.13232421875
6699974,23.0712890625
6703112,32.89794921875
6704035,32.71484375
6704235,23.13232421875
6705185,26.42822265625
6705830,26.3671875
6706041,21.728515625
6706211,22.27783203125
6706503,29.6630859375
6706754,26.06201171875
6708507,35.2783203125
6709944,27.77099609375
6710193,24.90234375
6711038,27.16064453125
6711546,27.2216796875
6711567,28.564453125
6713104,26.3671875
6714961,21.3623046875
6715982,22.64404296875
6717322,23.98681640625
6717960,26.30615234375
6719269,26.7333984375
6720122,31.79931640625
6721200,24.658203125
6721239,25.45166015625
6721536,31.31103515625
6722629,30.029296875
6722876,28.6865234375
6724693,26.67236328125
6725531,30.1513671875
6726640,26.55029296875
6728810,25.634765625
6729743,24.0478515625
6729831,20.69091796875
6729843,35.70556640625
6730054,33.99658203125
6732847,27.7099609375
6732859,23.92578125
6732880,44.86083984375
6733005,23.01025390625
6733098,27.40478515625
6733596,23.62060546875
6734129,22.8271484375
6734526,20.99609375
6738753,26.9775390625
6740019,30.2734375
6740770,30.029296875
6740917,28.076171875
6741286,27.77099609375
6742190,28.1982421875
6742438,42.41943359375
6743334,25.390625
6743475,26.123046875
6745337,31.55517578125
6746804,29.9072265625
6747139,43.212890625
6748129,27.7099609375
6749256,38.02490234375
6749347,28.74755859375
6749359,30.517578125
6750766,22.88818359375
6751160,27.4658203125
6751248,25.69580078125
6751352,23.01025390625
6755976,29.052734375
6756013,25.57373046875
6756983,24.4140625
6757083,32.3486328125
6757103,25.81787109375
6757335,41.19873046875
6757537,31.25
6757894,22.5830078125
6758255,24.59716796875
6758422,35.94970703125
6759736,26.9775390625
6759928,22.15576171875
6760122,24.0478515625
6760767,32.04345703125
6761077,29.1748046875
6761269,22.4609375
6761368,20.751953125
6761406,45.8984375
6761644,26.0009765625
6761867,25.57373046875
6761977,23.37646484375
6761994,20.69091796875
6762167,37.29248046875
6762508,24.23095703125
6762700,21.05712890625
6762737,37.90283203125
6762841,21.30126953125
6762978,22.5830078125
6763254,22.8271484375
6763308,21.91162109375
6763521,25.32958984375
6763607,23.193359375
6764057,21.54541015625
6764127,35.46142578125
6764146,23.3154296875
6764278,26.2451171875
6764623,25.20751953125
6764707,50.1708984375
6764897,23.8037109375
6764912,48.095703125
6765261,21.91162109375
6765537,22.27783203125
6765573,22.03369140625
6765928,36.865234375
6766147,36.2548828125
6766196,20.93505859375
6766463,25.0244140625
6767214,28.1982421875
6767497,34.1796875
6767640,21.17919921875
6767687,22.39990234375
6768083,24.96337890625
6768121,25.08544921875
6768223,29.6630859375
6768239,30.517578125
6768427,20.99609375
6768785,39.36767578125
6768847,21.78955078125
6769250,36.0107421875
6770073,26.7333984375
6770254,28.564453125
6770431,22.94921875
6770476,23.01025390625
6770715,21.3623046875
6770828,22.88818359375
6770857,40.1611328125
6771622,25.45166015625
6771937,21.78955078125
6772087,32.470703125
6772151,23.98681640625
6772246,45.166015625
6772913,27.83203125
6773166,22.8271484375
6773307,21.6064453125
6773486,35.0341796875
6773731,23.62060546875
6773924,24.2919921875
6774763,21.6064453125
6774838,23.49853515625
6775004,33.26416015625
6775249,20.93505859375
6775355,39.61181640625
6775367,24.10888671875
6775483,36.62109375
6775500,21.6064453125
6776028,21.91162109375
6776078,22.39990234375
6776198,21.6064453125
6777669,21.30126953125
6777778,28.6865234375
6780740,33.203125
6780824,39.12353515625
6780881,42.236328125
6781019,28.50341796875
6781058,20.69091796875
6781227,30.517578125
6781660,39.48974609375
6781673,46.38671875
6782706,26.9775390625
6783532,23.01025390625
6784748,25.32958984375
6785506,23.193359375
6786811,25.390625
6787919,21.91162109375
6788548,27.40478515625
6788702,22.216796875
6789095,40.46630859375
6789839,26.42822265625
6791761,24.59716796875
6791778,26.123046875
6791829,23.74267578125
6791839,63.8427734375
6791893,23.193359375
6792001,25.45166015625
6795257,24.7802734375
6795323,29.23583984375
6795335,32.40966796875
6795395,35.64453125
6795413,30.517578125
6795433,26.67236328125
6795449,23.86474609375
6795602,22.216796875
6795643,24.59716796875
6795667,30.94482421875
6795763,22.76611328125
6800671,29.78515625
6800862,43.88427734375
6806010,27.34375
6807906,21.42333984375
6807978,23.62060546875
6808003,21.97265625
6808031,24.35302734375
6812368,29.35791015625
6813423,23.3154296875
6813564,23.98681640625
6816138,29.9072265625
6817386,20.93505859375
6819290,22.88818359375
6823296,33.14208984375
6823328,21.728515625
6823405,54.62646484375
6823502,22.94921875
6823536,22.64404296875
6823572,21.30126953125
6827988,29.60205078125
6828103,34.912109375
6832213,23.01025390625
6832354,27.16064453125
6835088,26.30615234375
6835113,23.74267578125
6835288,29.84619140625
6835305,20.93505859375
6840515,22.94921875
6840616,21.30126953125
6845382,22.64404296875
6845503,37.17041015625
6845513,21.66748046875
6845616,24.4140625
6845719,20.69091796875
6850103,25.20751953125
6850212,24.0478515625
6850232,24.59716796875
6850337,25.93994140625
6850385,30.57861328125
6850423,20.69091796875
6855671,24.71923828125
6855791,21.05712890625
6855824,30.029296875
6855939,25.45166015625
6856050,21.42333984375
6861929,31.06689453125
6862203,20.99609375
6866378,22.8271484375
6866441,43.27392578125
6866453,22.0947265625
6866499,33.3251953125
6866523,25.57373046875
6875836,21.3623046875
6875872,25.7568359375
6875891,20.81298828125
6881932,20.69091796875
6886870,25.57373046875
6889414,21.17919921875
6889557,25.0244140625
6893855,29.23583984375
6897465,25.634765625
6902174,22.3388671875
6902329,24.71923828125
6902378,26.67236328125
6902437,21.728515625
6902496,27.64892578125
6902537,22.4609375
6902611,21.1181640625
6902657,26.06201171875
6914845,21.728515625
6925984,20.6298828125
6932016,21.42333984375
6932071,31.982421875
6940391,20.93505859375
6943306,22.0947265625
6943361,21.8505859375
6943541,25.08544921875
6943579,21.1181640625
6943692,21.97265625
6973428,23.193359375
6982247,25.20751953125
6982301,23.86474609375
6982369,29.84619140625
7008807,23.193359375
7015111,21.17919921875
7015140,23.4375
7015256,28.01513671875
7026850,20.99609375
7047419,21.97265625
7052725,21.1181640625
7052886,22.3388671875
7066713,22.76611328125
7066819,20.99609375
7163625,20.6298828125
7537274,21.30126953125
7537345,27.9541015625
7537513,21.30126953125
7537718,25.20751953125
7537757,22.0947265625
7537783,31.79931640625
7537840,29.60205078125
7537856,57.55615234375
7537920,24.84130859375
7537938,31.25
7538149,21.8505859375
7538185,21.78955078125
7540597,21.240234375
7579204,21.05712890625
7579378,32.71484375
7579397,24.47509765625
7579438,25.634765625
7579461,35.33935546875
7579585,35.09521484375
7579700,29.35791015625
7580238,28.99169921875
7581961,29.052734375
7584046,30.76171875
7585489,28.74755859375
7585502,26.42822265625
7586148,24.59716796875
7586370,22.15576171875
7586398,34.97314453125
7587187,28.25927734375
7589339,32.2265625
7589643,24.10888671875
7590302,21.1181640625
7590358,20.99609375
7598930,27.2216796875
7598964,32.470703125
7598993,28.62548828125
7599015,20.69091796875
7599098,42.236328125
7599741,33.3251953125
7603210,28.564453125
7607001,43.27392578125
7609168,29.84619140625
7610754,35.58349609375
7611295,25.81787109375
7612442,28.13720703125
7613989,24.7802734375
7614213,22.39990234375
7615287,30.1513671875
7616648,35.58349609375
7616659,27.03857421875
7618687,24.658203125
7619015,33.203125
7619291,21.240234375
7619309,22.39990234375
7619372,23.13232421875
7620123,27.7099609375
7620198,24.84130859375
7620288,40.22216796875
7620547,30.2734375
7620996,25.2685546875
7621156,29.11376953125
7621606,28.80859375
7622155,28.1982421875
7623580,28.4423828125
7623719,24.23095703125
7623860,28.50341796875
7625047,27.587890625
7625600,24.4140625
7627555,23.49853515625
7628293,22.52197265625
7631272,33.447265625
7631374,38.57421875
7631484,41.9921875
7631962,22.94921875
7631989,25.634765625
7632016,21.97265625
7632039,25.2685546875
7634952,29.296875
7634965,24.71923828125
7635025,24.7802734375
7635127,32.89794921875
7635157,42.724609375
7635207,26.30615234375
7635404,25.93994140625
7636747,21.3623046875
7637334,21.17919921875
7638649,21.91162109375
7639265,32.28759765625
7645170,28.564453125
7645563,25.81787109375
7646856,27.89306640625
7648867,29.9072265625
7648985,28.62548828125
7651198,23.92578125
7655827,25.0244140625
7656726,32.65380859375
7658450,34.3017578125
7658982,22.4609375
7659162,25.69580078125
7660093,27.77099609375
7662019,25.634765625
7662148,24.96337890625
7662270,45.2880859375
7664168,36.31591796875
7664282,23.3154296875
7664406,21.17919921875
7665805,28.564453125
7665847,23.86474609375
7667144,26.85546875
7672511,27.4658203125
7674706,27.77099609375
7675663,22.5830078125
7677096,21.728515625
7677137,20.6298828125
7679850,30.45654296875
7680014,22.4609375
7680200,44.49462890625
7681883,22.27783203125
7684266,36.31591796875
7684425,28.9306640625
7684664,22.3388671875
7684718,29.296875
7684760,22.64404296875
7686937,32.2265625
7687116,20.69091796875
7691947,21.66748046875
7691975,28.13720703125
7691991,23.01025390625
7692185,20.69091796875
7695238,28.38134765625
7695472,26.0009765625
7699241,34.423828125
7699306,66.83349609375
7699404,21.17919921875
7699445,21.6064453125
7702848,33.8134765625
7703022,22.4609375
7703034,35.400390625
7706606,30.517578125
7709262,32.04345703125
7709649,21.3623046875
7713226,30.6396484375
7713387,22.15576171875
7713495,23.86474609375
7713562,43.51806640625
7713666,21.42333984375
7713678,21.42333984375
7719456,30.09033203125
7719568,21.3623046875
7719690,20.99609375
7719939,24.169921875
7727404,32.5927734375
7727608,22.52197265625
7729944,30.09033203125
7729993,38.4521484375
7730096,44.3115234375
7730124,31.92138671875
7730163,28.99169921875
7730197,43.02978515625
7730210,20.751953125
7730244,21.484375
7730301,24.658203125
7730317,35.21728515625
7730390,25.146484375
7730480,21.30126953125
7730662,21.17919921875
7756333,21.484375
7775347,20.8740234375
7775392,28.99169921875
7775426,25.93994140625
7775438,22.52197265625
7775465,28.076171875
7775500,21.17919921875
7780582,20.8740234375
