7799001,0
103392,16.357421875
109732,20.01953125
109788,19.47021484375
199460,19.287109375
199543,20.8740234375
199603,16.7236328125
209725,16.05224609375
255828,16.2353515625
255936,19.59228515625
302992,19.59228515625
303043,16.17431640625
303058,18.5546875
303092,17.2119140625
303138,19.4091796875
303169,16.2353515625
303268,20.20263671875
303293,20.8740234375
303369,16.17431640625
312165,16.90673828125
406227,20.6298828125
406311,17.63916015625
410440,19.59228515625
419756,21.97265625
419770,22.27783203125
419803,16.7236328125
419934,18.310546875
420390,18.12744140625
421043,16.66259765625
476903,18.798828125
476933,18.98193359375
476976,17.76123046875
477004,18.61572265625
477035,18.310546875
477058,17.51708984375
477125,17.578125
477160,16.54052734375
481932,21.3623046875
482073,16.54052734375
482761,17.08984375
490627,17.76123046875
492871,18.24951171875
492924,21.17919921875
492942,17.7001953125
492990,16.845703125
493025,16.357421875
493708,16.7236328125
493935,18.85986328125
504883,21.240234375
504911,18.310546875
504968,21.3623046875
505015,24.35302734375
515574,20.56884765625
515681,17.9443359375
515756,18.12744140625
515798,16.7236328125
515839,17.822265625
515902,17.2119140625
515956,16.29638671875
523613,19.95849609375
523718,18.4326171875
523759,18.1884765625
523788,16.78466796875
528239,17.822265625
528350,16.78466796875
528383,19.47021484375
538785,18.00537109375
538840,16.11328125
538851,16.7236328125
538897,16.29638671875
538913,18.5546875
548407,16.11328125
548504,18.9208984375
548532,21.728515625
548559,17.15087890625
548628,19.83642578125
548709,17.7001953125
548756,17.333984375
548786,18.24951171875
558647,21.97265625
558661,20.56884765625
558736,17.02880859375
558752,20.99609375
558787,17.63916015625
567658,16.78466796875
567737,19.04296875
567800,18.49365234375
567849,17.578125
567881,16.05224609375
567943,18.61572265625
579204,18.73779296875
579235,16.41845703125
579263,17.4560546875
579320,16.11328125
579378,18.310546875
592353,17.822265625
592479,17.39501953125
593212,18.49365234375
601186,20.20263671875
601256,21.6064453125
601333,20.32470703125
601371,20.1416015625
601403,21.728515625
610587,23.8037109375
610622,17.333984375
610669,16.7236328125
610680,16.66259765625
610697,16.11328125
610750,18.1884765625
610774,16.54052734375
611163,16.7236328125
618589,17.7001953125
618743,19.59228515625
626984,25.2685546875
627041,18.98193359375
627097,18.9208984375
627111,20.56884765625
627146,16.2353515625
627244,18.06640625
627279,16.41845703125
634033,18.49365234375
634217,16.845703125
638238,16.66259765625
638278,18.6767578125
638357,17.51708984375
638374,17.08984375
638437,18.24951171875
647716,16.357421875
647749,23.01025390625
647824,24.84130859375
647844,16.54052734375
647905,17.51708984375
658379,20.3857421875
658423,23.25439453125
658551,16.66259765625
658599,16.05224609375
658809,16.29638671875
671313,16.7236328125
671350,21.728515625
671362,18.1884765625
671397,16.66259765625
671491,17.63916015625
671626,19.10400390625
671908,16.41845703125
685569,20.8740234375
685583,25.7568359375
685639,17.27294921875
685659,17.2119140625
685806,17.578125
685912,17.51708984375
686018,18.4326171875
705907,19.6533203125
705949,22.216796875
705983,16.17431640625
706004,18.06640625
706059,17.7001953125
706144,17.63916015625
706437,18.9208984375
706553,16.357421875
724757,25.146484375
724813,19.71435546875
724834,26.06201171875
724905,18.49365234375
724980,18.06640625
725604,17.2119140625
794210,17.02880859375
1109222,18.00537109375
1904975,16.90673828125
1996574,18.85986328125
1996626,16.357421875
2180438,16.90673828125
2180471,17.578125
2261549,16.7236328125
2261594,23.4375
2261611,19.53125
2261641,23.5595703125
2322084,17.63916015625
2322167,17.2119140625
2322209,18.310546875
2322258,21.30126953125
2322338,33.203125
2322434,26.67236328125
2322565,17.02880859375
2322849,16.9677734375
2323060,18.12744140625
2376663,18.61572265625
2376727,17.51708984375
2376753,17.7001953125
2394866,17.08984375
2394985,18.73779296875
2395025,17.822265625
2395074,25.2685546875
2395109,21.30126953125
2395161,16.357421875
2395195,17.76123046875
2402656,16.54052734375
2427299,16.4794921875
2427355,19.287109375
2427415,22.94921875
2427425,18.6767578125
2427467,17.15087890625
2427508,16.2353515625
2506538,20.01953125
2506621,16.66259765625
2506645,18.6767578125
2513024,18.06640625
2513050,24.10888671875
2513149,18.4326171875
2513194,16.845703125
2527306,16.05224609375
2527331,20.08056640625
2527352,19.34814453125
2535317,16.7236328125
2535352,23.01025390625
2535414,17.4560546875
2543456,21.05712890625
2543491,24.2919921875
2543518,18.4326171875
2543643,20.5078125
2551534,18.4326171875
2551573,16.54052734375
2551627,17.08984375
2560438,22.64404296875
2560505,17.333984375
2560566,16.2353515625
2560597,17.15087890625
2569570,18.06640625
2569628,21.3623046875
2569709,25.146484375
2579605,16.6015625
2579626,22.216796875
2579655,19.95849609375
2579667,16.29638671875
2579695,17.88330078125
2587761,16.29638671875
2587828,19.775390625
2587859,22.8271484375
2598284,20.99609375
2598309,17.7001953125
2598342,17.76123046875
2598373,17.7001953125
2598407,21.54541015625
2598509,16.41845703125
2615561,16.2353515625
2615659,19.47021484375
2631415,22.52197265625
2631496,17.88330078125
2631532,17.578125
2631558,21.91162109375
2643125,18.49365234375
2643194,16.11328125
2650641,19.47021484375
2650721,16.6015625
2650755,19.22607421875
2650820,17.27294921875
2659586,19.22607421875
2659687,16.05224609375
2669468,17.822265625
2669523,18.5546875
2669558,16.05224609375
2669617,17.76123046875
2678397,19.95849609375
2678496,18.98193359375
2678691,16.11328125
2678741,17.27294921875
2687845,17.08984375
2687917,19.10400390625
2687936,19.95849609375
2687977,17.4560546875
2688019,16.6015625
2688073,18.49365234375
2688208,16.357421875
2702199,20.1416015625
2702242,18.4326171875
2702281,17.27294921875
2715888,18.49365234375
2715919,17.15087890625
2715996,16.845703125
2716068,16.05224609375
2716111,18.1884765625
2733613,20.751953125
2733678,22.3388671875
2733747,17.76123046875
2751314,20.56884765625
2751367,24.90234375
2751392,23.01025390625
2751428,19.775390625
2766294,16.78466796875
2766351,20.1416015625
2766426,17.4560546875
2786006,17.02880859375
2786018,16.7236328125
2786061,17.15087890625
2786116,18.00537109375
2786138,17.02880859375
2804236,16.90673828125
2804265,17.88330078125
2804294,18.310546875
2829173,18.98193359375
2829220,21.30126953125
2829267,16.78466796875
2860595,17.51708984375
2860680,26.4892578125
2860830,16.90673828125
2860958,16.41845703125
3212410,16.78466796875
3214078,16.11328125
3361347,20.32470703125
3361509,24.4140625
3382203,18.6767578125
3382324,18.4326171875
3382355,20.81298828125
3386667,16.54052734375
3386736,16.41845703125
3386767,23.8037109375
3386824,21.6064453125
3386864,16.54052734375
3386925,18.24951171875
3387032,20.99609375
3387074,17.08984375
3387197,16.78466796875
3409662,16.11328125
3409714,19.53125
3414908,17.4560546875
3414940,16.845703125
3415021,17.7001953125
3415031,17.63916015625
3415072,17.822265625
3420559,16.11328125
3420667,16.05224609375
3420745,17.08984375
3420763,19.71435546875
3420927,16.6015625
3420962,16.05224609375
3420995,17.63916015625
3421013,17.76123046875
3421584,16.4794921875
3428833,17.02880859375
3436036,20.20263671875
3436090,16.66259765625
3436122,20.20263671875
3436164,17.88330078125
3436235,16.357421875
3436253,16.41845703125
3436278,20.01953125
3436843,19.53125
3437018,16.41845703125
3437766,16.7236328125
3498390,16.9677734375
3498523,20.44677734375
3498592,18.49365234375
3498639,16.4794921875
3504303,18.12744140625
3504404,21.17919921875
3504511,17.02880859375
3510851,16.17431640625
3510908,16.66259765625
3510972,23.92578125
3511028,22.27783203125
3511046,16.6015625
3511073,16.6015625
3511094,16.9677734375
3511206,16.17431640625
3525541,16.17431640625
3525578,23.5595703125
3525610,17.4560546875
3525718,18.06640625
3525740,16.845703125
3525935,16.90673828125
3526087,17.822265625
3526130,16.90673828125
3526219,17.63916015625
3539353,20.08056640625
3539429,16.9677734375
3539525,18.06640625
3546615,20.93505859375
3546650,16.7236328125
3546671,17.15087890625
3546692,18.4326171875
3546720,20.01953125
3547045,17.578125
3547181,18.06640625
3561235,18.24951171875
3566281,20.08056640625
3566349,16.66259765625
3572299,17.27294921875
3572312,19.6533203125
3572393,18.98193359375
3572445,17.822265625
3572503,16.845703125
3579228,23.4375
3579334,18.4326171875
3579352,19.1650390625
3585807,18.310546875
3585892,16.9677734375
3585944,24.169921875
3585969,16.78466796875
3599290,18.1884765625
3599321,27.4658203125
3599341,18.85986328125
3599353,16.7236328125
3599368,18.61572265625
3599396,17.02880859375
3599438,19.10400390625
3599453,19.34814453125
3599518,16.7236328125
3614446,21.1181640625
3620170,16.845703125
3620190,20.263671875
3620247,24.10888671875
3620325,16.11328125
3627236,16.17431640625
3627358,17.02880859375
3634512,21.8505859375
3634587,19.34814453125
3634604,18.1884765625
3644367,22.88818359375
3644390,17.51708984375
3644502,21.97265625
3644606,17.15087890625
3659788,21.17919921875
3659879,16.90673828125
3659934,17.39501953125
3659969,19.04296875
3669786,17.63916015625
3669855,19.8974609375
3669931,18.4326171875
3669948,16.41845703125
3670002,17.7001953125
3670076,18.12744140625
3682557,16.54052734375
3682668,19.287109375
3682712,16.11328125
3682734,20.81298828125
3682952,17.63916015625
3692121,17.76123046875
3692153,21.1181640625
3692283,17.9443359375
3703554,20.751953125
3703588,18.73779296875
3703623,20.44677734375
3703650,16.54052734375
3703688,17.76123046875
3703894,17.08984375
3716096,17.51708984375
3716164,24.7802734375
3716198,18.798828125
3716247,16.6015625
3725504,17.9443359375
3725623,18.06640625
3734741,16.357421875
3734780,23.0712890625
3734808,16.2353515625
3745733,21.66748046875
3745787,17.822265625
3745800,16.6015625
3745841,16.7236328125
3745859,16.05224609375
3745910,17.15087890625
3745938,16.7236328125
3745984,18.310546875
3758813,19.22607421875
3769039,17.76123046875
3769105,19.59228515625
3769159,16.54052734375
3769262,24.59716796875
3779261,18.06640625
3791682,16.66259765625
3791732,22.15576171875
3791844,23.62060546875
3791882,23.193359375
3791932,16.11328125
3824095,16.6015625
4389516,17.76123046875
4392433,16.41845703125
4529243,17.2119140625
4529342,16.7236328125
4649307,18.06640625
4661620,16.6015625
4661654,16.9677734375
4675824,18.49365234375
4675880,18.85986328125
4675930,19.59228515625
4675943,19.59228515625
4680807,16.29638671875
4680841,16.41845703125
4680909,20.01953125
4691497,21.05712890625
4691578,17.7001953125
4691624,16.66259765625
4691703,19.775390625
4697899,18.49365234375
4703138,17.39501953125
4703208,16.29638671875
4703256,18.06640625
4703313,16.2353515625
4703358,16.05224609375
4703390,26.30615234375
4703488,21.3623046875
4703598,16.4794921875
4711212,16.54052734375
4718663,18.06640625
4718770,19.53125
4718789,20.1416015625
4718804,23.3154296875
4718832,19.4091796875
4718893,18.61572265625
4718942,17.333984375
4719039,22.5830078125
4720353,18.310546875
5524088,17.39501953125
5579529,17.822265625
5617480,18.9208984375
5617517,16.90673828125
5617679,19.10400390625
5641260,18.06640625
5641302,18.6767578125
5641337,21.78955078125
5641389,18.98193359375
5692005,20.263671875
5692065,17.08984375
5726148,17.08984375
5726211,20.99609375
5726307,32.5927734375
5726373,17.76123046875
5726445,21.3623046875
5726953,16.7236328125
5727475,16.78466796875
5728419,18.00537109375
5752043,16.845703125
5841969,24.658203125
5852194,24.5361328125
5852256,17.88330078125
5852305,18.24951171875
5852347,19.47021484375
5856242,20.56884765625
5856288,19.71435546875
5856405,16.357421875
5856433,18.98193359375
5856468,18.310546875
5856510,18.1884765625
5871078,22.5830078125
5871135,19.83642578125
5871160,16.54052734375
5871186,16.4794921875
5871240,21.6064453125
5871283,18.12744140625
5871322,18.1884765625
5871826,18.49365234375
5885514,16.6015625
5891429,19.34814453125
5894920,16.11328125
5895044,21.6064453125
5895146,17.08984375
5901586,16.2353515625
5904122,18.49365234375
5904199,17.7001953125
5904278,19.71435546875
5904368,21.3623046875
5909846,16.7236328125
5909905,16.66259765625
5910073,16.29638671875
5921399,16.54052734375
5921462,21.54541015625
5921485,16.05224609375
5921517,18.798828125
5921539,19.04296875
5921649,16.29638671875
5921777,16.845703125
5921924,18.06640625
5929203,17.333984375
5929388,16.9677734375
5934637,19.83642578125
5934651,18.00537109375
5934708,16.6015625
5934748,20.263671875
5946683,18.1884765625
5946724,16.17431640625
5946778,19.47021484375
5946807,16.2353515625
5946918,18.24951171875
5963161,16.6015625
5963216,19.1650390625
5963238,18.85986328125
5963331,17.2119140625
5963508,16.7236328125
5963763,16.845703125
5980216,19.287109375
5980430,16.17431640625
5991378,22.216796875
5991435,20.69091796875
5991476,19.34814453125
5991566,17.9443359375
5991598,17.76123046875
5991629,18.4326171875
6014659,17.7001953125
6014681,26.55029296875
6014717,16.6015625
6014768,16.05224609375
6014811,17.4560546875
6014921,23.4375
6045532,19.53125
6045657,16.845703125
6045686,17.76123046875
6051981,18.06640625
6064550,22.27783203125
6064568,16.05224609375
6064609,18.310546875
6064628,16.90673828125
6064647,17.27294921875
6064662,16.54052734375
6064720,24.23095703125
6064804,17.39501953125
6064896,16.2353515625
6065087,16.17431640625
6065147,17.2119140625
6074171,20.751953125
6074251,18.6767578125
6074407,16.66259765625
6081675,20.01953125
6088622,18.00537109375
6088640,17.27294921875
6088666,16.29638671875
6088709,18.9208984375
6088722,18.49365234375
6088793,18.4326171875
6088833,16.05224609375
6088846,20.08056640625
6105851,18.06640625
6105909,16.357421875
6115476,20.5078125
6115522,22.52197265625
6115535,19.6533203125
6115589,21.3623046875
6115653,20.93505859375
6115722,16.41845703125
6115795,17.51708984375
6132439,24.10888671875
6132495,17.51708984375
6132508,22.5830078125
6132572,22.3388671875
6144797,19.47021484375
6144815,18.73779296875
6144867,19.8974609375
6144918,21.1181640625
6144949,19.6533203125
6144967,16.17431640625
6144994,17.76123046875
6158353,18.73779296875
6158400,17.822265625
6158430,20.56884765625
6158493,20.8740234375
6158551,16.357421875
6158633,18.24951171875
6166933,22.03369140625
6167022,16.9677734375
6167078,16.2353515625
6175351,18.798828125
6175380,23.49853515625
6175423,18.4326171875
6175466,17.4560546875
6184063,17.63916015625
6184085,16.7236328125
6193470,17.02880859375
6193493,16.29638671875
6203270,19.59228515625
6203300,16.90673828125
6243408,16.2353515625
6243462,16.17431640625
6243610,16.9677734375
6729737,16.357421875
6777794,19.59228515625
6792023,17.822265625
6795579,20.08056640625
6795605,19.6533203125
6795653,18.6767578125
6796012,18.06640625
6807925,23.01025390625
6807986,18.98193359375
6807999,17.08984375
6808070,21.05712890625
6823438,19.4091796875
6823480,18.1884765625
6823558,18.4326171875
6835221,17.02880859375
6835332,17.4560546875
6840723,17.88330078125
6840830,17.02880859375
6845775,17.2119140625
6850289,16.357421875
6850325,22.4609375
6850338,18.798828125
6850435,18.73779296875
6850480,21.240234375
6850494,16.29638671875
6850716,16.05224609375
6855809,16.7236328125
6855848,17.15087890625
6855858,17.76123046875
6856015,16.11328125
6866484,22.64404296875
6866605,21.91162109375
6866625,18.24951171875
6866683,19.71435546875
6866721,23.74267578125
6866872,19.10400390625
6866931,16.54052734375
6875806,17.822265625
6875908,18.24951171875
6889616,16.54052734375
6889651,16.9677734375
6902338,19.10400390625
6902356,22.216796875
6902399,18.4326171875
6902431,20.751953125
6902490,17.2119140625
6902509,20.751953125
6902554,23.74267578125
6902812,16.2353515625
6903128,16.54052734375
6932069,16.05224609375
6932083,18.49365234375
6943376,18.61572265625
6943397,22.216796875
6943419,17.7001953125
6943462,27.7099609375
6943515,16.4794921875
6943564,16.4794921875
6943620,16.2353515625
6944081,17.51708984375
6982327,16.54052734375
6982352,16.90673828125
7008963,16.357421875
7015073,18.9208984375
7015104,19.71435546875
7015132,23.13232421875
7015184,24.71923828125
7015244,18.5546875
7015266,16.78466796875
7015718,16.4794921875
7015894,16.78466796875
7047455,18.310546875
7052698,17.4560546875
7052740,25.08544921875
7059791,19.4091796875
7059876,20.3857421875
7060008,19.59228515625
7066846,17.578125
7074147,18.61572265625
7074191,16.17431640625
7074228,18.310546875
7074240,16.4794921875
7081314,16.54052734375
7081363,18.24951171875
7081474,20.93505859375
7089721,20.6298828125
7089761,16.66259765625
7089798,17.51708984375
7089831,19.04296875
7099434,18.6767578125
7111649,16.05224609375
7111690,20.751953125
7111750,18.37158203125
7111814,16.357421875
7122378,16.4794921875
7122469,17.51708984375
7122548,17.76123046875
7134403,16.2353515625
7134475,19.8974609375
7134552,17.02880859375
7134646,16.4794921875
7134788,16.05224609375
7149514,16.2353515625
7149553,20.8740234375
7149642,17.27294921875
7149868,16.90673828125
7163595,16.17431640625
7163637,18.9208984375
7163691,17.76123046875
7163871,17.08984375
7271737,16.7236328125
7538185,17.2119140625
7599211,16.357421875
7631993,23.01025390625
7632033,17.9443359375
7677164,18.37158203125
7677246,18.73779296875
7692267,19.59228515625
7699676,19.34814453125
7709697,17.88330078125
7709783,17.333984375
7713411,16.9677734375
7713617,19.47021484375
7713696,16.6015625
7713734,16.7236328125
7713788,16.11328125
7713817,22.03369140625
7730004,16.9677734375
7730056,16.90673828125
7730089,17.578125
7730190,20.1416015625
7730222,24.10888671875
7730284,25.390625
7730328,17.63916015625
7730445,16.11328125
7731381,16.66259765625
7775463,20.20263671875
7793243,18.73779296875
