7799001,0
458,16.05224609375
25789,16.2353515625
27266,16.2353515625
35813,16.7236328125
39020,15.7470703125
110098,16.2353515625
144788,16.4794921875
226770,16.41845703125
264171,15.93017578125
333682,16.05224609375
371519,18.4326171875
386879,16.90673828125
408385,16.66259765625
425789,16.4794921875
426837,16.11328125
428312,15.7470703125
526647,17.2119140625
527948,16.11328125
569980,16.9677734375
583911,16.90673828125
649742,16.4794921875
692532,16.54052734375
699534,17.08984375
768702,16.78466796875
770270,15.7470703125
804791,15.93017578125
856768,16.41845703125
886176,17.578125
910688,16.41845703125
1032067,16.78466796875
1071258,18.06640625
1102006,15.7470703125
1156740,17.2119140625
1159428,15.7470703125
1176440,15.7470703125
1211501,16.29638671875
1232771,17.51708984375
1286931,15.93017578125
1402085,16.17431640625
1488098,16.357421875
1503604,16.9677734375
1522924,16.357421875
1573943,16.2353515625
1586197,16.7236328125
1618026,17.88330078125
1623290,16.845703125
1623793,17.7001953125
1726908,15.9912109375
1730437,19.53125
1732765,17.08984375
1770154,16.845703125
1794698,18.12744140625
1871916,16.7236328125
1896523,15.7470703125
2002182,18.24951171875
2052395,17.39501953125
2055664,15.93017578125
2104698,16.7236328125
2106535,15.80810546875
2218363,16.4794921875
2245674,16.05224609375
2257676,16.11328125
2289687,16.78466796875
2291203,15.7470703125
2293866,16.6015625
2350955,16.90673828125
2442708,16.78466796875
2455744,16.29638671875
2493891,16.41845703125
2574826,17.333984375
2575563,16.11328125
2633485,15.80810546875
2674955,16.4794921875
2685851,17.02880859375
2703950,16.357421875
2715733,16.17431640625
2746906,15.93017578125
2747505,19.10400390625
2761840,16.17431640625
2798046,15.7470703125
2839580,16.41845703125
2921539,15.869140625
2977246,15.80810546875
2980229,15.7470703125
3053828,16.90673828125
3077230,16.78466796875
3088007,16.54052734375
3147348,15.9912109375
3169543,15.80810546875
3184019,16.357421875
3276646,16.29638671875
3295708,16.11328125
3299003,17.822265625
3329374,15.7470703125
3343949,16.845703125
3351652,16.357421875
3353597,16.05224609375
3480971,16.90673828125
3483316,16.41845703125
3485875,16.66259765625
3511302,16.90673828125
3513768,16.11328125
3535608,16.29638671875
3588358,17.7001953125
3672357,16.17431640625
3686787,15.9912109375
3711049,16.29638671875
3716389,16.845703125
3741764,16.4794921875
3744208,16.78466796875
3797868,16.90673828125
3827663,17.4560546875
3834368,17.51708984375
3835146,17.2119140625
3865436,16.11328125
3867195,16.7236328125
3933888,16.357421875
4027297,15.869140625
4037298,16.78466796875
4056295,16.78466796875
4073911,18.61572265625
4107895,15.93017578125
4108858,16.9677734375
4136291,15.7470703125
4156759,15.93017578125
4185447,16.29638671875
4198573,15.80810546875
4228421,15.869140625
4272567,17.76123046875
4366392,16.6015625
4380123,15.869140625
4392024,16.54052734375
4407108,18.49365234375
4410082,16.6015625
4410350,16.7236328125
4448911,17.08984375
4468911,16.11328125
4480568,15.869140625
4484488,16.17431640625
4570660,15.869140625
4627942,16.4794921875
4665288,19.53125
4721908,15.869140625
4763865,17.27294921875
4789040,16.4794921875
4811474,17.08984375
4848309,16.17431640625
4934635,18.37158203125
4968854,16.4794921875
4987072,16.05224609375
4987957,16.29638671875
5018802,16.54052734375
5024193,17.578125
5032216,16.845703125
5063543,16.845703125
5095374,16.357421875
5178356,16.54052734375
5197462,16.78466796875
5237046,17.39501953125
5242046,16.4794921875
5249922,17.08984375
5281392,16.41845703125
5305902,17.7001953125
5342323,17.2119140625
5399654,16.4794921875
5461827,16.05224609375
5516711,16.7236328125
5526632,18.1884765625
5544357,15.869140625
5556877,15.93017578125
5559883,16.29638671875
5576255,15.93017578125
5588795,17.7001953125
5657063,15.7470703125
5703345,16.845703125
5730857,17.9443359375
5839267,18.37158203125
5850748,15.80810546875
5932516,16.41845703125
5975182,16.78466796875
6083033,18.00537109375
6085654,17.333984375
6159155,16.05224609375
6160774,17.15087890625
6171221,15.80810546875
6214975,17.02880859375
6267376,15.7470703125
6296049,16.6015625
6365385,16.11328125
6404539,16.29638671875
6437993,16.17431640625
6455828,16.66259765625
6490844,15.9912109375
6548164,16.845703125
6560815,16.90673828125
6595308,16.11328125
6611556,16.11328125
6667073,16.05224609375
6682464,15.93017578125
6689165,16.357421875
6715559,15.7470703125
6734229,17.51708984375
6758104,17.51708984375
6759015,15.93017578125
6772188,15.869140625
6805721,16.29638671875
6860572,16.4794921875
6866897,15.9912109375
6963344,19.8974609375
7006567,15.93017578125
7006899,15.869140625
7032874,16.54052734375
7169943,16.41845703125
7204935,16.66259765625
7341918,15.7470703125
7408870,16.4794921875
7413526,16.66259765625
7422425,16.11328125
7436767,17.02880859375
7497091,15.93017578125
7531920,18.1884765625
7567501,16.357421875
7631234,16.66259765625
7648496,17.39501953125
7654686,17.02880859375
7778668,15.9912109375
7785469,15.93017578125
