4799001,0
260969,23.98681640625
261065,22.03369140625
261144,21.97265625
261232,21.1181640625
371596,21.97265625
371752,21.91162109375
371994,18.98193359375
372062,19.04296875
372104,19.4091796875
455139,26.123046875
455187,19.22607421875
455205,20.751953125
455255,19.83642578125
455293,18.85986328125
455487,21.78955078125
513154,22.8271484375
513241,22.5830078125
513474,24.23095703125
513514,26.42822265625
513627,20.3857421875
617896,27.83203125
618181,20.20263671875
618281,19.4091796875
716742,23.4375
716795,19.6533203125
716959,20.751953125
717277,20.263671875
913944,29.60205078125
914085,23.3154296875
914809,19.4091796875
1374420,26.611328125
1374495,25.390625
1374563,19.287109375
1374624,22.52197265625
1375295,23.193359375
1781642,19.59228515625
1781675,28.076171875
1781725,18.98193359375
1781757,23.92578125
1781775,20.93505859375
1781837,20.81298828125
1782652,20.56884765625
2164637,30.82275390625
2164655,20.1416015625
2164708,21.54541015625
2683498,30.33447265625
2683558,20.3857421875
3277138,31.005859375
3277197,19.8974609375
3277246,20.99609375
3277300,22.76611328125
3642407,22.76611328125
3642417,20.6298828125
3642473,21.728515625
3642532,19.8974609375
3899250,30.70068359375
3899711,23.37646484375
3944530,22.705078125
3944602,19.95849609375
3944744,23.5595703125
3944792,23.25439453125
3944839,20.8740234375
3944872,20.81298828125
3945455,22.0947265625
3994164,29.96826171875
3994215,19.4091796875
3994292,23.13232421875
3994474,20.08056640625
4138530,26.55029296875
4138748,19.04296875
4138872,19.04296875
4139026,20.32470703125
4270518,27.2216796875
4270866,21.17919921875
4270933,19.34814453125
4270967,22.5830078125
4271015,21.1181640625
4307061,19.287109375
