11999000,0
1549,61.21826171875
1606,44.25048828125
1799,72.3876953125
1812,40.46630859375
1984,57.0068359375
2086,41.93115234375
2108,43.701171875
2232,49.25537109375
2306,46.20361328125
2345,62.01171875
2458,40.8935546875
2865,38.9404296875
18397,78.06396484375
18477,51.7578125
18647,40.83251953125
18688,67.138671875
18782,59.326171875
18806,42.48046875
18918,45.654296875
18986,44.25048828125
19019,40.0390625
19105,43.76220703125
19285,44.25048828125
20593,37.9638671875
31131,64.208984375
31403,80.9326171875
31626,62.92724609375
31805,41.9921875
31842,67.626953125
32068,45.34912109375
47456,58.41064453125
47611,48.7060546875
47728,63.5986328125
47867,56.396484375
47877,42.1142578125
47974,44.86083984375
47985,46.20361328125
48012,40.1611328125
48066,39.00146484375
48095,47.4853515625
48152,39.794921875
48205,39.12353515625
48754,47.91259765625
65875,55.17578125
65910,50.537109375
66047,60.11962890625
66184,57.0068359375
66287,52.3681640625
66373,45.41015625
66445,46.08154296875
66467,45.5322265625
66561,45.59326171875
67792,39.00146484375
83178,70.3125
83323,55.72509765625
83474,64.14794921875
83519,41.6259765625
83610,57.4951171875
83639,38.14697265625
83720,63.8427734375
83762,38.51318359375
83836,42.96875
83872,51.69677734375
83938,40.83251953125
83950,55.7861328125
103793,54.50439453125
103866,54.62646484375
103986,61.46240234375
104012,40.83251953125
104140,59.814453125
104246,38.57421875
104299,50.29296875
104340,42.54150390625
104419,66.650390625
104515,38.39111328125
118094,70.86181640625
118127,49.62158203125
118351,52.18505859375
118539,42.78564453125
118688,41.68701171875
118723,45.47119140625
118879,47.36328125
119075,51.81884765625
119115,40.0390625
154587,65.3076171875
154696,44.73876953125
154765,62.31689453125
154813,49.31640625
154895,56.21337890625
154973,60.97412109375
154987,49.74365234375
155048,58.89892578125
155101,40.83251953125
155932,48.76708984375
297791,69.091796875
860617,70.00732421875
860667,41.50390625
860684,59.2041015625
860697,52.30712890625
860737,45.8984375
860769,52.3681640625
860834,43.5791015625
861733,66.71142578125
861928,52.6123046875
862120,60.97412109375
862310,46.7529296875
862474,52.42919921875
862656,51.8798828125
862938,59.50927734375
863205,53.16162109375
863600,51.7578125
863832,62.07275390625
936419,76.7822265625
953860,63.1103515625
953964,50.048828125
954158,72.08251953125
954227,53.8330078125
954303,81.84814453125
954360,60.60791015625
954441,44.921875
954495,37.9638671875
955012,60.60791015625
955340,67.7490234375
955555,47.4853515625
955698,69.76318359375
955852,44.61669921875
956108,57.0068359375
956490,44.61669921875
975288,52.30712890625
988751,76.416015625
997598,71.47216796875
997663,41.9921875
997793,57.18994140625
997805,45.8984375
997889,58.9599609375
997914,47.7294921875
997957,47.2412109375
997969,48.15673828125
998028,59.814453125
998555,39.0625
998899,57.2509765625
999104,56.884765625
999273,51.1474609375
999447,63.90380859375
999692,56.33544921875
1009481,54.99267578125
1009563,58.59375
1009776,73.8525390625
1009795,38.0859375
1009951,77.0263671875
1010048,62.80517578125
1010108,41.3818359375
1010120,53.16162109375
1010174,46.38671875
1010206,45.0439453125
1010772,42.8466796875
1010932,45.7763671875
1011092,53.22265625
1011349,52.18505859375
1025335,66.89453125
1025509,49.9267578125
1025797,67.9931640625
1025819,44.25048828125
1025941,68.66455078125
1026000,47.8515625
1026032,67.0166015625
1026061,50.537109375
1026079,42.8466796875
1026937,49.86572265625
1027262,65.73486328125
1027499,40.34423828125
1043417,61.03515625
1043547,39.12353515625
1043747,69.9462890625
1043783,44.5556640625
1043884,52.490234375
1043917,39.00146484375
1043975,54.931640625
1044042,53.89404296875
1044092,41.1376953125
1044629,45.166015625
1044861,52.55126953125
1045093,56.94580078125
1045834,41.07666015625
1052207,67.2607421875
1052231,49.37744140625
1052503,40.8935546875
1052544,67.32177734375
1052719,43.51806640625
1052842,65.0634765625
1052887,41.9921875
1052982,59.38720703125
1053062,39.9169921875
1053112,39.4287109375
1053206,38.330078125
1053218,53.8330078125
1053306,38.75732421875
1053318,42.8466796875
1053373,42.78564453125
1054075,46.5087890625
1054225,39.24560546875
1060741,51.7578125
1060779,47.9736328125
1069391,66.95556640625
1069481,64.75830078125
1069590,58.41064453125
1069634,44.12841796875
1069734,54.01611328125
1069787,39.0625
1069809,47.79052734375
1069827,40.283203125
1069853,51.69677734375
1069942,51.08642578125
1070447,38.2080078125
1070631,52.24609375
1070862,49.9267578125
1071271,54.87060546875
1071734,39.9169921875
1077923,38.87939453125
1085709,74.70703125
1085770,55.96923828125
1085922,45.654296875
1085944,59.5703125
1086048,100.40283203125
1086128,60.4248046875
1086218,45.10498046875
1086795,48.03466796875
1087118,56.0302734375
1087701,44.98291015625
1097037,75.98876953125
1097064,53.03955078125
1097213,44.73876953125
1097231,68.05419921875
1097327,37.90283203125
1097357,47.36328125
1097383,40.6494140625
1097445,40.6494140625
1097456,51.025390625
1097473,41.3818359375
1097575,38.02490234375
1098194,45.166015625
1098684,39.00146484375
1107066,106.01806640625
1107275,48.2177734375
1112058,53.1005859375
1112097,70.49560546875
1112256,65.185546875
1112294,64.453125
1112413,47.30224609375
1112475,38.330078125
1112519,50.6591796875
1112680,41.8701171875
1113273,48.4619140625
1114066,40.58837890625
1125489,57.861328125
1125628,45.8984375
1125648,38.6962890625
1125696,67.7490234375
1125806,89.29443359375
1125839,43.39599609375
1125895,71.1669921875
1125946,41.8701171875
1125975,40.4052734375
1126625,49.1943359375
1140004,62.56103515625
1140043,56.2744140625
1140187,57.43408203125
1140221,39.85595703125
1140292,55.60302734375
1140314,44.49462890625
1140368,62.8662109375
1140379,61.09619140625
1140451,50.59814453125
1140889,41.259765625
1141065,51.57470703125
1141391,55.96923828125
1148682,50.23193359375
1154958,48.15673828125
1154986,74.03564453125
1155122,39.12353515625
1155144,63.29345703125
1155221,54.50439453125
1155363,46.20361328125
1155390,46.44775390625
1155454,45.22705078125
1155467,65.185546875
1155544,40.34423828125
1170618,51.33056640625
1170774,38.818359375
1170802,48.583984375
1170911,67.93212890625
1170922,57.92236328125
1170996,50.6591796875
1171077,49.31640625
1171839,58.77685546875
1180263,46.93603515625
1180331,63.17138671875
1180532,41.50390625
1189122,46.9970703125
1189137,86.12060546875
1189256,48.7060546875
1189291,68.17626953125
1189389,41.44287109375
1189404,51.81884765625
1189447,52.06298828125
1189521,41.8701171875
1190042,39.0625
1190403,68.2373046875
1190673,38.9404296875
1198331,49.1943359375
1198374,77.880859375
1204956,72.44873046875
1204976,43.3349609375
1205141,39.55078125
1205158,52.67333984375
1205247,45.71533203125
1205296,38.51318359375
1205337,62.07275390625
1205382,44.49462890625
1205421,50.6591796875
1205478,43.45703125
1205513,45.10498046875
1206125,57.12890625
1206523,45.654296875
1215067,92.10205078125
1222127,46.7529296875
1222153,67.626953125
1222284,44.49462890625
1222363,59.02099609375
1222406,46.142578125
1222500,59.6923828125
1222541,44.25048828125
1222627,40.6494140625
1222731,41.19873046875
1223167,46.9970703125
1223641,41.9921875
1231551,58.89892578125
1231579,77.63671875
1239396,66.34521484375
1239452,45.5322265625
1239624,48.2177734375
1239641,68.7255859375
1239750,40.283203125
1239851,39.85595703125
1239869,86.97509765625
1239966,39.9169921875
1239981,53.16162109375
1240048,37.9638671875
1240542,46.9970703125
1251885,65.4296875
1251935,55.419921875
1252111,52.8564453125
1252209,57.80029296875
1252272,42.48046875
1252379,56.57958984375
1252394,44.73876953125
1252499,62.744140625
1252511,42.66357421875
1252591,47.05810546875
1252633,42.66357421875
1252663,43.212890625
1252701,44.49462890625
1252715,44.61669921875
1252809,39.48974609375
1253192,61.4013671875
1266372,60.9130859375
1266543,39.794921875
1266586,52.91748046875
1266698,39.00146484375
1266718,59.50927734375
1266819,43.15185546875
1266850,59.87548828125
1266914,63.65966796875
1266962,53.7109375
1267011,49.31640625
1267514,44.37255859375
1282308,71.1669921875
1282334,45.47119140625
1282479,50.6591796875
1282532,66.650390625
1282689,58.59375
1282778,47.30224609375
1282795,52.55126953125
1282863,79.52880859375
1282894,50.6591796875
1284139,39.85595703125
1301818,62.01171875
1301828,42.05322265625
1301961,53.466796875
1301997,58.349609375
1302117,60.97412109375
1302139,38.4521484375
1302162,50.29296875
1302215,53.28369140625
1302264,48.4619140625
1302310,40.83251953125
1302420,39.12353515625
1302834,44.86083984375
1303321,44.921875
1303460,40.46630859375
1318158,56.396484375
1318237,59.9365234375
1318400,46.0205078125
1318527,57.67822265625
1318573,45.83740234375
1318685,60.60791015625
1318781,55.7861328125
1318876,40.58837890625
1318889,68.359375
1335314,54.931640625
1335367,75.5615234375
1335562,46.7529296875
1335654,59.26513671875
1335698,49.072265625
1335800,62.31689453125
1335933,61.58447265625
1335963,58.7158203125
1336012,40.8935546875
1336056,41.80908203125
1336127,39.12353515625
1336542,46.81396484375
1353944,78.55224609375
1353959,41.1376953125
1354151,57.55615234375
1354219,61.6455078125
1354297,39.97802734375
1354356,48.9501953125
1354413,39.1845703125
1354457,38.9404296875
1354471,48.76708984375
1354542,42.96875
1354570,38.63525390625
1354625,59.5703125
1354668,40.0390625
1354700,39.6728515625
1355220,49.74365234375
1372660,68.603515625
1372677,42.29736328125
1372863,46.142578125
1372937,66.58935546875
1373013,49.98779296875
1373080,60.9130859375
1373138,38.57421875
1373202,47.42431640625
1373262,46.630859375
1373366,66.89453125
1373867,52.734375
1389489,66.0400390625
1389777,46.20361328125
1389854,62.3779296875
1389952,38.51318359375
1390084,61.09619140625
1390109,38.57421875
1390251,57.18994140625
1390362,54.74853515625
1390447,41.50390625
1390474,40.52734375
1390570,62.92724609375
1390683,42.8466796875
1390789,38.57421875
1390947,46.69189453125
1405149,64.51416015625
1405267,50.59814453125
1430609,62.5
1430704,44.43359375
1430864,37.90283203125
1430880,69.2138671875
1430958,42.236328125
1430992,51.57470703125
1431048,52.8564453125
1431068,40.283203125
1431246,39.36767578125
1431653,49.13330078125
1431917,54.8095703125
1448232,55.60302734375
1448326,46.93603515625
1448585,71.10595703125
1448643,44.5556640625
1448825,40.95458984375
1448847,63.232421875
1448995,55.7861328125
1449068,51.025390625
1449259,46.44775390625
1449388,49.98779296875
1449489,52.3681640625
1449624,40.10009765625
1449865,53.3447265625
1465175,81.4208984375
1465346,43.8232421875
1465843,66.10107421875
2793089,69.7021484375
2793203,82.275390625
2793271,55.11474609375
2793306,51.7578125
2793318,60.4248046875
2793342,44.98291015625
2793365,59.02099609375
2793893,41.8701171875
2793993,40.1611328125
2794105,39.306640625
2794230,50.29296875
2794378,48.33984375
2794563,53.5888671875
2794712,51.513671875
2794859,53.22265625
2795045,63.65966796875
2795227,54.99267578125
2795415,51.57470703125
2795591,63.41552734375
2795782,69.88525390625
2795968,62.01171875
2796271,51.08642578125
2796608,40.0390625
2797335,38.4521484375
2798042,38.6962890625
2849439,65.185546875
2849556,44.12841796875
2889639,72.69287109375
2889712,52.67333984375
2889815,79.1015625
2889894,66.0400390625
2889929,40.1611328125
2889974,45.0439453125
2890001,44.00634765625
2890021,42.724609375
2890418,44.49462890625
2890641,64.94140625
2890808,60.791015625
2890948,57.4951171875
2891094,48.15673828125
2891265,52.1240234375
2891436,52.24609375
2891620,57.2509765625
2891820,49.62158203125
2891989,53.16162109375
2892200,63.8427734375
2893513,42.78564453125
2898218,53.7109375
2898339,72.44873046875
2898465,44.73876953125
2898794,39.97802734375
2898851,75.439453125
2898956,39.9169921875
2898972,54.99267578125
2899052,38.9404296875
2899068,67.93212890625
2899114,53.64990234375
2899143,48.03466796875
2899212,38.6962890625
2899661,41.748046875
2899938,52.55126953125
2900152,52.8564453125
2900414,55.23681640625
2900604,56.884765625
2900917,54.6875
2901778,40.1611328125
2908971,46.08154296875
2909054,63.53759765625
2909263,38.26904296875
2909340,66.40625
2909421,40.1611328125
2909467,52.30712890625
2909526,52.91748046875
2909539,41.07666015625
2909603,39.6728515625
2909639,39.73388671875
2910166,47.607421875
2910278,41.50390625
2910409,40.4052734375
2910588,47.79052734375
2910829,59.4482421875
2918773,61.8896484375
2918795,53.3447265625
2920444,52.30712890625
2920610,75.5615234375
2920699,39.1845703125
2920790,83.19091796875
2920844,54.62646484375
2920899,39.73388671875
2920915,53.7109375
2920985,77.20947265625
2921002,50.84228515625
2921062,42.66357421875
2921685,42.8466796875
2921848,48.64501953125
2922070,61.58447265625
2922321,57.2509765625
2930303,46.9970703125
2933813,53.16162109375
2933914,68.78662109375
2934112,51.7578125
2934202,62.68310546875
2934297,53.52783203125
2934358,72.69287109375
2934390,58.77685546875
2934438,50.6591796875
2934469,37.9638671875
2934884,40.283203125
2935002,45.5322265625
2935150,38.39111328125
2935367,49.6826171875
2935593,55.23681640625
2935812,55.6640625
2944310,46.0205078125
2947499,45.47119140625
2947617,80.6884765625
2947732,47.66845703125
2947775,40.283203125
2947815,54.99267578125
2947852,39.55078125
2947901,50.9033203125
2947975,54.19921875
2948049,41.93115234375
2948060,42.3583984375
2948557,43.5791015625
2948756,55.7861328125
2948915,63.78173828125
2949090,49.13330078125
2949280,56.57958984375
2954678,44.43359375
2956488,44.98291015625
2958501,41.50390625
2961607,45.0439453125
2961623,96.49658203125
2961767,48.2177734375
2961814,51.94091796875
2961873,40.22216796875
2961907,54.26025390625
2961979,76.96533203125
2962698,44.25048828125
2962929,79.9560546875
2963119,55.23681640625
2963384,60.6689453125
2964451,40.22216796875
2970649,47.607421875
2971000,43.76220703125
2974860,50.47607421875
2975525,45.41015625
2978011,45.41015625
2982815,46.142578125
2982854,67.32177734375
2982940,42.236328125
2983016,60.4248046875
2983037,44.921875
2983059,43.51806640625
2983091,40.8935546875
2983137,44.98291015625
2983193,42.90771484375
2983229,45.654296875
2983550,44.49462890625
2983724,54.8095703125
2983905,62.6220703125
2984095,59.14306640625
2984268,42.3583984375
2984464,61.09619140625
2984705,56.57958984375
2989978,50.10986328125
2992900,48.64501953125
2993316,42.54150390625
2996769,39.00146484375
2996789,89.66064453125
2996914,46.32568359375
2997008,71.96044921875
2997096,92.10205078125
2997176,62.5
2997245,38.57421875
2997294,41.07666015625
2997678,42.724609375
2997845,45.166015625
2998130,52.6123046875
2998348,47.66845703125
2998364,61.34033203125
3003760,39.4287109375
3006261,43.39599609375
3009407,45.7763671875
3009578,73.3642578125
3009630,54.38232421875
3009794,41.07666015625
3009879,71.71630859375
3009922,39.0625
3009978,39.306640625
3010003,41.93115234375
3010072,44.5556640625
3010097,51.57470703125
3010221,43.3349609375
3010496,45.34912109375
3010671,57.67822265625
3011028,40.8935546875
3011851,38.87939453125
3017676,47.9736328125
3020673,57.06787109375
3021275,44.5556640625
3024161,48.52294921875
3024189,61.1572265625
3024348,40.283203125
3024425,61.03515625
3024463,38.63525390625
3024517,57.55615234375
3024546,59.99755859375
3024616,41.6259765625
3024629,43.88427734375
3024639,39.1845703125
3024722,39.4287109375
3024753,37.9638671875
3025098,57.12890625
3025297,49.62158203125
3025592,56.33544921875
3025888,37.9638671875
3034757,47.36328125
3034926,76.416015625
3034949,40.58837890625
3035297,59.38720703125
3035501,41.50390625
3035803,40.58837890625
3040324,42.724609375
3040801,51.6357421875
3043562,48.33984375
3043587,70.86181640625
3043738,48.2177734375
3043899,56.0302734375
3043989,45.2880859375
3044026,54.62646484375
3044077,45.59326171875
3044105,66.22314453125
3044125,42.17529296875
3044206,48.64501953125
3044623,57.31201171875
3051455,45.5322265625
3054994,44.98291015625
3055125,60.546875
3055217,41.3818359375
3060141,41.1376953125
3060191,82.33642578125
3060289,45.22705078125
3060374,72.81494140625
3060408,40.283203125
3060487,41.9921875
3060578,61.95068359375
3060589,55.0537109375
3060680,37.9638671875
3060789,38.14697265625
3061097,46.44775390625
3061330,61.279296875
3062307,39.306640625
3068211,46.20361328125
3072841,43.27392578125
3073351,44.12841796875
3076131,49.31640625
3076444,45.2880859375
3079666,45.71533203125
3079756,65.0634765625
3079846,42.66357421875
3079941,63.4765625
3080043,75.01220703125
3080113,45.166015625
3080133,46.5087890625
3080336,41.44287109375
3080463,48.828125
3080614,41.8701171875
3080916,52.18505859375
3081134,43.9453125
3090186,43.51806640625
3095413,41.50390625
3095494,65.12451171875
3095650,53.77197265625
3095775,49.25537109375
3095786,73.42529296875
3095861,49.1943359375
3095910,49.072265625
3095920,60.302734375
3096009,46.7529296875
3096027,46.2646484375
3096066,47.4853515625
3096085,45.654296875
3096155,43.51806640625
3096299,42.236328125
3096366,48.33984375
3096525,50.59814453125
3107462,47.4853515625
3107769,40.4052734375
3112097,44.37255859375
3112131,73.2421875
3112279,43.27392578125
3112447,39.24560546875
3112509,59.08203125
3112572,39.24560546875
3112682,65.97900390625
3112722,40.71044921875
3112782,50.72021484375
3112817,52.978515625
3112870,38.0859375
3112887,56.7626953125
3113044,38.330078125
3113168,44.43359375
3113350,52.91748046875
3121641,48.4619140625
3125019,47.607421875
3129489,46.875
3129553,64.63623046875
3129636,48.15673828125
3129768,43.5791015625
3129785,66.10107421875
3129917,69.580078125
3129999,39.55078125
3130012,40.95458984375
3130055,48.40087890625
3130073,38.02490234375
3130161,46.81396484375
3130346,41.748046875
3130566,58.837890625
3130845,66.58935546875
3131598,43.15185546875
3138966,44.189453125
3143242,46.142578125
3143503,47.8515625
3149347,54.3212890625
3149488,56.33544921875
3149569,71.35009765625
3149619,40.10009765625
3149695,68.17626953125
3149736,54.6875
3149784,60.48583984375
3149839,48.40087890625
3149859,49.8046875
3150030,42.17529296875
3150112,43.02978515625
3150286,44.677734375
3150558,55.2978515625
3159869,53.5888671875
3166301,53.77197265625
3166378,73.1201171875
3166519,45.83740234375
3166645,67.9931640625
3166768,57.861328125
3166789,53.28369140625
3166856,49.01123046875
3166877,38.818359375
3166930,61.279296875
3167201,39.1845703125
3167359,50.6591796875
3176373,47.18017578125
3181569,51.45263671875
3181818,90.33203125
3190850,50.96435546875
3190860,94.42138671875
3190991,46.20361328125
3191042,69.4580078125
3191142,67.5048828125
3191182,55.7861328125
3191231,40.95458984375
3191271,47.30224609375
3191375,50.84228515625
3191666,45.8984375
3192054,49.6826171875
3203480,43.02978515625
3203551,62.01171875
3203767,50.72021484375
3211392,71.10595703125
3211416,50.35400390625
3211569,42.8466796875
3211612,86.669921875
3211689,46.44775390625
3211751,64.27001953125
3211820,56.2744140625
3211838,51.57470703125
3211938,42.6025390625
3211948,46.08154296875
3212030,44.5556640625
3212042,39.12353515625
3212256,44.921875
3212481,48.7060546875
3225054,50.23193359375
3225095,78.30810546875
3225267,43.701171875
3225462,43.9453125
3225666,38.87939453125
3225708,58.7158203125
3235043,43.27392578125
3235073,65.673828125
3247181,67.7490234375
3247310,46.38671875
3247355,68.17626953125
3247459,53.89404296875
3247486,59.50927734375
3247584,55.11474609375
3247798,41.6259765625
3247967,52.42919921875
3248237,39.4287109375
3248266,40.771484375
3248350,52.30712890625
3248466,39.97802734375
3248713,47.2412109375
3262700,38.0859375
3262723,85.87646484375
3262914,44.5556640625
3262975,65.97900390625
3263057,43.212890625
3263120,67.07763671875
3263228,57.31201171875
3263276,44.49462890625
3263372,43.701171875
3263398,39.12353515625
3263457,40.71044921875
3263820,42.17529296875
3263945,41.6259765625
3276507,112.12158203125
3309127,75.8056640625
3309262,41.3818359375
3309285,62.01171875
3309355,41.07666015625
3309382,51.3916015625
3309438,38.02490234375
3309465,40.46630859375
3309497,43.45703125
3309551,38.818359375
3310037,50.84228515625
3310231,53.64990234375
3310399,50.47607421875
3310644,53.8330078125
3327293,66.10107421875
3327338,43.5791015625
3327499,50.23193359375
3327575,70.73974609375
3327634,61.1572265625
3327702,54.3212890625
3327793,74.5849609375
3327868,52.734375
3327931,49.25537109375
3327959,42.66357421875
3328029,46.0205078125
3328215,38.02490234375
3328370,42.78564453125
3328962,39.12353515625
3349577,58.349609375
3349589,83.740234375
3349819,40.95458984375
3349914,59.08203125
3349959,41.56494140625
3350029,50.78125
3350056,45.95947265625
3350100,44.12841796875
3350112,65.3076171875
3350181,45.5322265625
3350250,67.9931640625
3350336,41.80908203125
3350530,44.37255859375
3350963,56.396484375
3366469,54.01611328125
3366528,63.53759765625
3366701,46.56982421875
3366832,70.6787109375
3366854,39.73388671875
3366952,51.6357421875
3367036,56.5185546875
3367062,38.87939453125
3367110,37.9638671875
3367172,56.94580078125
3367221,37.90283203125
3367277,47.79052734375
3367517,45.34912109375
3388910,47.7294921875
3388941,61.1572265625
3389102,51.025390625
3389170,60.791015625
3389231,46.32568359375
3389309,54.3212890625
3389402,40.0390625
3389471,50.23193359375
3389486,42.54150390625
3389528,52.30712890625
3389624,45.0439453125
3389946,50.59814453125
3389974,40.58837890625
3390294,38.14697265625
3390338,65.24658203125
3401208,41.44287109375
3412126,41.9921875
3412327,49.1943359375
3412401,75.1953125
3412476,43.39599609375
3412541,62.01171875
3412634,54.3212890625
3412647,41.259765625
3412723,40.771484375
3412789,39.55078125
3413274,63.5986328125
3423368,38.57421875
3434303,65.12451171875
3434375,41.748046875
3434597,49.37744140625
3434717,66.34521484375
3434747,61.279296875
3434850,63.41552734375
3434937,41.93115234375
3434980,66.46728515625
3435023,43.02978515625
3435133,51.81884765625
3435237,43.39599609375
3435534,43.5791015625
3446286,46.142578125
3455864,42.05322265625
3456248,52.42919921875
3465953,45.5322265625
3476828,44.49462890625
3476850,60.9130859375
3477062,52.490234375
3477221,73.79150390625
3477261,51.3916015625
3477449,67.626953125
3477601,39.1845703125
3477634,80.13916015625
3477800,62.255859375
3477894,54.26025390625
3477993,39.794921875
3478047,48.583984375
3478075,44.86083984375
3478167,41.68701171875
3478467,46.20361328125
3478726,39.306640625
3495040,51.7578125
3495266,66.83349609375
3519050,86.181640625
3519127,40.22216796875
3519270,62.255859375
3519289,56.2744140625
3519381,40.771484375
3519393,70.1904296875
3519452,38.02490234375
3519480,56.94580078125
3519567,49.25537109375
3519888,51.57470703125
3520064,58.59375
3520278,68.115234375
3520535,54.5654296875
3563804,67.68798828125
3563932,51.7578125
3563983,69.15283203125
3564056,54.6875
3564080,41.015625
3564097,57.55615234375
3564121,38.51318359375
3564153,47.54638671875
3564181,41.9921875
3564209,38.26904296875
3564355,42.1142578125
3564565,47.30224609375
3564779,51.08642578125
3564854,40.46630859375
3564975,59.326171875
3565176,59.99755859375
3565372,58.2275390625
3565614,61.279296875
3565799,46.630859375
4069689,74.76806640625
4069755,40.95458984375
4069774,52.3681640625
4069797,61.8896484375
4069825,46.630859375
4069861,44.49462890625
4070508,42.3583984375
4070628,57.31201171875
4070756,54.6875
4070912,51.1474609375
4071076,61.8896484375
4071227,54.0771484375
4071377,52.79541015625
4071550,53.955078125
4071690,50.59814453125
4071885,60.791015625
4072106,54.6875
4072571,72.44873046875
4072876,39.4287109375
4073062,41.8701171875
4165990,73.486328125
4166172,56.70166015625
4166186,90.576171875
4166258,89.9658203125
4166304,45.95947265625
4166320,60.36376953125
4166353,58.4716796875
4166378,48.76708984375
4166407,44.25048828125
4166969,39.73388671875
4167151,56.57958984375
4167308,61.46240234375
4167444,53.52783203125
4167564,64.8193359375
4167704,53.03955078125
4167866,48.583984375
4168051,59.814453125
4168233,59.326171875
4168417,64.14794921875
4168594,60.05859375
4168793,56.15234375
4251209,65.4296875
4273870,91.4306640625
4282288,65.61279296875
4282631,48.4619140625
4282948,55.5419921875
4282980,58.65478515625
4282992,40.0390625
4283066,85.99853515625
4283110,41.8701171875
4283127,48.27880859375
4283152,44.86083984375
4283170,59.9365234375
4283699,51.94091796875
4283928,52.91748046875
4284146,48.095703125
4284322,63.53759765625
4284517,52.001953125
4284731,63.04931640625
4285299,70.86181640625
4285921,39.12353515625
4305805,62.255859375
4305918,52.67333984375
4306071,66.71142578125
4306152,50.10986328125
4306252,64.63623046875
4306345,55.0537109375
4306368,45.41015625
4306415,40.83251953125
4306491,39.0625
4306599,39.6728515625
4306964,46.0205078125
4307117,49.6826171875
4307291,59.50927734375
4307473,65.97900390625
4307671,60.05859375
4307905,56.396484375
4318507,46.630859375
4318563,67.87109375
4318729,44.3115234375
4318794,62.92724609375
4318878,49.98779296875
4318922,55.0537109375
4318970,40.0390625
4319001,52.734375
4319077,53.5888671875
4319087,47.7294921875
4319635,47.7294921875
4319795,62.07275390625
4319991,61.82861328125
4320176,69.39697265625
4321044,39.1845703125
4334102,97.47314453125
4334281,64.8193359375
4334296,44.98291015625
4334370,47.607421875
4334410,47.66845703125
4334448,51.7578125
4334481,68.05419921875
4334503,39.48974609375
4334737,42.41943359375
4335006,55.2978515625
4335132,43.88427734375
4335339,41.015625
4335499,51.69677734375
4335669,59.63134765625
4335933,70.068359375
4347844,54.3212890625
4352338,46.20361328125
4355426,49.072265625
4358758,65.73486328125
4358829,49.01123046875
4358940,73.2421875
4358964,39.794921875
4359035,61.1572265625
4359070,42.05322265625
4359115,49.6826171875
4359183,43.8232421875
4359201,39.85595703125
4359536,39.48974609375
4359649,42.724609375
4359784,60.48583984375
4359942,62.255859375
4360094,69.88525390625
4360273,61.21826171875
4360510,53.28369140625
4361543,42.78564453125
4367929,55.35888671875
4373322,43.0908203125
4377879,71.22802734375
4377894,42.41943359375
4378083,70.86181640625
4378098,38.330078125
4378203,58.16650390625
4378226,39.306640625
4378262,47.7294921875
4378289,51.57470703125
4378318,39.12353515625
4378401,55.72509765625
4378861,38.26904296875
4378996,48.15673828125
4379159,47.79052734375
4379332,66.0400390625
4379357,39.1845703125
4379561,54.99267578125
4379646,38.63525390625
4386115,47.4853515625
4389976,107.97119140625
4390240,40.52734375
4390299,76.5380859375
4390405,41.44287109375
4390472,72.32666015625
4390562,40.46630859375
4390651,48.88916015625
4390661,43.5791015625
4390728,46.5087890625
4390788,40.46630859375
4391269,60.546875
4391485,51.94091796875
4401747,52.67333984375
4401850,73.73046875
4401977,46.9970703125
4402082,64.94140625
4402137,44.43359375
4402256,72.75390625
4402343,39.6728515625
4402354,66.95556640625
4402439,48.095703125
4402491,41.93115234375
4402518,49.74365234375
4402975,42.54150390625
4403271,55.908203125
4412453,50.23193359375
4416950,41.3818359375
4416988,73.486328125
4417166,57.6171875
4417222,71.77734375
4417296,40.6494140625
4417330,67.9931640625
4417419,48.33984375
4417500,59.6923828125
4417521,49.8046875
4418029,49.98779296875
4418271,56.7626953125
4418907,40.71044921875
4430033,56.15234375
4430172,70.556640625
4430237,58.53271484375
4430344,59.6923828125
4430459,68.90869140625
4430535,45.83740234375
4430553,73.6083984375
4430612,61.5234375
4430630,43.02978515625
4430712,43.88427734375
4430789,39.73388671875
4430991,39.00146484375
4431190,53.77197265625
4431375,43.15185546875
4443535,46.69189453125
4443592,60.97412109375
4443695,52.6123046875
4443769,60.9130859375
4443842,54.13818359375
4443889,65.3076171875
4443985,61.8896484375
4444068,53.7109375
4444092,86.12060546875
4444185,42.17529296875
4444423,47.607421875
4444543,45.41015625
4444743,53.89404296875
4455434,46.630859375
4455504,55.7861328125
4455650,42.90771484375
4455793,81.787109375
4455916,38.63525390625
4455968,73.3642578125
4456118,48.583984375
4456239,61.70654296875
4456321,49.25537109375
4456350,40.34423828125
4456463,70.98388671875
4456527,41.015625
4456566,39.0625
4456676,41.19873046875
4456725,42.8466796875
4456801,60.302734375
4465538,40.83251953125
4471475,55.72509765625
4471887,43.27392578125
4477505,64.3310546875
4477529,49.01123046875
4477699,38.2080078125
4477722,61.8896484375
4477873,58.4716796875
4477911,40.52734375
4477983,44.25048828125
4478066,46.630859375
4478094,57.43408203125
4478123,43.701171875
4478308,44.49462890625
4478421,40.34423828125
4478601,47.79052734375
4479723,39.0625
4485462,38.9404296875
4490774,49.8046875
4490792,53.77197265625
4490950,49.01123046875
4491243,67.68798828125
4491330,42.724609375
4491509,40.10009765625
4497604,63.90380859375
4497617,38.2080078125
4497799,51.45263671875
4497970,67.626953125
4498001,42.48046875
4498173,47.42431640625
4498462,42.41943359375
4504651,66.95556640625
4504665,45.2880859375
4504889,39.794921875
4505082,61.95068359375
4505138,38.330078125
4511182,66.2841796875
4511223,49.31640625
4511436,47.4853515625
4519210,60.60791015625
4519253,47.54638671875
4519413,100.64697265625
4519563,57.6171875
4519641,38.26904296875
4519662,42.6025390625
4519673,38.4521484375
4519751,39.48974609375
4519767,59.99755859375
4519778,46.08154296875
4519853,39.0625
4519994,40.1611328125
4520119,39.24560546875
4520347,56.45751953125
4532202,47.7294921875
4538259,45.83740234375
4538272,59.4482421875
4544574,54.50439453125
4544875,67.81005859375
4544958,42.8466796875
4552304,57.12890625
4552334,56.640625
4552523,46.56982421875
4552603,75.50048828125
4552749,64.0869140625
4552859,69.15283203125
4552944,55.72509765625
4553020,41.56494140625
4553032,45.166015625
4553132,39.73388671875
4553228,43.9453125
4565776,41.93115234375
4573542,61.1572265625
4573736,43.8232421875
4573810,63.41552734375
4573833,41.015625
4573910,40.6494140625
4574018,62.31689453125
4574161,65.97900390625
4574273,45.166015625
4574306,44.3115234375
4574355,51.33056640625
4574401,44.3115234375
4574543,44.61669921875
4574641,40.4052734375
4574851,51.81884765625
4591345,65.7958984375
4591449,45.166015625
4591710,39.48974609375
4606313,65.73486328125
4606388,51.1474609375
4606608,50.59814453125
4606637,60.48583984375
4606751,44.921875
4606808,67.138671875
4606914,54.74853515625
4606983,51.3916015625
4606997,40.4052734375
4607094,58.16650390625
4607268,38.57421875
4623108,67.9931640625
4623211,44.00634765625
4623478,50.29296875
4623765,39.4287109375
4623794,55.48095703125
4630866,64.3310546875
4630899,58.2275390625
4641141,61.09619140625
4641174,59.26513671875
4641359,41.68701171875
4641387,52.8564453125
4641460,43.701171875
4641499,58.89892578125
4641597,55.84716796875
4641637,47.66845703125
4641679,42.6025390625
4641745,44.5556640625
4641840,42.66357421875
4641943,40.83251953125
4642069,54.50439453125
4661725,61.03515625
4661819,48.33984375
4661989,67.9931640625
4662117,44.49462890625
4662170,58.4716796875
4662280,62.43896484375
4662354,57.6171875
4662374,44.5556640625
4662462,47.36328125
4662527,39.24560546875
4662623,44.5556640625
4662725,40.1611328125
4662943,52.8564453125
4678901,60.48583984375
4678935,50.35400390625
4679130,50.59814453125
4679213,70.1904296875
4679288,47.36328125
4679385,57.2509765625
4679531,57.31201171875
4679641,56.09130859375
4679674,50.96435546875
4679723,51.3916015625
4679765,40.58837890625
4679810,41.68701171875
4679846,46.7529296875
4679864,42.724609375
4679894,44.12841796875
4680003,40.71044921875
4680170,52.55126953125
4692442,55.7861328125
4692482,51.513671875
4702522,63.8427734375
4702590,41.32080078125
4702814,39.48974609375
4702831,76.96533203125
4702942,46.08154296875
4702965,67.5048828125
4703057,43.64013671875
4703093,59.326171875
4703198,90.63720703125
4703281,52.42919921875
4703291,48.15673828125
4703353,53.22265625
4703494,38.2080078125
4703546,41.748046875
4703697,58.89892578125
4721903,54.6875
4721933,47.30224609375
4722157,49.072265625
4722240,74.76806640625
4722328,42.6025390625
4722400,69.9462890625
4722446,41.50390625
4722530,68.78662109375
4722629,53.16162109375
4722709,45.8984375
4722720,56.7626953125
4722795,52.91748046875
4722886,43.15185546875
4723111,48.76708984375
4723996,45.41015625
4746541,64.75830078125
4746628,47.607421875
4746836,75.927734375
4746872,57.92236328125
4746994,40.52734375
4747007,65.5517578125
4747083,39.61181640625
4747109,53.52783203125
4747183,56.94580078125
4747194,51.025390625
4747260,47.54638671875
4747274,38.75732421875
4747321,38.02490234375
4747402,39.0625
4747431,39.0625
4747641,38.39111328125
5402266,69.88525390625
5402324,55.84716796875
5402340,58.53271484375
5402372,38.87939453125
5402405,40.52734375
5402441,38.9404296875
5402453,75.62255859375
5402489,43.3349609375
5402523,40.771484375
5402997,40.52734375
5403165,40.71044921875
5403273,46.38671875
5403406,50.78125
5403552,63.96484375
5403690,51.69677734375
5403821,48.4619140625
5403969,56.70166015625
5404113,46.93603515625
5404295,53.8330078125
5404515,63.90380859375
5404682,61.09619140625
5404860,58.837890625
5405066,56.0302734375
5405318,49.49951171875
5406135,39.73388671875
5426526,75.98876953125
5484688,75.1953125
5484890,55.60302734375
5484970,66.7724609375
5485087,52.91748046875
5485115,63.3544921875
5485146,46.0205078125
5485191,67.07763671875
5485244,47.42431640625
5485307,42.1142578125
5485346,39.24560546875
5485789,56.2744140625
5485978,57.67822265625
5486146,54.931640625
5486327,44.00634765625
5486492,50.78125
5486659,58.349609375
5486819,54.38232421875
5487000,55.6640625
5487192,65.12451171875
5487387,61.4013671875
5487672,61.767578125
5498692,65.61279296875
5506735,62.56103515625
5508954,71.22802734375
5524724,63.65966796875
5524993,52.3681640625
5525003,67.44384765625
5525129,46.08154296875
5525168,62.01171875
5525241,65.00244140625
5525284,65.12451171875
5525312,38.39111328125
5525341,56.82373046875
5525883,39.73388671875
5526054,49.86572265625
5526226,60.97412109375
5526380,42.54150390625
5526526,59.63134765625
5526667,52.6123046875
5526824,50.537109375
5527090,56.70166015625
5527749,39.61181640625
5544359,68.90869140625
5544926,47.30224609375
5550375,56.0302734375
5553256,77.2705078125
5553406,51.6357421875
5553558,74.15771484375
5553594,62.07275390625
5553674,57.43408203125
5553736,60.546875
5553757,46.5087890625
5553789,40.4052734375
5553855,44.7998046875
5554089,39.85595703125
5554252,40.71044921875
5554394,42.90771484375
5554533,49.560546875
5554686,53.89404296875
5554833,55.96923828125
5555009,43.02978515625
5555154,64.51416015625
5555304,49.37744140625
5555469,59.63134765625
5555921,38.330078125
5567367,58.4716796875
5567396,54.19921875
5567660,47.2412109375
5567677,70.6787109375
5567840,71.22802734375
5567931,43.701171875
5567958,58.53271484375
5568016,50.78125
5568074,38.51318359375
5568087,46.69189453125
5568642,42.1142578125
5568756,49.37744140625
5568882,45.2880859375
5569047,50.537109375
5569219,47.119140625
5569439,49.560546875
5580144,46.69189453125
5580159,79.89501953125
5585202,71.77734375
5585223,51.69677734375
5585376,48.583984375
5585420,72.93701171875
5585494,52.06298828125
5585519,46.08154296875
5585550,50.9033203125
5585618,39.85595703125
5585649,41.80908203125
5586059,42.41943359375
5586157,39.794921875
5586292,62.1337890625
5586450,45.5322265625
5586604,59.14306640625
5586770,51.69677734375
5586958,52.6123046875
5587157,49.560546875
5607640,70.6787109375
5607750,54.3212890625
5608165,65.5517578125
5608180,51.1474609375
5608322,47.54638671875
5608342,58.10546875
5608389,38.9404296875
5608426,54.74853515625
5608488,38.818359375
5608505,66.40625
5608569,48.03466796875
5609092,63.41552734375
5609256,49.13330078125
5609420,54.87060546875
5609572,58.9599609375
5609731,54.74853515625
5609989,56.21337890625
5621477,73.8525390625
5627078,48.27880859375
5627113,66.2841796875
5627242,54.931640625
5627294,62.8662109375
5627350,45.22705078125
5627375,50.048828125
5627385,54.3212890625
5627448,62.1337890625
5627550,40.8935546875
5627961,39.6728515625
5628089,44.3115234375
5628256,50.6591796875
5628447,67.87109375
5628638,56.09130859375
5628845,57.2509765625
5629742,39.9169921875
5643332,57.55615234375
5644027,84.1064453125
5648410,44.98291015625
5648884,38.330078125
5653142,68.4814453125
5658658,54.19921875
5658677,65.97900390625
5658846,60.302734375
5658956,51.45263671875
5658975,48.52294921875
5659028,56.70166015625
5659045,44.7998046875
5659074,39.1845703125
5659534,38.63525390625
5659677,57.9833984375
5659860,58.89892578125
5660048,64.208984375
5660249,47.66845703125
5660510,54.5654296875
5670122,43.5791015625
5678851,50.96435546875
5678904,66.10107421875
5679128,40.283203125
5679149,61.767578125
5679257,69.03076171875
5679319,62.56103515625
5679354,51.8798828125
5679390,55.0537109375
5679474,56.33544921875
5679561,47.8515625
5679945,41.44287109375
5680136,46.142578125
5680311,41.8701171875
5680526,65.85693359375
5692603,53.955078125
5692969,40.52734375
5693027,75.1953125
5693291,41.9921875
5699115,70.73974609375
5699302,54.87060546875
5699375,58.65478515625
5699433,38.330078125
5699485,57.2509765625
5699557,45.59326171875
5699579,52.30712890625
5699634,51.6357421875
5699675,60.546875
5699726,46.44775390625
5699772,39.24560546875
5700073,44.73876953125
5700210,50.048828125
5700474,54.62646484375
5700730,52.67333984375
5700978,40.71044921875
5715313,69.03076171875
5715385,60.05859375
5715550,40.10009765625
5715626,61.03515625
5715693,46.142578125
5715771,59.99755859375
5715805,38.330078125
5715849,56.15234375
5715897,49.62158203125
5715929,49.74365234375
5715957,41.1376953125
5715980,44.5556640625
5716002,39.97802734375
5716065,47.30224609375
5716134,39.12353515625
5716400,40.58837890625
5716560,48.095703125
5716824,56.640625
5729128,42.48046875
5737992,44.0673828125
5738260,44.25048828125
5742723,82.09228515625
5742937,42.29736328125
5742960,57.67822265625
5743058,45.2880859375
5743082,58.4716796875
5743132,46.38671875
5743164,46.5087890625
5743206,56.7626953125
5743332,40.58837890625
5743674,42.48046875
5743919,56.15234375
5744156,40.22216796875
5744192,47.36328125
5744514,53.03955078125
5745053,38.51318359375
5745366,40.283203125
5761659,75.5615234375
5761751,44.0673828125
5761990,76.2939453125
5762124,45.10498046875
5762186,58.28857421875
5762310,75.25634765625
5762385,54.6875
5762395,48.7060546875
5762405,50.59814453125
5762476,40.8935546875
5762513,41.3818359375
5762628,42.54150390625
5762840,42.236328125
5763030,52.55126953125
5778768,60.791015625
5778825,52.06298828125
5779091,60.11962890625
5779227,51.08642578125
5779288,64.39208984375
5779343,38.818359375
5779422,53.1005859375
5779534,60.24169921875
5779620,52.06298828125
5779631,55.419921875
5779667,43.3349609375
5779707,43.212890625
5779796,40.71044921875
5779887,52.79541015625
5780093,39.306640625
5780296,45.34912109375
5795572,43.3349609375
5795595,60.11962890625
5795767,52.24609375
5795839,62.6220703125
5795908,44.0673828125
5795982,72.021484375
5796015,52.3681640625
5796096,53.64990234375
5796174,48.4619140625
5796190,44.12841796875
5796240,43.88427734375
5796278,49.560546875
5796348,47.79052734375
5796451,46.56982421875
5796662,40.283203125
5796899,49.072265625
5796921,59.26513671875
5812713,43.9453125
5812797,63.17138671875
5812972,57.18994140625
5813071,51.45263671875
5813158,52.8564453125
5813263,58.349609375
5813397,75.50048828125
5813521,55.908203125
5813589,44.0673828125
5813617,41.3818359375
5813670,44.677734375
5813714,42.78564453125
5813893,38.330078125
5814002,41.56494140625
5814161,51.3916015625
5828969,42.90771484375
5829061,63.65966796875
5829249,39.00146484375
5829530,93.1396484375
5829720,42.78564453125
5838003,37.90283203125
5846476,57.18994140625
5846506,56.0302734375
5846670,44.5556640625
5846718,65.3076171875
5846807,40.6494140625
5846864,54.8095703125
5846969,63.29345703125
5846990,46.38671875
5847076,43.64013671875
5847184,43.51806640625
5847237,39.12353515625
5847311,38.57421875
5847472,39.73388671875
5847693,50.23193359375
5848573,40.52734375
5857949,50.1708984375
5857997,55.84716796875
5866985,47.607421875
5867093,66.34521484375
5867231,44.98291015625
5867351,68.115234375
5867418,49.13330078125
5867545,45.7763671875
5867555,76.416015625
5867662,39.1845703125
5867684,74.03564453125
5867790,52.734375
5867830,60.11962890625
5867883,56.884765625
5867924,72.57080078125
5868052,39.48974609375
5868084,38.57421875
5868271,41.32080078125
5868488,67.07763671875
5869037,43.45703125
5882199,49.072265625
5882270,56.640625
5882484,54.6875
5892029,56.33544921875
5892077,48.40087890625
5892278,44.921875
5892332,75.98876953125
5892435,44.00634765625
5892551,72.8759765625
5892671,59.87548828125
5892757,47.30224609375
5892774,50.537109375
5892865,60.36376953125
5892886,40.71044921875
5892947,43.51806640625
5893027,52.91748046875
5893129,48.095703125
5893235,44.73876953125
5893482,60.85205078125
5908772,59.6923828125
5908826,51.08642578125
5918227,40.10009765625
5918246,49.6826171875
5918490,44.49462890625
5918566,63.90380859375
5918664,45.71533203125
5918852,72.20458984375
5918905,41.32080078125
5930502,76.66015625
5930581,46.875
5930756,74.64599609375
5930784,45.2880859375
5930911,38.63525390625
5930925,59.326171875
5930962,37.90283203125
5931015,38.14697265625
5931042,40.1611328125
5931125,65.5517578125
5931200,44.49462890625
5931221,51.7578125
5931339,43.45703125
5931528,42.78564453125
5931734,47.4853515625
5932052,57.92236328125
5944336,70.12939453125
5944403,42.29736328125
5952502,61.279296875
5952615,47.18017578125
5964203,63.65966796875
5964274,47.42431640625
5964436,65.185546875
5964448,54.6875
5964568,54.19921875
5964640,43.5791015625
5964669,57.0068359375
5964713,57.18994140625
5964756,39.9169921875
5964771,40.58837890625
5964828,57.6171875
5965355,67.0166015625
5965596,65.673828125
5965909,41.68701171875
5989625,66.95556640625
5989683,42.54150390625
5989864,57.43408203125
5989883,40.95458984375
5990016,75.1953125
5990132,50.6591796875
5990210,54.74853515625
5990287,41.56494140625
5990310,38.57421875
5990714,39.36767578125
5991038,49.49951171875
5991208,41.68701171875
6013739,62.6220703125
6013819,40.283203125
6024500,71.10595703125
6024574,48.828125
6024905,47.18017578125
6024985,64.02587890625
6025202,42.96875
6036795,68.115234375
6036944,47.119140625
6037245,66.650390625
6037281,42.29736328125
6050562,77.33154296875
6050705,53.1005859375
6050828,60.6689453125
6050896,64.0869140625
6051026,59.814453125
6051122,50.23193359375
6051161,43.3349609375
6051199,40.71044921875
6051219,53.5888671875
6051262,39.0625
6051336,45.7763671875
6051724,41.80908203125
6051996,66.162109375
6053062,42.96875
6591126,58.16650390625
6591362,74.76806640625
6591429,55.96923828125
6591449,38.330078125
6591488,77.63671875
6591541,46.38671875
6591570,44.37255859375
6592259,41.50390625
6592366,47.7294921875
6592506,41.44287109375
6592643,58.04443359375
6592796,54.3212890625
6592912,50.72021484375
6593027,52.1240234375
6593152,48.095703125
6593290,46.69189453125
6593435,56.21337890625
6593585,47.54638671875
6593751,51.8798828125
6593919,51.57470703125
6594070,62.744140625
6594779,42.78564453125
6607831,50.59814453125
6617907,67.07763671875
6620227,58.41064453125
6639655,69.76318359375
6660684,75.98876953125
6664219,65.12451171875
6669118,65.36865234375
6671222,65.00244140625
6673788,58.28857421875
6676530,71.533203125
6679229,67.138671875
6696100,64.208984375
6701853,56.396484375
6704642,74.8291015625
6713528,58.9599609375
6713767,53.466796875
6719536,67.2607421875
6726234,58.349609375
6732956,68.42041015625
6733142,53.5888671875
6736654,77.20947265625
6743725,57.6171875
6744087,56.396484375
6744126,65.185546875
6744203,56.15234375
6744267,54.5654296875
6744301,42.90771484375
6744326,49.072265625
6744393,51.08642578125
6744893,40.95458984375
6745003,45.95947265625
6745170,58.89892578125
6745342,47.2412109375
6745468,58.16650390625
6745618,46.7529296875
6745758,48.33984375
6745899,56.94580078125
6746046,46.44775390625
6746231,56.45751953125
6746502,58.53271484375
6747607,37.9638671875
6762841,56.70166015625
6770515,69.51904296875
6779137,70.98388671875
6779453,50.048828125
6779471,68.66455078125
6785449,58.7158203125
6790070,61.1572265625
6801831,67.07763671875
6809875,70.12939453125
6813545,74.951171875
6818567,82.6416015625
6819014,56.884765625
6826794,63.78173828125
6833423,54.26025390625
6833545,47.36328125
6833695,59.50927734375
6833740,40.8935546875
6833809,58.2275390625
6833820,47.2412109375
6833860,41.80908203125
6833881,67.87109375
6833908,61.5234375
6833925,51.57470703125
6833960,40.8935546875
6834459,38.14697265625
6834553,46.44775390625
6834730,54.13818359375
6834891,50.72021484375
6835035,50.59814453125
6835170,51.08642578125
6835288,47.9736328125
6835406,50.537109375
6835551,55.11474609375
6835715,54.38232421875
6835912,64.208984375
6836126,49.49951171875
6836495,39.1845703125
6837102,47.36328125
6853327,55.23681640625
6856682,58.837890625
6856956,49.4384765625
6858965,64.02587890625
6866405,66.7724609375
6868698,58.4716796875
6873189,50.1708984375
6873302,42.05322265625
6877051,53.8330078125
6880617,55.17578125
6887954,60.24169921875
6888171,45.59326171875
6898474,65.5517578125
6898635,40.83251953125
6898752,74.462890625
6898794,64.208984375
6898842,53.22265625
6898886,41.93115234375
6898909,38.0859375
6898933,59.6923828125
6899007,38.02490234375
6899605,41.44287109375
6899783,62.01171875
6899925,44.7998046875
6900050,53.40576171875
6900178,52.001953125
6900303,57.4951171875
6900468,50.4150390625
6900652,47.91259765625
6900823,51.08642578125
6901036,53.1005859375
6901452,51.45263671875
6914539,68.7255859375
6914897,40.58837890625
6922350,73.42529296875
6922542,48.095703125
6922948,72.20458984375
6923182,58.9599609375
6932962,67.0166015625
6933208,52.55126953125
6938926,73.18115234375
6939006,50.048828125
6939168,53.64990234375
6939197,47.54638671875
6939267,70.4345703125
6939279,49.37744140625
6939307,45.41015625
6939360,47.18017578125
6939759,38.14697265625
6939850,38.4521484375
6939946,56.884765625
6940057,43.5791015625
6940205,58.65478515625
6940356,78.43017578125
6940473,52.8564453125
6940608,45.654296875
6940765,48.2177734375
6940892,48.40087890625
6941052,48.2177734375
6941201,50.1708984375
6941371,48.76708984375
6941766,40.95458984375
6957702,60.4248046875
6958425,56.15234375
6958519,54.50439453125
6958790,75.1953125
6958875,45.8984375
6968156,63.720703125
6968257,45.654296875
6968406,68.115234375
6968419,61.5234375
6968492,53.3447265625
6968519,40.6494140625
6968533,45.95947265625
6968563,51.7578125
6968584,47.8515625
6968639,50.35400390625
6968702,43.0908203125
6969168,38.51318359375
6969274,40.95458984375
6969412,44.86083984375
6969549,42.1142578125
6969697,57.2509765625
6969827,44.7998046875
6969953,49.25537109375
6970093,47.79052734375
6970282,52.978515625
6970465,58.04443359375
6970699,73.486328125
6970848,39.61181640625
6971039,39.306640625
6971086,44.86083984375
6979577,42.17529296875
6987425,55.60302734375
6992114,72.93701171875
6993102,62.6220703125
6993161,45.166015625
6993344,113.1591796875
6993440,67.81005859375
6993469,40.4052734375
6993511,83.740234375
6993527,46.875
6993580,41.68701171875
6994095,42.236328125
6994229,41.07666015625
6994359,41.3818359375
6994485,44.677734375
6994647,60.97412109375
6994778,46.2646484375
6994918,46.38671875
6995061,43.15185546875
6995253,52.1240234375
6996084,38.75732421875
6996419,38.2080078125
7005575,58.89892578125
7019021,69.3359375
7020935,74.462890625
7021004,46.5087890625
7021127,61.21826171875
7021145,38.9404296875
7021209,47.18017578125
7021240,50.23193359375
7021292,42.6025390625
7021302,37.90283203125
7021367,40.8935546875
7021875,39.0625
7021997,48.33984375
7022123,44.5556640625
7022279,52.30712890625
7022441,40.71044921875
7022584,65.185546875
7022759,59.814453125
7022922,48.9501953125
7023154,54.0771484375
7045393,47.79052734375
7045452,41.19873046875
7045702,102.84423828125
7045842,43.27392578125
7045852,70.86181640625
7045898,38.02490234375
7045912,38.02490234375
7045947,52.978515625
7045965,55.5419921875
7046072,41.015625
7046547,49.01123046875
7046719,50.35400390625
7046873,52.3681640625
7047047,41.9921875
7047218,52.3681640625
7047402,54.01611328125
7047648,55.60302734375
7071646,55.419921875
7071813,65.36865234375
7071940,43.5791015625
7072059,69.64111328125
7072084,54.0771484375
7072154,55.2978515625
7072184,47.607421875
7072237,80.38330078125
7072255,39.1845703125
7072284,41.07666015625
7072319,52.6123046875
7072849,38.2080078125
7073018,56.94580078125
7073163,48.2177734375
7073333,69.27490234375
7073493,54.74853515625
7073657,39.24560546875
7073884,54.6875
7074083,38.51318359375
7074624,39.61181640625
7091333,62.5
7091418,45.41015625
7091695,50.23193359375
7091881,47.66845703125
7092084,61.4013671875
7092120,54.6875
7092461,39.6728515625
7101556,69.091796875
7101612,46.142578125
7101808,72.08251953125
7101915,37.90283203125
7101935,56.70166015625
7101989,57.373046875
7102020,52.978515625
7102073,40.95458984375
7102152,38.6962890625
7102542,38.26904296875
7102725,57.80029296875
7102892,55.11474609375
7103054,57.43408203125
7103220,44.5556640625
7103409,47.7294921875
7103635,51.81884765625
7120000,46.81396484375
7125328,52.978515625
7125365,76.7822265625
7125529,44.49462890625
7125582,66.7724609375
7125661,46.81396484375
7125691,62.07275390625
7125728,53.8330078125
7125772,49.01123046875
7125803,54.26025390625
7125827,43.45703125
7126196,42.54150390625
7126300,44.189453125
7126448,45.71533203125
7126646,63.4765625
7126867,53.03955078125
7126910,40.771484375
7127103,61.95068359375
7127336,71.2890625
7146136,51.8798828125
7146234,39.97802734375
7146459,44.73876953125
7146539,44.5556640625
7146679,39.24560546875
7146847,46.81396484375
7146895,54.26025390625
7154430,39.61181640625
7154481,57.31201171875
7154706,38.4521484375
7154752,73.486328125
7154849,43.8232421875
7154941,58.837890625
7155082,69.39697265625
7155095,55.2978515625
7155181,49.9267578125
7155259,46.08154296875
7155689,43.88427734375
7155899,47.119140625
7156186,49.6826171875
7157044,38.0859375
7168144,58.2275390625
7168161,45.22705078125
7168544,46.38671875
7168780,63.5986328125
7175748,44.5556640625
7175806,65.91796875
7176022,52.490234375
7185378,72.021484375
7185414,55.6640625
7185593,93.81103515625
7185743,54.0771484375
7185758,38.02490234375
7185842,47.42431640625
7185855,47.119140625
7185931,64.697265625
7186003,41.19873046875
7186127,42.54150390625
7186404,42.8466796875
7186585,59.6923828125
7186752,37.9638671875
7186821,49.74365234375
7187065,54.26025390625
7199563,45.2880859375
7199643,62.56103515625
7199906,47.54638671875
7208657,42.236328125
7208682,61.03515625
7208846,60.85205078125
7208915,59.02099609375
7209019,42.66357421875
7209138,62.3779296875
7209380,68.603515625
7218797,69.7021484375
7218824,54.50439453125
7219038,38.39111328125
7219130,71.22802734375
7219294,37.9638671875
7219403,55.7861328125
7219478,42.96875
7219569,47.30224609375
7219616,43.701171875
7219710,69.15283203125
7219767,55.96923828125
7219824,46.20361328125
7219913,48.64501953125
7219997,43.701171875
7220069,41.015625
7220269,41.68701171875
7220402,51.26953125
7236429,72.8759765625
7236478,39.794921875
7236707,45.34912109375
7236770,74.8291015625
7236971,53.16162109375
7246021,38.330078125
7246063,59.63134765625
7255471,77.0263671875
7255708,43.51806640625
7255858,76.84326171875
7255914,46.2646484375
7256098,47.91259765625
7256249,51.1474609375
7256324,47.30224609375
7256349,51.20849609375
7256433,50.537109375
7256483,38.4521484375
7256530,42.90771484375
7256571,39.306640625
7256694,48.64501953125
7256905,40.0390625
7257150,52.734375
7279575,60.546875
7279744,45.2880859375
7279997,61.4013671875
7280059,55.6640625
7288089,50.84228515625
7288176,41.44287109375
7299160,70.1904296875
7299271,48.33984375
7299466,70.25146484375
7299629,59.5703125
7299742,54.62646484375
7299773,49.62158203125
7299827,50.96435546875
7299869,39.6728515625
7299886,42.78564453125
7300204,41.1376953125
7300381,38.0859375
7300600,55.6640625
7300913,39.36767578125
7843432,51.08642578125
7855062,64.94140625
7855244,42.8466796875
7855502,62.744140625
7855547,61.34033203125
7855600,67.93212890625
7855611,52.30712890625
7855636,54.8095703125
7855693,67.2607421875
7855740,41.259765625
7856336,43.39599609375
7856513,38.02490234375
7856633,41.1376953125
7856761,54.13818359375
7856886,46.5087890625
7857006,42.05322265625
7857127,45.83740234375
7857239,49.62158203125
7857359,54.38232421875
7857487,48.88916015625
7857633,46.142578125
7857789,45.8984375
7857959,59.99755859375
7858146,47.7294921875
7858298,55.60302734375
7858502,62.98828125
7859143,38.63525390625
7869413,63.720703125
7872280,52.30712890625
7876721,86.73095703125
7877580,59.75341796875
7894222,64.94140625
7917029,62.6220703125
7932469,59.75341796875
7935809,60.24169921875
7937213,67.626953125
7949455,55.908203125
7961804,78.79638671875
7973800,58.4716796875
7979505,62.744140625
7983217,75.50048828125
7996944,57.861328125
7999073,75.5615234375
8005097,66.5283203125
8015838,62.68310546875
8024992,62.07275390625
8033081,76.84326171875
8043195,77.57568359375
8048135,62.19482421875
8058700,66.162109375
8064733,57.4951171875
8083441,65.185546875
8102322,54.6875
8104143,75.37841796875
8115501,63.41552734375
8121006,66.40625
8121943,57.55615234375
8122007,57.18994140625
8122060,67.3828125
8122094,43.701171875
8122529,41.9921875
8122773,41.015625
8122887,47.8515625
8123057,63.65966796875
8123183,61.34033203125
8123331,41.93115234375
8123460,47.54638671875
8123584,51.3916015625
8123701,40.58837890625
8123832,51.94091796875
8123983,45.5322265625
8124133,60.72998046875
8124283,40.283203125
8124485,54.5654296875
8125526,39.794921875
8141270,63.720703125
8141807,48.583984375
8150771,57.861328125
8157732,64.697265625
8163147,68.4814453125
8169656,42.96875
8170062,42.78564453125
8175972,70.73974609375
8181830,65.97900390625
8188713,57.861328125
8188935,47.05810546875
8189011,57.18994140625
8189094,52.06298828125
8189107,53.40576171875
8189180,65.00244140625
8189205,44.37255859375
8189232,42.1142578125
8189284,41.9921875
8189780,38.02490234375
8189982,40.52734375
8190113,55.84716796875
8190257,62.5
8190391,38.02490234375
8190516,45.654296875
8190637,42.29736328125
8190767,50.23193359375
8190904,44.37255859375
8191051,44.43359375
8191206,46.81396484375
8191332,56.21337890625
8191532,46.0205078125
8192440,39.12353515625
8205678,50.47607421875
8210068,71.47216796875
8210285,44.37255859375
8210478,67.68798828125
8210599,49.01123046875
8210669,56.33544921875
8210726,47.30224609375
8210763,56.09130859375
8210801,49.560546875
8210833,60.1806640625
8210882,37.90283203125
8210905,41.93115234375
8211513,43.701171875
8211536,39.306640625
8211624,37.90283203125
8211731,48.52294921875
8211863,45.2880859375
8212015,60.72998046875
8212153,51.81884765625
8212276,49.62158203125
8212408,44.37255859375
8212550,46.2646484375
8212714,45.5322265625
8212978,41.32080078125
8213465,40.1611328125
8225776,63.96484375
8234295,68.359375
8234516,45.654296875
8234634,51.7578125
8234708,48.15673828125
8234773,70.61767578125
8234826,49.31640625
8234861,64.27001953125
8234876,47.05810546875
8234914,39.1845703125
8234928,40.95458984375
8235487,41.56494140625
8235583,53.40576171875
8235709,40.58837890625
8235845,49.01123046875
8235986,49.8046875
8236136,45.8984375
8236270,49.37744140625
8236409,48.828125
8236566,53.16162109375
8236729,39.48974609375
8256131,58.349609375
8256160,60.1806640625
8256414,77.08740234375
8256534,62.8662109375
8256561,42.78564453125
8256629,38.63525390625
8256651,56.0302734375
8256684,46.9970703125
8256707,56.0302734375
8256726,41.32080078125
8256781,52.8564453125
8257368,38.330078125
8257485,53.28369140625
8257620,43.27392578125
8257751,62.68310546875
8257913,54.8095703125
8258084,46.2646484375
8258337,61.03515625
8258427,38.63525390625
8258832,39.306640625
8278516,66.58935546875
8278867,38.0859375
8278947,78.0029296875
8279110,51.69677734375
8279226,53.5888671875
8279280,38.14697265625
8279362,73.1201171875
8279377,43.3349609375
8279432,42.1142578125
8279453,63.5986328125
8279506,49.560546875
8279528,57.43408203125
8279585,47.36328125
8279715,38.63525390625
8280073,38.02490234375
8280326,48.583984375
8280496,47.7294921875
8280708,53.40576171875
8280932,48.4619140625
8281124,38.330078125
8304396,58.10546875
8304505,43.8232421875
8304758,66.71142578125
8304773,39.9169921875
8304939,108.94775390625
8305062,43.8232421875
8305090,55.6640625
8305100,46.630859375
8305127,44.00634765625
8305167,44.0673828125
8305183,65.91796875
8305263,49.74365234375
8305318,41.80908203125
8305406,38.0859375
8306061,60.791015625
8306211,49.6826171875
8306408,59.14306640625
8306595,53.1005859375
8306744,40.95458984375
8327901,77.45361328125
8328316,46.7529296875
8328405,63.65966796875
8334533,53.16162109375
8334725,39.73388671875
8340994,65.36865234375
8341111,44.189453125
8341533,52.67333984375
8347105,68.4814453125
8347348,45.2880859375
8352980,78.369140625
8353088,38.63525390625
8353313,67.68798828125
8353443,47.05810546875
8359313,83.1298828125
8359435,59.08203125
8359575,49.98779296875
8359708,47.2412109375
8359873,55.60302734375
8359981,39.6728515625
8364798,68.115234375
8371041,69.3359375
8371125,42.29736328125
8377841,58.10546875
8377979,42.05322265625
8384513,69.2138671875
8391110,56.09130859375
8391179,49.560546875
8397041,60.48583984375
8402100,60.48583984375
8408182,70.3125
8408287,53.5888671875
8413344,54.8095703125
8419215,55.84716796875
8424881,62.255859375
8425151,54.8095703125
8430733,58.7158203125
8437139,58.7158203125
8443000,76.0498046875
8443250,44.5556640625
8450281,68.359375
8457013,54.01611328125
8463526,67.3828125
8463862,48.15673828125
8483691,81.54296875
8508971,71.83837890625
8516372,65.185546875
8538798,60.36376953125
8547263,69.3359375
8558026,45.47119140625
8558059,71.83837890625
8558158,39.97802734375
8558188,56.94580078125
8558239,44.189453125
8558263,54.8095703125
8558297,61.21826171875
8558326,37.9638671875
8558350,44.25048828125
8558406,44.921875
8558978,40.95458984375
8559090,48.76708984375
8559231,44.189453125
8559398,54.0771484375
8559553,58.2275390625
8559687,56.7626953125
8559817,51.8798828125
8559936,56.70166015625
8560102,46.7529296875
8560236,48.9501953125
8560380,45.59326171875
8561329,41.80908203125
8561533,38.0859375
8604118,66.10107421875
8624436,62.6220703125
8643314,71.96044921875
8643657,44.25048828125
8653331,71.59423828125
8668134,51.8798828125
8668303,46.38671875
8668390,73.05908203125
8668418,51.81884765625
8668469,52.978515625
8668505,63.90380859375
8668532,50.4150390625
8668571,54.443359375
8668639,40.22216796875
8669356,59.814453125
8669534,55.7861328125
8669667,55.6640625
8669808,45.8984375
8669930,52.30712890625
8670054,45.59326171875
8670205,56.396484375
8670329,55.419921875
8670475,52.06298828125
8670651,57.373046875
8670835,39.24560546875
8711271,65.673828125
8711682,73.73046875
8711719,48.4619140625
8711896,51.7578125
8711992,40.83251953125
8712010,55.6640625
8712068,62.8662109375
8712097,41.93115234375
8712157,41.07666015625
8712658,38.51318359375
8712789,48.27880859375
8712941,56.45751953125
8713102,47.36328125
8713242,53.03955078125
8713382,52.42919921875
8713528,61.767578125
8713652,51.81884765625
8713794,48.7060546875
8713947,48.4619140625
8714134,54.99267578125
8896031,51.1474609375
9630222,44.86083984375
9630281,68.54248046875
9630333,47.66845703125
9630355,69.76318359375
9630373,73.42529296875
9630436,46.7529296875
9631159,38.87939453125
9631464,49.13330078125
9631577,58.837890625
9631703,43.8232421875
9631825,38.26904296875
9631940,44.61669921875
9632065,39.794921875
9632184,55.2978515625
9632300,40.0390625
9632435,43.8232421875
9632583,55.5419921875
9632726,56.2744140625
9632873,50.048828125
9633033,52.55126953125
9633208,39.6728515625
9633378,49.4384765625
9633841,39.85595703125
9634324,45.34912109375
9634399,54.6875
9639338,42.05322265625
9641862,59.814453125
9642442,51.08642578125
9644002,65.673828125
9648849,63.1103515625
9666452,66.162109375
9672423,62.80517578125
9697031,63.78173828125
9702136,75.8056640625
9747129,71.71630859375
9759948,73.66943359375
9778443,58.04443359375
9783839,55.48095703125
9812420,76.35498046875
9812474,50.9033203125
9812626,75.8056640625
9812694,43.3349609375
9812721,53.03955078125
9812747,45.5322265625
9812757,40.46630859375
9812782,48.9501953125
9813258,39.0625
9813343,39.9169921875
9813481,41.68701171875
9813650,48.76708984375
9813795,47.79052734375
9813936,55.60302734375
9814061,51.81884765625
9814191,43.76220703125
9814322,46.93603515625
9814440,48.9501953125
9814576,64.94140625
9814702,54.26025390625
9814850,45.7763671875
9815000,51.26953125
9815293,48.4619140625
9816194,39.12353515625
9824567,49.86572265625
9842543,76.84326171875
9849109,60.97412109375
9855144,70.12939453125
9855406,38.87939453125
9855447,73.18115234375
9855580,47.66845703125
9855611,71.1669921875
9855653,50.84228515625
9855671,38.9404296875
9855699,43.76220703125
9856437,46.56982421875
9856601,40.4052734375
9856752,59.5703125
9856897,59.75341796875
9857034,42.724609375
9857160,56.640625
9857287,45.166015625
9857426,52.978515625
9857566,68.7255859375
9857784,56.2744140625
9858111,61.1572265625
9858281,45.7763671875
9879016,81.35986328125
9888003,53.22265625
9888346,41.8701171875
9888400,68.115234375
9888553,47.79052734375
9888608,61.46240234375
9888651,50.6591796875
9888672,39.48974609375
9888698,52.490234375
9888744,59.08203125
9888771,51.025390625
9888806,47.30224609375
9888876,38.330078125
9889366,49.49951171875
9889539,47.7294921875
9889671,48.583984375
9889803,50.29296875
9889943,51.7578125
9890082,52.3681640625
9890220,46.93603515625
9890358,45.34912109375
9890518,47.4853515625
9890669,49.25537109375
9890792,40.1611328125
9890874,46.9970703125
9891164,39.1845703125
9919174,46.142578125
9919186,70.49560546875
9919339,66.83349609375
9919360,46.142578125
9919430,59.326171875
9919449,61.21826171875
9919497,50.048828125
9919516,85.3271484375
9919544,45.8984375
9920140,40.4052734375
9920282,52.06298828125
9920445,47.9736328125
9920603,61.03515625
9920768,59.326171875
9920916,56.396484375
9921058,43.02978515625
9921204,49.86572265625
9921367,51.94091796875
9921531,49.62158203125
9922363,40.6494140625
9950969,69.27490234375
9951020,48.4619140625
9951143,79.58984375
9951230,53.03955078125
9951242,69.39697265625
9951281,43.0908203125
9951295,42.96875
9951328,59.02099609375
9951338,51.7578125
9951400,38.2080078125
9951768,48.828125
9951900,46.7529296875
9952100,51.45263671875
9952259,50.47607421875
9952399,49.072265625
9952542,39.36767578125
9952707,39.794921875
9952879,51.69677734375
9953082,59.814453125
9953292,47.79052734375
9979162,57.373046875
9979192,51.33056640625
9979402,61.6455078125
9979513,50.23193359375
9979559,40.771484375
9979585,58.837890625
9979595,46.2646484375
9979647,43.27392578125
9980045,43.39599609375
9980179,39.97802734375
9980338,46.0205078125
9980504,55.2978515625
9980694,61.8896484375
9980878,49.25537109375
9981079,50.96435546875
9981162,43.9453125
9981278,51.3916015625
10005999,53.16162109375
10006065,42.8466796875
10006238,52.001953125
10006268,59.5703125
10006358,43.0908203125
10006379,54.26025390625
10006394,53.40576171875
10006443,38.75732421875
10006464,76.416015625
10006517,44.61669921875
10006538,61.70654296875
10006555,48.03466796875
10006640,44.49462890625
10006971,41.93115234375
10007131,48.828125
10007337,49.01123046875
10007528,58.65478515625
10007756,67.19970703125
10007990,39.6728515625
10008001,55.7861328125
10037853,44.677734375
10037953,66.162109375
10038035,42.8466796875
10038121,51.513671875
10038229,47.79052734375
10038240,72.509765625
10038329,46.20361328125
10038365,44.0673828125
10038399,45.22705078125
10038445,46.142578125
10038831,42.96875
10039007,60.4248046875
10039178,43.64013671875
10039422,56.396484375
10039674,54.931640625
10039711,39.36767578125
10039974,42.96875
10066714,60.97412109375
10066815,51.3916015625
10066985,69.15283203125
10067137,43.5791015625
10067148,40.71044921875
10067167,59.02099609375
10067217,39.6728515625
10067289,53.1005859375
10067351,38.39111328125
10067367,39.0625
10067388,59.50927734375
10067420,38.2080078125
10067481,39.306640625
10067770,46.32568359375
10067890,43.9453125
10068060,48.4619140625
10068257,63.90380859375
10068457,52.3681640625
10068680,49.62158203125
10068776,43.76220703125
10102408,49.01123046875
10102423,50.4150390625
10102565,38.39111328125
10102634,56.82373046875
10102730,88.80615234375
10102790,39.24560546875
10102807,49.560546875
10102844,42.96875
10102884,53.3447265625
10102985,39.9169921875
10103327,41.3818359375
10103483,53.466796875
10103656,51.57470703125
10103845,51.69677734375
10104045,53.40576171875
10104206,41.259765625
10419767,44.98291015625
10456821,42.1142578125
10471571,44.12841796875
10935604,55.48095703125
10935763,52.8564453125
10935778,68.603515625
10935834,56.33544921875
10935846,46.20361328125
10935865,48.583984375
10935891,53.3447265625
10935934,39.85595703125
10935985,42.05322265625
10936474,42.90771484375
10936636,40.8935546875
10936750,45.10498046875
10936860,38.51318359375
10936970,38.818359375
10937087,56.5185546875
10937201,52.67333984375
10937318,46.08154296875
10937436,44.37255859375
10937550,40.46630859375
10937668,50.1708984375
10937794,41.015625
10937914,47.607421875
10938078,47.42431640625
10938222,59.75341796875
10938380,38.818359375
10938586,43.9453125
10938748,44.49462890625
10939134,49.62158203125
10939925,47.36328125
10946796,59.50927734375
10947901,45.7763671875
10949309,56.2744140625
10950597,54.13818359375
10954908,66.46728515625
10956523,66.83349609375
10957009,63.96484375
10961662,64.39208984375
10967906,71.1669921875
10981621,73.54736328125
10988847,68.115234375
10992738,54.3212890625
10999403,71.044921875
11001038,62.31689453125
11011366,62.80517578125
11031360,62.744140625
11034280,62.6220703125
11046345,63.232421875
11051469,50.84228515625
11075834,70.61767578125
11079598,57.92236328125
11082921,47.8515625
11084503,66.40625
11089056,81.72607421875
11091486,63.8427734375
11094427,63.65966796875
11104777,62.6220703125
11108460,73.91357421875
11116575,60.72998046875
11121861,58.89892578125
11123965,48.2177734375
11127024,57.9833984375
11144462,80.50537109375
11144749,38.63525390625
11153002,61.4013671875
11162409,65.61279296875
11166401,66.58935546875
11180749,60.05859375
11203251,80.99365234375
11208716,64.02587890625
11231244,74.462890625
11231375,46.44775390625
11231512,61.09619140625
11231573,62.56103515625
11231601,40.1611328125
11231632,67.56591796875
11232348,43.212890625
11232467,52.734375
11232589,51.025390625
11232735,60.791015625
11232870,47.8515625
11232980,46.44775390625
11233101,45.654296875
11233213,40.0390625
11233343,46.44775390625
11233470,48.40087890625
11233631,46.56982421875
11233781,51.513671875
11233920,50.78125
11234074,38.330078125
11234294,39.73388671875
11234397,41.8701171875
11234859,41.748046875
11235214,40.95458984375
11263849,54.3212890625
11271140,55.35888671875
11277330,70.49560546875
11277745,60.72998046875
11278004,51.20849609375
11278204,69.76318359375
11284195,52.6123046875
11284561,50.84228515625
11284633,78.30810546875
11290124,58.10546875
11296398,67.44384765625
11296667,50.9033203125
11296783,63.8427734375
11296926,47.119140625
11296977,72.20458984375
11297031,42.78564453125
11297054,49.072265625
11297075,63.96484375
11297115,74.15771484375
11297163,41.259765625
11297178,56.94580078125
11297695,45.59326171875
11297804,44.677734375
11297971,50.537109375
11298097,42.724609375
11298241,49.01123046875
11298388,50.537109375
11298528,50.048828125
11298644,38.26904296875
11298766,41.015625
11298883,47.79052734375
11299038,54.443359375
11299187,42.96875
11299388,52.734375
11299426,44.0673828125
11299644,52.91748046875
11300123,46.5087890625
11323603,47.7294921875
11326446,68.9697265625
11335999,58.10546875
11346762,54.99267578125
11346925,43.64013671875
11346983,58.41064453125
11347047,40.83251953125
11347084,59.02099609375
11347100,57.55615234375
11347141,41.56494140625
11347155,62.744140625
11347191,40.71044921875
11347229,42.1142578125
11347256,56.5185546875
11347834,42.236328125
11347969,49.49951171875
11348115,54.26025390625
11348251,50.84228515625
11348368,43.15185546875
11348501,42.05322265625
11348632,48.40087890625
11348758,53.5888671875
11349048,59.6923828125
11349223,49.560546875
11349505,54.74853515625
11349912,40.46630859375
11373576,48.9501953125
11373706,50.84228515625
11373994,55.0537109375
11374053,58.04443359375
11374169,39.48974609375
11374210,57.67822265625
11374231,44.7998046875
11374298,52.91748046875
11374314,40.52734375
11374361,40.83251953125
11374408,38.39111328125
11374440,41.80908203125
11374697,38.26904296875
11374862,40.22216796875
11374960,51.33056640625
11375071,45.41015625
11375206,58.04443359375
11375328,52.3681640625
11375479,50.59814453125
11375635,47.607421875
11375777,51.20849609375
11375906,49.4384765625
11376061,53.3447265625
11376221,44.0673828125
11376419,52.978515625
11409577,75.86669921875
11409748,53.89404296875
11409902,56.884765625
11409981,41.32080078125
11410067,60.9130859375
11410120,46.44775390625
11410150,56.09130859375
11410207,52.24609375
11410247,47.66845703125
11410792,41.8701171875
11410917,49.31640625
11411093,55.23681640625
11411247,46.0205078125
11411373,56.70166015625
11411516,49.1943359375
11411668,49.37744140625
11411804,51.45263671875
11411978,55.60302734375
11412206,51.025390625
11456691,61.70654296875
11456871,38.87939453125
11457065,54.26025390625
11457107,46.20361328125
11457210,54.99267578125
11457220,51.3916015625
11457263,49.9267578125
11457307,47.36328125
11457346,46.5087890625
11457395,48.27880859375
11457418,40.34423828125
11457446,38.0859375
11457974,49.1943359375
11458113,48.15673828125
11458262,47.2412109375
11458428,40.8935546875
11458574,57.31201171875
11458698,50.1708984375
11458838,54.19921875
11458979,45.83740234375
11459136,43.76220703125
11459317,47.607421875
11459520,59.9365234375
11497900,61.5234375
11497979,44.43359375
11498104,65.73486328125
11498130,38.63525390625
11498195,48.88916015625
11498242,63.4765625
11498269,39.306640625
11498297,49.74365234375
11498320,38.39111328125
11498799,39.306640625
11498922,38.26904296875
11499086,56.45751953125
11499250,55.908203125
11499398,47.119140625
11499544,55.2978515625
11499852,49.560546875
11500016,54.6875
11500214,49.4384765625
11500538,61.1572265625
