11999000,0
1488,35.400390625
1675,38.87939453125
1831,65.00244140625
2009,42.54150390625
2278,38.39111328125
18288,38.26904296875
18695,79.04052734375
18845,56.57958984375
30728,39.0625
31582,67.68798828125
47494,36.19384765625
47752,83.8623046875
47874,60.11962890625
47981,40.58837890625
65632,35.0341796875
65773,43.76220703125
66072,34.1796875
66089,61.95068359375
66200,36.9873046875
66219,41.68701171875
66333,46.20361328125
83079,37.2314453125
83178,44.921875
83590,62.92724609375
83734,53.64990234375
83841,51.69677734375
103731,35.46142578125
104053,71.8994140625
104165,54.6875
118563,56.5185546875
118735,51.45263671875
119020,45.8984375
154489,38.75732421875
154818,76.96533203125
154919,51.26953125
154958,38.330078125
154999,34.24072265625
155032,35.2783203125
860714,90.51513671875
860770,53.955078125
863651,42.54150390625
865560,40.6494140625
866718,35.58349609375
869190,35.15625
876417,35.7666015625
877259,38.14697265625
877980,34.48486328125
878564,35.82763671875
881881,34.3017578125
882750,36.68212890625
886471,37.41455078125
891197,35.0341796875
895395,37.41455078125
897083,34.1796875
904154,35.33935546875
905354,35.15625
908430,36.92626953125
913377,35.58349609375
920243,37.9638671875
924238,34.5458984375
930185,36.1328125
933463,37.29248046875
936141,36.376953125
936194,35.46142578125
942781,35.09521484375
949333,34.3017578125
953779,38.9404296875
954260,68.78662109375
954319,35.09521484375
954351,62.19482421875
954403,36.0107421875
966500,38.39111328125
975233,34.24072265625
975782,35.70556640625
982651,34.24072265625
983316,34.48486328125
997541,38.26904296875
997666,37.78076171875
997880,90.75927734375
997955,47.79052734375
1009866,65.73486328125
1009983,55.5419921875
1010070,37.65869140625
1016584,34.97314453125
1020642,34.7900390625
1025248,38.26904296875
1025859,82.45849609375
1025972,50.1708984375
1026128,34.36279296875
1043069,34.24072265625
1043751,72.69287109375
1043878,52.3681640625
1043888,36.865234375
1043935,34.48486328125
1043969,37.17041015625
1043979,35.888671875
1052298,36.0107421875
1052699,56.33544921875
1052929,53.28369140625
1053088,45.34912109375
1069458,42.1142578125
1069650,62.744140625
1069739,49.25537109375
1077707,37.841796875
1081042,37.4755859375
1085526,36.56005859375
1085919,66.46728515625
1086010,53.40576171875
1086101,39.4287109375
1097190,66.46728515625
1097316,51.513671875
1097411,34.85107421875
1106955,35.70556640625
1111972,35.21728515625
1112271,65.185546875
1112388,49.072265625
1112446,43.0908203125
1112481,35.7666015625
1125417,35.15625
1125642,69.03076171875
1125758,59.75341796875
1125768,34.66796875
1139863,36.62109375
1140075,41.68701171875
1140152,68.90869140625
1140168,39.4287109375
1140250,77.45361328125
1140340,43.5791015625
1154890,38.63525390625
1155183,61.58447265625
1155308,54.62646484375
1155342,36.68212890625
1155408,42.05322265625
1155484,35.888671875
1170429,36.68212890625
1170787,73.3642578125
1170879,54.443359375
1170966,42.66357421875
1180142,39.61181640625
1188981,34.423828125
1189060,37.4755859375
1189075,34.36279296875
1189177,37.841796875
1189262,73.30322265625
1189354,51.69677734375
1189511,36.376953125
1204921,39.48974609375
1205158,85.693359375
1205273,52.1240234375
1222000,36.62109375
1222377,62.80517578125
1222482,65.12451171875
1222591,37.4755859375
1239326,37.65869140625
1239660,73.3642578125
1239792,49.1943359375
1251762,35.21728515625
1252335,64.3310546875
1252450,59.814453125
1252529,34.60693359375
1252706,42.724609375
1266304,36.31591796875
1266358,41.56494140625
1266614,60.9130859375
1266795,59.75341796875
1266903,51.26953125
1266970,34.7900390625
1282220,37.04833984375
1282615,72.32666015625
1282740,61.5234375
1282840,34.72900390625
1283036,39.97802734375
1301858,36.43798828125
1301984,70.61767578125
1302101,44.00634765625
1302198,38.0859375
1302382,38.63525390625
1318196,43.51806640625
1318320,38.26904296875
1318577,62.31689453125
1318729,50.35400390625
1318915,43.76220703125
1335627,39.6728515625
1335648,79.28466796875
1335767,39.36767578125
1335792,54.13818359375
1335926,44.49462890625
1336020,43.51806640625
1354040,37.17041015625
1354249,66.83349609375
1354362,63.41552734375
1354473,41.44287109375
1354562,36.92626953125
1372905,36.68212890625
1372975,64.0869140625
1373140,44.98291015625
1373217,39.306640625
1373254,40.95458984375
1389839,35.0341796875
1390171,68.54248046875
1390296,50.59814453125
1390423,52.67333984375
1390542,41.6259765625
1390554,34.24072265625
1390744,34.48486328125
1430910,84.5947265625
1430940,37.9638671875
1431009,57.80029296875
1448268,39.6728515625
1448516,35.888671875
1449038,65.00244140625
1449208,60.11962890625
1449379,49.37744140625
2793199,85.8154296875
2793244,36.376953125
2795799,42.236328125
2796059,39.73388671875
2796163,38.75732421875
2796618,34.85107421875
2797209,38.02490234375
2800533,36.56005859375
2802196,37.04833984375
2808153,34.1796875
2809717,34.48486328125
2810415,35.0341796875
2812801,35.46142578125
2814423,38.2080078125
2815283,34.5458984375
2816085,37.41455078125
2816708,38.818359375
2817281,35.0341796875
2820963,41.07666015625
2822390,34.36279296875
2824137,37.841796875
2825018,34.66796875
2827426,35.64453125
2827787,39.24560546875
2828514,34.5458984375
2830957,35.94970703125
2831721,34.48486328125
2832587,38.75732421875
2834546,35.888671875
2838090,35.82763671875
2841007,35.5224609375
2841524,42.48046875
2842336,43.51806640625
2844572,35.5224609375
2847116,34.85107421875
2848586,36.1328125
2849324,35.0341796875
2849408,35.46142578125
2849483,34.1796875
2851230,34.423828125
2853064,34.423828125
2853700,39.00146484375
2855083,38.2080078125
2856345,39.306640625
2857350,35.58349609375
2857906,36.0107421875
2858196,34.1796875
2858473,35.0341796875
2859900,40.22216796875
2860188,39.9169921875
2860997,34.5458984375
2862401,38.14697265625
2866244,38.75732421875
2867398,35.70556640625
2870090,37.353515625
2871045,36.7431640625
2871841,34.48486328125
2873626,34.3017578125
2875395,35.0341796875
2876703,35.2783203125
2877855,35.46142578125
2879982,35.58349609375
2886234,34.36279296875
2887853,36.62109375
2889508,35.70556640625
2889835,83.740234375
2889907,65.91796875
2889959,42.29736328125
2898201,35.70556640625
2898943,60.85205078125
2899037,58.28857421875
2899060,35.33935546875
2908797,35.46142578125
2909287,82.1533203125
2909411,57.80029296875
2909509,39.55078125
2909618,41.80908203125
2918296,37.90283203125
2920805,69.27490234375
2920904,46.69189453125
2920982,34.72900390625
2929548,35.82763671875
2934239,67.5048828125
2934347,54.38232421875
2934398,34.24072265625
2934485,36.376953125
2947763,80.13916015625
2947865,53.28369140625
2947952,41.015625
2961814,62.8662109375
2961903,42.6025390625
2961980,35.15625
2982978,86.669921875
2983064,44.0673828125
2996706,34.3017578125
2996983,68.05419921875
2997084,53.8330078125
2997172,38.02490234375
3009882,66.58935546875
3009978,51.1474609375
3021342,36.68212890625
3024011,34.36279296875
3024411,60.11962890625
3024510,50.537109375
3024598,40.34423828125
3034791,37.65869140625
3040126,38.75732421875
3043783,51.1474609375
3043793,79.77294921875
3043936,60.9130859375
3044038,35.7666015625
3060340,71.96044921875
3060461,49.25537109375
3079889,60.36376953125
3079980,37.65869140625
3080003,53.77197265625
3080087,40.22216796875
3095296,36.68212890625
3095706,67.138671875
3095826,59.75341796875
3095930,44.37255859375
3107370,35.400390625
3112452,62.6220703125
3112636,58.77685546875
3112735,40.46630859375
3129622,37.9638671875
3129745,69.39697265625
3129757,38.57421875
3129860,63.96484375
3129885,39.1845703125
3130217,42.48046875
3149317,34.24072265625
3149546,75.8056640625
3149680,53.22265625
3149765,39.73388671875
3150043,34.3017578125
3166588,34.912109375
3166647,75.0732421875
3166762,54.19921875
3166935,35.15625
3181614,34.72900390625
3191050,74.8291015625
3191138,43.27392578125
3191223,42.90771484375
3191425,36.07177734375
3211415,34.72900390625
3211692,65.85693359375
3211771,59.2041015625
3211781,35.5224609375
3211856,36.92626953125
3247363,64.75830078125
3247449,59.02099609375
3247523,39.794921875
3262901,36.07177734375
3263134,59.26513671875
3263230,61.09619140625
3263316,36.865234375
3309295,81.23779296875
3309367,51.33056640625
3309484,35.7666015625
3310109,37.65869140625
3310258,34.72900390625
3327628,79.833984375
3327731,56.70166015625
3327794,38.63525390625
3327829,35.70556640625
3349841,35.0341796875
3349962,78.67431640625
3350053,76.35498046875
3350125,44.98291015625
3366683,39.00146484375
3366872,83.80126953125
3366986,68.9697265625
3366997,36.80419921875
3367081,36.9873046875
3389115,38.63525390625
3389232,68.84765625
3389253,34.72900390625
3389358,67.81005859375
3389440,47.91259765625
3412409,43.39599609375
3412506,78.30810546875
3412590,58.53271484375
3412672,39.6728515625
3434808,65.7958984375
3434917,72.69287109375
3477587,67.81005859375
3477754,63.04931640625
3477825,45.83740234375
3477860,65.0634765625
3477938,36.2548828125
3519341,66.83349609375
3519428,58.837890625
3519512,36.865234375
3564024,38.57421875
3564044,83.19091796875
3564122,52.978515625
3564133,34.423828125
3564207,37.109375
4069725,78.7353515625
4069778,55.7861328125
4069808,52.67333984375
4069874,36.19384765625
4166253,85.44921875
4166306,50.537109375
4264233,38.63525390625
4273783,35.2783203125
4282364,36.376953125
4282989,79.28466796875
4283005,34.423828125
4283060,63.96484375
4305931,34.66796875
4306228,35.21728515625
4306262,64.51416015625
4306330,37.53662109375
4306348,58.59375
4306410,37.4755859375
4318800,36.4990234375
4318914,78.91845703125
4318993,54.8095703125
4334328,68.42041015625
4334411,46.0205078125
4334435,37.4755859375
4348200,34.60693359375
4358709,34.24072265625
4358955,71.47216796875
4359038,56.15234375
4361138,37.2314453125
4377921,35.2783203125
4378141,78.857421875
4378234,71.4111328125
4378309,35.15625
4390407,70.556640625
4390512,48.4619140625
4390522,38.4521484375
4390599,34.24072265625
4402098,60.791015625
4402235,77.5146484375
4402342,40.22216796875
4402437,37.353515625
4416815,41.748046875
4417326,82.94677734375
4417408,48.03466796875
4417531,35.82763671875
4430395,60.36376953125
4430492,48.33984375
4443827,77.1484375
4443849,39.6728515625
4443956,57.80029296875
4444457,38.2080078125
4455514,34.912109375
4456054,60.9130859375
4456197,56.640625
4456301,42.54150390625
4456413,43.15185546875
4471991,37.29248046875
4477728,41.9921875
4477870,80.56640625
4477923,36.9873046875
4477961,53.40576171875
4478043,39.61181640625
4497946,35.82763671875
4498312,35.15625
4504776,34.5458984375
4504951,34.24072265625
4519257,34.24072265625
4519559,58.89892578125
4519644,62.6220703125
4519674,34.24072265625
4519718,40.71044921875
4552308,34.60693359375
4552555,38.14697265625
4552681,73.2421875
4552804,65.00244140625
4552889,41.3818359375
4566066,37.29248046875
4573493,40.83251953125
4573688,34.60693359375
4574020,78.369140625
4574132,83.0078125
4574238,53.77197265625
4574342,34.60693359375
4606801,35.64453125
4606817,73.3642578125
4606911,70.12939453125
4606993,41.8701171875
4630873,38.6962890625
4641085,34.24072265625
4641392,36.19384765625
4641452,90.6982421875
4641555,53.40576171875
4641636,40.46630859375
4652054,36.68212890625
4661713,38.87939453125
4661997,38.2080078125
4662142,94.8486328125
4662199,42.48046875
4662272,62.255859375
4662362,35.15625
4679185,35.5224609375
4679389,67.5048828125
4679513,56.33544921875
4679620,46.08154296875
4680275,35.64453125
4692359,34.36279296875
4703055,65.7958984375
4703159,55.419921875
4721951,35.400390625
4722375,81.298828125
4722486,57.67822265625
4722580,44.3115234375
4722661,41.56494140625
4747012,73.974609375
4747105,59.5703125
4747187,34.7900390625
5402341,67.32177734375
5402387,60.97412109375
5402410,41.68701171875
5404265,34.66796875
5484781,35.46142578125
5485112,34.97314453125
5485176,52.978515625
5485233,42.8466796875
5506659,35.33935546875
5509556,37.841796875
5524715,39.97802734375
5525106,36.80419921875
5525195,64.5751953125
5525263,55.72509765625
5525302,38.0859375
5525357,39.9169921875
5537252,35.2783203125
5540913,35.70556640625
5541201,36.31591796875
5550690,40.58837890625
5550881,36.9873046875
5553612,38.2080078125
5553707,65.7958984375
5553722,39.61181640625
5553778,35.64453125
5553918,35.33935546875
5554691,37.2314453125
5567834,65.4296875
5567882,34.3017578125
5567924,53.955078125
5567978,36.31591796875
5568111,35.94970703125
5568367,36.1328125
5568569,45.0439453125
5568781,38.75732421875
5585442,67.2607421875
5585524,57.55615234375
5585600,39.4287109375
5585849,44.12841796875
5585997,38.14697265625
5586185,34.5458984375
5597451,35.46142578125
5597738,34.24072265625
5603455,37.7197265625
5607952,39.55078125
5608278,37.90283203125
5608326,64.697265625
5608411,34.85107421875
5608422,56.396484375
5608497,44.189453125
5608742,39.97802734375
5608878,36.07177734375
5621499,34.72900390625
5627100,35.33935546875
5627300,71.96044921875
5627390,62.255859375
5627665,36.7431640625
5628478,35.70556640625
5643401,40.8935546875
5643857,36.43798828125
5644026,37.9638671875
5644309,36.43798828125
5644875,38.330078125
5648580,34.423828125
5652961,36.62109375
5653210,36.62109375
5653432,40.8935546875
5653644,34.24072265625
5658646,39.55078125
5658869,65.185546875
5658945,63.53759765625
5660152,37.7197265625
5670204,38.02490234375
5673891,38.26904296875
5674678,37.04833984375
5674909,35.888671875
5678796,39.6728515625
5679030,40.771484375
5679179,75.74462890625
5679285,53.3447265625
5679367,39.306640625
5679517,36.80419921875
5679644,34.1796875
5680279,35.82763671875
5692397,38.87939453125
5699077,50.47607421875
5699432,78.67431640625
5699521,36.1328125
5699534,48.095703125
5699605,38.4521484375
5715136,38.6962890625
5715309,35.888671875
5715755,67.93212890625
5715858,66.46728515625
5729265,37.2314453125
5737973,43.45703125
5743020,70.556640625
5743050,37.2314453125
5743065,38.14697265625
5743099,61.1572265625
5743181,38.02490234375
5762186,75.439453125
5762282,55.60302734375
5762373,38.9404296875
5779466,67.0166015625
5779561,54.38232421875
5779678,36.4990234375
5795655,36.2548828125
5795983,74.951171875
5796076,53.22265625
5796167,44.49462890625
5813351,62.1337890625
5813469,69.3359375
5813565,53.1005859375
5813666,35.7666015625
5829011,35.58349609375
5829153,39.0625
5837955,42.41943359375
5846506,41.8701171875
5846635,39.55078125
5846834,38.51318359375
5846884,66.71142578125
5846923,37.59765625
5846964,54.99267578125
5847038,44.921875
5867562,60.9130859375
5867684,60.9130859375
5867784,52.734375
5867891,41.8701171875
5892153,34.36279296875
5892575,76.96533203125
5892687,59.5703125
5892772,43.9453125
5892849,34.423828125
5908787,36.80419921875
5930500,34.3017578125
5930944,73.54736328125
5931046,64.88037109375
5931116,35.33935546875
5944178,34.7900390625
5964363,37.4755859375
5964530,79.833984375
5964618,75.0732421875
5964704,44.921875
5964795,41.44287109375
5965559,36.62109375
5990046,77.5146484375
5990127,77.63671875
5990203,38.87939453125
6024072,34.423828125
6050662,35.64453125
6051023,36.07177734375
6051036,85.51025390625
6051106,73.79150390625
6591417,95.27587890625
6591464,49.31640625
6690877,36.865234375
6713558,34.66796875
6744031,35.5224609375
6744151,82.03125
6744230,51.025390625
6744306,45.41015625
6785455,35.82763671875
6805330,36.43798828125
6818562,35.400390625
6833662,42.1142578125
6833776,64.0869140625
6833799,39.73388671875
6833848,63.90380859375
6872989,38.4521484375
6884109,35.58349609375
6893171,38.63525390625
6898491,34.912109375
6898797,83.92333984375
6898870,56.0302734375
6898901,41.80908203125
6938884,37.9638671875
6939208,65.73486328125
6939218,36.865234375
6939287,58.349609375
6939347,34.85107421875
6939401,35.70556640625
6958914,38.14697265625
6968223,35.09521484375
6968457,81.4208984375
6968502,34.85107421875
6968534,68.115234375
6993353,76.2939453125
6993440,73.79150390625
6993508,40.83251953125
7020902,36.92626953125
7021120,76.5380859375
7021137,39.4287109375
7021213,63.65966796875
7021597,34.85107421875
7021743,41.80908203125
7021895,37.4755859375
7022183,38.4521484375
7045819,82.21435546875
7045900,35.58349609375
7045956,37.2314453125
7046076,34.72900390625
7046134,43.64013671875
7046222,47.30224609375
7046482,34.36279296875
7046868,34.3017578125
7071830,34.60693359375
7071906,41.44287109375
7072069,37.353515625
7072088,72.3876953125
7072169,71.35009765625
7072198,42.8466796875
7072222,40.22216796875
7072297,34.97314453125
7091372,58.7158203125
7091558,35.64453125
7091781,35.7666015625
7092153,36.4990234375
7101365,35.33935546875
7101526,36.31591796875
7101592,36.80419921875
7101772,38.57421875
7101851,64.63623046875
7101949,58.41064453125
7101991,38.39111328125
7102021,34.1796875
7125150,35.94970703125
7125290,35.46142578125
7125530,39.24560546875
7125654,40.10009765625
7125737,46.93603515625
7125805,43.88427734375
7141457,34.60693359375
7145333,35.09521484375
7145591,35.70556640625
7146254,35.82763671875
7146815,34.72900390625
7154813,34.66796875
7154954,63.29345703125
7155055,37.353515625
7155066,51.81884765625
7155157,45.41015625
7155167,39.1845703125
7168063,36.43798828125
7175677,36.1328125
7185277,39.6728515625
7185349,35.09521484375
7185378,34.3017578125
7185706,70.80078125
7185797,63.232421875
7185872,35.46142578125
7185941,36.56005859375
7199807,35.2783203125
7208949,36.07177734375
7218785,41.50390625
7219539,65.97900390625
7219638,60.11962890625
7219732,37.841796875
7219806,44.73876953125
7236229,35.7666015625
7256083,64.63623046875
7256195,66.650390625
7256279,37.59765625
7256364,48.88916015625
7279450,36.07177734375
7287868,35.400390625
7299239,44.37255859375
7299634,76.171875
7299662,34.7900390625
7299723,88.2568359375
7299767,36.19384765625
7299850,37.41455078125
7855574,78.857421875
7855599,44.86083984375
7855619,44.73876953125
8121920,85.14404296875
8121965,34.5458984375
8121977,52.30712890625
8122033,40.71044921875
8188599,41.015625
8189092,80.50537109375
8189165,50.72021484375
8189210,43.15185546875
8189239,39.73388671875
8210599,35.94970703125
8210710,71.35009765625
8210787,56.21337890625
8210837,35.70556640625
8234399,37.59765625
8234572,34.912109375
8234776,69.2138671875
8234852,47.119140625
8234914,44.3115234375
8256379,38.9404296875
8256494,35.888671875
8256567,69.76318359375
8256657,50.96435546875
8256972,38.57421875
8257121,38.330078125
8257257,42.54150390625
8279247,58.7158203125
8279361,64.697265625
8279434,48.583984375
8279701,38.75732421875
8279951,35.46142578125
8280073,36.4990234375
8280223,36.62109375
8304934,73.91357421875
8305069,50.4150390625
8305166,48.52294921875
8305361,38.51318359375
8305592,37.4755859375
8305913,35.70556640625
8306041,36.4990234375
8306479,35.70556640625
8327813,40.4052734375
8328134,36.1328125
8328423,36.19384765625
8328728,40.22216796875
8334510,34.48486328125
8334766,34.1796875
8334888,36.68212890625
8335363,37.353515625
8341616,37.2314453125
8341762,37.59765625
8347207,36.19384765625
8352914,37.65869140625
8353125,41.93115234375
8353629,36.1328125
8359291,34.1796875
8359453,46.56982421875
8359784,35.64453125
8360132,36.19384765625
8371739,47.8515625
8377814,34.1796875
8390965,39.97802734375
8397023,34.36279296875
8397357,43.8232421875
8401971,36.19384765625
8413296,36.62109375
8419081,38.6962890625
8424952,36.9873046875
8430551,35.5224609375
8443061,34.3017578125
8456934,34.72900390625
8470006,34.66796875
8483647,36.865234375
8502460,36.43798828125
8509102,38.6962890625
8557883,35.21728515625
8558222,69.82421875
8558274,35.15625
8558285,59.99755859375
8559216,40.34423828125
8582306,36.56005859375
8592201,35.46142578125
8592352,35.09521484375
8604142,56.45751953125
8613813,37.29248046875
8624274,34.912109375
8632067,34.24072265625
8668245,35.82763671875
8668436,85.3271484375
8668497,74.27978515625
8668549,34.24072265625
8711936,79.9560546875
8712019,65.49072265625
8712077,39.85595703125
9630320,79.77294921875
9630373,55.23681640625
9630480,34.85107421875
9666230,37.53662109375
9666415,38.0859375
9666655,35.21728515625
9666914,37.78076171875
9812601,34.66796875
9812619,98.9990234375
9812681,68.54248046875
9812745,35.5224609375
9855213,35.7666015625
9855431,35.09521484375
9855590,78.18603515625
9855664,65.0634765625
9855725,37.9638671875
9857259,34.36279296875
9888613,34.423828125
9888636,61.21826171875
9888706,67.07763671875
9888753,38.51318359375
9889062,34.423828125
9889232,36.19384765625
9889636,34.60693359375
9919092,39.0625
9919332,34.24072265625
9919397,71.96044921875
9919466,60.24169921875
9919480,43.0908203125
9919653,35.5224609375
9919768,41.9921875
9919849,39.97802734375
9921833,34.48486328125
9950634,36.62109375
9951035,34.97314453125
9951167,67.68798828125
9951245,54.8095703125
9951259,42.78564453125
9970796,34.66796875
9973132,34.5458984375
9978223,34.24072265625
9979433,79.77294921875
9979468,41.1376953125
9979521,67.0166015625
9979587,39.306640625
10005881,36.68212890625
10006169,34.423828125
10006319,68.54248046875
10006400,63.8427734375
10037710,37.841796875
10038148,57.80029296875
10038225,58.77685546875
10038303,39.24560546875
10067156,57.9833984375
10067199,37.841796875
10067251,54.26025390625
10067336,38.9404296875
10102630,82.82470703125
10102712,52.8564453125
10935780,76.11083984375
10935825,39.6728515625
11231501,85.5712890625
11231552,35.21728515625
11231568,56.2744140625
11231617,45.95947265625
11231680,34.60693359375
11234622,34.36279296875
11278039,34.60693359375
11284216,39.4287109375
11296492,36.1328125
11297012,91.73583984375
11297083,65.97900390625
11297153,34.3017578125
11326477,36.1328125
11346802,34.48486328125
11346963,37.109375
11347037,78.67431640625
11347083,42.29736328125
11347113,66.0400390625
11347164,39.85595703125
11347245,34.66796875
11374135,35.2783203125
11374222,69.2138671875
11374273,48.03466796875
11374291,44.12841796875
11374354,43.212890625
11409821,35.2783203125
11410043,76.96533203125
11410116,60.1806640625
11410153,34.48486328125
11410202,37.78076171875
11410532,45.59326171875
11410783,50.59814453125
11456931,38.9404296875
11457131,39.00146484375
11457218,67.3828125
11457279,55.0537109375
11457340,39.306640625
11457682,47.42431640625
11457834,38.4521484375
11497850,37.53662109375
11498146,70.73974609375
11498216,52.67333984375
11498414,36.43798828125
11498537,40.10009765625
11498792,34.60693359375
11498912,43.45703125
11499334,36.376953125
11499488,35.888671875
11499664,40.71044921875
