11999000,0
2023,38.26904296875
2565,43.0908203125
18695,37.7197265625
19012,36.865234375
19267,50.6591796875
19435,37.841796875
47527,48.095703125
48225,58.53271484375
48377,42.05322265625
48540,36.376953125
66600,39.85595703125
66756,37.17041015625
84023,36.92626953125
84140,44.73876953125
103748,38.6962890625
103974,40.6494140625
104240,35.400390625
104511,40.95458984375
104664,40.58837890625
104844,42.724609375
154637,43.0908203125
155082,44.189453125
155122,48.64501953125
156393,36.56005859375
860709,38.6962890625
860735,35.94970703125
860794,38.87939453125
860821,37.53662109375
860869,45.83740234375
861018,41.259765625
954308,37.59765625
954380,42.29736328125
954463,37.7197265625
954491,71.533203125
954504,47.91259765625
954574,42.54150390625
998048,45.95947265625
998100,53.955078125
998194,43.701171875
1010200,47.7294921875
1025961,36.2548828125
1026138,36.865234375
1026201,57.18994140625
1026319,45.34912109375
1026374,38.6962890625
1044038,39.61181640625
1044067,36.31591796875
1044096,35.7666015625
1044144,45.7763671875
1044271,39.306640625
1052673,35.7666015625
1053373,40.6494140625
1053790,35.82763671875
1069812,35.58349609375
1069904,48.76708984375
1069975,53.466796875
1070075,35.64453125
1085982,41.19873046875
1086212,48.27880859375
1086236,39.97802734375
1097524,40.283203125
1097612,43.0908203125
1097869,36.0107421875
1112518,40.34423828125
1112620,35.400390625
1112661,54.8095703125
1125785,39.9169921875
1125986,49.37744140625
1140403,45.2880859375
1140467,54.931640625
1140581,42.90771484375
1155360,37.53662109375
1155456,37.53662109375
1155564,62.31689453125
1155688,36.0107421875
1171021,38.330078125
1171083,41.07666015625
1189366,46.142578125
1189436,36.1328125
1189506,36.1328125
1189548,52.490234375
1189671,35.58349609375
1205468,37.353515625
1205528,36.68212890625
1205656,39.6728515625
1222630,36.865234375
1222677,39.24560546875
1222745,47.05810546875
1222879,36.9873046875
1239987,37.65869140625
1240048,56.21337890625
1252718,59.02099609375
1252783,53.3447265625
1252989,36.68212890625
1267062,50.47607421875
1267137,41.6259765625
1267283,37.29248046875
1282859,35.46142578125
1283023,70.6787109375
1283190,42.724609375
1302240,36.7431640625
1302317,35.400390625
1302415,48.2177734375
1302547,38.57421875
1318988,39.0625
1319167,44.86083984375
1336151,47.05810546875
1336270,38.0859375
1336540,36.92626953125
1354489,36.62109375
1354632,37.53662109375
1354700,45.5322265625
1354831,35.82763671875
1373477,42.3583984375
1373625,41.6259765625
1389623,37.7197265625
1390442,45.34912109375
1431095,38.818359375
1431159,39.1845703125
1431188,35.82763671875
1431206,42.8466796875
1431320,37.9638671875
1448605,39.55078125
2793284,36.43798828125
2793316,36.7431640625
2793346,56.2744140625
2793399,41.80908203125
2793448,41.19873046875
2890017,35.58349609375
2890059,43.5791015625
2890105,35.82763671875
2890122,37.04833984375
2890137,35.46142578125
2892458,37.4755859375
2899149,35.64453125
2899197,42.17529296875
2899262,35.64453125
2899907,36.31591796875
2909594,45.41015625
2909675,43.88427734375
2921014,37.29248046875
2921122,48.27880859375
2921232,35.400390625
2921246,38.63525390625
2934553,55.60302734375
2934676,37.04833984375
2935156,41.56494140625
2947989,38.26904296875
2948014,37.29248046875
2948062,46.20361328125
2948178,45.2880859375
2961871,37.109375
2962075,45.7763671875
2962192,49.74365234375
2963263,36.0107421875
2982956,36.1328125
2983087,37.90283203125
2983182,35.82763671875
2983235,55.6640625
2983339,41.748046875
2997157,35.82763671875
2997292,44.3115234375
3010176,50.59814453125
3010231,36.4990234375
3010307,40.46630859375
3024660,38.02490234375
3024724,39.9169921875
3044050,38.63525390625
3044096,37.04833984375
3044168,55.35888671875
3044194,39.4287109375
3044592,37.841796875
3044837,35.5224609375
3060467,36.19384765625
3060689,46.875
3061410,36.9873046875
3080083,36.4990234375
3080169,37.4755859375
3080205,36.92626953125
3095943,40.83251953125
3096063,46.630859375
3096192,36.1328125
3112789,35.46142578125
3112827,43.76220703125
3112852,38.75732421875
3112992,40.283203125
3130024,37.41455078125
3130090,51.025390625
3130225,42.8466796875
3130391,37.7197265625
3149639,35.400390625
3149786,41.1376953125
3149873,58.10546875
3166957,37.9638671875
3167076,35.58349609375
3167194,35.82763671875
3167891,35.5224609375
3191264,46.56982421875
3191296,35.7666015625
3191320,54.8095703125
3191675,37.353515625
3211939,48.40087890625
3211964,36.7431640625
3212017,41.6259765625
3212049,45.95947265625
3212312,36.2548828125
3247586,38.818359375
3247626,42.41943359375
3263317,35.7666015625
3263365,37.90283203125
3263414,50.29296875
3263551,41.56494140625
3263715,39.00146484375
3309288,44.189453125
3309373,39.61181640625
3309447,39.0625
3309525,40.10009765625
3309628,38.9404296875
3327802,40.71044921875
3327905,37.353515625
3327915,47.607421875
3327952,43.02978515625
3350265,59.99755859375
3350378,52.24609375
3350502,36.80419921875
3350652,37.29248046875
3367128,49.13330078125
3367201,36.865234375
3367221,52.734375
3367341,39.48974609375
3389480,36.56005859375
3389569,41.68701171875
3389597,39.24560546875
3389685,40.6494140625
3389977,36.865234375
3412492,37.04833984375
3412646,35.888671875
3412778,38.14697265625
3412819,47.119140625
3435075,42.78564453125
3435152,56.09130859375
3435297,40.46630859375
3435442,36.07177734375
3478043,51.513671875
3478088,59.02099609375
3519557,44.7998046875
3519639,47.30224609375
3519735,35.7666015625
3520459,37.2314453125
3564264,39.0625
3564312,56.09130859375
3564335,40.0390625
3564396,37.59765625
4069852,48.15673828125
4069903,49.6826171875
4069957,37.9638671875
4070032,39.4287109375
4166313,40.6494140625
4166401,39.97802734375
4166424,59.75341796875
4166489,36.9873046875
4283091,46.0205078125
4283206,47.42431640625
4283281,38.2080078125
4285126,37.841796875
4306294,42.90771484375
4306383,36.1328125
4306467,39.0625
4306506,48.03466796875
4306596,36.62109375
4307833,35.7666015625
4319160,52.67333984375
4319273,56.0302734375
4334319,35.5224609375
4334455,41.1376953125
4334535,46.2646484375
4334576,46.56982421875
4334588,39.85595703125
4334693,41.50390625
4359014,38.4521484375
4359157,41.32080078125
4359204,52.18505859375
4378429,44.12841796875
4378465,50.537109375
4378556,39.9169921875
4390716,45.83740234375
4390778,45.0439453125
4390945,40.771484375
4391015,37.841796875
4391138,37.90283203125
4402481,36.31591796875
4402548,37.59765625
4402575,44.5556640625
4402734,45.34912109375
4417516,37.2314453125
4417641,49.49951171875
4417806,37.353515625
4418022,35.7666015625
4430629,38.75732421875
4430754,49.62158203125
4431022,40.283203125
4444240,48.03466796875
4444304,36.0107421875
4444423,41.1376953125
4456502,41.1376953125
4477997,36.07177734375
4478082,35.58349609375
4478346,51.8798828125
4519887,43.8232421875
4552606,36.4990234375
4553032,42.3583984375
4553088,40.283203125
4553254,45.47119140625
4574533,49.37744140625
4574598,40.4052734375
4607082,43.15185546875
4607171,51.513671875
4607343,46.20361328125
4641718,36.31591796875
4641852,45.8984375
4642189,36.1328125
4662310,43.64013671875
4662476,44.189453125
4662519,37.353515625
4662544,57.12890625
4662571,35.7666015625
4662698,37.04833984375
4662993,40.0390625
4679878,35.400390625
4680012,41.259765625
4680274,44.37255859375
4703321,39.48974609375
4703445,53.466796875
4703608,41.80908203125
4722729,40.1611328125
4722851,52.490234375
4723050,49.31640625
4746834,37.353515625
4747354,37.9638671875
4747393,59.50927734375
4747408,35.46142578125
4747529,35.64453125
5402365,39.24560546875
5402440,53.955078125
5402497,38.0859375
5485157,37.65869140625
5485174,36.4990234375
5485265,39.306640625
5485311,58.2275390625
5485397,46.32568359375
5525374,38.75732421875
5525427,58.7158203125
5525510,41.8701171875
5553812,41.80908203125
5553843,44.86083984375
5553885,48.095703125
5553913,37.29248046875
5553979,41.68701171875
5567928,38.6962890625
5568016,42.8466796875
5568051,38.9404296875
5568107,55.17578125
5568212,50.10986328125
5585712,48.15673828125
5585732,37.29248046875
5585812,35.94970703125
5585885,41.56494140625
5608579,38.6962890625
5608607,62.07275390625
5608635,42.29736328125
5609368,35.70556640625
5609620,36.376953125
5627220,35.46142578125
5627268,35.64453125
5627497,37.29248046875
5627549,51.7578125
5627658,51.20849609375
5627880,36.1328125
5659090,37.53662109375
5659135,45.10498046875
5659367,35.400390625
5679195,38.330078125
5679368,38.6962890625
5679459,40.46630859375
5679523,51.94091796875
5679663,41.68701171875
5679802,37.109375
5680055,35.7666015625
5699485,36.80419921875
5699735,50.59814453125
5699852,41.6259765625
5700182,36.31591796875
5715937,35.58349609375
5716092,36.43798828125
5716123,44.921875
5716265,38.9404296875
5716458,36.68212890625
5743190,36.9873046875
5743363,56.7626953125
5762283,38.818359375
5762521,51.57470703125
5762658,38.57421875
5762729,42.6025390625
5779878,57.6171875
5796282,37.65869140625
5796350,57.7392578125
5796495,45.5322265625
5796954,42.8466796875
5813810,41.32080078125
5814007,49.4384765625
5846896,36.07177734375
5847150,61.4013671875
5847257,38.6962890625
5867372,36.1328125
5867740,35.64453125
5867860,37.78076171875
5868004,40.46630859375
5868181,39.55078125
5892958,45.8984375
5893120,38.4521484375
5931213,39.36767578125
5931257,42.3583984375
5931385,36.7431640625
5952554,35.64453125
5964470,42.66357421875
5964803,36.1328125
5964863,46.630859375
5964971,41.32080078125
5990267,38.26904296875
5990353,35.400390625
5990368,53.22265625
5990473,35.400390625
5990580,39.0625
6050945,38.818359375
6051295,39.61181640625
6051389,39.9169921875
6591434,43.64013671875
6591523,42.96875
6591570,67.9931640625
6744326,45.71533203125
6744362,43.76220703125
6744439,36.7431640625
6744459,38.14697265625
6833871,35.94970703125
6833936,37.78076171875
6833977,59.50927734375
6898898,37.04833984375
6898957,38.6962890625
6899006,63.1103515625
6899055,36.43798828125
6939299,40.46630859375
6939364,36.80419921875
6939386,43.5791015625
6939420,53.16162109375
6939490,36.865234375
6968436,37.109375
6968537,35.888671875
6968560,35.58349609375
6968606,41.6259765625
6968649,37.65869140625
6968672,46.9970703125
6968745,36.9873046875
6970434,36.376953125
6993547,45.654296875
6993593,47.9736328125
7021243,36.1328125
7021317,56.5185546875
7021373,50.537109375
7021455,38.6962890625
7045999,40.1611328125
7046040,71.1669921875
7046072,42.6025390625
7046136,40.95458984375
7072030,36.865234375
7072163,39.9169921875
7072292,36.2548828125
7072335,45.2880859375
7072356,38.6962890625
7072431,51.025390625
7072519,37.4755859375
7102087,39.12353515625
7102137,56.45751953125
7102148,38.63525390625
7125664,38.14697265625
7125840,44.0673828125
7125885,64.94140625
7125919,36.07177734375
7125993,36.0107421875
7127249,37.9638671875
7155308,51.6357421875
7155428,35.70556640625
7185882,37.353515625
7185948,36.31591796875
7186012,37.109375
7186128,40.771484375
7186267,35.70556640625
7219767,39.85595703125
7219949,41.748046875
7220080,40.46630859375
7256346,39.24560546875
7256527,57.12890625
7256661,39.61181640625
7299900,39.9169921875
7299955,54.26025390625
7300350,38.39111328125
7300668,38.2080078125
7855659,47.119140625
7855717,65.36865234375
7855770,39.85595703125
7855810,37.9638671875
8121953,35.94970703125
8121989,39.73388671875
8122006,37.841796875
8122058,53.1005859375
8122096,37.841796875
8122110,36.1328125
8122159,42.17529296875
8189222,45.7763671875
8189256,38.02490234375
8189325,35.888671875
8189360,39.73388671875
8210889,41.1376953125
8210926,46.38671875
8210961,36.80419921875
8211015,37.53662109375
8234978,49.9267578125
8235012,36.68212890625
8256751,39.24560546875
8256804,58.837890625
8279273,36.376953125
8279393,36.19384765625
8279544,49.86572265625
8305315,49.13330078125
8305363,36.2548828125
8305425,35.46142578125
8305456,37.41455078125
8558267,40.83251953125
8558429,37.4755859375
8559314,37.29248046875
8668615,42.29736328125
8668658,54.8095703125
8668744,37.04833984375
8669549,36.0107421875
8669840,36.62109375
8712073,36.56005859375
8712203,41.9921875
8712294,38.4521484375
8712455,38.87939453125
8713033,35.82763671875
8713256,37.41455078125
8713415,36.56005859375
9630399,38.9404296875
9630432,36.92626953125
9630489,41.32080078125
9812780,36.1328125
9812826,37.353515625
9812853,36.9873046875
9855698,40.10009765625
9855749,49.1943359375
9855797,47.8515625
9888750,41.19873046875
9888792,50.96435546875
9888841,45.7763671875
9888918,37.841796875
9919460,36.7431640625
9919544,39.24560546875
9919609,44.98291015625
9919697,47.30224609375
9951339,38.4521484375
9951388,56.15234375
9951402,39.0625
9951478,41.07666015625
9979520,41.015625
9979640,39.9169921875
9979681,43.51806640625
9979784,39.73388671875
10006549,40.283203125
10006563,50.6591796875
10006676,40.34423828125
10006923,37.353515625
10007266,38.39111328125
10007492,36.43798828125
10038264,38.14697265625
10038369,44.43359375
10067284,37.841796875
10067449,42.724609375
10067478,46.9970703125
10067593,48.583984375
10067818,37.78076171875
10102631,36.68212890625
10102829,38.63525390625
10102863,48.095703125
10102977,39.36767578125
10935869,44.49462890625
10935916,47.91259765625
10935943,51.1474609375
10936018,37.53662109375
11231557,36.1328125
11231684,49.31640625
11231746,35.64453125
11231853,36.07177734375
11234395,37.53662109375
11297167,39.6728515625
11297189,39.97802734375
11297199,52.978515625
11297279,44.5556640625
11347230,50.4150390625
11347255,43.02978515625
11347274,35.64453125
11347305,45.95947265625
11374061,36.19384765625
11374383,35.888671875
11374422,36.31591796875
11410152,38.02490234375
11410203,36.7431640625
11410226,35.5224609375
11410257,47.05810546875
11410350,46.38671875
11457292,37.04833984375
11457363,37.17041015625
11457392,51.45263671875
11498344,48.095703125
11498430,43.27392578125
