11999000,0
1469,40.22216796875
1537,34.60693359375
1607,34.72900390625
1682,33.50830078125
1814,39.85595703125
2012,37.59765625
2096,32.2265625
2261,33.69140625
2387,36.19384765625
18252,32.53173828125
18353,38.0859375
18426,31.982421875
18633,32.470703125
18806,41.015625
18853,42.236328125
18955,33.75244140625
18987,43.51806640625
30998,40.52734375
31056,35.400390625
32101,32.470703125
32679,32.77587890625
47443,48.583984375
47708,40.95458984375
47901,38.39111328125
47945,41.6259765625
51375,33.14208984375
65773,42.78564453125
65835,40.6494140625
65902,32.65380859375
66050,37.17041015625
66074,38.6962890625
66195,38.14697265625
66258,43.88427734375
66371,36.9873046875
69121,36.376953125
83067,32.470703125
83151,41.9921875
83315,31.8603515625
83561,42.96875
83707,32.958984375
83750,47.30224609375
84075,32.8369140625
103674,41.44287109375
103732,40.52734375
103961,40.4052734375
104092,39.6728515625
104242,34.3017578125
104345,34.0576171875
107594,40.22216796875
117905,32.65380859375
117947,46.2646484375
118165,33.02001953125
118486,34.7900390625
118712,33.26416015625
118984,31.92138671875
119069,37.353515625
154463,38.63525390625
154484,40.58837890625
154557,35.09521484375
154619,33.38623046875
154699,36.1328125
154760,32.04345703125
154802,38.02490234375
154921,40.6494140625
154965,34.36279296875
155016,38.2080078125
155102,32.2265625
713585,32.958984375
860569,44.3115234375
860581,35.7666015625
860703,51.08642578125
860742,32.2265625
860752,43.15185546875
860996,54.19921875
861075,46.9970703125
863141,35.2783203125
863807,32.28759765625
863932,34.48486328125
876153,39.12353515625
884924,32.2265625
886328,34.24072265625
899733,33.3251953125
901268,36.68212890625
903127,36.0107421875
906983,32.2265625
908899,33.0810546875
910893,33.447265625
926313,32.04345703125
936049,35.888671875
936304,36.31591796875
953577,36.1328125
954249,39.1845703125
954325,45.10498046875
954385,41.44287109375
954418,32.5927734375
956456,32.65380859375
962111,32.40966796875
966226,32.53173828125
970074,32.40966796875
970382,33.3251953125
976315,45.7763671875
988374,32.04345703125
992949,32.40966796875
997386,37.53662109375
997798,32.2265625
997890,33.87451171875
997925,36.0107421875
997968,33.50830078125
998002,39.12353515625
998033,36.62109375
999429,34.97314453125
1006482,43.3349609375
1009287,32.65380859375
1009370,31.79931640625
1009613,43.0908203125
1009893,32.77587890625
1009969,40.10009765625
1010196,32.28759765625
1018916,35.33935546875
1023167,33.8134765625
1025949,39.61181640625
1025978,39.85595703125
1026049,37.90283203125
1026135,40.771484375
1026598,32.958984375
1027174,31.8603515625
1032858,32.71484375
1034647,31.92138671875
1039201,44.5556640625
1040832,33.3251953125
1043050,34.85107421875
1043846,34.60693359375
1043921,45.47119140625
1043959,42.1142578125
1043984,36.4990234375
1044011,34.60693359375
1044048,40.95458984375
1044081,34.912109375
1051914,37.29248046875
1052125,34.7900390625
1052951,37.9638671875
1052987,41.19873046875
1053117,43.3349609375
1053199,32.89794921875
1053258,41.6259765625
1053392,32.71484375
1053692,32.16552734375
1060473,32.89794921875
1060601,33.75244140625
1061642,33.87451171875
1064477,43.45703125
1069303,32.71484375
1069712,32.89794921875
1069780,36.7431640625
1069796,33.3251953125
1069914,33.50830078125
1070751,33.99658203125
1071032,32.958984375
1077534,34.36279296875
1077623,38.51318359375
1078467,33.26416015625
1081148,39.24560546875
1085522,31.92138671875
1085858,40.58837890625
1086012,41.748046875
1086030,47.36328125
1086132,31.982421875
1086186,36.80419921875
1086480,36.43798828125
1092648,34.11865234375
1096705,31.92138671875
1096812,34.423828125
1096922,31.79931640625
1097032,32.04345703125
1097156,33.14208984375
1097341,40.771484375
1097365,37.29248046875
1097378,35.58349609375
1097475,34.423828125
1106880,31.982421875
1106960,33.0810546875
1111801,43.02978515625
1112313,32.1044921875
1112424,46.9970703125
1112448,32.958984375
1112488,32.958984375
1112555,40.95458984375
1120056,36.0107421875
1125300,39.55078125
1125391,35.21728515625
1125655,34.423828125
1125803,40.22216796875
1125863,44.00634765625
1125890,33.8134765625
1125900,32.16552734375
1125977,32.04345703125
1126899,33.26416015625
1134049,37.59765625
1139896,38.63525390625
1140125,41.44287109375
1140283,46.0205078125
1140353,42.6025390625
1140373,32.71484375
1140449,36.56005859375
1140527,32.1044921875
1148569,39.24560546875
1148737,33.38623046875
1148991,35.58349609375
1155081,32.40966796875
1155365,48.52294921875
1155481,36.43798828125
1155535,34.912109375
1163695,41.07666015625
1163871,33.26416015625
1170493,38.6962890625
1170642,45.0439453125
1170818,33.50830078125
1170884,37.2314453125
1170941,49.560546875
1171887,32.28759765625
1180148,32.28759765625
1180295,32.53173828125
1181014,51.69677734375
1188972,43.15185546875
1189222,36.07177734375
1189345,39.36767578125
1189372,39.6728515625
1189483,33.02001953125
1189978,34.60693359375
1190198,32.04345703125
1190427,32.89794921875
1198215,46.20361328125
1204812,41.68701171875
1204900,44.189453125
1205120,32.04345703125
1205303,36.43798828125
1205337,38.4521484375
1205399,36.9873046875
1205427,40.22216796875
1214971,38.14697265625
1215159,35.21728515625
1222039,40.71044921875
1222076,33.87451171875
1222102,35.64453125
1222344,35.58349609375
1222465,39.1845703125
1222501,53.89404296875
1231476,44.61669921875
1239335,36.80419921875
1239398,38.26904296875
1239676,50.1708984375
1239844,44.3115234375
1239945,37.04833984375
1251814,38.330078125
1251882,38.2080078125
1251961,31.8603515625
1252216,35.2783203125
1252397,38.9404296875
1252439,39.85595703125
1252470,37.9638671875
1252482,44.25048828125
1252600,39.36767578125
1252635,35.09521484375
1252723,38.39111328125
1253273,33.0810546875
1266285,39.12353515625
1266350,37.59765625
1266463,33.02001953125
1266577,33.75244140625
1266787,46.875
1266869,35.0341796875
1266922,32.2265625
1266956,33.26416015625
1266999,32.470703125
1267061,37.353515625
1282265,50.10986328125
1282326,42.8466796875
1282500,44.61669921875
1282599,33.8134765625
1282724,36.1328125
1282744,49.560546875
1282892,45.2880859375
1283000,36.7431640625
1301742,40.95458984375
1301807,34.60693359375
1301907,34.5458984375
1301945,37.04833984375
1302071,39.73388671875
1302143,34.48486328125
1302181,33.5693359375
1302210,33.0810546875
1302282,34.7900390625
1302333,41.56494140625
1302903,34.72900390625
1318089,36.56005859375
1318165,32.40966796875
1318474,34.60693359375
1318486,42.48046875
1318656,38.51318359375
1318708,36.2548828125
1318797,39.306640625
1318855,39.4287109375
1335266,39.6728515625
1335315,36.9873046875
1335349,34.423828125
1335425,33.75244140625
1335544,31.8603515625
1335569,36.31591796875
1335775,40.58837890625
1335890,34.7900390625
1335901,37.109375
1336145,36.376953125
1353872,46.20361328125
1353937,36.80419921875
1354211,39.97802734375
1354254,45.0439453125
1354379,42.90771484375
1354435,44.86083984375
1354479,36.376953125
1354650,34.48486328125
1355305,32.2265625
1372548,57.12890625
1372612,33.14208984375
1372702,36.56005859375
1372923,33.38623046875
1372985,38.75732421875
1373138,32.8369140625
1373160,43.5791015625
1373208,40.10009765625
1373254,39.61181640625
1389400,44.677734375
1389550,36.7431640625
1389689,35.94970703125
1389891,33.3251953125
1389960,42.6025390625
1390085,35.64453125
1390149,36.2548828125
1390306,46.142578125
1390395,33.50830078125
1391781,32.8369140625
1405100,36.865234375
1405248,36.80419921875
1405415,31.79931640625
1405558,34.0576171875
1406084,39.61181640625
1406511,34.36279296875
1430574,34.7900390625
1430597,32.53173828125
1430650,36.0107421875
1430737,41.8701171875
1430872,40.0390625
1430980,47.79052734375
1430997,39.73388671875
1431088,44.49462890625
1431229,38.75732421875
1448140,36.80419921875
1448219,42.05322265625
1448279,32.04345703125
1448828,34.60693359375
1448905,39.12353515625
1449170,37.109375
1449367,36.0107421875
1449377,34.5458984375
1449519,34.36279296875
1450648,32.77587890625
1465063,37.7197265625
1465602,34.7900390625
1465842,34.7900390625
1467109,36.9873046875
2291963,36.0107421875
2299476,33.14208984375
2518408,34.24072265625
2653374,34.1796875
2746072,39.24560546875
2750994,31.79931640625
2793025,37.17041015625
2793194,45.47119140625
2793229,68.90869140625
2793251,41.8701171875
2793261,38.87939453125
2793301,36.80419921875
2793424,33.26416015625
2793490,53.7109375
2793502,34.60693359375
2793570,42.54150390625
2795817,34.7900390625
2825202,33.69140625
2829882,33.02001953125
2855847,32.77587890625
2860742,39.36767578125
2862969,36.376953125
2875435,34.3017578125
2882224,32.2265625
2889816,36.2548828125
2889900,59.02099609375
2892109,37.29248046875
2898947,41.56494140625
2898992,36.4990234375
2899067,37.7197265625
2899542,32.40966796875
2899689,34.0576171875
2908684,31.982421875
2909440,75.1953125
2909545,51.3916015625
2910331,34.912109375
2920152,36.1328125
2920809,35.0341796875
2920896,35.888671875
2920944,43.27392578125
2921932,31.92138671875
2922271,31.79931640625
2934330,35.21728515625
2934429,50.23193359375
2934596,33.63037109375
2934675,37.78076171875
2934928,34.36279296875
2944147,35.21728515625
2944808,32.04345703125
2947302,32.71484375
2947812,35.94970703125
2947841,34.48486328125
2947939,39.36767578125
2947969,32.53173828125
2948445,34.11865234375
2949022,33.203125
2956156,33.87451171875
2958322,33.02001953125
2961780,33.75244140625
2961885,33.26416015625
2961904,37.2314453125
2961993,47.05810546875
2962039,34.24072265625
2962872,33.87451171875
2963030,37.9638671875
2968561,32.1044921875
2970479,35.5224609375
2974651,32.71484375
2974721,32.2265625
2975372,34.60693359375
2977573,34.85107421875
2979157,32.40966796875
2982562,39.00146484375
2982898,33.02001953125
2983047,50.6591796875
2983064,36.9873046875
2983208,36.2548828125
2983365,31.92138671875
2984573,38.02490234375
2991309,34.48486328125
2996595,33.26416015625
2997013,33.5693359375
2997104,39.9169921875
2997115,33.69140625
2997222,32.89794921875
2997412,32.470703125
2997585,32.71484375
2997822,38.02490234375
2998099,43.76220703125
3004683,36.07177734375
3006123,40.22216796875
3006155,37.41455078125
3009323,34.66796875
3009951,32.8369140625
3009983,46.5087890625
3010019,33.99658203125
3010062,37.41455078125
3017481,36.80419921875
3020425,33.203125
3023951,31.79931640625
3024047,34.36279296875
3024078,34.11865234375
3024413,35.70556640625
3024526,50.10986328125
3024575,37.04833984375
3024650,41.8701171875
3024711,33.14208984375
3025027,33.0810546875
3034657,46.20361328125
3038353,33.3251953125
3040334,32.470703125
3040730,32.3486328125
3043376,32.77587890625
3043508,44.49462890625
3043760,34.5458984375
3043779,32.470703125
3043892,36.43798828125
3043943,37.59765625
3043997,33.63037109375
3044020,33.99658203125
3044048,32.77587890625
3044137,32.2265625
3054817,34.3017578125
3060015,37.2314453125
3060249,32.8369140625
3060388,39.1845703125
3060484,50.1708984375
3060499,46.69189453125
3060569,32.53173828125
3060657,41.3818359375
3060865,34.24072265625
3061336,34.48486328125
3072625,34.97314453125
3072710,32.3486328125
3076011,42.6025390625
3079585,38.26904296875
3080000,48.88916015625
3080010,44.12841796875
3080100,43.45703125
3080113,40.283203125
3080185,31.79931640625
3080831,37.65869140625
3081051,45.41015625
3090121,32.3486328125
3092927,39.55078125
3095259,37.9638671875
3095372,36.62109375
3095697,40.83251953125
3095860,55.11474609375
3095979,37.841796875
3096075,39.306640625
3107318,39.97802734375
3107468,36.4990234375
3111993,48.583984375
3112074,33.203125
3112580,31.982421875
3112639,34.48486328125
3112681,33.38623046875
3112758,34.66796875
3112780,33.69140625
3112808,39.12353515625
3113488,37.59765625
3121507,36.7431640625
3124868,39.1845703125
3125028,33.02001953125
3129353,33.3251953125
3129369,36.7431640625
3129564,37.2314453125
3129792,32.1044921875
3129879,40.22216796875
3129946,38.39111328125
3129986,31.8603515625
3129999,34.85107421875
3130064,32.89794921875
3130076,33.02001953125
3130878,31.982421875
3143138,33.50830078125
3143481,39.36767578125
3149211,49.13330078125
3149282,35.09521484375
3149375,32.71484375
3149582,41.6259765625
3149683,43.51806640625
3149735,43.0908203125
3149771,34.24072265625
3149844,43.8232421875
3150447,31.79931640625
3166212,55.419921875
3166614,40.771484375
3166679,44.5556640625
3166725,43.15185546875
3166744,38.39111328125
3166839,37.353515625
3166892,38.818359375
3166985,33.8134765625
3167092,32.3486328125
3167338,32.2265625
3167480,35.82763671875
3176284,39.0625
3181467,46.32568359375
3181521,41.32080078125
3190700,39.61181640625
3190832,45.10498046875
3190972,32.28759765625
3190988,32.16552734375
3191028,33.5693359375
3191107,35.2783203125
3191137,44.25048828125
3191207,31.982421875
3191224,35.70556640625
3191244,33.0810546875
3191317,36.4990234375
3191727,38.14697265625
3203370,32.28759765625
3203429,36.0107421875
3211259,50.10986328125
3211326,34.1796875
3211622,42.1142578125
3211760,42.48046875
3211782,45.0439453125
3211827,32.28759765625
3224987,41.50390625
3225024,32.5927734375
3225056,38.0859375
3225233,33.75244140625
3225401,42.724609375
3225830,32.16552734375
3225853,32.1044921875
3226012,32.16552734375
3234884,42.29736328125
3234943,39.97802734375
3235057,36.376953125
3235195,35.0341796875
3235250,35.0341796875
3235384,33.14208984375
3235582,35.888671875
3236269,35.82763671875
3247030,40.4052734375
3247080,34.5458984375
3247240,31.8603515625
3247311,35.82763671875
3247423,35.94970703125
3247445,47.66845703125
3247473,44.86083984375
3247588,39.4287109375
3262569,42.3583984375
3262638,50.9033203125
3262701,35.09521484375
3262934,33.8134765625
3263109,44.677734375
3263180,37.29248046875
3263280,37.65869140625
3263291,34.66796875
3276362,42.54150390625
3276509,36.07177734375
3276678,34.7900390625
3277029,33.26416015625
3309003,46.08154296875
3309056,32.16552734375
3309144,48.33984375
3309263,36.376953125
3309338,45.41015625
3309402,38.4521484375
3309498,38.51318359375
3311998,33.99658203125
3327165,38.51318359375
3327228,42.90771484375
3327262,39.306640625
3327286,39.12353515625
3327576,36.7431640625
3327697,34.66796875
3327725,41.56494140625
3327758,34.48486328125
3327822,39.24560546875
3328926,39.0625
3338405,32.470703125
3338476,44.189453125
3338490,33.0810546875
3338608,31.92138671875
3338718,32.28759765625
3339237,33.935546875
3339602,32.28759765625
3349446,42.41943359375
3349747,36.56005859375
3349948,34.7900390625
3350039,47.607421875
3350076,35.5224609375
3350130,37.353515625
3350460,31.982421875
3350871,33.203125
3351046,34.0576171875
3366348,39.48974609375
3366408,33.26416015625
3366471,33.14208984375
3366563,33.447265625
3366826,41.56494140625
3366926,33.02001953125
3366988,38.51318359375
3367094,36.80419921875
3376780,36.4990234375
3376884,43.39599609375
3377140,40.0390625
3377291,33.3251953125
3388745,47.18017578125
3388801,40.8935546875
3389158,33.26416015625
3389300,33.75244140625
3389331,47.30224609375
3389430,41.56494140625
3389619,31.982421875
3390274,33.99658203125
3390496,34.3017578125
3390787,43.51806640625
3400981,35.400390625
3401040,40.95458984375
3401447,35.15625
3402410,36.56005859375
3411904,49.1943359375
3411966,37.04833984375
3412027,45.0439453125
3412301,32.1044921875
3412470,35.5224609375
3412558,48.15673828125
3412668,34.5458984375
3412686,40.58837890625
3413488,34.0576171875
3413771,33.75244140625
3423325,39.55078125
3423411,36.43798828125
3423548,36.07177734375
3423816,38.63525390625
3424218,37.59765625
3434114,35.46142578125
3434172,32.77587890625
3434438,32.1044921875
3434690,39.61181640625
3434819,39.00146484375
3434897,46.38671875
3434922,32.71484375
3434933,33.50830078125
3435009,40.22216796875
3435400,34.912109375
3445932,36.7431640625
3446041,50.9033203125
3446294,32.65380859375
3446594,36.4990234375
3446733,37.4755859375
3455640,36.68212890625
3455703,44.37255859375
3456387,33.0810546875
3465742,35.888671875
3465790,42.05322265625
3465856,32.40966796875
3466407,31.982421875
3476511,36.7431640625
3476604,33.50830078125
3476886,32.1044921875
3477349,34.24072265625
3477411,46.9970703125
3477610,33.0810546875
3477650,34.3017578125
3477756,39.12353515625
3477776,46.9970703125
3477882,53.64990234375
3477935,33.14208984375
3478061,34.0576171875
3494796,35.0341796875
3494853,39.794921875
3494895,33.0810546875
3494922,40.8935546875
3495012,32.16552734375
3495107,40.34423828125
3495300,32.71484375
3497169,38.26904296875
3518890,40.6494140625
3518948,36.2548828125
3519004,33.63037109375
3519298,35.82763671875
3519327,33.447265625
3519407,55.23681640625
3519431,34.7900390625
3519487,34.66796875
3519816,36.92626953125
3563547,44.677734375
3563615,35.58349609375
3563709,35.94970703125
3563786,37.7197265625
3563878,42.78564453125
3563999,46.08154296875
3564111,40.8935546875
3564223,52.79541015625
3565722,33.26416015625
4011039,33.447265625
4069730,35.888671875
4069774,52.91748046875
4069862,35.0341796875
4070212,49.8046875
4070368,56.70166015625
4070558,53.3447265625
4070729,49.9267578125
4070919,37.7197265625
4071196,52.67333984375
4071443,41.44287109375
4071836,46.7529296875
4071996,48.27880859375
4072115,44.43359375
4072254,42.66357421875
4072359,36.68212890625
4072554,34.0576171875
4166005,51.33056640625
4166085,54.3212890625
4166196,41.19873046875
4166265,44.3115234375
4166295,39.6728515625
4166351,43.5791015625
4166399,31.982421875
4166574,49.74365234375
4166638,44.86083984375
4166707,44.49462890625
4166764,32.04345703125
4166891,34.60693359375
4166970,32.77587890625
4171508,32.89794921875
4179671,34.24072265625
4182432,32.2265625
4182579,32.40966796875
4183839,34.36279296875
4184229,32.470703125
4186617,34.7900390625
4191415,32.65380859375
4192498,32.470703125
4192921,34.72900390625
4193372,33.99658203125
4195382,35.64453125
4197882,34.85107421875
4198315,37.2314453125
4198463,34.60693359375
4201340,35.15625
4205766,34.97314453125
4206909,33.50830078125
4209144,31.92138671875
4210567,31.92138671875
4213514,32.958984375
4214229,36.9873046875
4218940,37.4755859375
4220025,32.28759765625
4221460,41.50390625
4223732,36.9873046875
4225711,32.65380859375
4225815,32.28759765625
4227117,32.89794921875
4228915,32.3486328125
4230078,32.958984375
4232941,33.14208984375
4234716,33.50830078125
4236672,31.92138671875
4238633,34.11865234375
4242996,33.8134765625
4243391,33.0810546875
4244753,35.7666015625
4245766,34.1796875
4249133,33.63037109375
4249266,31.982421875
4249647,33.99658203125
4250957,34.3017578125
4251049,41.19873046875
4253272,32.65380859375
4254371,34.0576171875
4254779,33.69140625
4255273,35.70556640625
4255888,33.935546875
4256796,31.79931640625
4258368,32.53173828125
4259931,33.75244140625
4260942,32.89794921875
4261812,33.935546875
4261974,32.958984375
4265091,34.60693359375
4266148,34.60693359375
4269110,33.8134765625
4271030,32.77587890625
4273621,37.78076171875
4273664,38.02490234375
4275157,36.56005859375
4275823,32.2265625
4278895,39.85595703125
4282036,34.97314453125
4283029,36.31591796875
4283062,39.24560546875
4283075,37.53662109375
4283106,52.18505859375
4283159,34.85107421875
4291351,35.94970703125
4293124,41.56494140625
4294592,36.68212890625
4294793,33.87451171875
4296758,35.15625
4296910,32.89794921875
4297069,39.00146484375
4297152,34.0576171875
4297439,32.04345703125
4297927,34.72900390625
4299869,31.982421875
4301318,35.0341796875
4301446,53.03955078125
4302699,36.43798828125
4302845,40.22216796875
4305524,37.04833984375
4306294,32.53173828125
4306322,51.81884765625
4307766,35.64453125
4315237,31.92138671875
4315504,41.07666015625
4318308,34.0576171875
4318391,31.79931640625
4318879,37.353515625
4318966,48.03466796875
4318982,32.77587890625
4319076,33.87451171875
4320107,52.18505859375
4326268,33.203125
4328624,34.60693359375
4329265,36.376953125
4331036,35.888671875
4331254,41.015625
4331673,38.87939453125
4333801,36.07177734375
4333912,34.72900390625
4334279,34.3017578125
4334397,79.7119140625
4334445,35.21728515625
4334470,31.79931640625
4334494,38.26904296875
4334558,33.5693359375
4334641,34.5458984375
4335000,32.3486328125
4335117,32.77587890625
4335269,32.958984375
4343139,32.04345703125
4343288,36.2548828125
4343800,33.69140625
4346506,34.66796875
4347659,32.04345703125
4349336,33.14208984375
4352070,38.818359375
4352157,33.63037109375
4352184,32.8369140625
4352822,32.16552734375
4353352,33.99658203125
4355058,31.79931640625
4358486,48.40087890625
4358526,35.09521484375
4358852,36.62109375
4358991,35.94970703125
4359042,53.955078125
4359067,32.16552734375
4359151,33.5693359375
4359226,39.85595703125
4359655,36.92626953125
4359995,33.02001953125
4360371,33.5693359375
4367671,38.9404296875
4368318,35.33935546875
4368691,32.04345703125
4372992,33.38623046875
4373110,45.47119140625
4373455,34.97314453125
4377652,46.0205078125
4377851,37.109375
4378193,35.400390625
4378242,46.9970703125
4378313,42.66357421875
4378350,38.51318359375
4385848,33.447265625
4389801,34.85107421875
4389872,33.0810546875
4390404,32.28759765625
4390529,54.87060546875
4390577,43.9453125
4390656,42.41943359375
4390690,33.447265625
4390758,36.07177734375
4391065,33.8134765625
4401622,37.78076171875
4401746,36.92626953125
4401894,37.65869140625
4402244,38.0859375
4402320,49.74365234375
4402333,44.49462890625
4402378,35.09521484375
4402425,41.19873046875
4402441,40.71044921875
4402544,35.82763671875
4411260,34.97314453125
4416674,46.20361328125
4416701,35.21728515625
4417134,33.69140625
4417270,34.24072265625
4417344,37.04833984375
4417400,42.236328125
4417418,38.87939453125
4417480,56.94580078125
4417510,33.63037109375
4429879,33.5693359375
4429996,40.58837890625
4430322,38.14697265625
4430427,32.470703125
4430440,32.958984375
4430553,35.33935546875
4430577,35.5224609375
4430662,36.92626953125
4443398,45.654296875
4443505,35.21728515625
4443652,31.982421875
4443805,35.33935546875
4443845,31.982421875
4443963,43.9453125
4443985,41.1376953125
4444075,32.40966796875
4444086,33.02001953125
4455360,46.08154296875
4455490,48.27880859375
4455667,32.2265625
4455865,41.1376953125
4456055,33.63037109375
4456128,34.97314453125
4456272,33.63037109375
4456322,53.77197265625
4456412,32.65380859375
4465535,32.53173828125
4466072,37.841796875
4466260,34.423828125
4471383,39.61181640625
4471502,37.90283203125
4471882,35.5224609375
4472198,32.89794921875
4477336,45.2880859375
4477434,36.62109375
4477560,34.0576171875
4477814,37.41455078125
4477920,40.283203125
4477935,41.3818359375
4478027,40.8935546875
4478077,34.5458984375
4478128,36.92626953125
4485426,34.0576171875
4490556,43.88427734375
4490637,35.400390625
4490826,36.2548828125
4490955,32.53173828125
4491199,37.41455078125
4497523,39.12353515625
4497720,44.189453125
4498232,34.912109375
4498813,32.470703125
4499069,34.36279296875
4499461,32.3486328125
4504524,35.15625
4504617,44.0673828125
4504903,37.4755859375
4505226,34.0576171875
4505402,42.66357421875
4506016,35.70556640625
4511061,42.41943359375
4511127,53.466796875
4511606,34.66796875
4511922,34.7900390625
4512401,35.70556640625
4512910,34.66796875
4519073,43.88427734375
4519325,32.65380859375
4519497,33.75244140625
4519587,34.3017578125
4519607,34.3017578125
4519698,34.3017578125
4519763,45.7763671875
4519818,34.5458984375
4527136,35.82763671875
4527255,35.33935546875
4532035,41.68701171875
4532114,35.7666015625
4532431,34.0576171875
4538198,34.60693359375
4538686,43.64013671875
4538968,46.630859375
4539145,32.40966796875
4539326,32.28759765625
4540110,37.41455078125
4544449,35.46142578125
4544510,33.38623046875
4544587,36.56005859375
4544864,33.38623046875
4545322,36.2548828125
4545652,34.912109375
4546136,38.0859375
4552209,43.5791015625
4552257,53.77197265625
4552554,32.53173828125
4552732,36.19384765625
4552824,46.20361328125
4552895,37.78076171875
4553471,32.28759765625
4561109,36.4990234375
4565724,44.61669921875
4565789,53.03955078125
4567085,34.5458984375
4567681,31.982421875
4573413,63.41552734375
4574024,34.66796875
4574113,51.8798828125
4574139,34.36279296875
4574239,51.7578125
4575033,35.15625
4583231,47.54638671875
4583367,33.0810546875
4583493,33.5693359375
4583802,40.34423828125
4583949,38.51318359375
4584373,34.1796875
4591230,42.66357421875
4591293,37.29248046875
4591627,31.8603515625
4591978,32.1044921875
4592503,35.94970703125
4598125,46.81396484375
4598210,34.36279296875
4599235,33.38623046875
4599653,37.59765625
4606237,32.53173828125
4606285,39.12353515625
4606710,31.79931640625
4606782,37.841796875
4606833,42.96875
4606878,32.3486328125
4607026,40.8935546875
4615418,44.189453125
4615895,34.66796875
4616115,31.982421875
4616489,35.21728515625
4623011,41.015625
4623166,40.771484375
4623555,40.1611328125
4623592,33.5693359375
4623849,34.912109375
4630614,38.57421875
4630685,37.9638671875
4630753,40.71044921875
4641035,34.7900390625
4641084,33.0810546875
4641346,39.48974609375
4641472,47.79052734375
4641569,35.58349609375
4641622,38.6962890625
4641653,32.8369140625
4641869,32.16552734375
4651859,34.97314453125
4652803,44.86083984375
4653533,36.0107421875
4661548,38.2080078125
4661611,41.3818359375
4662005,43.88427734375
4662164,36.62109375
4662198,41.56494140625
4662281,37.59765625
4662291,41.015625
4662368,33.99658203125
4678726,43.64013671875
4678762,43.0908203125
4678793,38.51318359375
4678947,32.04345703125
4679068,33.5693359375
4679284,33.447265625
4679474,41.3818359375
4679552,33.3251953125
4679585,47.79052734375
4679751,34.36279296875
4692162,45.8984375
4692247,37.78076171875
4692345,32.40966796875
4692466,31.8603515625
4692658,32.28759765625
4693965,36.7431640625
4702321,32.04345703125
4702390,34.66796875
4702598,33.26416015625
4702901,36.62109375
4703071,46.08154296875
4703177,45.166015625
4704276,32.1044921875
4721713,41.3818359375
4721790,38.87939453125
4721880,36.865234375
4722251,33.935546875
4722299,41.80908203125
4722424,44.61669921875
4722439,36.80419921875
4722476,39.73388671875
4722591,37.353515625
4722875,36.0107421875
4735111,41.32080078125
4735158,50.9033203125
4735265,33.87451171875
4735532,36.62109375
4735914,42.48046875
4736560,36.2548828125
4746375,41.8701171875
4746428,33.203125
4746524,34.912109375
4746783,37.65869140625
4747008,32.16552734375
4747059,43.0908203125
4747104,39.0625
4747160,38.39111328125
4747200,42.54150390625
4747248,33.50830078125
5402265,52.24609375
5402290,43.45703125
5402358,36.2548828125
5402370,32.3486328125
5402403,37.7197265625
5402422,39.1845703125
5402536,35.33935546875
5402669,53.77197265625
5402713,42.17529296875
5402812,32.8369140625
5404257,31.79931640625
5404621,34.85107421875
5417446,33.75244140625
5418906,33.8134765625
5419741,36.19384765625
5422011,31.79931640625
5425474,38.39111328125
5426353,34.5458984375
5426496,36.62109375
5427737,35.82763671875
5429556,32.1044921875
5430542,39.12353515625
5432613,32.89794921875
5434529,33.203125
5435431,32.89794921875
5435966,32.3486328125
5437112,35.400390625
5439965,33.447265625
5441063,32.8369140625
5442103,33.14208984375
5442715,33.935546875
5443434,36.4990234375
5444115,32.470703125
5445683,31.79931640625
5446529,35.64453125
5448348,33.5693359375
5449748,34.1796875
5451771,40.34423828125
5452841,36.43798828125
5453323,34.423828125
5453692,33.203125
5454702,34.85107421875
5456512,33.02001953125
5457234,36.56005859375
5457783,32.89794921875
5458286,39.97802734375
5460075,33.63037109375
5462152,33.99658203125
5462749,33.0810546875
5463814,32.1044921875
5463952,31.982421875
5465665,34.3017578125
5465760,37.59765625
5467090,37.04833984375
5470854,41.259765625
5472546,33.8134765625
5473323,42.3583984375
5473706,32.8369140625
5477201,34.11865234375
5477881,31.982421875
5479690,37.04833984375
5479852,39.306640625
5480098,34.3017578125
5481039,37.59765625
5481814,34.72900390625
5481955,32.28759765625
5482697,37.04833984375
5484533,35.46142578125
5484612,45.7763671875
5485125,44.921875
5485163,52.06298828125
5485198,41.68701171875
5485240,40.10009765625
5487333,32.04345703125
5493330,31.79931640625
5493634,35.58349609375
5494540,34.1796875
5494824,32.1044921875
5496677,35.58349609375
5496834,34.1796875
5499959,32.71484375
5501184,32.40966796875
5501610,32.77587890625
5503817,32.04345703125
5504931,32.2265625
5505113,51.33056640625
5506477,32.16552734375
5506609,32.40966796875
5508448,43.45703125
5508540,42.96875
5509866,36.43798828125
5511314,32.53173828125
5513231,38.2080078125
5513335,34.912109375
5514755,35.2783203125
5515939,36.43798828125
5519179,36.7431640625
5519276,36.7431640625
5519761,41.19873046875
5522645,33.50830078125
5524537,33.02001953125
5524703,33.26416015625
5525208,42.1142578125
5525257,46.20361328125
5525312,44.12841796875
5525358,38.02490234375
5525373,34.423828125
5525405,35.15625
5525644,36.80419921875
5533485,31.92138671875
5534744,40.0390625
5535324,40.1611328125
5537027,40.52734375
5537173,35.33935546875
5537322,31.982421875
5540270,40.58837890625
5540564,32.1044921875
5540730,34.0576171875
5540947,31.8603515625
5544174,35.70556640625
5547826,35.82763671875
5548075,33.69140625
5549995,34.97314453125
5550072,45.0439453125
5550910,41.93115234375
5553007,41.259765625
5553145,36.68212890625
5553547,37.841796875
5553645,39.306640625
5553700,43.27392578125
5553742,41.32080078125
5553775,35.21728515625
5553814,35.0341796875
5564244,35.58349609375
5564458,32.65380859375
5567214,41.93115234375
5567274,31.79931640625
5567307,33.75244140625
5567892,43.27392578125
5567920,38.14697265625
5567992,35.0341796875
5568012,34.1796875
5568214,34.97314453125
5569071,46.0205078125
5569294,36.80419921875
5575954,31.92138671875
5579831,41.07666015625
5580024,34.36279296875
5580871,32.40966796875
5584971,35.33935546875
5585088,35.94970703125
5585227,33.203125
5585406,49.86572265625
5585532,36.07177734375
5585544,45.8984375
5585580,33.14208984375
5585615,32.5927734375
5585999,32.89794921875
5597331,45.2880859375
5597915,41.07666015625
5602576,33.02001953125
5602843,39.73388671875
5603077,39.61181640625
5604068,35.64453125
5607578,31.982421875
5607639,39.85595703125
5608238,36.4990234375
5608422,53.64990234375
5608448,47.607421875
5608469,32.89794921875
5608552,45.34912109375
5608667,32.1044921875
5609269,31.8603515625
5621293,41.19873046875
5621508,33.26416015625
5626978,39.1845703125
5627054,35.21728515625
5627315,43.8232421875
5627371,38.2080078125
5627405,37.59765625
5627490,47.607421875
5628286,36.92626953125
5628512,32.16552734375
5628727,32.958984375
5639827,32.40966796875
5643262,53.5888671875
5643933,34.97314453125
5648320,34.7900390625
5648535,42.54150390625
5649049,32.16552734375
5652909,38.75732421875
5653055,39.61181640625
5653192,34.11865234375
5653615,35.21728515625
5658524,39.85595703125
5658857,42.29736328125
5658946,36.865234375
5658964,33.14208984375
5659097,37.4755859375
5659603,33.3251953125
5659854,32.53173828125
5674427,39.24560546875
5674790,32.5927734375
5678794,43.8232421875
5678889,45.8984375
5679023,36.2548828125
5679145,33.99658203125
5679248,35.33935546875
5679271,32.04345703125
5679294,40.52734375
5679354,33.0810546875
5679421,34.24072265625
5679438,33.69140625
5680138,32.3486328125
5680370,38.2080078125
5680841,36.43798828125
5692562,40.0390625
5692814,45.10498046875
5692929,37.2314453125
5693072,32.5927734375
5693352,32.77587890625
5698996,34.912109375
5699075,35.33935546875
5699291,35.15625
5699461,32.958984375
5699541,32.28759765625
5699561,50.537109375
5699657,32.16552734375
5700207,33.14208984375
5700699,33.50830078125
5715191,34.1796875
5715313,33.935546875
5715432,40.0390625
5715543,36.80419921875
5715706,34.11865234375
5715835,54.0771484375
5715928,33.14208984375
5716015,31.92138671875
5716026,32.04345703125
5716730,33.75244140625
5716900,31.8603515625
5728893,41.8701171875
5729136,41.32080078125
5729296,36.376953125
5733415,43.0908203125
5733554,33.63037109375
5733826,39.73388671875
5737890,40.1611328125
5737968,40.46630859375
5738307,39.73388671875
5742620,51.20849609375
5742680,34.97314453125
5742838,35.09521484375
5742972,38.4521484375
5742985,33.26416015625
5743101,48.9501953125
5743114,33.203125
5743191,39.1845703125
5743210,35.21728515625
5743277,33.50830078125
5743289,35.33935546875
5756547,33.63037109375
5756751,39.306640625
5761605,55.48095703125
5761698,31.79931640625
5761819,31.8603515625
5761869,35.15625
5762110,46.08154296875
5762226,38.14697265625
5762247,35.5224609375
5762325,38.39111328125
5762337,34.423828125
5762583,43.45703125
5763017,34.912109375
5773533,46.5087890625
5778614,48.03466796875
5778879,42.90771484375
5778976,34.60693359375
5779089,33.5693359375
5779212,32.53173828125
5779322,44.73876953125
5779380,40.0390625
5779458,37.78076171875
5779512,34.72900390625
5779577,44.5556640625
5779701,48.15673828125
5795440,44.73876953125
5795508,60.4248046875
5795607,32.16552734375
5795728,47.54638671875
5795854,32.89794921875
5795956,50.6591796875
5796008,36.43798828125
5796059,34.85107421875
5796077,57.80029296875
5796098,33.3251953125
5796172,38.0859375
5796692,32.77587890625
5812664,42.6025390625
5812734,38.87939453125
5812836,40.52734375
5813094,40.10009765625
5813372,42.05322265625
5813385,36.92626953125
5813476,41.259765625
5813570,34.3017578125
5828910,40.10009765625
5829014,41.015625
5829165,44.49462890625
5829328,44.73876953125
5829475,32.470703125
5829660,36.865234375
5829927,37.29248046875
5830084,34.97314453125
5837811,42.8466796875
5837893,34.24072265625
5838087,33.50830078125
5838270,41.32080078125
5838452,35.94970703125
5846377,45.5322265625
5846441,48.03466796875
5846785,47.7294921875
5846867,34.72900390625
5846889,53.466796875
5846914,42.41943359375
5846989,37.4755859375
5847756,39.1845703125
5857814,52.1240234375
5857905,35.15625
5858111,32.53173828125
5866927,52.3681640625
5866992,31.79931640625
5867124,33.75244140625
5867351,59.38720703125
5867500,32.958984375
5867516,36.0107421875
5867606,37.78076171875
5867702,33.14208984375
5867739,32.65380859375
5867767,33.3251953125
5867856,44.921875
5867948,36.56005859375
5868143,32.40966796875
5881983,32.2265625
5882087,39.6728515625
5882175,35.33935546875
5882250,33.14208984375
5882412,42.17529296875
5882566,37.17041015625
5882724,39.85595703125
5882864,34.72900390625
5883295,34.60693359375
5891934,40.1611328125
5891986,43.02978515625
5892044,32.65380859375
5892139,37.41455078125
5892231,34.423828125
5892273,37.90283203125
5892499,38.14697265625
5892643,48.583984375
5892654,35.888671875
5892759,44.0673828125
5892790,44.12841796875
5893647,33.935546875
5908598,59.814453125
5908685,40.10009765625
5908776,36.56005859375
5909030,34.85107421875
5909469,32.8369140625
5909691,38.26904296875
5918008,58.41064453125
5918066,38.6962890625
5918446,36.56005859375
5930389,49.98779296875
5930440,36.4990234375
5930466,35.94970703125
5930604,33.8134765625
5930752,32.16552734375
5930872,32.470703125
5930960,46.20361328125
5931071,32.04345703125
5931214,34.85107421875
5944190,39.12353515625
5944263,36.43798828125
5944425,41.9921875
5944523,36.9873046875
5944843,33.02001953125
5945040,36.1328125
5952352,41.50390625
5952411,41.015625
5952579,32.65380859375
5953662,32.65380859375
5964071,40.52734375
5964121,40.71044921875
5964414,37.29248046875
5964582,41.56494140625
5964605,35.888671875
5964695,35.70556640625
5976597,38.57421875
5976660,37.59765625
5976757,31.79931640625
5976906,31.79931640625
5977034,41.68701171875
5989487,53.40576171875
5989614,41.80908203125
5989733,36.7431640625
5989891,35.7666015625
5990011,39.61181640625
5990041,31.79931640625
5990079,37.7197265625
5990174,33.8134765625
5990228,35.82763671875
6002392,34.912109375
6002473,31.8603515625
6002551,31.982421875
6002670,36.56005859375
6002801,32.5927734375
6002904,31.79931640625
6003076,40.1611328125
6013542,42.54150390625
6013613,32.2265625
6013674,32.470703125
6013859,32.8369140625
6015069,32.53173828125
6024337,38.0859375
6024388,32.2265625
6024404,32.2265625
6036555,50.29296875
6036613,38.818359375
6036666,36.0107421875
6050428,40.6494140625
6050473,47.4853515625
6050727,32.71484375
6050872,38.39111328125
6051016,37.109375
6051047,34.1796875
6051068,39.12353515625
6051141,32.16552734375
6052248,31.79931640625
6591309,35.5224609375
6591431,40.95458984375
6591451,42.1142578125
6591483,37.53662109375
6591511,34.3017578125
6591551,32.28759765625
6591586,32.958984375
6591758,43.8232421875
6591808,38.330078125
6591861,39.306640625
6592536,37.109375
6593230,34.912109375
6594116,35.94970703125
6599680,32.77587890625
6601205,33.69140625
6602560,32.2265625
6604428,36.31591796875
6605753,35.82763671875
6606388,34.60693359375
6611293,34.97314453125
6613700,35.2783203125
6616494,31.8603515625
6618315,37.7197265625
6619264,33.50830078125
6621146,36.92626953125
6623099,36.0107421875
6623704,34.48486328125
6624164,32.16552734375
6626762,37.841796875
6627782,37.04833984375
6629488,33.38623046875
6630441,35.33935546875
6630963,32.40966796875
6631340,33.38623046875
6631925,32.470703125
6633335,37.29248046875
6634545,34.5458984375
6635506,38.818359375
6637610,34.60693359375
6638264,32.5927734375
6638648,34.3017578125
6639463,35.09521484375
6640817,34.423828125
6641913,33.14208984375
6643097,44.61669921875
6643209,33.447265625
6644511,33.203125
6644724,34.5458984375
6645371,32.77587890625
6646067,35.21728515625
6647527,34.423828125
6647603,37.17041015625
6648284,32.16552734375
6649653,32.89794921875
6651846,35.15625
6653168,32.71484375
6653265,34.72900390625
6654501,31.982421875
6655434,32.65380859375
6657561,33.8134765625
6658969,37.90283203125
6660500,33.5693359375
6661064,32.1044921875
6664005,43.45703125
6665339,37.29248046875
6666427,38.0859375
6667493,34.11865234375
6667963,40.83251953125
6668981,32.8369140625
6669690,34.3017578125
6671028,40.52734375
6671886,36.9873046875
6673659,36.80419921875
6673807,36.4990234375
6674013,37.4755859375
6674138,33.203125
6675348,33.935546875
6676338,35.64453125
6677782,34.11865234375
6679052,32.77587890625
6679191,35.58349609375
6679858,38.6962890625
6680589,31.92138671875
6681161,32.28759765625
6682622,46.69189453125
6683376,34.60693359375
6683948,34.3017578125
6684574,35.15625
6686386,34.60693359375
6686511,36.56005859375
6687375,40.83251953125
6688486,35.33935546875
6688590,36.376953125
6689089,32.3486328125
6691379,32.958984375
6692385,34.1796875
6692842,34.85107421875
6693636,35.46142578125
6695793,39.12353515625
6696054,31.79931640625
6696623,32.3486328125
6697093,32.958984375
6698257,41.3818359375
6698427,32.53173828125
6698878,34.7900390625
6698994,33.3251953125
6699597,31.92138671875
6699808,33.38623046875
6700491,33.87451171875
6701604,36.376953125
6702069,39.24560546875
6702639,36.4990234375
6704441,36.07177734375
6704503,31.92138671875
6705497,38.330078125
6706508,36.07177734375
6706907,32.71484375
6708377,33.203125
6709479,37.9638671875
6709567,34.24072265625
6709613,34.36279296875
6709673,32.28759765625
6710522,35.5224609375
6710630,34.24072265625
6711176,34.0576171875
6711750,34.1796875
6711828,31.79931640625
6713326,41.3818359375
6713406,49.6826171875
6714362,33.203125
6715663,33.99658203125
6715768,31.8603515625
6716433,38.39111328125
6717050,38.14697265625
6719337,43.45703125
6719440,36.9873046875
6719746,33.26416015625
6719970,34.24072265625
6721016,36.43798828125
6721130,33.50830078125
6721757,37.841796875
6723391,36.68212890625
6723455,35.82763671875
6726059,38.26904296875
6726136,37.2314453125
6726412,42.41943359375
6726729,38.39111328125
6727660,45.7763671875
6728240,36.31591796875
6729331,36.4990234375
6729479,32.5927734375
6730208,39.00146484375
6732774,37.4755859375
6732842,48.76708984375
6734151,37.78076171875
6734577,33.935546875
6736513,34.85107421875
6737462,42.236328125
6738580,36.7431640625
6740304,36.4990234375
6740358,32.3486328125
6743578,46.56982421875
6743628,33.203125
6743851,32.77587890625
6743996,33.3251953125
6744247,35.82763671875
6744259,40.34423828125
6744383,35.33935546875
6746124,35.21728515625
6753505,32.04345703125
6758458,33.69140625
6758556,34.912109375
6758736,39.1845703125
6762484,44.3115234375
6762790,34.5458984375
6766080,38.39111328125
6766140,35.400390625
6766290,34.7900390625
6770413,32.77587890625
6770501,40.1611328125
6770589,36.43798828125
6771091,38.02490234375
6771356,41.19873046875
6773127,33.3251953125
6773229,33.50830078125
6773259,34.85107421875
6775121,46.875
6775405,35.21728515625
6775661,35.5224609375
6778979,38.02490234375
6779043,36.2548828125
6779115,33.63037109375
6781759,32.1044921875
6781888,35.09521484375
6785313,39.12353515625
6785331,33.50830078125
6785586,33.26416015625
6785693,32.04345703125
6785833,33.63037109375
6786690,36.80419921875
6789853,36.92626953125
6789922,41.259765625
6790020,33.14208984375
6790031,33.02001953125
6790643,34.3017578125
6792137,44.0673828125
6792465,33.447265625
6794547,44.98291015625
6794637,39.24560546875
6794880,35.82763671875
6797488,32.3486328125
6797654,47.42431640625
6801427,39.73388671875
6801591,34.11865234375
6801775,36.19384765625
6805167,36.1328125
6805224,38.9404296875
6805323,36.0107421875
6805887,37.53662109375
6806712,36.43798828125
6809786,33.69140625
6809846,51.513671875
6810311,35.70556640625
6813417,41.1376953125
6813490,37.9638671875
6813721,36.68212890625
6818423,36.7431640625
6820100,38.87939453125
6822425,40.34423828125
6822585,31.79931640625
6826773,39.4287109375
6826839,32.8369140625
6826931,37.29248046875
6833164,43.02978515625
6833220,32.3486328125
6833361,38.818359375
6833850,63.17138671875
6833911,35.5224609375
6833967,33.3251953125
6833994,33.26416015625
6834029,38.39111328125
6834129,43.45703125
6834223,43.5791015625
6834336,32.53173828125
6834463,33.935546875
6834724,37.41455078125
6835342,34.912109375
6842079,33.447265625
6851303,32.89794921875
6856509,34.97314453125
6856642,32.65380859375
6861846,49.01123046875
6866230,42.54150390625
6866337,41.80908203125
6868696,42.54150390625
6872900,41.6259765625
6872981,39.6728515625
6876775,32.89794921875
6876866,39.9169921875
6880510,40.58837890625
6880618,36.07177734375
6883947,42.41943359375
6884039,39.0625
6884225,37.2314453125
6887792,38.2080078125
6887862,43.0908203125
6892974,35.5224609375
6893043,40.58837890625
6893124,34.11865234375
6898363,33.5693359375
6898451,52.30712890625
6898874,68.4814453125
6898927,51.57470703125
6898962,36.62109375
6899103,41.015625
6899187,46.5087890625
6899266,35.09521484375
6899353,32.04345703125
6899491,35.46142578125
6899672,36.68212890625
6899868,33.935546875
6900321,33.87451171875
6900667,32.71484375
6900974,36.0107421875
6918248,37.353515625
6932933,38.14697265625
6938802,55.60302734375
6938895,34.60693359375
6939091,35.64453125
6939114,36.7431640625
6939282,42.6025390625
6939302,38.9404296875
6939458,38.26904296875
6939518,31.92138671875
6939545,33.5693359375
6939826,38.2080078125
6939917,37.7197265625
6940226,39.794921875
6940488,33.0810546875
6941027,32.3486328125
6948573,32.28759765625
6957741,31.79931640625
6968211,48.40087890625
6968361,45.83740234375
6968471,53.1005859375
6968526,46.56982421875
6968610,32.65380859375
6968663,33.3251953125
6968699,39.97802734375
6968784,44.98291015625
6968794,35.0341796875
6969654,34.423828125
6970085,31.982421875
6992978,41.68701171875
6993152,45.7763671875
6993412,43.212890625
6993425,43.45703125
6993466,52.55126953125
6993517,39.24560546875
6993533,42.1142578125
6993570,37.353515625
6994213,32.89794921875
6994600,33.447265625
7018832,32.8369140625
7020837,39.73388671875
7020847,32.40966796875
7020948,40.83251953125
7021082,39.9169921875
7021175,41.32080078125
7021244,50.9033203125
7021255,35.7666015625
7021284,33.3251953125
7021320,36.9873046875
7021390,38.02490234375
7034610,32.53173828125
7045312,39.85595703125
7045510,52.3681640625
7045651,39.1845703125
7045807,41.32080078125
7045877,67.7490234375
7045901,35.09521484375
7045921,41.015625
7045952,46.875
7046006,35.82763671875
7046054,37.17041015625
7047261,35.33935546875
7071684,47.2412109375
7071792,32.89794921875
7071876,44.5556640625
7071986,32.28759765625
7072084,44.00634765625
7072135,33.26416015625
7072161,41.32080078125
7072231,37.53662109375
7072245,40.83251953125
7072317,33.14208984375
7072389,33.447265625
7072775,34.72900390625
7073196,34.912109375
7073698,37.17041015625
7090979,39.00146484375
7091310,34.5458984375
7091495,43.3349609375
7091696,36.07177734375
7091830,44.7998046875
7091976,35.58349609375
7092154,38.818359375
7092282,34.11865234375
7092434,42.8466796875
7092733,35.0341796875
7101234,33.3251953125
7101492,41.015625
7101681,40.83251953125
7101768,33.02001953125
7101903,49.6826171875
7101940,31.92138671875
7101968,31.92138671875
7102002,36.43798828125
7102030,36.376953125
7102050,33.8134765625
7102144,33.447265625
7102771,31.79931640625
7103182,31.8603515625
7125260,33.8134765625
7125330,43.27392578125
7125395,38.818359375
7125686,43.51806640625
7125783,54.99267578125
7126888,38.6962890625
7138031,32.1044921875
7144925,32.2265625
7146206,40.34423828125
7146314,47.9736328125
7146419,32.53173828125
7146533,37.4755859375
7146762,34.24072265625
7146898,33.50830078125
7147288,37.4755859375
7154269,39.4287109375
7154388,40.283203125
7154646,32.8369140625
7154762,42.41943359375
7154995,32.65380859375
7155063,34.24072265625
7155079,37.41455078125
7155186,34.1796875
7155206,36.68212890625
7155291,35.15625
7155398,31.982421875
7164365,32.2265625
7168147,40.4052734375
7168278,42.1142578125
7168437,44.00634765625
7168727,40.95458984375
7175653,43.76220703125
7175720,44.12841796875
7175828,37.17041015625
7175926,33.14208984375
7176023,43.15185546875
7176199,39.306640625
7176653,37.17041015625
7185352,37.841796875
7185388,33.02001953125
7185412,34.66796875
7185746,34.423828125
7185777,38.4521484375
7185817,42.96875
7185866,31.8603515625
7185942,32.40966796875
7186009,33.935546875
7186092,33.63037109375
7187084,35.5224609375
7199550,57.55615234375
7199705,43.701171875
7199812,39.00146484375
7199909,35.70556640625
7200476,34.48486328125
7200662,35.64453125
7208500,39.0625
7208563,34.912109375
7218721,37.59765625
7218795,36.31591796875
7218943,37.4755859375
7219570,33.8134765625
7219617,35.888671875
7219713,38.330078125
7219768,33.3251953125
7219880,38.02490234375
7236334,48.64501953125
7236423,36.19384765625
7236503,33.0810546875
7236594,39.00146484375
7236957,34.66796875
7237759,35.5224609375
7237903,35.09521484375
7245897,39.0625
7245992,37.90283203125
7247830,32.28759765625
7255259,49.1943359375
7255317,36.865234375
7255372,34.48486328125
7255808,38.6962890625
7255995,33.75244140625
7256128,36.376953125
7256144,33.50830078125
7256260,33.50830078125
7256344,32.3486328125
7256499,39.1845703125
7257237,32.1044921875
7269686,32.71484375
7269825,34.423828125
7269961,40.4052734375
7270077,32.40966796875
7270309,38.818359375
7279471,53.40576171875
7279552,36.865234375
7279768,31.982421875
7280866,37.2314453125
7281209,32.5927734375
7287963,55.6640625
7288116,33.3251953125
7299055,40.1611328125
7299123,38.14697265625
7299640,32.16552734375
7299693,38.330078125
7299740,45.41015625
7299879,35.46142578125
7673927,36.4990234375
7799072,31.79931640625
7855598,42.41943359375
7855642,38.0859375
7855729,31.982421875
7855941,40.8935546875
7856019,44.37255859375
7856072,34.0576171875
7856157,43.5791015625
7856220,35.5224609375
7856392,33.99658203125
7857575,38.02490234375
7859912,34.5458984375
7861586,31.79931640625
7862167,31.8603515625
7862427,40.52734375
7862952,32.3486328125
7864149,36.62109375
7864495,37.353515625
7864631,31.982421875
7864942,32.40966796875
7870379,32.40966796875
7872109,32.77587890625
7874773,33.3251953125
7876855,32.04345703125
7877378,31.982421875
7879106,32.16552734375
7880370,33.87451171875
7882709,35.7666015625
7883094,32.71484375
7885011,34.66796875
7887539,32.77587890625
7889157,35.7666015625
7892658,34.48486328125
7892826,37.7197265625
7893081,33.99658203125
7894477,32.3486328125
7895132,34.3017578125
7896887,32.470703125
7897567,35.400390625
7899652,39.6728515625
7900436,34.24072265625
7900536,39.0625
7902985,31.92138671875
7905080,32.40966796875
7905728,36.43798828125
7906855,39.9169921875
7907799,34.7900390625
7909074,37.2314453125
7909203,35.46142578125
7909845,35.0341796875
7910964,34.60693359375
7911901,33.63037109375
7913654,33.0810546875
7914322,31.8603515625
7914407,32.89794921875
7915722,31.982421875
7916879,33.75244140625
7918099,33.38623046875
7918187,33.14208984375
7918546,32.89794921875
7920491,40.58837890625
7921226,35.46142578125
7921819,33.8134765625
7922603,32.28759765625
7924298,35.400390625
7926063,42.90771484375
7926764,38.4521484375
7929396,33.87451171875
7929471,32.89794921875
7929539,33.14208984375
7930070,31.79931640625
7931262,33.50830078125
7932279,32.3486328125
7932392,35.888671875
7933837,32.3486328125
7935644,37.29248046875
7937051,32.1044921875
7938373,35.0341796875
7939819,34.423828125
7940451,37.90283203125
7940576,34.85107421875
7941427,35.09521484375
7943077,37.04833984375
7943396,31.982421875
7943591,32.1044921875
7946131,36.0107421875
7946195,33.26416015625
7946673,38.51318359375
7949315,35.7666015625
7949383,35.70556640625
7950385,35.82763671875
7950851,33.447265625
7952330,33.99658203125
7952670,32.40966796875
7954391,36.07177734375
7954530,34.66796875
7956661,32.2265625
7957133,35.94970703125
7957623,33.99658203125
7957751,32.77587890625
7958178,32.89794921875
7959032,40.46630859375
7960374,37.59765625
7961608,34.60693359375
7963513,36.2548828125
7965068,35.94970703125
7967080,36.19384765625
7967151,35.2783203125
7968147,37.17041015625
7969912,32.1044921875
7969967,34.36279296875
7971519,34.7900390625
7971982,32.1044921875
7973670,37.17041015625
7974333,34.36279296875
7975568,39.4287109375
7975636,33.02001953125
7975763,32.04345703125
7978320,33.75244140625
7979404,40.8935546875
7979548,37.841796875
7981614,44.0673828125
7981740,36.62109375
7981966,32.71484375
7982956,39.97802734375
7983043,33.447265625
7983656,35.0341796875
7983827,32.5927734375
7985293,37.41455078125
7985357,32.89794921875
7986405,38.4521484375
7986479,33.75244140625
7988211,33.3251953125
7988276,41.44287109375
7989912,39.1845703125
7989978,34.36279296875
7990458,36.376953125
7991406,40.46630859375
7991622,38.9404296875
7993513,33.75244140625
7993584,35.46142578125
7994927,35.5224609375
7994995,32.2265625
7995059,32.04345703125
7995648,36.0107421875
7996824,33.50830078125
7996887,33.99658203125
7997816,32.77587890625
7997966,38.26904296875
7998982,38.818359375
8000891,33.02001953125
8000957,34.7900390625
8001303,37.7197265625
8003154,37.90283203125
8004893,32.89794921875
8004965,39.6728515625
8005096,35.0341796875
8006637,33.0810546875
8008635,40.83251953125
8008713,35.21728515625
8011159,36.07177734375
8011319,32.65380859375
8011453,32.1044921875
8011683,39.00146484375
8013334,34.97314453125
8013392,36.19384765625
8014250,34.3017578125
8015665,37.29248046875
8015768,32.958984375
8017136,38.87939453125
8017211,33.14208984375
8019274,33.447265625
8019356,33.02001953125
8019622,40.46630859375
8021476,37.65869140625
8021534,40.283203125
8023181,36.31591796875
8023238,32.470703125
8024906,36.7431640625
8027064,39.6728515625
8029923,38.6962890625
8030128,33.8134765625
8030337,43.8232421875
8030687,32.3486328125
8031129,31.79931640625
8032931,46.2646484375
8035495,33.87451171875
8035557,35.46142578125
8037029,37.04833984375
8038804,39.0625
8041084,44.12841796875
8041489,36.0107421875
8043087,36.1328125
8043748,33.87451171875
8045214,37.29248046875
8047895,34.3017578125
8050547,38.39111328125
8050557,32.8369140625
8051901,38.818359375
8051977,36.19384765625
8054755,37.41455078125
8054882,31.79931640625
8056755,33.203125
8056833,41.015625
8058575,37.7197265625
8060955,39.4287109375
8061004,31.79931640625
8061300,42.54150390625
8064509,35.58349609375
8064529,31.92138671875
8064562,32.77587890625
8066397,34.5458984375
8066483,32.958984375
8069900,43.8232421875
8069967,39.24560546875
8070035,43.02978515625
8072529,36.0107421875
8072593,37.53662109375
8072932,33.02001953125
8073003,33.50830078125
8075397,34.3017578125
8075469,43.88427734375
8075591,32.470703125
8075800,38.57421875
8078259,33.8134765625
8080565,33.26416015625
8080627,32.77587890625
8083287,35.2783203125
8083347,33.69140625
8083937,41.93115234375
8085912,38.63525390625
8085970,42.41943359375
8087550,39.55078125
8087615,36.376953125
8092191,39.61181640625
8092245,33.50830078125
8092358,34.60693359375
8092487,32.71484375
8092750,35.0341796875
8094006,41.93115234375
8094090,47.607421875
8097243,36.07177734375
8097545,39.12353515625
8102182,33.14208984375
8102238,38.26904296875
8102256,35.09521484375
8102527,33.935546875
8104045,34.11865234375
8105421,35.400390625
8107527,39.12353515625
8110858,38.330078125
8115313,37.841796875
8115381,52.1240234375
8120886,36.7431640625
8120952,36.1328125
8121074,36.43798828125
8121989,44.73876953125
8122019,38.4521484375
8122064,36.62109375
8122181,38.87939453125
8122257,37.4755859375
8122607,32.958984375
8150723,42.41943359375
8157457,39.6728515625
8157573,39.48974609375
8157774,38.63525390625
8162987,36.62109375
8163065,32.28759765625
8163367,40.1611328125
8163982,33.203125
8169537,37.353515625
8169609,33.935546875
8169698,36.19384765625
8169842,35.09521484375
8175713,39.306640625
8175787,36.56005859375
8175846,37.59765625
8176194,31.8603515625
8176216,32.89794921875
8176763,47.18017578125
8181600,44.73876953125
8181703,39.9169921875
8181796,32.53173828125
8181946,34.60693359375
8182741,41.07666015625
8188415,33.3251953125
8188480,35.09521484375
8188566,34.85107421875
8188707,37.59765625
8188816,32.2265625
8189166,41.6259765625
8189239,35.888671875
8189361,47.4853515625
8189426,36.0107421875
8189502,33.0810546875
8190773,33.0810546875
8191070,33.0810546875
8210009,32.1044921875
8210059,45.10498046875
8210270,35.2783203125
8210354,36.0107421875
8210515,36.43798828125
8210633,49.62158203125
8210749,33.38623046875
8210786,41.748046875
8210849,31.92138671875
8210887,42.96875
8210897,33.75244140625
8210978,38.51318359375
8212306,34.423828125
8225254,32.8369140625
8234315,45.7763671875
8234432,38.330078125
8234543,44.98291015625
8234665,36.19384765625
8234815,39.48974609375
8234858,32.3486328125
8234909,55.60302734375
8235002,39.97802734375
8235395,33.447265625
8236217,34.48486328125
8236502,41.259765625
8255950,44.677734375
8256044,33.8134765625
8256223,37.9638671875
8256319,39.12353515625
8256450,33.75244140625
8256569,44.7998046875
8256615,33.69140625
8256704,62.07275390625
8256729,48.33984375
8256796,42.29736328125
8256874,41.3818359375
8278506,40.1611328125
8278683,37.29248046875
8278884,34.97314453125
8279008,32.40966796875
8279152,39.97802734375
8279314,35.46142578125
8279337,37.53662109375
8279381,35.33935546875
8279423,31.92138671875
8279465,32.65380859375
8279476,31.982421875
8279566,33.38623046875
8280015,32.5927734375
8280136,32.3486328125
8280409,33.935546875
8280790,36.56005859375
8297056,32.40966796875
8297677,33.935546875
8298315,37.353515625
8304292,43.51806640625
8304446,38.2080078125
8304603,39.794921875
8304775,36.1328125
8304936,36.43798828125
8305077,52.490234375
8305120,42.96875
8305137,43.51806640625
8305230,36.68212890625
8305265,36.68212890625
8305358,37.2314453125
8305954,34.0576171875
8327840,37.53662109375
8328022,40.71044921875
8328206,41.9921875
8328781,34.7900390625
8334440,36.4990234375
8334560,49.74365234375
8334832,36.07177734375
8335053,36.7431640625
8335315,34.3017578125
8340895,40.4052734375
8340978,33.26416015625
8340988,32.28759765625
8341154,43.02978515625
8341309,38.39111328125
8341462,39.48974609375
8341746,33.50830078125
8342045,32.65380859375
8346985,34.7900390625
8347128,33.14208984375
8347362,42.66357421875
8352907,35.70556640625
8352993,52.79541015625
8353219,38.75732421875
8353567,34.60693359375
8353779,40.34423828125
8359261,39.4287109375
8359340,40.52734375
8359452,34.48486328125
8359562,36.0107421875
8359709,33.26416015625
8364739,37.841796875
8364852,34.60693359375
8370951,40.83251953125
8370989,31.982421875
8371197,40.46630859375
8371738,35.09521484375
8377734,42.41943359375
8377792,60.24169921875
8377879,33.99658203125
8378030,33.63037109375
8378252,37.65869140625
8384384,32.89794921875
8384495,39.55078125
8384647,38.87939453125
8384774,34.912109375
8391010,42.724609375
8391106,37.109375
8391459,34.97314453125
8396942,40.46630859375
8397029,35.2783203125
8397464,48.27880859375
8401991,43.212890625
8402069,31.8603515625
8402277,41.8701171875
8407985,35.70556640625
8408055,41.32080078125
8408146,32.53173828125
8408323,37.4755859375
8413184,46.08154296875
8419051,32.958984375
8419134,47.30224609375
8419320,41.32080078125
8420035,37.29248046875
8424772,52.734375
8424871,36.31591796875
8424975,36.62109375
8425104,32.470703125
8430525,34.7900390625
8430593,34.912109375
8430679,39.73388671875
8436834,36.43798828125
8436920,43.88427734375
8437219,38.14697265625
8437489,40.22216796875
8438086,37.90283203125
8442877,34.423828125
8442907,33.02001953125
8442942,38.14697265625
8443205,41.259765625
8450164,33.63037109375
8450229,32.77587890625
8450468,43.3349609375
8451102,38.26904296875
8456856,36.62109375
8456927,34.7900390625
8456996,34.423828125
8457217,37.53662109375
8457436,36.4990234375
8457925,33.69140625
8463405,33.935546875
8463473,32.40966796875
8463635,33.5693359375
8464136,42.3583984375
8469927,32.3486328125
8470092,32.40966796875
8470295,34.0576171875
8470781,32.5927734375
8471088,33.69140625
8476248,35.400390625
8476303,32.71484375
8476321,34.66796875
8476396,31.8603515625
8476696,39.97802734375
8476883,36.376953125
8477102,40.95458984375
8483375,48.76708984375
8483598,36.62109375
8483887,51.025390625
8484079,31.92138671875
8490499,45.22705078125
8490561,33.02001953125
8490652,38.02490234375
8490962,36.62109375
8491150,42.3583984375
8491371,34.5458984375
8491699,44.00634765625
8496196,41.56494140625
8496261,35.33935546875
8496385,36.9873046875
8502344,39.794921875
8502400,36.62109375
8502493,32.04345703125
8502617,35.58349609375
8502803,33.14208984375
8503064,39.794921875
8503496,33.935546875
8508839,36.865234375
8508902,35.2783203125
8508948,32.8369140625
8508992,33.447265625
8509092,33.69140625
8509584,42.78564453125
8509988,43.0908203125
8516210,34.1796875
8516267,37.7197265625
8516334,32.2265625
8516511,33.14208984375
8516740,32.5927734375
8517002,36.7431640625
8517216,37.2314453125
8517826,37.65869140625
8522702,35.82763671875
8522759,37.59765625
8522835,38.330078125
8522964,39.1845703125
8523268,33.0810546875
8523846,37.41455078125
8531153,33.69140625
8531209,33.69140625
8531272,35.82763671875
8531363,34.72900390625
8531745,34.60693359375
8532456,36.19384765625
8532996,34.97314453125
8538582,37.17041015625
8538646,39.73388671875
8538800,39.6728515625
8538900,38.2080078125
8539236,34.97314453125
8539412,36.7431640625
8540192,41.748046875
8546858,40.771484375
8546926,35.888671875
8547160,33.75244140625
8547448,32.40966796875
8547561,34.60693359375
8547706,32.470703125
8548339,34.24072265625
8549640,33.69140625
8549774,36.0107421875
8557673,38.9404296875
8557726,35.21728515625
8557792,33.63037109375
8558070,32.3486328125
8558099,34.24072265625
8558228,38.75732421875
8558251,44.5556640625
8558291,35.94970703125
8558343,32.1044921875
8558453,39.61181640625
8582130,38.4521484375
8582216,40.22216796875
8582308,37.353515625
8582411,34.5458984375
8582562,36.1328125
8582941,38.75732421875
8592017,40.34423828125
8592109,47.91259765625
8592183,32.2265625
8592279,40.46630859375
8592418,38.14697265625
8592563,43.5791015625
8592728,37.59765625
8592904,38.9404296875
8594418,42.29736328125
8603847,39.9169921875
8603917,36.07177734375
8604058,36.31591796875
8604176,37.353515625
8604492,54.74853515625
8604841,35.2783203125
8605028,33.8134765625
8605255,32.77587890625
8613167,35.400390625
8613232,36.9873046875
8613296,37.7197265625
8613374,31.92138671875
8613858,38.26904296875
8614013,35.64453125
8614342,37.53662109375
8614412,33.69140625
8614946,42.96875
8615433,32.3486328125
8624148,38.02490234375
8624209,34.85107421875
8624291,39.6728515625
8624686,32.04345703125
8624948,33.02001953125
8625171,46.69189453125
8625361,35.64453125
8625650,40.83251953125
8625831,31.79931640625
8626508,39.794921875
8631901,41.93115234375
8631965,34.60693359375
8632034,52.18505859375
8632128,32.2265625
8632296,37.17041015625
8632445,32.3486328125
8632739,50.048828125
8632947,34.72900390625
8633202,32.04345703125
8643050,40.771484375
8643108,34.66796875
8644160,34.11865234375
8644390,32.5927734375
8644710,40.0390625
8652974,36.2548828125
8653075,33.935546875
8653698,34.0576171875
8654073,33.203125
8654219,31.8603515625
8654343,33.69140625
8654720,34.60693359375
8667889,45.41015625
8668011,36.56005859375
8668241,33.87451171875
8668432,35.64453125
8668446,32.04345703125
8668471,40.46630859375
8668497,31.8603515625
8668556,38.87939453125
8668604,32.470703125
8690319,35.64453125
8690403,37.353515625
8690601,42.29736328125
8690864,32.1044921875
8691502,36.1328125
8711142,44.00634765625
8711197,42.29736328125
8711262,37.29248046875
8711425,36.56005859375
8711737,35.7666015625
8711962,40.58837890625
8711990,44.73876953125
8712053,45.83740234375
8712105,44.189453125
8712150,33.8134765625
8713272,32.2265625
9523679,32.65380859375
9602601,32.5927734375
9630308,36.9873046875
9630344,35.09521484375
9630355,77.5146484375
9630385,42.05322265625
9630418,45.8984375
9630609,56.640625
9630715,41.80908203125
9631720,35.888671875
9636092,32.1044921875
9637442,32.04345703125
9637898,32.958984375
9638296,34.912109375
9647244,32.40966796875
9648138,34.0576171875
9652132,31.92138671875
9666031,32.04345703125
9666912,32.53173828125
9674123,37.9638671875
9675918,36.80419921875
9688296,34.36279296875
9700883,32.3486328125
9704886,39.36767578125
9713785,33.50830078125
9717314,35.21728515625
9725556,34.11865234375
9726834,32.2265625
9727377,33.3251953125
9727819,32.2265625
9730493,32.2265625
9733007,33.87451171875
9733437,31.982421875
9734651,34.66796875
9736350,34.0576171875
9737956,32.5927734375
9739548,36.07177734375
9740840,31.79931640625
9742896,33.3251953125
9746842,32.28759765625
9748315,32.8369140625
9749319,34.912109375
9750004,32.5927734375
9750854,36.1328125
9752415,36.31591796875
9752617,35.5224609375
9753634,34.3017578125
9753776,32.28759765625
9754558,34.912109375
9756802,32.1044921875
9758112,35.64453125
9758632,35.5224609375
9760007,36.07177734375
9761524,31.92138671875
9764001,32.470703125
9764478,34.66796875
9764680,32.89794921875
9765249,35.82763671875
9768981,33.14208984375
9770670,32.470703125
9771149,37.04833984375
9771394,32.1044921875
9772995,36.43798828125
9773187,35.70556640625
9774440,32.1044921875
9774564,32.77587890625
9774674,33.3251953125
9776485,38.9404296875
9776618,32.958984375
9778239,36.19384765625
9780261,33.14208984375
9780356,32.89794921875
9781771,35.33935546875
9781973,44.37255859375
9783528,32.8369140625
9785850,33.203125
9785950,32.8369140625
9786211,31.982421875
9787419,40.283203125
9788493,34.912109375
9788617,45.83740234375
9789405,32.2265625
9791331,46.38671875
9791557,33.203125
9794014,33.26416015625
9795992,31.92138671875
9797329,32.71484375
9800434,32.89794921875
9800702,35.2783203125
9802523,37.109375
9802625,32.71484375
9803688,35.5224609375
9804832,35.09521484375
9804974,35.7666015625
9806459,34.3017578125
9806672,32.71484375
9807771,37.04833984375
9808275,33.203125
9809715,33.8134765625
9811955,33.75244140625
9812046,48.88916015625
9812667,48.15673828125
9812681,34.66796875
9812740,33.38623046875
9812797,37.841796875
9828334,34.97314453125
9834826,34.7900390625
9836923,34.0576171875
9837214,40.58837890625
9837479,36.68212890625
9840692,38.87939453125
9842313,32.53173828125
9844654,35.21728515625
9844774,38.2080078125
9844987,34.423828125
9845445,43.02978515625
9848902,36.56005859375
9849003,37.65869140625
9849072,36.92626953125
9851786,36.7431640625
9852079,37.29248046875
9854948,34.66796875
9855332,37.4755859375
9855640,48.2177734375
9855677,43.5791015625
9855743,35.2783203125
9855764,33.203125
9855939,31.8603515625
9856250,33.5693359375
9856629,33.38623046875
9857737,33.0810546875
9866467,32.04345703125
9877868,33.5693359375
9878543,32.958984375
9878769,37.41455078125
9883609,39.61181640625
9888045,42.48046875
9888146,36.31591796875
9888388,41.6259765625
9888702,42.90771484375
9888831,36.80419921875
9889382,32.1044921875
9889651,33.0810546875
9889771,37.53662109375
9912414,38.02490234375
9918851,39.55078125
9918998,38.0859375
9919146,36.43798828125
9919252,32.40966796875
9919458,72.81494140625
9919510,39.48974609375
9919548,32.77587890625
9920319,35.7666015625
9920463,34.912109375
9920979,34.85107421875
9921229,41.015625
9943091,32.53173828125
9947072,33.14208984375
9950639,48.27880859375
9950782,41.93115234375
9951198,43.76220703125
9951228,41.8701171875
9951242,49.31640625
9951308,33.447265625
9952767,36.56005859375
9952926,32.16552734375
9978821,36.56005859375
9979053,38.39111328125
9979160,53.5888671875
9979268,35.33935546875
9979486,42.48046875
9979514,37.04833984375
9979570,44.921875
9979597,32.1044921875
9979657,58.349609375
9980168,32.5927734375
9980449,33.14208984375
9980581,34.912109375
9980946,38.4521484375
10000720,31.79931640625
10005646,45.654296875
10005893,33.5693359375
10006229,33.75244140625
10006406,35.2783203125
10006461,32.3486328125
10006480,33.26416015625
10006655,37.41455078125
10007235,32.3486328125
10007610,35.7666015625
10037664,39.24560546875
10037756,33.02001953125
10037786,32.3486328125
10037879,39.306640625
10037988,35.7666015625
10038102,34.0576171875
10038185,32.89794921875
10038196,34.24072265625
10038277,55.0537109375
10038354,34.48486328125
10039167,34.3017578125
10039349,33.50830078125
10039623,34.11865234375
10066334,53.52783203125
10066415,36.43798828125
10066455,34.7900390625
10066573,36.2548828125
10066842,46.20361328125
10066954,31.92138671875
10067213,32.89794921875
10067230,32.65380859375
10067275,34.3017578125
10067345,32.89794921875
10067361,37.65869140625
10067744,32.2265625
10102041,36.68212890625
10102199,36.92626953125
10102299,37.53662109375
10102387,37.04833984375
10102517,32.3486328125
10102621,36.376953125
10102670,36.1328125
10102758,41.68701171875
10102768,39.9169921875
10102865,31.79931640625
10103074,32.28759765625
10103579,33.26416015625
10103736,34.72900390625
10104137,34.85107421875
10559122,31.8603515625
10781668,37.353515625
10935810,49.62158203125
10935836,53.28369140625
10935928,32.5927734375
10936082,33.8134765625
10936130,38.39111328125
10936178,40.95458984375
10936227,32.2265625
10938137,35.21728515625
10942191,34.912109375
10943284,38.02490234375
10943761,35.2783203125
10946585,31.982421875
10947558,32.8369140625
10948101,37.59765625
10952794,34.85107421875
10953033,33.8134765625
10953436,32.53173828125
10953945,35.94970703125
10955379,35.2783203125
10959830,32.89794921875
10962397,34.7900390625
10969223,33.447265625
10970089,33.8134765625
10972985,32.8369140625
10973407,32.04345703125
10981384,33.14208984375
10986873,34.48486328125
10988717,32.65380859375
10989309,34.7900390625
10990044,33.26416015625
10993756,32.1044921875
10996352,35.2783203125
10999421,32.470703125
11002879,33.02001953125
11006606,33.87451171875
11006742,33.38623046875
11007683,37.17041015625
11011030,32.2265625
11015144,32.71484375
11017477,32.40966796875
11018237,37.9638671875
11018737,35.58349609375
11021897,32.89794921875
11022037,35.5224609375
11023392,32.16552734375
11024389,36.0107421875
11025926,35.5224609375
11026033,35.0341796875
11028417,33.75244140625
11029486,36.2548828125
11029621,36.56005859375
11031162,33.5693359375
11032576,39.36767578125
11033995,33.63037109375
11034290,34.36279296875
11036365,35.33935546875
11037425,38.57421875
11038435,32.28759765625
11039596,36.376953125
11040534,32.77587890625
11041807,34.3017578125
11041942,43.8232421875
11043053,34.5458984375
11043174,33.14208984375
11043276,32.40966796875
11044943,32.89794921875
11044976,34.1796875
11047392,35.7666015625
11047605,31.982421875
11047802,35.33935546875
11049008,33.935546875
11049149,35.15625
11050064,31.92138671875
11051229,34.423828125
11051315,31.982421875
11052982,33.3251953125
11054343,33.203125
11056351,32.5927734375
11058319,36.43798828125
11059544,37.2314453125
11059749,33.447265625
11060998,35.400390625
11061185,33.5693359375
11062779,44.3115234375
11063833,36.376953125
11065023,33.5693359375
11066456,39.794921875
11066629,32.53173828125
11066664,37.9638671875
11067863,37.2314453125
11067977,38.4521484375
11073424,37.353515625
11073773,32.2265625
11075605,34.912109375
11075680,32.1044921875
11077512,36.62109375
11077615,32.8369140625
11077848,33.8134765625
11079441,34.85107421875
11082462,33.935546875
11084311,35.58349609375
11086792,32.65380859375
11088731,39.24560546875
11088922,34.0576171875
11089092,31.92138671875
11091301,34.66796875
11091519,32.8369140625
11091953,31.8603515625
11092282,32.71484375
11094184,36.865234375
11096201,33.02001953125
11098132,36.376953125
11098391,32.470703125
11100464,33.69140625
11102198,44.61669921875
11104587,42.8466796875
11104700,32.958984375
11108133,42.54150390625
11108200,32.04345703125
11108274,32.16552734375
11110257,35.94970703125
11110512,36.56005859375
11113019,37.65869140625
11114474,34.72900390625
11114568,40.34423828125
11114639,40.771484375
11116361,42.724609375
11118011,32.53173828125
11118120,34.36279296875
11119652,36.1328125
11119737,36.376953125
11119895,34.912109375
11121697,44.12841796875
11123529,31.79931640625
11126583,32.28759765625
11126659,38.02490234375
11126733,33.8134765625
11126901,38.4521484375
11129391,45.0439453125
11129468,33.0810546875
11129554,41.1376953125
11129896,32.1044921875
11131950,43.64013671875
11134232,32.1044921875
11134661,32.65380859375
11136615,32.89794921875
11136705,33.0810546875
11138860,34.24072265625
11139111,32.77587890625
11141233,33.63037109375
11141308,35.33935546875
11141489,35.400390625
11144226,37.109375
11144361,32.77587890625
11144977,40.8935546875
11147536,36.1328125
11147729,32.28759765625
11147869,36.4990234375
11150045,32.1044921875
11152790,40.95458984375
11153043,37.4755859375
11155505,43.64013671875
11155714,33.5693359375
11158127,36.19384765625
11158197,39.85595703125
11158363,32.04345703125
11158577,32.53173828125
11159465,36.31591796875
11162288,39.48974609375
11162735,37.29248046875
11166090,37.78076171875
11166158,33.69140625
11166268,32.470703125
11166403,31.8603515625
11166618,39.306640625
11169064,33.63037109375
11171594,32.40966796875
11171813,36.31591796875
11172041,34.11865234375
11173907,33.26416015625
11173982,42.48046875
11177476,34.97314453125
11177557,47.9736328125
11177993,37.841796875
11178219,32.65380859375
11180534,34.36279296875
11180607,31.982421875
11180782,33.69140625
11184367,32.89794921875
11184483,33.3251953125
11184572,34.72900390625
11187053,40.34423828125
11187233,32.28759765625
11190188,35.2783203125
11190255,36.19384765625
11190274,33.5693359375
11190360,36.2548828125
11192042,35.15625
11192180,36.7431640625
11194291,33.8134765625
11195624,33.0810546875
11198209,32.2265625
11198322,32.71484375
11198409,32.89794921875
11198589,35.09521484375
11202777,36.07177734375
11202870,32.89794921875
11203104,34.72900390625
11203273,33.14208984375
11205454,36.4990234375
11205523,32.3486328125
11208510,32.65380859375
11208597,33.63037109375
11208696,38.330078125
11208888,35.2783203125
11210659,32.53173828125
11212714,37.109375
11212951,39.36767578125
11215621,32.958984375
11216006,36.07177734375
11218141,33.14208984375
11218212,33.75244140625
11218372,37.04833984375
11221153,39.55078125
11221512,37.353515625
11226361,35.15625
11226430,36.4990234375
11226638,32.958984375
11230926,35.400390625
11231015,34.0576171875
11231108,37.9638671875
11231578,45.22705078125
11231598,34.912109375
11231622,32.2265625
11231648,44.86083984375
11231721,34.85107421875
11231786,35.5224609375
11233806,37.53662109375
11240453,32.40966796875
11249990,40.8935546875
11263695,33.5693359375
11263812,40.771484375
11263936,32.77587890625
11264132,33.935546875
11271109,38.9404296875
11271243,39.36767578125
11271488,37.90283203125
11271854,40.83251953125
11277274,40.771484375
11277401,37.4755859375
11277515,35.5224609375
11277609,36.865234375
11277747,32.53173828125
11277908,33.8134765625
11283984,44.0673828125
11284068,34.5458984375
11284161,35.70556640625
11284278,33.0810546875
11284540,32.53173828125
11285501,32.77587890625
11290040,36.43798828125
11290157,34.85107421875
11290291,35.94970703125
11290935,41.44287109375
11291151,35.09521484375
11296290,34.48486328125
11296329,36.43798828125
11296351,35.58349609375
11296424,39.12353515625
11296769,39.48974609375
11296946,35.400390625
11297065,42.96875
11297132,42.1142578125
11298132,34.97314453125
11298846,33.99658203125
11326103,31.79931640625
11326215,43.0908203125
11326314,34.5458984375
11326493,39.12353515625
11326722,38.0859375
11326938,38.51318359375
11327142,34.85107421875
11335050,38.63525390625
11335410,37.41455078125
11335848,41.015625
11336188,32.65380859375
11340925,39.00146484375
11341058,31.982421875
11346635,42.8466796875
11346730,36.43798828125
11346862,37.2314453125
11346999,39.12353515625
11347103,36.92626953125
11347117,38.26904296875
11347159,51.025390625
11347187,34.85107421875
11370634,32.04345703125
11373540,39.6728515625
11373730,39.36767578125
11373895,44.677734375
11374010,36.4990234375
11374203,31.8603515625
11374221,36.80419921875
11374256,38.26904296875
11374311,36.4990234375
11374335,49.74365234375
11374381,46.08154296875
11374498,35.0341796875
11375265,32.16552734375
11375501,32.04345703125
11375797,36.7431640625
11375965,31.79931640625
11409492,37.353515625
11409557,41.68701171875
11409692,37.29248046875
11409868,43.27392578125
11409960,34.48486328125
11409979,33.0810546875
11410097,36.07177734375
11410114,54.87060546875
11410153,41.015625
11410198,46.9970703125
11410277,45.59326171875
11410398,36.56005859375
11424338,32.71484375
11430090,34.1796875
11456819,38.818359375
11456912,40.46630859375
11457065,35.15625
11457222,43.15185546875
11457241,46.93603515625
11457311,33.87451171875
11457355,42.3583984375
11457395,35.5224609375
11457417,40.0390625
11458301,34.5458984375
11458418,33.14208984375
11497660,31.982421875
11497792,38.63525390625
11497944,40.71044921875
11498073,39.61181640625
11498181,52.30712890625
11498199,43.45703125
11498279,33.50830078125
11498378,37.9638671875
11498416,44.37255859375
11498440,34.24072265625
11499887,40.0390625
11513606,35.21728515625
