11999000,0
22558,21.6064453125
22707,19.95849609375
23350,22.39990234375
23382,19.59228515625
23426,42.96875
23457,20.32470703125
23486,26.611328125
23504,52.30712890625
23559,25.32958984375
23581,29.47998046875
23598,28.74755859375
23623,27.34375
23673,27.4658203125
24100,24.7802734375
24199,20.20263671875
24417,26.2451171875
24702,23.92578125
28725,22.216796875
29372,21.728515625
30103,22.39990234375
30394,19.8974609375
31112,25.634765625
31307,19.53125
31847,19.775390625
32355,20.56884765625
32466,21.6064453125
33924,22.39990234375
34260,22.216796875
34369,20.93505859375
34723,20.751953125
97522,29.052734375
97541,22.15576171875
97574,29.052734375
97601,29.296875
97620,48.33984375
97661,24.4140625
97678,20.32470703125
97704,35.58349609375
97748,29.11376953125
97791,25.45166015625
97822,19.775390625
97835,25.2685546875
97895,21.91162109375
97943,19.6533203125
98154,23.62060546875
98194,20.751953125
98339,20.08056640625
98583,25.93994140625
98933,19.53125
99214,19.4091796875
99375,24.2919921875
99662,20.99609375
99684,29.60205078125
99853,20.20263671875
99883,20.20263671875
100634,21.54541015625
109360,21.3623046875
109995,20.20263671875
110249,19.6533203125
111074,23.13232421875
146651,19.6533203125
146778,23.37646484375
146822,22.03369140625
146960,19.8974609375
147720,28.01513671875
190279,22.39990234375
190638,19.6533203125
190841,41.56494140625
221204,27.16064453125
221451,19.59228515625
221776,24.23095703125
221930,23.681640625
222159,20.01953125
222323,22.216796875
253421,19.47021484375
253752,21.484375
253869,57.861328125
253888,20.751953125
254278,20.81298828125
254365,22.27783203125
254682,21.3623046875
254711,43.64013671875
254723,20.751953125
254745,22.8271484375
254770,23.01025390625
254790,56.57958984375
254810,22.39990234375
254840,34.0576171875
254881,34.66796875
254901,23.193359375
254912,20.99609375
254935,22.216796875
254992,20.08056640625
255008,23.62060546875
255040,21.3623046875
255066,25.57373046875
255085,20.263671875
255117,20.08056640625
255166,21.54541015625
255477,21.484375
255602,21.78955078125
290924,21.78955078125
290979,20.6298828125
291295,19.95849609375
291318,21.3623046875
291363,19.8974609375
291413,21.484375
291458,20.56884765625
291526,23.49853515625
291595,19.59228515625
291773,19.6533203125
291785,30.3955078125
291797,20.56884765625
291819,31.18896484375
291839,45.8984375
291874,20.99609375
291893,31.92138671875
291932,24.71923828125
291954,36.7431640625
292001,26.0009765625
292017,20.32470703125
292038,20.751953125
292082,22.88818359375
292100,19.59228515625
292201,26.79443359375
292280,20.93505859375
293101,20.81298828125
336276,50.84228515625
336321,22.8271484375
336338,21.17919921875
336368,43.0908203125
336411,23.25439453125
336523,24.71923828125
336592,21.6064453125
336603,24.0478515625
336631,38.2080078125
336659,28.076171875
336670,27.52685546875
336696,26.30615234375
336727,23.8037109375
336772,20.20263671875
336799,39.12353515625
336815,21.91162109375
336826,29.60205078125
336890,20.01953125
336908,24.59716796875
336934,22.39990234375
336971,21.3623046875
336981,19.47021484375
337000,24.2919921875
337069,26.06201171875
337187,22.4609375
337208,20.01953125
337326,20.20263671875
337468,30.33447265625
349110,33.38623046875
349124,19.83642578125
349186,21.78955078125
349203,19.775390625
349235,43.8232421875
349282,20.1416015625
349426,22.216796875
349494,34.1796875
349511,22.64404296875
349562,34.36279296875
349585,20.08056640625
349650,24.71923828125
349680,31.31103515625
349699,20.751953125
349725,23.86474609375
349755,28.50341796875
349773,23.74267578125
349812,33.935546875
349845,20.751953125
349880,23.98681640625
349913,25.69580078125
349934,21.8505859375
350027,20.81298828125
350053,19.83642578125
350089,22.8271484375
350112,24.10888671875
350147,29.96826171875
350233,19.53125
350250,26.611328125
350405,19.775390625
350455,19.53125
350727,20.6298828125
350897,20.56884765625
366770,21.78955078125
366821,21.484375
366848,24.10888671875
366879,19.53125
366907,24.2919921875
366952,31.73828125
366992,28.9306640625
367005,31.6162109375
367034,22.216796875
367070,26.85546875
367085,31.8603515625
367097,24.84130859375
367133,19.47021484375
367146,21.05712890625
367157,20.5078125
367195,21.6064453125
367223,21.484375
367246,24.84130859375
367274,29.35791015625
367318,31.6162109375
367361,25.146484375
367371,27.83203125
367415,21.1181640625
367451,20.08056640625
367488,25.5126953125
367508,21.05712890625
367537,25.32958984375
367550,19.47021484375
368027,21.17919921875
385547,20.5078125
385585,25.57373046875
385598,23.49853515625
385645,23.3154296875
385663,24.2919921875
385694,32.958984375
385736,26.2451171875
385771,32.28759765625
385804,34.85107421875
385848,35.400390625
385864,21.66748046875
385909,26.67236328125
385931,34.36279296875
385943,20.99609375
385964,22.3388671875
386001,21.05712890625
386016,60.11962890625
386036,23.37646484375
386077,19.95849609375
386096,23.8037109375
386121,21.78955078125
386144,21.78955078125
386185,24.10888671875
386204,22.27783203125
386247,19.4091796875
386258,21.8505859375
386272,26.30615234375
386320,22.88818359375
386655,20.08056640625
386847,19.53125
386859,22.88818359375
395758,22.39990234375
395815,29.47998046875
395847,21.97265625
395882,44.189453125
395921,22.94921875
395938,48.2177734375
396033,22.0947265625
396060,26.42822265625
396095,20.20263671875
396156,28.86962890625
396174,26.55029296875
396202,54.74853515625
396237,22.94921875
396295,27.7099609375
396310,64.3310546875
396343,22.03369140625
396369,21.728515625
396381,21.3623046875
396423,19.95849609375
396439,20.08056640625
396463,39.73388671875
396507,22.705078125
396570,19.47021484375
396599,19.47021484375
396637,22.94921875
396736,21.66748046875
396793,19.95849609375
396851,21.1181640625
397181,23.13232421875
426067,22.39990234375
426182,48.64501953125
426200,21.54541015625
426224,20.81298828125
426239,87.646484375
426274,22.76611328125
426302,34.11865234375
426315,42.1142578125
426340,21.42333984375
426353,39.12353515625
426373,43.701171875
426389,30.8837890625
426411,23.74267578125
426442,29.60205078125
426469,38.330078125
426502,21.240234375
426518,29.96826171875
426539,20.99609375
426557,26.2451171875
426582,23.98681640625
426592,20.93505859375
426613,44.37255859375
426652,21.484375
426718,21.484375
426745,21.97265625
426779,20.56884765625
426790,21.3623046875
426823,21.30126953125
426835,26.30615234375
427001,21.6064453125
427073,19.6533203125
427088,21.05712890625
427346,20.56884765625
427447,19.8974609375
427529,23.49853515625
428104,22.216796875
428268,21.484375
428648,20.8740234375
430836,23.37646484375
431033,28.13720703125
440076,21.97265625
440090,35.5224609375
440122,22.94921875
440148,46.20361328125
440158,41.68701171875
440203,21.6064453125
440216,29.23583984375
440234,20.20263671875
440266,25.146484375
440278,33.26416015625
440327,21.3623046875
440347,35.09521484375
440367,22.15576171875
440392,36.80419921875
440410,19.775390625
440465,19.775390625
440476,29.60205078125
440519,20.751953125
440531,26.85546875
440554,29.23583984375
440597,19.47021484375
440658,21.1181640625
440701,20.99609375
440738,22.94921875
440749,32.65380859375
440818,23.49853515625
440929,30.2734375
440951,23.92578125
441083,22.64404296875
441254,20.44677734375
441265,26.7333984375
441364,21.728515625
441547,22.705078125
441672,20.99609375
442566,35.46142578125
453584,27.34375
453598,22.03369140625
453627,25.81787109375
453654,51.7578125
453713,85.63232421875
453749,23.01025390625
453786,35.7666015625
453819,22.4609375
453848,39.24560546875
453878,22.0947265625
453913,25.08544921875
453964,20.751953125
453983,23.98681640625
454006,22.705078125
454026,28.13720703125
454059,29.4189453125
454110,21.3623046875
454135,27.52685546875
454160,23.681640625
454182,20.69091796875
454232,23.5595703125
454308,29.96826171875
454320,19.8974609375
454359,21.91162109375
454403,27.89306640625
454479,27.4658203125
454564,21.78955078125
454590,21.240234375
455248,21.42333984375
455408,20.751953125
455443,28.4423828125
455618,24.90234375
455795,28.38134765625
468329,63.53759765625
468363,19.6533203125
468375,30.33447265625
468393,52.55126953125
468425,23.92578125
468453,49.25537109375
468482,21.8505859375
468508,29.35791015625
468522,28.74755859375
468558,24.35302734375
468588,39.9169921875
468612,20.56884765625
468625,42.78564453125
468647,29.052734375
468658,31.55517578125
468681,21.91162109375
468693,19.95849609375
468708,21.05712890625
468724,28.86962890625
468742,22.27783203125
468771,21.54541015625
468794,20.6298828125
468819,28.74755859375
468871,20.69091796875
468918,21.97265625
468992,27.52685546875
469068,22.15576171875
469131,19.4091796875
469272,25.634765625
469329,25.08544921875
469948,33.447265625
470013,23.681640625
470080,21.1181640625
470271,24.0478515625
483051,56.57958984375
483070,24.7802734375
483114,50.048828125
483137,27.64892578125
483147,44.12841796875
483172,35.15625
483189,19.53125
483237,56.45751953125
483262,21.6064453125
483293,24.169921875
483331,23.86474609375
483347,25.69580078125
483371,21.3623046875
483391,22.216796875
483415,32.958984375
483449,32.71484375
483474,26.42822265625
483485,23.193359375
483498,21.728515625
483535,22.94921875
483548,22.705078125
483563,28.01513671875
483577,24.10888671875
483615,24.2919921875
483651,21.728515625
483661,24.10888671875
483738,20.263671875
483812,21.1181640625
484204,25.390625
484300,24.169921875
484454,21.05712890625
484586,19.8974609375
484677,21.54541015625
484777,25.7568359375
484970,20.5078125
485270,24.47509765625
496984,53.8330078125
497009,21.728515625
497046,42.724609375
497075,28.50341796875
497104,43.76220703125
497131,29.4189453125
497163,42.96875
497175,34.60693359375
497228,23.3154296875
497288,33.26416015625
497310,39.12353515625
497351,25.5126953125
497374,20.5078125
497428,20.99609375
497446,21.30126953125
497478,26.06201171875
497495,19.53125
497515,28.01513671875
497544,22.3388671875
497554,21.42333984375
497581,30.1513671875
497665,22.5830078125
497718,21.728515625
497763,30.517578125
497810,19.8974609375
498073,20.5078125
498156,23.4375
498407,21.66748046875
498530,22.8271484375
498735,20.3857421875
511711,57.43408203125
511765,50.1708984375
511796,33.26416015625
511816,42.1142578125
511833,28.74755859375
511880,26.79443359375
511899,26.79443359375
511944,31.6162109375
512001,31.494140625
512023,26.2451171875
512041,34.1796875
512055,20.1416015625
512073,20.32470703125
512145,23.25439453125
512176,20.81298828125
512194,28.564453125
512228,27.099609375
512239,27.2216796875
512288,20.3857421875
512312,23.86474609375
512357,25.08544921875
512483,22.27783203125
512543,22.88818359375
512627,22.5830078125
512692,20.3857421875
512769,24.4140625
512797,21.17919921875
513012,22.4609375
513169,26.4892578125
513306,29.296875
513499,31.8603515625
524148,64.453125
524173,19.83642578125
524203,50.23193359375
524240,33.50830078125
524260,40.283203125
524283,19.775390625
524320,26.123046875
524333,33.5693359375
524361,33.87451171875
524387,19.59228515625
524404,24.35302734375
524468,27.40478515625
524529,22.216796875
524558,24.169921875
524574,24.10888671875
524588,19.6533203125
524637,21.728515625
524665,27.2216796875
524707,20.08056640625
524748,19.53125
524776,21.1181640625
524962,33.75244140625
525070,22.39990234375
525178,23.86474609375
525382,22.15576171875
525573,25.45166015625
525761,33.14208984375
537253,69.091796875
537281,19.8974609375
537315,31.494140625
537327,23.49853515625
537373,49.9267578125
537386,23.25439453125
537428,37.17041015625
537441,36.19384765625
537492,19.83642578125
537512,33.14208984375
537553,20.6298828125
537580,28.25927734375
537603,21.1181640625
537616,39.1845703125
537680,22.03369140625
537701,21.05712890625
537723,19.6533203125
537815,33.14208984375
537826,19.59228515625
537924,32.40966796875
537952,40.1611328125
537985,20.20263671875
538020,28.62548828125
538072,21.728515625
538153,25.08544921875
538271,23.98681640625
551113,22.88818359375
551128,19.8974609375
551139,20.93505859375
551190,24.23095703125
551206,52.42919921875
551216,20.8740234375
551251,39.85595703125
551262,29.4189453125
551312,40.4052734375
551326,45.22705078125
551392,34.85107421875
551453,20.1416015625
551497,20.56884765625
551537,21.66748046875
551549,32.1044921875
551586,35.70556640625
551646,22.76611328125
551742,29.23583984375
551861,20.263671875
551951,33.0810546875
552086,39.4287109375
552227,33.50830078125
565353,20.81298828125
565376,20.93505859375
565405,21.240234375
565433,27.7099609375
565448,40.83251953125
565467,21.8505859375
565497,50.6591796875
565508,22.52197265625
565555,40.52734375
565572,30.6396484375
565632,23.5595703125
565664,34.85107421875
565827,22.15576171875
566042,40.1611328125
584530,26.18408203125
584547,23.49853515625
584565,29.72412109375
584602,46.875
584621,23.193359375
584661,26.0009765625
584674,29.60205078125
584727,23.92578125
584832,36.68212890625
584881,19.6533203125
584914,24.4140625
584955,24.47509765625
585022,20.69091796875
585105,20.751953125
593478,30.45654296875
593523,23.62060546875
593565,20.93505859375
593575,44.189453125
593628,44.189453125
593640,23.3154296875
593835,45.34912109375
593850,56.640625
612740,37.841796875
612756,19.95849609375
612798,47.8515625
612811,21.30126953125
612866,26.2451171875
612879,20.5078125
612979,24.7802734375
613003,20.93505859375
613025,20.20263671875
613096,32.89794921875
613192,28.9306640625
633755,19.6533203125
633774,36.56005859375
633843,20.3857421875
633917,41.259765625
633954,25.87890625
633985,24.7802734375
634035,20.08056640625
634046,21.728515625
634094,20.81298828125
634136,21.54541015625
650780,25.634765625
650805,21.54541015625
650863,21.3623046875
650930,41.9921875
650956,19.53125
651126,19.53125
651265,21.240234375
671546,21.91162109375
671563,19.6533203125
671640,21.05712890625
671676,42.54150390625
671722,20.1416015625
671764,19.95849609375
671922,21.6064453125
672005,22.52197265625
684586,20.20263671875
684780,20.81298828125
684846,23.25439453125
684862,20.1416015625
684921,20.32470703125
684935,20.6298828125
685332,20.751953125
699867,23.13232421875
699945,19.71435546875
700000,19.4091796875
700032,49.1943359375
700281,21.97265625
708313,20.263671875
715141,20.32470703125
715235,25.57373046875
715250,26.67236328125
715322,20.20263671875
715481,21.3623046875
715507,21.05712890625
726091,23.98681640625
726311,22.76611328125
726389,19.8974609375
726567,19.95849609375
736772,23.681640625
736839,20.3857421875
736992,20.44677734375
737194,20.751953125
749200,20.99609375
749653,22.76611328125
1008201,19.71435546875
1008250,21.30126953125
1008562,20.56884765625
1011479,22.216796875
1011805,19.71435546875
1012032,19.775390625
1012555,21.05712890625
1014002,20.01953125
1014171,21.484375
1014449,19.83642578125
1014983,21.3623046875
1015483,20.56884765625
1016533,19.83642578125
1017128,28.01513671875
1017286,22.88818359375
1017365,20.93505859375
1019029,20.56884765625
1019291,20.93505859375
1019534,24.10888671875
1019664,21.30126953125
1019760,19.53125
1019845,19.6533203125
1020890,19.8974609375
1022692,30.76171875
1172494,21.6064453125
1173375,62.3779296875
1437766,21.78955078125
1604880,22.15576171875
1604918,23.5595703125
1605063,20.81298828125
1605312,32.40966796875
1605356,20.3857421875
1605375,23.49853515625
1605400,66.46728515625
1605437,28.13720703125
1605468,24.23095703125
1605486,36.2548828125
1605535,26.611328125
1605552,45.83740234375
1605582,20.1416015625
1605603,21.91162109375
1605631,20.56884765625
1605645,20.01953125
1605752,25.69580078125
1607087,20.08056640625
1618527,20.93505859375
1618571,20.56884765625
1618617,20.1416015625
1618628,22.52197265625
1618667,20.6298828125
1618678,21.91162109375
1618689,27.34375
1618720,20.1416015625
1618745,34.72900390625
1618763,39.48974609375
1618781,23.25439453125
1618805,34.36279296875
1618824,19.8974609375
1618851,20.81298828125
1618873,36.80419921875
1618910,27.28271484375
1618947,20.08056640625
1618960,27.7099609375
1618980,27.4658203125
1619034,30.029296875
1619077,21.78955078125
1619286,19.59228515625
1619436,22.0947265625
1619753,21.66748046875
1619960,22.216796875
1620872,20.1416015625
1622331,21.54541015625
1788131,28.4423828125
1788164,20.6298828125
1788195,24.10888671875
1788215,29.11376953125
1788235,27.83203125
1788257,22.27783203125
1788278,22.5830078125
1788291,21.05712890625
1788310,24.658203125
1788333,28.38134765625
1788360,28.3203125
1788380,21.05712890625
1788408,40.95458984375
1788441,21.484375
1788455,20.1416015625
1788475,20.20263671875
1788490,25.0244140625
1788551,43.51806640625
1788605,25.69580078125
1788859,20.81298828125
1804706,22.03369140625
1804723,29.35791015625
1804778,36.92626953125
1804805,25.0244140625
1804836,24.2919921875
1804859,19.53125
1804881,29.78515625
1804914,46.93603515625
1804943,19.71435546875
1805006,20.44677734375
1805027,34.0576171875
1805090,22.0947265625
1805109,20.69091796875
1805136,26.3671875
1805209,21.54541015625
1805248,21.42333984375
1805416,22.705078125
1805558,26.30615234375
1805821,21.484375
1806041,20.20263671875
1806188,20.56884765625
1806320,24.2919921875
1806372,19.59228515625
1806611,32.89794921875
1806805,19.71435546875
1985885,55.11474609375
1985936,60.302734375
1986010,22.94921875
1986771,20.08056640625
1986950,24.71923828125
1986983,27.2216796875
1987006,46.69189453125
1987016,31.005859375
1987038,22.52197265625
1987067,20.3857421875
1987088,27.03857421875
1987104,24.5361328125
1987121,34.48486328125
1987144,25.7568359375
1987203,34.11865234375
1987235,20.3857421875
1987260,19.47021484375
1987318,20.8740234375
1987348,22.216796875
1987361,24.4140625
1987499,22.705078125
1987512,20.32470703125
1987627,20.93505859375
1987663,19.53125
1987734,20.6298828125
1987832,19.47021484375
1988064,20.08056640625
2040748,21.66748046875
2040772,20.93505859375
2040797,21.1181640625
2040818,25.390625
2040843,23.8037109375
2040872,30.6396484375
2040903,21.17919921875
2040930,52.18505859375
2040969,28.62548828125
2040993,20.81298828125
2041035,44.7998046875
2041093,30.33447265625
2041109,23.37646484375
2041158,21.1181640625
2041192,22.94921875
2041225,28.25927734375
2041291,19.95849609375
2041403,20.69091796875
2041420,25.2685546875
2041675,19.53125
2041738,27.16064453125
2041831,21.66748046875
2042280,19.4091796875
2203719,20.99609375
2354769,21.66748046875
2356071,30.45654296875
2356117,20.751953125
2356229,23.3154296875
2357035,19.4091796875
2357529,20.263671875
2358096,22.5830078125
2358236,19.59228515625
2408241,19.59228515625
2408318,20.6298828125
2408357,21.66748046875
2408402,27.89306640625
2408434,57.55615234375
2408465,26.3671875
2408480,20.99609375
2408504,32.65380859375
2408528,21.54541015625
2408551,25.57373046875
2408564,24.0478515625
2408592,22.3388671875
2408606,34.66796875
2408652,20.56884765625
2408668,25.5126953125
2408692,22.4609375
2408721,23.3154296875
2408733,25.20751953125
2408755,42.96875
2408849,21.1181640625
2409084,20.263671875
2568864,20.99609375
2569734,20.3857421875
2570063,50.47607421875
2570292,21.91162109375
2570430,20.751953125
2570447,21.6064453125
2570716,19.59228515625
2570836,23.01025390625
2570995,20.08056640625
2571037,21.97265625
2571380,19.95849609375
2691506,20.3857421875
2826392,21.3623046875
2826563,19.95849609375
2826897,19.8974609375
2827251,21.30126953125
2827390,20.44677734375
2827536,37.109375
2829256,20.1416015625
2873819,20.8740234375
2885024,21.3623046875
2885075,24.71923828125
2979395,20.44677734375
2980591,20.01953125
2984273,20.8740234375
2984475,19.53125
2986369,21.240234375
2986714,21.78955078125
2987413,23.0712890625
2987470,22.705078125
2988584,20.6298828125
2988608,21.54541015625
2988637,19.775390625
2988682,49.4384765625
2988692,23.37646484375
2988716,20.56884765625
2988736,33.447265625
2988783,19.83642578125
2988810,22.216796875
2988821,44.43359375
2988849,21.91162109375
2988883,24.90234375
2988919,19.71435546875
2988981,38.75732421875
2989038,23.86474609375
2989164,25.146484375
2989250,19.4091796875
2989286,19.83642578125
2989326,19.47021484375
2989351,20.56884765625
2989391,24.35302734375
2989475,21.91162109375
2989942,19.775390625
2990382,21.05712890625
2990603,19.71435546875
2991236,19.4091796875
2991377,21.3623046875
3004264,21.30126953125
3004282,21.240234375
3004300,24.71923828125
3004318,23.13232421875
3004330,20.5078125
3004363,27.7099609375
3004386,24.169921875
3004408,24.90234375
3004425,20.08056640625
3004449,26.4892578125
3004464,37.17041015625
3004487,20.751953125
3004523,23.8037109375
3004542,21.54541015625
3004565,32.28759765625
3004631,25.7568359375
3004668,26.30615234375
3004686,23.98681640625
3004744,30.517578125
3004767,28.86962890625
3004794,25.57373046875
3004839,25.57373046875
3004881,29.84619140625
3004992,23.74267578125
3005102,21.3623046875
3005776,20.1416015625
3005845,26.3671875
3005905,23.13232421875
3005971,28.076171875
3006136,31.1279296875
3006158,20.01953125
3006295,39.4287109375
3006404,23.4375
3006523,67.3828125
3006667,66.162109375
3006747,21.78955078125
3006817,40.8935546875
3006917,43.76220703125
3006984,38.14697265625
3007062,26.123046875
3007131,21.3623046875
3007205,23.13232421875
3007276,22.3388671875
3007684,21.728515625
3007963,23.01025390625
3008954,19.59228515625
3009645,20.08056640625
3061296,20.69091796875
3061328,19.71435546875
3061366,21.66748046875
3061405,26.18408203125
3061425,30.21240234375
3061467,27.2216796875
3061498,65.7958984375
3061522,21.484375
3061544,22.64404296875
3061567,64.0869140625
3061587,55.96923828125
3061628,22.76611328125
3061647,47.4853515625
3061682,23.4375
3061695,25.32958984375
3061731,19.71435546875
3061744,41.015625
3061782,31.1279296875
3061795,24.4140625
3061815,30.2734375
3061842,23.25439453125
3061873,30.029296875
3061904,21.66748046875
3061933,19.6533203125
3061944,22.03369140625
3061962,20.6298828125
3062000,34.3017578125
3062058,26.18408203125
3062070,23.49853515625
3062109,20.01953125
3062172,19.6533203125
3062253,21.66748046875
3062299,19.83642578125
3062340,19.83642578125
3062358,22.216796875
3062406,24.7802734375
3062426,24.47509765625
3062442,20.8740234375
3062601,20.8740234375
3062634,21.1181640625
3062804,28.13720703125
3062915,24.7802734375
3063121,22.4609375
3063427,26.79443359375
3063543,23.37646484375
3063884,19.4091796875
3063903,20.5078125
3064000,24.47509765625
3064116,19.53125
3064201,22.03369140625
3065281,22.88818359375
3065488,20.263671875
3065739,39.0625
3065942,27.52685546875
3066979,21.484375
3067392,19.59228515625
3067507,19.59228515625
3099519,63.78173828125
3099539,31.25
3099563,47.05810546875
3099582,68.05419921875
3099602,46.93603515625
3099624,21.42333984375
3099640,26.3671875
3099668,19.95849609375
3099687,53.52783203125
3099698,20.99609375
3099730,24.658203125
3099743,33.38623046875
3099765,23.01025390625
3099778,43.88427734375
3099811,22.5830078125
3099832,24.23095703125
3099844,33.0810546875
3099870,25.634765625
3099900,33.69140625
3099912,20.8740234375
3099925,21.30126953125
3099940,36.1328125
3099973,26.18408203125
3099998,34.11865234375
3100015,21.54541015625
3100061,20.32470703125
3100111,23.681640625
3100147,21.30126953125
3100273,20.01953125
3100473,20.3857421875
3100555,20.20263671875
3100591,20.56884765625
3100624,21.6064453125
3100658,20.5078125
3100722,20.01953125
3100828,20.5078125
3100869,30.94482421875
3100922,29.78515625
3100996,21.97265625
3101060,21.240234375
3101104,25.7568359375
3101139,30.3955078125
3101187,19.775390625
3101424,24.59716796875
3101496,22.8271484375
3101544,20.1416015625
3101811,23.86474609375
3101913,20.20263671875
3102041,22.8271484375
3102211,20.81298828125
3102460,23.8037109375
3102493,20.32470703125
3102655,21.1181640625
3102730,27.099609375
3103158,21.240234375
3144903,32.8369140625
3144929,22.39990234375
3144961,23.98681640625
3144993,30.6396484375
3145014,31.1279296875
3145064,67.7490234375
3145077,31.31103515625
3145115,31.1279296875
3145144,33.50830078125
3145172,30.45654296875
3145190,81.72607421875
3145213,31.1279296875
3145235,22.27783203125
3145271,26.18408203125
3145283,22.705078125
3145294,21.05712890625
3145314,20.5078125
3145327,27.03857421875
3145343,28.13720703125
3145358,24.47509765625
3145376,27.7099609375
3145411,26.55029296875
3145430,43.5791015625
3145444,21.54541015625
3145525,22.8271484375
3145552,20.93505859375
3145590,26.18408203125
3145629,24.0478515625
3145683,27.89306640625
3145714,19.59228515625
3145727,24.0478515625
3145767,21.42333984375
3145855,27.28271484375
3145920,27.77099609375
3145941,30.09033203125
3146030,29.6630859375
3146068,20.5078125
3146126,22.64404296875
3146142,24.169921875
3146243,26.55029296875
3146348,29.96826171875
3146383,22.4609375
3146468,27.2216796875
3146660,30.21240234375
3146824,29.296875
3146869,21.3623046875
3146935,23.13232421875
3146985,19.6533203125
3147170,25.81787109375
3147355,32.04345703125
3147516,24.658203125
3147570,19.53125
3147760,24.90234375
3147955,19.71435546875
3147981,31.55517578125
3148155,33.63037109375
3148311,23.49853515625
3148581,20.6298828125
3148897,20.1416015625
3156287,21.3623046875
3156301,52.001953125
3156332,23.681640625
3156358,64.5751953125
3156385,20.08056640625
3156413,42.29736328125
3156430,24.71923828125
3156452,27.52685546875
3156465,25.87890625
3156489,39.97802734375
3156523,30.09033203125
3156549,24.35302734375
3156559,21.6064453125
3156586,33.447265625
3156626,24.90234375
3156646,24.4140625
3156664,27.7099609375
3156703,27.40478515625
3156718,20.20263671875
3156735,21.54541015625
3156775,20.263671875
3156803,19.47021484375
3156836,26.4892578125
3156887,24.90234375
3156914,19.6533203125
3156943,27.52685546875
3156984,20.8740234375
3157064,19.83642578125
3157139,22.03369140625
3157176,24.35302734375
3157203,19.775390625
3157216,22.0947265625
3157277,19.4091796875
3157384,21.484375
3157550,20.08056640625
3157684,22.88818359375
3157759,26.85546875
3157857,21.30126953125
3158182,23.86474609375
3158335,28.9306640625
3158586,23.49853515625
3167351,30.8837890625
3167400,22.64404296875
3167413,26.0009765625
3167444,56.82373046875
3167464,19.59228515625
3167477,19.53125
3167508,48.33984375
3167530,19.71435546875
3167540,36.19384765625
3167573,34.60693359375
3167589,21.05712890625
3167604,22.52197265625
3167634,29.23583984375
3167670,24.658203125
3167702,28.62548828125
3167718,19.71435546875
3167728,27.34375
3167751,22.5830078125
3167776,31.73828125
3167808,29.84619140625
3167839,20.8740234375
3167854,23.92578125
3167889,27.2216796875
3167899,20.3857421875
3167930,25.45166015625
3167951,27.099609375
3167966,22.8271484375
3168026,24.2919921875
3168068,19.6533203125
3168106,20.01953125
3168124,21.17919921875
3168189,22.39990234375
3168206,20.08056640625
3168216,19.83642578125
3168227,20.08056640625
3168292,20.3857421875
3168365,25.69580078125
3169163,21.42333984375
3180370,20.08056640625
3180428,19.8974609375
3180440,48.33984375
3180475,24.2919921875
3180502,52.55126953125
3180537,43.27392578125
3180559,56.57958984375
3180591,29.35791015625
3180620,60.4248046875
3180645,30.2734375
3180657,27.40478515625
3180676,27.4658203125
3180690,23.98681640625
3180726,34.1796875
3180737,32.65380859375
3180755,23.13232421875
3180798,23.0712890625
3180826,28.80859375
3180844,25.57373046875
3180863,24.23095703125
3180889,32.65380859375
3180928,20.99609375
3180949,34.85107421875
3180983,20.01953125
3181039,23.62060546875
3181069,25.57373046875
3181129,37.2314453125
3181178,22.4609375
3181233,20.3857421875
3181275,20.751953125
3181336,19.59228515625
3181449,25.20751953125
3181537,21.05712890625
3181660,19.71435546875
3181702,22.4609375
3181800,20.56884765625
3181980,23.74267578125
3193352,69.4580078125
3193364,21.8505859375
3193406,45.34912109375
3193432,51.025390625
3193455,46.69189453125
3193496,25.81787109375
3193521,24.0478515625
3193547,24.35302734375
3193580,30.6396484375
3193590,22.64404296875
3193611,22.0947265625
3193646,52.24609375
3193685,23.13232421875
3193701,20.3857421875
3193718,29.60205078125
3193775,27.587890625
3193793,37.17041015625
3193821,33.447265625
3193854,23.13232421875
3193871,22.15576171875
3193885,20.93505859375
3193898,23.98681640625
3193940,28.50341796875
3193976,26.06201171875
3194016,27.28271484375
3194027,25.634765625
3194071,36.0107421875
3194090,19.775390625
3194137,26.06201171875
3194174,21.6064453125
3194189,22.4609375
3194319,25.0244140625
3194360,20.56884765625
3195075,22.3388671875
3202158,20.263671875
3202205,60.05859375
3202232,29.9072265625
3202251,24.71923828125
3202282,50.47607421875
3202303,42.29736328125
3202332,23.74267578125
3202355,43.27392578125
3202375,21.484375
3202423,19.4091796875
3202436,37.65869140625
3202468,37.841796875
3202500,19.53125
3202531,36.56005859375
3202560,22.88818359375
3202608,21.42333984375
3202630,37.41455078125
3202649,22.52197265625
3202690,29.60205078125
3202701,23.8037109375
3202730,26.123046875
3202758,26.42822265625
3202900,36.56005859375
3202933,28.076171875
3202953,35.2783203125
3203020,30.6396484375
3203230,25.7568359375
3211735,25.57373046875
3211768,53.7109375
3211791,28.50341796875
3211818,20.32470703125
3211844,55.11474609375
3211854,19.8974609375
3211875,50.35400390625
3211903,46.5087890625
3211914,33.3251953125
3211968,25.32958984375
3211984,36.19384765625
3212007,29.6630859375
3212038,38.26904296875
3212060,37.353515625
3212102,21.42333984375
3212135,39.85595703125
3212164,27.2216796875
3212201,24.23095703125
3212289,48.03466796875
3212334,22.705078125
3212371,32.53173828125
3212397,44.49462890625
3212492,22.27783203125
3212566,21.1181640625
3212683,22.64404296875
3223315,29.35791015625
3223334,22.52197265625
3223365,27.7099609375
3223378,40.10009765625
3223402,31.6162109375
3223413,22.88818359375
3223435,56.57958984375
3223457,21.30126953125
3223484,32.53173828125
3223495,30.09033203125
3223526,23.62060546875
3223549,34.5458984375
3223569,46.69189453125
3223591,20.6298828125
3223610,25.146484375
3223620,26.55029296875
3223643,39.9169921875
3223673,24.2919921875
3223693,28.86962890625
3223717,21.78955078125
3223793,20.69091796875
3223835,19.53125
3223855,26.2451171875
3223873,20.99609375
3223918,22.27783203125
3223986,28.01513671875
3224009,19.775390625
3224078,26.611328125
3224192,23.62060546875
3224349,20.3857421875
3233327,24.658203125
3233356,21.91162109375
3233419,56.7626953125
3233451,29.23583984375
3233473,37.7197265625
3233494,20.81298828125
3233514,23.3154296875
3233576,58.837890625
3233586,24.59716796875
3233626,19.8974609375
3233655,27.28271484375
3233666,37.53662109375
3233730,20.44677734375
3233761,23.0712890625
3233865,22.15576171875
3233894,21.8505859375
3233931,26.7333984375
3234096,23.01025390625
3245643,24.2919921875
3245671,21.3623046875
3245686,58.04443359375
3245701,20.20263671875
3245734,20.6298828125
3245748,53.16162109375
3245759,42.3583984375
3245783,19.8974609375
3245807,21.1181640625
3245828,19.59228515625
3245839,24.47509765625
3245868,20.56884765625
3245897,24.23095703125
3245936,21.728515625
3245964,24.59716796875
3245998,20.5078125
3246034,20.32470703125
3246132,19.6533203125
3246149,23.4375
3246172,19.47021484375
3246264,23.5595703125
3258537,19.6533203125
3258625,67.81005859375
3258656,20.20263671875
3258675,45.10498046875
3258728,28.3203125
3258750,19.83642578125
3258805,19.6533203125
3258856,20.5078125
3258881,37.7197265625
3258897,63.3544921875
3258947,24.2919921875
3258976,22.0947265625
3259004,25.20751953125
3259045,22.216796875
3259066,21.97265625
3259079,21.484375
3274968,19.71435546875
3275009,23.13232421875
3275060,29.78515625
3275071,25.93994140625
3275086,21.17919921875
3275129,24.59716796875
3275164,41.44287109375
3275176,19.6533203125
3275255,22.27783203125
3275280,24.59716796875
3275314,20.6298828125
3275332,21.6064453125
3275367,22.8271484375
3275403,21.42333984375
3275501,22.94921875
3275546,21.484375
3275594,19.83642578125
3287387,19.775390625
3287408,20.99609375
3287456,24.0478515625
3287472,23.3154296875
3287553,21.42333984375
3287571,39.73388671875
3287629,21.1181640625
3287643,23.13232421875
3287747,19.83642578125
3287772,19.83642578125
3287865,21.6064453125
3287993,20.56884765625
3298289,20.93505859375
3298344,20.32470703125
3298395,28.38134765625
3298437,26.0009765625
3298453,24.169921875
3298472,21.728515625
3298486,20.99609375
3298530,20.99609375
3298596,19.4091796875
3298661,19.47021484375
3299221,20.99609375
3309950,20.8740234375
3309986,22.15576171875
3310007,23.49853515625
3310023,20.99609375
3310060,24.96337890625
3310097,19.83642578125
3310121,27.9541015625
3310142,20.263671875
3310175,19.4091796875
3310196,19.6533203125
3310284,22.39990234375
3310309,20.01953125
3310395,20.56884765625
3310551,19.6533203125
3321570,23.49853515625
3321674,19.83642578125
3321717,19.53125
3321738,19.4091796875
3321802,26.67236328125
3321915,23.3154296875
3322103,25.69580078125
3322173,22.5830078125
3322197,20.01953125
3322428,19.6533203125
3334228,24.47509765625
3334271,21.54541015625
3334288,20.3857421875
3334336,23.681640625
3334383,28.3203125
3334404,22.216796875
3334425,26.123046875
3334475,21.78955078125
3334687,22.0947265625
3334747,19.71435546875
3334836,25.32958984375
3347571,19.6533203125
3347589,27.40478515625
3347653,20.81298828125
3347710,21.484375
3347810,22.64404296875
3347826,20.263671875
3347938,21.91162109375
3348040,19.6533203125
3348118,21.1181640625
3362417,25.634765625
3362444,21.8505859375
3362526,23.8037109375
3362602,19.53125
3362659,23.74267578125
3362671,23.5595703125
3362794,24.0478515625
3362834,26.2451171875
3379742,22.88818359375
3379784,24.23095703125
3379890,19.8974609375
3379950,20.5078125
3379971,44.73876953125
3393580,19.95849609375
3393629,21.54541015625
3393698,26.42822265625
3393830,19.8974609375
3394125,42.724609375
3394324,19.53125
3394660,20.5078125
3417925,19.71435546875
3418036,23.681640625
3418157,24.658203125
3418290,26.06201171875
3418301,45.41015625
3418340,22.0947265625
3418924,19.53125
3538951,25.81787109375
3539132,25.32958984375
3539382,20.263671875
3539689,20.751953125
3539912,21.484375
3540136,19.6533203125
3540922,21.240234375
3540971,21.8505859375
3542081,19.59228515625
3789991,26.611328125
3790087,21.91162109375
3790159,21.30126953125
3790730,21.8505859375
3790845,21.6064453125
3791422,25.69580078125
3827696,19.83642578125
3828092,38.51318359375
3828183,19.71435546875
3830652,21.17919921875
3831137,19.59228515625
3855678,21.97265625
3856259,22.64404296875
3856386,19.8974609375
3856588,19.59228515625
3856669,46.630859375
3858191,23.13232421875
3892170,19.4091796875
3907722,22.76611328125
3908167,47.8515625
3909345,21.3623046875
3909855,19.53125
3911223,20.56884765625
3912153,65.97900390625
3912226,76.171875
3912314,19.47021484375
3967901,26.611328125
3967986,20.44677734375
3968459,20.81298828125
3968599,22.03369140625
3968683,19.83642578125
3970486,20.08056640625
3971653,19.6533203125
3973853,35.0341796875
3973863,22.8271484375
3973912,19.71435546875
3974119,27.34375
3974153,21.8505859375
3974195,22.88818359375
3974314,21.78955078125
3974446,22.94921875
4029131,19.47021484375
4029821,21.484375
4029960,52.18505859375
4029975,19.8974609375
4030152,22.4609375
4030165,20.44677734375
4031397,19.8974609375
4088058,33.02001953125
4088180,22.15576171875
4088204,22.94921875
4088408,22.5830078125
4088521,19.59228515625
4088730,31.982421875
4167283,27.2216796875
4167612,28.01513671875
4167776,19.6533203125
4168063,47.607421875
4169268,19.4091796875
4169889,19.6533203125
4251418,20.01953125
4251548,22.64404296875
4251800,20.56884765625
4251859,48.7060546875
4251875,26.85546875
4251902,25.634765625
4251912,28.01513671875
4251932,20.69091796875
4251958,21.30126953125
4251968,20.20263671875
4251983,23.86474609375
4252004,22.5830078125
4252040,38.26904296875
4252054,26.67236328125
4252073,27.40478515625
4252083,22.03369140625
4252172,22.3388671875
4252193,25.146484375
4252222,21.240234375
4252288,23.62060546875
4252364,35.46142578125
4252452,23.0712890625
4252470,19.71435546875
4252613,19.775390625
4252949,25.08544921875
4393740,19.47021484375
4489345,20.1416015625
4540080,20.01953125
4541031,20.08056640625
4541235,21.17919921875
4541263,22.15576171875
4541284,21.91162109375
4541312,22.64404296875
4541324,21.42333984375
4541344,20.3857421875
4541371,26.42822265625
4541382,48.15673828125
4541409,23.49853515625
4541433,24.10888671875
4541452,20.3857421875
4541479,37.59765625
4541532,20.6298828125
4541546,20.8740234375
4541564,22.03369140625
4541617,34.7900390625
4541658,20.6298828125
4541704,21.17919921875
4541757,23.49853515625
4541769,31.79931640625
4542009,28.99169921875
4542244,23.5595703125
4556408,21.17919921875
4556432,23.01025390625
4556458,28.74755859375
4556490,19.95849609375
4556508,22.64404296875
4556518,23.98681640625
4556543,19.71435546875
4556567,43.88427734375
4556602,28.6865234375
4556629,27.28271484375
4556649,26.06201171875
4556666,45.0439453125
4556709,21.91162109375
4556739,19.4091796875
4556767,27.16064453125
4556830,22.705078125
4556867,27.16064453125
4556910,23.4375
4556958,23.49853515625
4557004,20.263671875
4557217,19.8974609375
4557308,19.83642578125
4557424,23.25439453125
4557468,20.263671875
4557840,23.49853515625
4558088,24.59716796875
4558174,25.93994140625
4558213,26.2451171875
4558536,19.8974609375
4558895,22.0947265625
4558968,20.44677734375
4617080,19.59228515625
4617110,19.6533203125
4617128,35.2783203125
4617158,20.93505859375
4617185,32.04345703125
4617224,29.11376953125
4617251,40.83251953125
4617271,30.029296875
4617299,24.0478515625
4617348,33.99658203125
4617396,21.54541015625
4617406,27.40478515625
4617436,22.4609375
4617449,19.83642578125
4617476,22.3388671875
4617503,20.69091796875
4617527,20.20263671875
4617542,20.93505859375
4617584,19.775390625
4617665,25.20751953125
4617743,20.32470703125
4618044,20.93505859375
4618081,19.4091796875
4618114,20.5078125
4618303,21.1181640625
4618339,21.3623046875
4618486,20.81298828125
4618627,19.83642578125
4618668,19.8974609375
4888582,19.71435546875
4934318,20.56884765625
4936433,21.728515625
4969588,23.193359375
4989355,19.59228515625
5002763,24.169921875
5002792,22.88818359375
5002808,21.1181640625
5002821,21.484375
5002862,22.5830078125
5002872,19.775390625
5002893,20.81298828125
5002922,28.38134765625
5002937,24.4140625
5002963,20.751953125
5002977,51.8798828125
5003019,21.484375
5003073,22.52197265625
5003117,41.1376953125
5003220,19.6533203125
5003248,24.96337890625
5003306,19.4091796875
5003359,19.775390625
5003387,26.123046875
5003581,24.35302734375
5004023,21.6064453125
5016478,23.3154296875
5016516,20.32470703125
5016535,21.728515625
5016585,26.123046875
5016640,42.3583984375
5016668,22.0947265625
5016697,23.5595703125
5016715,38.2080078125
5016730,20.56884765625
5016767,24.59716796875
5016782,22.03369140625
5016817,23.8037109375
5016853,25.08544921875
5016941,33.75244140625
5016977,20.751953125
5017034,22.0947265625
5017069,23.13232421875
5017350,23.92578125
5017483,21.05712890625
5017493,26.4892578125
5017555,21.05712890625
5017854,20.08056640625
5018157,20.3857421875
5018785,19.71435546875
5019022,20.8740234375
5062176,20.20263671875
5062219,26.18408203125
5062234,22.0947265625
5062252,21.8505859375
5062274,21.3623046875
5062293,33.14208984375
5062334,31.25
5062350,57.0068359375
5062372,23.49853515625
5062385,19.53125
5062412,28.01513671875
5062427,28.01513671875
5062456,21.3623046875
5062468,24.0478515625
5062511,27.89306640625
5062558,21.728515625
5062593,19.59228515625
5062613,20.3857421875
5062665,21.78955078125
5062776,19.83642578125
5062820,19.53125
5062846,23.86474609375
5062876,36.2548828125
5062903,22.03369140625
5063030,20.6298828125
5063071,22.705078125
5063104,24.7802734375
5063311,20.5078125
5063462,21.42333984375
5063603,23.98681640625
5189666,19.59228515625
5194758,23.98681640625
5194770,24.5361328125
5194816,19.53125
5194826,20.20263671875
5194962,22.216796875
5195091,19.775390625
5195185,20.08056640625
5195286,20.1416015625
5195413,19.71435546875
5195563,20.93505859375
5195579,55.96923828125
5195637,22.03369140625
5195667,22.4609375
5195705,21.6064453125
5195739,27.77099609375
5195770,22.76611328125
5195790,20.93505859375
5195814,21.54541015625
5195834,39.1845703125
5195852,23.0712890625
5195881,21.42333984375
5195899,20.6298828125
5195914,21.17919921875
5195969,23.0712890625
5195983,20.8740234375
5196208,22.0947265625
5196381,20.8740234375
5196629,28.564453125
5230421,21.91162109375
5241139,19.95849609375
5241200,26.9775390625
5241244,22.52197265625
5241265,27.77099609375
5241283,26.67236328125
5241306,26.4892578125
5241325,24.47509765625
5241346,29.35791015625
5241356,21.8505859375
5241394,42.17529296875
5241405,19.47021484375
5241439,20.8740234375
5241450,24.5361328125
5241489,35.888671875
5241508,21.78955078125
5241526,21.728515625
5241542,19.4091796875
5241570,25.20751953125
5241591,26.06201171875
5241637,20.08056640625
5241658,21.66748046875
5241723,22.705078125
5241746,32.5927734375
5241798,20.44677734375
5241938,20.99609375
5277946,21.30126953125
5278330,24.71923828125
5283434,22.4609375
5292333,19.8974609375
5312085,20.5078125
5312450,25.81787109375
5312932,24.35302734375
5312999,28.80859375
5313025,23.92578125
5313042,25.57373046875
5313074,20.751953125
5313104,49.13330078125
5313115,26.611328125
5313133,21.54541015625
5313151,27.099609375
5313179,20.44677734375
5313195,32.40966796875
5313226,24.90234375
5313257,19.95849609375
5313286,27.9541015625
5313314,19.775390625
5313324,22.88818359375
5313396,25.5126953125
5313425,23.01025390625
5313453,19.59228515625
5313570,26.3671875
5313784,27.89306640625
5313854,21.42333984375
5313975,19.47021484375
5314018,22.4609375
5314460,19.53125
5383697,20.751953125
5439452,20.93505859375
5439940,22.76611328125
5440055,40.58837890625
5440087,27.099609375
5440121,23.74267578125
5440151,27.2216796875
5440162,28.9306640625
5440192,22.5830078125
5440216,57.9833984375
5440235,29.1748046875
5440250,24.4140625
5440263,25.69580078125
5440310,35.21728515625
5440365,24.84130859375
5440383,19.53125
5440449,27.83203125
5440522,20.751953125
5440545,22.8271484375
5440603,46.875
5441108,27.03857421875
5493523,20.263671875
5508293,23.681640625
5533473,19.59228515625
5570874,23.01025390625
5570930,23.193359375
5570951,28.6865234375
5570977,20.99609375
5571005,25.45166015625
5571034,26.3671875
5571063,25.87890625
5571085,63.5986328125
5571104,21.17919921875
5571120,25.81787109375
5571143,23.92578125
5571177,19.4091796875
5571203,25.87890625
5571223,23.5595703125
5571246,21.78955078125
5571282,22.39990234375
5571300,33.935546875
5571399,26.611328125
5571426,28.62548828125
5571765,21.42333984375
5734334,27.77099609375
5734375,26.06201171875
5734390,25.93994140625
5734435,22.27783203125
5734470,25.81787109375
5734487,25.69580078125
5734516,60.791015625
5734533,33.14208984375
5734545,26.4892578125
5734584,28.74755859375
5734625,24.7802734375
5734714,22.94921875
5734735,32.53173828125
5734776,20.32470703125
5734790,28.80859375
5734846,28.6865234375
5734895,31.67724609375
5734963,22.3388671875
5735051,24.658203125
5735066,35.82763671875
5735252,20.5078125
5778962,19.8974609375
5779054,23.25439453125
5779090,26.30615234375
5779106,31.43310546875
5779131,21.42333984375
5779162,26.85546875
5779181,22.03369140625
5779195,24.658203125
5779217,39.9169921875
5779237,26.2451171875
5779254,34.423828125
5779308,27.9541015625
5779337,25.7568359375
5779358,24.5361328125
5779375,20.44677734375
5779394,25.634765625
5779423,20.56884765625
5779434,29.052734375
5779444,32.89794921875
5779501,20.56884765625
5779530,25.57373046875
5779563,21.484375
5779582,23.681640625
5779602,25.69580078125
5779683,22.8271484375
5779715,19.8974609375
5779813,36.80419921875
5779887,24.10888671875
5779968,20.81298828125
5780025,19.53125
5780653,23.0712890625
5780994,19.53125
5781208,23.0712890625
5852750,21.3623046875
5852884,19.53125
5852947,22.39990234375
5902397,20.751953125
5957638,21.1181640625
5960906,19.59228515625
5961280,19.71435546875
5961944,48.9501953125
6048280,28.076171875
6048388,26.85546875
6048421,23.49853515625
6048453,20.1416015625
6048480,22.94921875
6048492,28.13720703125
6048511,41.015625
6048549,27.7099609375
6048582,20.263671875
6048613,46.44775390625
6048637,23.49853515625
6048649,19.53125
6048684,21.484375
6048702,29.052734375
6048728,22.94921875
6048763,22.0947265625
6048845,25.634765625
6049038,20.08056640625
6049194,30.21240234375
6053742,21.30126953125
6053857,21.97265625
6053973,19.4091796875
6054002,20.6298828125
6054122,21.1181640625
6054165,31.25
6054194,20.20263671875
6054217,21.3623046875
6054334,24.90234375
6054493,21.240234375
6054617,19.59228515625
6054711,20.01953125
6054731,20.263671875
6054798,23.98681640625
6054961,22.3388671875
6054998,19.47021484375
6096711,20.263671875
6096861,20.81298828125
6096871,23.193359375
6096909,28.4423828125
6096920,27.52685546875
6096960,19.6533203125
6096974,22.216796875
6097011,22.64404296875
6097037,50.23193359375
6097059,24.2919921875
6097099,27.34375
6097119,39.24560546875
6097136,22.5830078125
6097173,35.400390625
6097192,20.1416015625
6097207,24.7802734375
6097234,24.23095703125
6097244,30.45654296875
6097277,25.57373046875
6097318,32.5927734375
6097342,24.59716796875
6097423,24.2919921875
6097481,24.0478515625
6097531,21.3623046875
6097618,23.98681640625
6097631,20.01953125
6097673,19.59228515625
6097690,21.240234375
6097752,21.6064453125
6097797,24.2919921875
6097854,20.01953125
6097915,25.57373046875
6097987,21.728515625
6098539,19.83642578125
6098723,21.54541015625
6099145,21.97265625
6099182,20.3857421875
6099222,25.0244140625
6099684,20.56884765625
6099765,22.64404296875
6099899,77.45361328125
6100006,22.27783203125
6100118,20.44677734375
6101439,20.44677734375
6101567,21.17919921875
6102727,21.42333984375
6145750,20.99609375
6145819,20.6298828125
6145871,23.8037109375
6145892,51.6357421875
6145939,24.5361328125
6145956,41.748046875
6145985,26.9775390625
6146010,23.4375
6146032,71.6552734375
6146047,33.447265625
6146066,27.03857421875
6146101,28.74755859375
6146111,34.72900390625
6146130,20.56884765625
6146151,28.86962890625
6146178,30.70068359375
6146200,30.57861328125
6146257,40.4052734375
6146278,29.72412109375
6146306,25.69580078125
6146333,25.45166015625
6146354,20.6298828125
6146380,24.59716796875
6146403,24.169921875
6146459,35.46142578125
6146502,20.81298828125
6146526,50.29296875
6146543,22.5830078125
6146571,28.86962890625
6146592,37.59765625
6146675,38.14697265625
6146771,31.494140625
6146834,24.4140625
6146877,33.75244140625
6146963,21.42333984375
6146984,24.5361328125
6147011,23.3154296875
6147033,19.53125
6147106,31.25
6147124,23.3154296875
6147183,31.79931640625
6147205,26.18408203125
6147269,23.8037109375
6147293,25.08544921875
6147488,23.8037109375
6147555,21.3623046875
6147581,20.99609375
6147642,20.69091796875
6147711,20.44677734375
6148029,20.44677734375
6148071,19.8974609375
6148112,19.59228515625
6149223,19.775390625
6149345,19.8974609375
6149447,20.8740234375
6149605,19.4091796875
6150215,19.47021484375
6150623,41.8701171875
6151510,20.56884765625
6152055,20.3857421875
6152380,20.1416015625
6155800,19.83642578125
6155936,21.1181640625
6156010,25.08544921875
6156022,46.9970703125
6156063,23.13232421875
6156085,36.43798828125
6156106,54.26025390625
6156140,25.7568359375
6156166,38.75732421875
6156200,23.13232421875
6156221,36.92626953125
6156236,23.25439453125
6156268,24.7802734375
6156284,26.0009765625
6156315,24.5361328125
6156334,22.03369140625
6156383,24.2919921875
6156397,24.169921875
6156418,39.6728515625
6156453,20.8740234375
6156469,27.03857421875
6156530,26.55029296875
6156552,26.79443359375
6156581,21.30126953125
6156633,20.08056640625
6156660,20.3857421875
6156689,26.3671875
6156707,32.28759765625
6156730,21.3623046875
6156752,19.59228515625
6156786,21.05712890625
6156879,22.03369140625
6156891,24.4140625
6156972,21.91162109375
6157701,19.59228515625
6157896,22.0947265625
6157944,21.30126953125
6158069,22.216796875
6165558,50.6591796875
6165607,26.79443359375
6165656,22.76611328125
6165666,49.4384765625
6165734,21.6064453125
6165756,41.6259765625
6165779,19.71435546875
6165806,24.71923828125
6165828,32.2265625
6165892,25.2685546875
6165902,21.91162109375
6165955,49.8046875
6166000,23.0712890625
6166046,20.56884765625
6166078,46.20361328125
6166099,21.05712890625
6166155,36.07177734375
6166168,26.123046875
6166203,20.3857421875
6166283,28.80859375
6166312,21.78955078125
6166354,26.91650390625
6166449,26.4892578125
6166461,25.32958984375
6166567,24.10888671875
6166694,24.90234375
6166704,22.76611328125
6166905,28.99169921875
6167317,20.93505859375
6174514,52.67333984375
6174581,54.8095703125
6174615,19.4091796875
6174654,21.17919921875
6174671,38.87939453125
6174709,20.56884765625
6174729,44.7998046875
6174788,22.0947265625
6174818,33.63037109375
6174861,26.42822265625
6174898,24.10888671875
6174941,23.01025390625
6174976,25.57373046875
6175057,26.67236328125
6175091,24.0478515625
6175113,20.01953125
6175131,19.71435546875
6175166,20.3857421875
6175177,20.751953125
6175336,19.4091796875
6175374,23.01025390625
6175437,22.94921875
6175457,26.30615234375
6175694,20.8740234375
6175722,25.08544921875
6175843,22.15576171875
6176078,29.1748046875
6181272,62.5
6181302,23.37646484375
6181316,33.935546875
6181365,20.08056640625
6181427,29.84619140625
6181452,41.9921875
6181486,31.73828125
6181535,38.9404296875
6181555,21.54541015625
6181600,19.775390625
6181635,36.4990234375
6181748,20.32470703125
6181862,22.27783203125
6181911,20.1416015625
6181952,32.04345703125
6182012,21.97265625
6182229,34.1796875
6188102,20.20263671875
6188177,60.6689453125
6188191,23.01025390625
6188232,23.86474609375
6188272,24.5361328125
6188292,22.03369140625
6188307,35.0341796875
6188337,20.44677734375
6188391,34.3017578125
6188406,23.74267578125
6188427,20.69091796875
6188469,20.32470703125
6188517,20.5078125
6188534,27.34375
6188551,31.3720703125
6188622,21.728515625
6188665,22.64404296875
6188756,25.81787109375
6188783,21.8505859375
6188832,21.8505859375
6188879,21.728515625
6188970,28.25927734375
6189001,25.69580078125
6189144,19.53125
6189196,23.92578125
6189317,21.728515625
6189453,22.52197265625
6189628,20.08056640625
6199413,58.2275390625
6199470,19.59228515625
6199500,41.07666015625
6199529,46.20361328125
6199540,23.681640625
6199587,34.11865234375
6199598,39.48974609375
6199647,25.45166015625
6199657,36.07177734375
6199712,28.3203125
6199776,19.6533203125
6199807,40.52734375
6199819,25.69580078125
6199877,19.71435546875
6199887,42.05322265625
6200016,21.1181640625
6200027,37.7197265625
6200108,35.888671875
6200238,24.10888671875
6200311,24.96337890625
6200388,30.33447265625
6200493,21.05712890625
6200613,34.5458984375
6201026,36.43798828125
6201252,20.751953125
6211327,37.109375
6211354,26.67236328125
6211382,52.79541015625
6211404,27.9541015625
6211436,39.61181640625
6211447,45.71533203125
6211484,21.91162109375
6211507,25.81787109375
6211532,21.30126953125
6211551,40.34423828125
6211582,29.47998046875
6211623,39.306640625
6211633,35.70556640625
6211689,29.1748046875
6211713,29.541015625
6211748,20.20263671875
6211790,22.0947265625
6211801,20.81298828125
6211890,47.30224609375
6211986,21.54541015625
6211997,22.88818359375
6212028,20.6298828125
6212091,34.1796875
6212103,19.95849609375
6212192,22.3388671875
6212268,20.3857421875
6212335,28.1982421875
6212479,19.83642578125
6212552,20.93505859375
6212779,21.05712890625
6213233,20.08056640625
6221505,26.18408203125
6221548,21.66748046875
6221602,22.64404296875
6221638,47.91259765625
6221660,43.701171875
6221714,22.64404296875
6221731,37.4755859375
6221766,21.42333984375
6221796,19.6533203125
6221808,20.32470703125
6221820,32.40966796875
6221887,29.541015625
6221943,26.9775390625
6221984,20.93505859375
6221996,20.1416015625
6222130,20.32470703125
6222155,32.2265625
6222277,30.57861328125
6222372,19.6533203125
6222392,35.5224609375
6222529,20.69091796875
6222608,19.47021484375
6222652,31.005859375
6222853,20.263671875
6222890,34.85107421875
6223047,19.6533203125
6231038,21.42333984375
6231098,49.86572265625
6231126,24.5361328125
6231152,45.83740234375
6231185,41.748046875
6231214,39.61181640625
6231231,27.52685546875
6231281,41.68701171875
6231330,21.66748046875
6231357,19.71435546875
6231372,23.3154296875
6231392,23.01025390625
6231441,21.30126953125
6231457,43.5791015625
6231601,39.61181640625
6231689,22.03369140625
6231772,30.09033203125
6231794,21.6064453125
6231836,19.59228515625
6232461,20.93505859375
6232853,19.95849609375
6232994,19.83642578125
6239137,63.720703125
6239199,19.4091796875
6239247,21.240234375
6239278,39.1845703125
6239299,26.2451171875
6239373,42.48046875
6239407,23.49853515625
6239452,23.13232421875
6239515,19.4091796875
6239525,20.69091796875
6239637,24.35302734375
6239668,19.775390625
6239775,43.39599609375
6239795,23.49853515625
6240208,19.4091796875
6250320,23.13232421875
6250356,68.84765625
6250401,38.4521484375
6250412,37.59765625
6250469,43.701171875
6250479,24.169921875
6250515,23.62060546875
6250534,46.38671875
6250544,32.53173828125
6250558,30.76171875
6250580,20.8740234375
6250609,24.4140625
6250634,47.30224609375
6250775,50.6591796875
6250846,21.728515625
6250862,19.4091796875
6250940,20.5078125
6250989,49.9267578125
6251009,21.97265625
6251223,20.56884765625
6251383,20.751953125
6251660,19.83642578125
6261138,25.390625
6261178,62.744140625
6261224,20.20263671875
6261245,57.6171875
6261273,19.6533203125
6261299,52.55126953125
6261311,23.681640625
6261360,41.93115234375
6261407,25.81787109375
6261431,21.1181640625
6261511,21.6064453125
6261542,53.52783203125
6261666,28.6865234375
6261681,46.93603515625
6261746,19.775390625
6261815,24.23095703125
6262322,24.7802734375
6262516,23.01025390625
6270699,66.95556640625
6270709,24.4140625
6270733,20.6298828125
6270764,22.88818359375
6270794,23.98681640625
6270816,48.03466796875
6270831,20.32470703125
6270861,21.1181640625
6270882,57.9833984375
6270941,25.2685546875
6271081,19.8974609375
6271212,19.8974609375
6271355,22.88818359375
6271423,19.53125
6271560,21.8505859375
6271884,22.39990234375
6280762,24.59716796875
6280786,33.75244140625
6280811,19.71435546875
6280833,19.59228515625
6280872,23.01025390625
6280892,21.91162109375
6280970,23.681640625
6281109,25.08544921875
6281184,19.95849609375
6281293,19.8974609375
6281534,19.95849609375
6281602,22.705078125
6291985,22.27783203125
6292011,21.240234375
6292028,20.56884765625
6292069,25.57373046875
6292112,26.9775390625
6292151,30.1513671875
6292176,22.94921875
6292253,23.49853515625
6292300,21.54541015625
6292471,22.52197265625
6292548,20.1416015625
6293022,19.71435546875
6311128,22.27783203125
6311146,28.01513671875
6311177,24.5361328125
6311200,31.92138671875
6311241,34.423828125
6311262,55.72509765625
6311296,19.6533203125
6311347,21.30126953125
6311372,22.4609375
6311391,24.4140625
6311423,42.6025390625
6311486,26.30615234375
6311591,20.93505859375
6312222,21.78955078125
6312314,19.4091796875
6328156,24.7802734375
6328173,25.390625
6328200,19.71435546875
6328216,19.8974609375
6328247,21.78955078125
6328275,23.13232421875
6328289,21.42333984375
6328318,30.21240234375
6328346,70.1904296875
6328367,19.4091796875
6328459,21.91162109375
6328512,19.6533203125
6328612,22.76611328125
6328667,22.27783203125
6328742,19.4091796875
6328760,22.39990234375
6329379,22.94921875
6343254,20.20263671875
6343275,22.705078125
6343330,22.52197265625
6343400,26.123046875
6343468,26.9775390625
6343506,24.96337890625
6343610,22.52197265625
6343658,20.44677734375
6343706,23.3154296875
6343743,21.05712890625
6343793,21.484375
6343851,20.44677734375
6344192,19.59228515625
6356856,47.119140625
6356913,20.1416015625
6356981,20.263671875
6357211,19.47021484375
6357434,21.17919921875
6357491,20.01953125
6357566,22.94921875
6358048,22.3388671875
6368807,24.59716796875
6368892,19.4091796875
6368979,27.34375
6369034,22.64404296875
6369094,19.71435546875
6369144,22.39990234375
6369294,23.8037109375
6369320,20.1416015625
6369517,20.32470703125
6369684,22.03369140625
6384069,21.05712890625
6384124,20.93505859375
6384156,19.53125
6384191,23.98681640625
6384289,23.193359375
6384316,20.263671875
6384332,23.62060546875
6384379,24.23095703125
6384492,49.62158203125
6384503,19.4091796875
6384615,21.05712890625
6384676,21.728515625
6385119,23.13232421875
6385350,19.8974609375
6385682,21.91162109375
6403189,21.240234375
6403294,48.15673828125
6403314,21.91162109375
6403531,19.71435546875
6403630,22.52197265625
6404081,22.15576171875
6431240,20.69091796875
6431285,20.20263671875
6431335,25.146484375
6431426,19.59228515625
6431468,22.5830078125
6431518,24.90234375
6431683,20.751953125
6431825,20.32470703125
6445582,20.3857421875
6445666,25.146484375
6445714,20.1416015625
6446127,20.5078125
6446169,22.4609375
6446341,22.27783203125
6446443,20.20263671875
6472326,28.9306640625
6472382,21.91162109375
6472541,21.3623046875
6472570,20.56884765625
6473582,19.47021484375
6520108,21.3623046875
6520181,19.47021484375
6550237,19.8974609375
6587190,20.69091796875
6613249,19.775390625
6674225,19.71435546875
6760336,21.3623046875
6788901,19.59228515625
6864761,20.32470703125
7324250,19.775390625
7338456,20.08056640625
7338488,19.83642578125
7338513,20.81298828125
7338528,31.494140625
7338558,19.775390625
7338568,23.3154296875
7338607,21.78955078125
7338643,20.3857421875
7338670,23.13232421875
7338690,19.775390625
7338730,30.82275390625
7338748,24.35302734375
7338768,19.71435546875
7338807,20.8740234375
7338862,20.1416015625
7338875,22.64404296875
7338961,31.31103515625
7339038,19.95849609375
7339162,21.8505859375
7377153,23.8037109375
7377187,23.0712890625
7377216,22.4609375
7377255,20.751953125
7377283,35.33935546875
7377298,27.2216796875
7377325,64.5751953125
7377343,21.54541015625
7377365,21.05712890625
7377384,40.4052734375
7377395,22.03369140625
7377428,21.30126953125
7377456,24.2919921875
7377469,30.09033203125
7377488,33.0810546875
7377509,23.62060546875
7377532,20.93505859375
7377550,21.97265625
7377574,23.5595703125
7377616,33.99658203125
7377654,24.0478515625
7377681,25.0244140625
7377696,20.751953125
7377730,27.64892578125
7377764,24.47509765625
7377813,20.93505859375
7377856,22.76611328125
7377909,21.484375
7377949,21.728515625
7377983,21.97265625
7378023,21.05712890625
7378073,21.78955078125
7378116,21.97265625
7378149,22.5830078125
7378173,20.5078125
7378222,19.47021484375
7378331,21.484375
7378385,22.3388671875
7378414,21.91162109375
7378571,21.54541015625
7378628,25.45166015625
7378656,21.3623046875
7378685,20.8740234375
7378698,26.7333984375
7378761,22.52197265625
7378858,22.15576171875
7379080,19.59228515625
7379214,22.52197265625
7379494,21.484375
7379678,21.728515625
7379779,19.8974609375
7379806,19.71435546875
7379924,25.146484375
7380421,19.47021484375
7380497,21.66748046875
7381504,21.240234375
7382207,21.05712890625
7462470,21.30126953125
7462504,20.69091796875
7462573,23.681640625
7462586,21.54541015625
7462597,27.16064453125
7462634,61.21826171875
7462647,24.23095703125
7462672,21.3623046875
7462692,22.88818359375
7462707,29.60205078125
7462724,20.263671875
7462737,24.47509765625
7462766,25.634765625
7462781,21.78955078125
7462808,24.0478515625
7462823,20.56884765625
7462838,24.23095703125
7462887,34.1796875
7462992,20.1416015625
7463033,27.2216796875
7463073,21.42333984375
7463116,25.87890625
7463164,20.5078125
7463192,19.775390625
7463289,23.74267578125
7463334,20.6298828125
7463444,23.5595703125
7463495,25.32958984375
7463599,22.76611328125
7463639,22.0947265625
7463795,20.56884765625
7463817,26.30615234375
7463880,23.37646484375
7463900,20.3857421875
7464057,26.611328125
7464287,24.169921875
7464560,28.62548828125
7464597,25.93994140625
7464777,22.4609375
7465029,21.42333984375
7465066,20.99609375
7465088,21.728515625
7465199,26.55029296875
7465247,19.47021484375
7465318,21.17919921875
7465578,28.6865234375
7465916,23.193359375
7526671,22.15576171875
7526693,26.18408203125
7526717,24.84130859375
7526755,25.32958984375
7526774,28.50341796875
7526787,21.3623046875
7526817,20.6298828125
7526833,36.1328125
7526867,23.8037109375
7526907,34.66796875
7526917,30.45654296875
7526939,25.2685546875
7526980,20.32470703125
7526996,23.5595703125
7527027,19.8974609375
7527037,19.8974609375
7527047,19.71435546875
7527088,21.240234375
7527110,24.7802734375
7527157,19.4091796875
7527233,25.0244140625
7527334,26.123046875
7527476,19.6533203125
7527494,30.8837890625
7527649,22.0947265625
7527801,21.91162109375
7527905,23.4375
7529182,21.728515625
7584959,27.28271484375
7585024,20.69091796875
7585054,23.8037109375
7585069,30.21240234375
7585089,25.5126953125
7585118,30.57861328125
7585167,50.10986328125
7585177,30.09033203125
7585202,22.5830078125
7585223,27.52685546875
7585242,23.0712890625
7585253,22.39990234375
7585278,23.98681640625
7585300,24.96337890625
7585313,23.62060546875
7585342,41.44287109375
7585357,26.85546875
7585369,22.64404296875
7585392,25.20751953125
7585420,20.5078125
7585475,21.1181640625
7585488,21.30126953125
7585533,20.01953125
7585555,19.83642578125
7585583,21.8505859375
7585607,21.78955078125
7585650,28.3203125
7585753,19.47021484375
7585799,19.53125
7585828,19.47021484375
7585865,20.69091796875
7586181,19.4091796875
7586269,19.47021484375
7586662,20.8740234375
7587013,19.775390625
7773049,21.1181640625
7773117,22.15576171875
7773136,24.2919921875
7773158,23.25439453125
7773169,24.2919921875
7773193,23.681640625
7773244,50.59814453125
7773262,25.634765625
7773281,25.390625
7773307,21.78955078125
7773321,35.58349609375
7773349,24.658203125
7773385,24.169921875
7773430,38.51318359375
7773440,21.05712890625
7773455,21.728515625
7773469,20.56884765625
7773537,37.78076171875
7773565,25.0244140625
7773576,24.10888671875
7773694,19.775390625
7773820,19.4091796875
7774001,23.4375
7774682,23.25439453125
7837058,23.193359375
7837084,27.77099609375
7837104,31.18896484375
7837131,26.85546875
7837177,20.751953125
7837208,27.83203125
7837228,30.33447265625
7837245,31.494140625
7837282,22.5830078125
7837304,19.8974609375
7837319,46.93603515625
7837364,26.0009765625
7837444,22.0947265625
7837469,20.1416015625
7837489,27.16064453125
7837654,33.02001953125
7837672,20.93505859375
7837719,21.91162109375
7837810,26.0009765625
7838266,20.20263671875
7838311,19.4091796875
7895698,24.10888671875
7895744,21.54541015625
7895761,29.11376953125
7895786,22.64404296875
7895807,29.60205078125
7895821,24.10888671875
7895875,26.18408203125
7895907,57.43408203125
7895917,21.54541015625
7895943,21.66748046875
7895971,20.263671875
7895986,33.5693359375
7896027,24.5361328125
7896037,20.32470703125
7896072,19.83642578125
7896099,35.94970703125
7896135,19.53125
7896155,20.69091796875
7896174,21.484375
7896188,22.52197265625
7896221,22.27783203125
7896244,21.17919921875
7896268,19.8974609375
7896312,23.3154296875
7896332,21.91162109375
7896438,23.01025390625
7896558,19.6533203125
7896580,25.87890625
7896636,20.32470703125
7897030,26.2451171875
7897938,24.90234375
7995568,27.4658203125
7995635,28.99169921875
7995663,24.2919921875
7995685,24.84130859375
7995722,23.0712890625
7995747,19.8974609375
7995768,48.76708984375
7995783,22.4609375
7995810,24.35302734375
7995821,19.53125
7995853,21.78955078125
7995868,49.74365234375
7995891,24.10888671875
7995905,19.53125
7995933,20.3857421875
7995966,23.01025390625
7996003,22.03369140625
7996016,34.912109375
7996053,26.42822265625
7996586,20.69091796875
7996677,20.263671875
8162621,19.53125
8278437,20.20263671875
8290378,20.6298828125
8332721,20.20263671875
8339771,22.4609375
8339801,22.52197265625
8339821,32.04345703125
8339831,29.78515625
8339870,26.67236328125
8339920,22.8271484375
8339930,22.15576171875
8339962,62.92724609375
8339975,20.5078125
8340014,21.97265625
8340055,25.08544921875
8340076,23.3154296875
8340100,23.98681640625
8340207,20.32470703125
8340231,44.921875
8340285,20.6298828125
8340312,22.27783203125
8340411,21.728515625
8340422,23.13232421875
8341091,19.95849609375
8385861,23.0712890625
8385908,23.98681640625
8385930,32.958984375
8385961,21.05712890625
8385979,21.91162109375
8386012,20.56884765625
8386034,24.7802734375
8386051,55.7861328125
8386078,27.03857421875
8386102,26.7333984375
8386118,28.50341796875
8386132,26.4892578125
8386162,33.75244140625
8386192,23.681640625
8386205,21.66748046875
8386221,24.35302734375
8386240,19.775390625
8386273,35.400390625
8386314,23.4375
8386341,20.6298828125
8386359,27.16064453125
8386406,20.56884765625
8386444,22.15576171875
8386487,21.1181640625
8386524,23.3154296875
8386538,19.4091796875
8386741,21.66748046875
8386969,25.08544921875
8387093,20.99609375
8387142,23.3154296875
8387276,23.8037109375
8388257,22.0947265625
8431364,20.44677734375
8431386,23.4375
8431426,19.8974609375
8431436,31.494140625
8431457,21.97265625
8431512,20.99609375
8431535,22.94921875
8431549,52.55126953125
8431584,24.169921875
8431606,20.01953125
8431626,30.33447265625
8431658,23.49853515625
8431683,21.728515625
8431698,22.0947265625
8431731,19.59228515625
8431750,36.1328125
8431804,22.88818359375
8431846,20.99609375
8431882,23.681640625
8431892,23.8037109375
8431903,29.11376953125
8432015,19.83642578125
8432059,23.01025390625
8432089,19.71435546875
8432124,20.20263671875
8504888,20.263671875
8504954,33.447265625
8504990,27.77099609375
8505009,23.4375
8505033,31.67724609375
8505083,22.4609375
8505099,67.2607421875
8505111,30.70068359375
8505141,28.13720703125
8505152,23.01025390625
8505222,29.72412109375
8505242,21.240234375
8505260,21.6064453125
8505289,25.634765625
8505329,26.9775390625
8505341,26.18408203125
8505467,35.2783203125
8505505,21.05712890625
8505558,19.4091796875
8505578,21.97265625
8505837,26.4892578125
8505869,19.6533203125
8643712,19.8974609375
8658553,20.263671875
8658596,20.5078125
8658619,22.27783203125
8658649,22.64404296875
8658667,26.123046875
8658694,30.45654296875
8658707,23.74267578125
8658737,48.40087890625
8658747,27.77099609375
8658820,22.8271484375
8658833,19.95849609375
8658852,42.724609375
8658879,22.5830078125
8658908,23.74267578125
8658928,22.76611328125
8659000,21.240234375
8659011,35.58349609375
8659043,22.03369140625
8659087,19.53125
8659112,25.69580078125
8659188,19.95849609375
8659241,35.33935546875
8659415,21.66748046875
8659612,19.47021484375
8659663,21.91162109375
8659849,19.775390625
8659886,24.5361328125
8659956,21.484375
8728944,20.20263671875
8728994,26.06201171875
8729029,20.32470703125
8729055,36.19384765625
8729067,26.85546875
8729111,30.3955078125
8729124,26.79443359375
8729181,22.8271484375
8729218,35.82763671875
8729231,31.005859375
8729302,25.81787109375
8729352,22.5830078125
8729374,36.56005859375
8729410,19.83642578125
8729432,20.3857421875
8729449,21.05712890625
8729627,20.08056640625
8729809,27.40478515625
8729929,20.81298828125
8730083,22.15576171875
8730196,20.81298828125
8730682,21.484375
8849723,22.705078125
8856816,19.47021484375
8856882,19.71435546875
8856980,29.96826171875
8857001,20.263671875
8857022,20.1416015625
8857040,27.4658203125
8857090,21.728515625
8857113,21.30126953125
8857133,30.2734375
8857175,19.53125
8857205,29.296875
8857255,21.42333984375
8857301,24.59716796875
8857326,19.47021484375
8857376,20.3857421875
8857407,23.3154296875
8857443,30.517578125
8857525,20.81298828125
8857537,31.31103515625
8857630,21.6064453125
8857795,20.3857421875
8857810,29.4189453125
8858417,20.32470703125
8949229,19.6533203125
9011138,19.83642578125
9152669,21.1181640625
9187193,20.5078125
9214400,20.01953125
9246567,25.146484375
9246716,20.08056640625
9248252,23.86474609375
9248501,24.10888671875
9248642,25.32958984375
9248908,24.84130859375
9272974,20.1416015625
9273581,22.39990234375
9273683,28.01513671875
9274237,19.53125
9274301,21.6064453125
9274420,20.5078125
9274494,24.0478515625
9274929,24.47509765625
9275369,19.95849609375
9275455,21.6064453125
9275498,25.5126953125
9275555,19.71435546875
9275603,20.5078125
9275685,21.6064453125
9275753,19.47021484375
9275840,20.20263671875
9276227,21.8505859375
9276715,19.4091796875
9276834,21.240234375
9276928,19.4091796875
9277009,19.53125
9333082,22.15576171875
9333228,24.90234375
9333250,23.0712890625
9333265,43.15185546875
9333475,21.91162109375
9333545,22.216796875
9333587,22.3388671875
9333637,24.96337890625
9333652,21.42333984375
9333663,20.263671875
9333702,51.26953125
9333727,27.77099609375
9333748,26.91650390625
9333777,20.751953125
9333792,31.43310546875
9333815,26.79443359375
9333832,29.60205078125
9333879,19.95849609375
9333913,21.66748046875
9333935,23.193359375
9333956,25.0244140625
9333972,24.71923828125
9333998,19.59228515625
9334033,21.1181640625
9334062,21.484375
9334085,21.42333984375
9334096,22.76611328125
9334134,19.8974609375
9334150,39.36767578125
9334228,20.32470703125
9334283,20.3857421875
9334331,27.4658203125
9334392,26.123046875
9334452,21.30126953125
9334496,23.0712890625
9334578,19.4091796875
9334655,21.240234375
9334805,20.69091796875
9335016,24.96337890625
9335140,24.7802734375
9335169,20.44677734375
9335258,22.76611328125
9335344,19.59228515625
9335599,22.216796875
9337038,22.27783203125
9337465,23.01025390625
9337744,20.20263671875
9339169,20.20263671875
9339706,21.6064453125
9340267,20.751953125
9340474,21.17919921875
9340636,19.95849609375
9370129,24.59716796875
9370139,48.76708984375
9370168,28.4423828125
9370203,22.88818359375
9370240,29.052734375
9370273,55.11474609375
9370283,30.21240234375
9370304,28.564453125
9370353,24.2919921875
9370374,19.775390625
9370403,51.8798828125
9370418,27.2216796875
9370452,24.35302734375
9370479,23.8037109375
9370502,29.84619140625
9370543,26.123046875
9370556,30.57861328125
9370569,27.587890625
9370591,23.3154296875
9370612,30.70068359375
9370639,23.86474609375
9370677,22.5830078125
9370744,24.96337890625
9370767,24.4140625
9370805,25.2685546875
9370831,24.96337890625
9370851,24.47509765625
9370956,26.55029296875
9371000,22.39990234375
9371096,21.8505859375
9371195,20.1416015625
9371232,19.71435546875
9371430,20.3857421875
9371543,26.7333984375
9371618,20.56884765625
9371757,19.4091796875
9371820,23.3154296875
9371959,22.216796875
9372183,21.6064453125
9372539,20.08056640625
9373816,20.01953125
9375002,21.8505859375
9450295,20.20263671875
9450481,19.95849609375
9450574,19.775390625
9450622,19.95849609375
9450662,23.25439453125
9450708,19.83642578125
9450720,40.95458984375
9450737,23.01025390625
9450766,19.83642578125
9450796,24.2919921875
9450820,19.59228515625
9450841,26.85546875
9450890,19.775390625
9450913,35.82763671875
9450927,19.95849609375
9450966,21.728515625
9450992,35.94970703125
9451007,24.10888671875
9451028,24.2919921875
9451072,20.99609375
9451087,24.0478515625
9451101,21.3623046875
9451127,27.4658203125
9451143,28.3203125
9451168,23.01025390625
9451190,20.08056640625
9451204,19.53125
9451229,19.47021484375
9451261,29.84619140625
9451280,21.8505859375
9451340,20.263671875
9451355,28.01513671875
9451390,20.5078125
9451425,24.35302734375
9451450,25.81787109375
9451465,26.85546875
9451477,20.20263671875
9451634,22.52197265625
9451708,20.1416015625
9451827,20.1416015625
9451939,25.08544921875
9452273,22.5830078125
9452557,23.37646484375
9452683,22.216796875
9452880,20.69091796875
9453053,19.59228515625
9453335,20.44677734375
9453528,22.216796875
9454817,21.54541015625
9454928,20.81298828125
9455064,26.06201171875
9455966,26.91650390625
9456663,21.91162109375
9457785,19.59228515625
9488484,21.484375
9488519,21.54541015625
9488550,31.25
9488569,44.921875
9488614,46.875
9488638,54.13818359375
9488659,22.64404296875
9488669,26.611328125
9488694,28.6865234375
9488711,23.98681640625
9488737,24.84130859375
9488779,19.83642578125
9488806,32.40966796875
9488830,35.82763671875
9488842,28.86962890625
9488882,21.484375
9488898,64.63623046875
9488940,25.93994140625
9488966,29.60205078125
9488985,22.64404296875
9488995,22.03369140625
9489029,29.6630859375
9489108,24.658203125
9489125,35.09521484375
9489213,32.5927734375
9489223,27.28271484375
9489268,21.91162109375
9489312,34.5458984375
9489384,21.484375
9489394,22.52197265625
9489471,26.18408203125
9489532,21.8505859375
9489620,19.775390625
9489669,38.26904296875
9489767,32.77587890625
9489858,28.13720703125
9489918,25.93994140625
9489989,27.16064453125
9490072,24.90234375
9490147,26.91650390625
9490208,29.6630859375
9490317,21.78955078125
9490398,28.86962890625
9490474,22.39990234375
9490571,21.42333984375
9490639,21.66748046875
9490774,20.751953125
9490830,20.6298828125
9490888,21.66748046875
9491029,20.32470703125
9491114,22.39990234375
9491388,20.99609375
9491528,21.91162109375
9492324,19.71435546875
9492436,24.59716796875
9492545,20.3857421875
9492899,25.57373046875
9493153,21.484375
9493469,31.1279296875
9493677,19.59228515625
9493754,20.56884765625
9495150,21.97265625
9498137,22.4609375
9498183,20.751953125
9498217,22.705078125
9498228,43.51806640625
9498268,21.484375
9498297,49.13330078125
9498318,23.01025390625
9498339,20.44677734375
9498380,28.62548828125
9498390,23.5595703125
9498422,23.86474609375
9498457,26.3671875
9498494,27.52685546875
9498546,30.82275390625
9498585,19.53125
9498606,20.8740234375
9498639,24.658203125
9498664,22.705078125
9498714,19.95849609375
9498746,19.53125
9498761,22.94921875
9498901,21.728515625
9498929,22.8271484375
9498958,25.634765625
9499032,21.97265625
9499063,25.08544921875
9499114,21.17919921875
9499268,20.1416015625
9499500,19.47021484375
9499528,23.25439453125
9499683,20.32470703125
9500644,21.91162109375
9510150,26.2451171875
9510225,20.93505859375
9510243,51.513671875
9510261,20.1416015625
9510288,24.169921875
9510311,43.02978515625
9510322,33.8134765625
9510369,25.93994140625
9510391,23.193359375
9510428,31.8603515625
9510456,44.5556640625
9510482,24.7802734375
9510503,31.3720703125
9510529,29.052734375
9510569,19.83642578125
9510604,21.6064453125
9510643,27.099609375
9510683,21.6064453125
9510723,31.43310546875
9510751,27.77099609375
9510776,26.3671875
9510800,26.42822265625
9510832,26.123046875
9510845,23.01025390625
9510867,21.78955078125
9510907,23.37646484375
9510964,26.123046875
9511031,27.40478515625
9511171,20.56884765625
9511181,24.5361328125
9511201,20.69091796875
9511319,26.7333984375
9512053,23.74267578125
9512105,22.03369140625
9519811,55.23681640625
9519828,19.95849609375
9519882,24.35302734375
9519898,44.49462890625
9519927,30.82275390625
9519955,20.44677734375
9519970,33.3251953125
9519981,19.6533203125
9520024,30.2734375
9520035,28.25927734375
9520094,20.751953125
9520122,29.78515625
9520160,20.56884765625
9520184,26.7333984375
9520195,21.54541015625
9520242,28.3203125
9520263,21.728515625
9520364,23.37646484375
9520528,32.8369140625
9520553,23.49853515625
9520630,20.8740234375
9520681,19.6533203125
9520704,19.8974609375
9520810,29.47998046875
9520934,27.28271484375
9521091,33.63037109375
9529113,53.16162109375
9529156,27.03857421875
9529180,41.44287109375
9529227,25.146484375
9529241,32.53173828125
9529263,30.3955078125
9529297,33.935546875
9529351,24.47509765625
9529372,35.5224609375
9529409,26.79443359375
9529426,28.9306640625
9529455,20.08056640625
9529479,24.23095703125
9529526,21.42333984375
9529553,24.5361328125
9529570,33.50830078125
9529583,24.2919921875
9529623,24.90234375
9529663,20.263671875
9529676,20.20263671875
9529711,25.32958984375
9529735,20.44677734375
9529752,23.8037109375
9529796,23.98681640625
9529817,24.23095703125
9529861,23.86474609375
9529884,23.3154296875
9530363,21.484375
9530479,19.8974609375
9530551,19.71435546875
9530804,19.47021484375
9530987,23.49853515625
9539703,27.77099609375
9539763,33.69140625
9539775,20.751953125
9539824,23.62060546875
9539853,42.29736328125
9539882,41.748046875
9539938,25.87890625
9539959,29.78515625
9539974,32.89794921875
9539999,21.91162109375
9540015,20.44677734375
9540025,22.64404296875
9540063,27.77099609375
9540085,23.193359375
9540131,31.3720703125
9540222,37.353515625
9540299,28.50341796875
9540377,20.5078125
9540424,42.3583984375
9540469,20.08056640625
9540518,19.59228515625
9540556,19.83642578125
9540670,25.32958984375
9540750,21.240234375
9540946,26.06201171875
9541090,28.80859375
9541237,19.775390625
9541426,30.8837890625
9541591,21.54541015625
9541650,30.029296875
9541981,20.01953125
9549013,25.634765625
9549062,20.44677734375
9549075,21.484375
9549130,50.84228515625
9549156,22.15576171875
9549196,37.78076171875
9549212,19.95849609375
9549232,27.64892578125
9549264,33.447265625
9549319,21.97265625
9549336,39.0625
9549409,20.93505859375
9549483,19.8974609375
9549565,21.6064453125
9549645,20.3857421875
9549686,24.5361328125
9549750,19.6533203125
9549848,20.44677734375
9549951,21.240234375
9550052,21.6064453125
9550168,27.03857421875
9550332,27.40478515625
9550524,30.45654296875
9550883,37.9638671875
9558693,24.0478515625
9558915,27.03857421875
9558972,46.56982421875
9559025,28.6865234375
9559040,22.64404296875
9559086,29.84619140625
9559123,19.6533203125
9559147,19.4091796875
9559205,19.71435546875
9559218,45.2880859375
9559317,22.705078125
9559352,19.95849609375
9559443,19.53125
9559500,27.587890625
9559524,19.83642578125
9559692,29.78515625
9559811,20.6298828125
9559862,19.83642578125
9559949,19.83642578125
9560081,19.95849609375
9560252,21.54541015625
9560398,29.296875
9560622,28.50341796875
9567207,26.91650390625
9567268,42.3583984375
9567282,20.1416015625
9567330,41.80908203125
9567371,41.80908203125
9567391,22.94921875
9567403,29.60205078125
9567428,21.42333984375
9567467,25.2685546875
9567488,20.3857421875
9567505,21.240234375
9567618,42.78564453125
9567702,19.59228515625
9567776,20.751953125
9567823,20.20263671875
9567885,20.1416015625
9567920,23.01025390625
9568081,25.146484375
9568245,34.72900390625
9568430,27.7099609375
9568607,34.36279296875
9568626,21.728515625
9568733,21.91162109375
9576852,62.744140625
9576906,25.7568359375
9576917,27.587890625
9576939,26.55029296875
9576968,38.9404296875
9576978,48.583984375
9577022,22.39990234375
9577053,23.49853515625
9577081,22.88818359375
9577091,25.69580078125
9577171,29.1748046875
9577204,21.1181640625
9577316,24.59716796875
9577398,19.775390625
9577408,26.06201171875
9577466,38.818359375
9577551,28.9306640625
9577688,26.7333984375
9577714,20.99609375
9577799,38.26904296875
9577924,32.8369140625
9578018,25.146484375
9578057,20.3857421875
9578277,33.5693359375
9578881,19.95849609375
9585398,20.56884765625
9585423,24.90234375
9585489,35.15625
9585554,32.2265625
9585567,53.40576171875
9585583,25.5126953125
9585624,31.92138671875
9585703,26.2451171875
9585726,21.91162109375
9585776,29.78515625
9585786,24.23095703125
9585861,25.08544921875
9585957,30.029296875
9586138,35.70556640625
9586334,37.7197265625
9586438,22.52197265625
9586470,30.21240234375
9586554,20.1416015625
9586733,32.958984375
9586881,21.8505859375
9586947,32.77587890625
9587002,19.59228515625
9595180,23.49853515625
9595239,49.62158203125
9595283,26.06201171875
9595295,58.89892578125
9595317,19.95849609375
9595363,27.89306640625
9595401,23.37646484375
9595414,39.794921875
9595441,43.15185546875
9595492,19.47021484375
9595509,22.88818359375
9595519,21.240234375
9595668,41.93115234375
9595775,35.64453125
9595838,26.06201171875
9595913,24.169921875
9595925,34.0576171875
9596104,31.73828125
9596552,41.8701171875
9605782,58.04443359375
9605805,19.8974609375
9605838,37.59765625
9605896,43.76220703125
9605917,21.8505859375
9605954,39.73388671875
9605992,26.7333984375
9606022,57.2509765625
9606049,41.56494140625
9606167,33.38623046875
9606210,19.95849609375
9606309,29.4189453125
9606510,22.03369140625
9606648,20.6298828125
9618122,63.41552734375
9618179,23.86474609375
9618193,24.658203125
9618228,19.83642578125
9618240,45.7763671875
9618250,45.2880859375
9618296,21.6064453125
9618327,42.96875
9618413,38.9404296875
9618434,23.25439453125
9618456,37.29248046875
9618496,48.7060546875
9618612,44.00634765625
9618692,24.71923828125
9618806,52.001953125
9618915,36.0107421875
9619096,37.29248046875
9619242,21.3623046875
9619520,48.828125
9630838,24.7802734375
9630868,22.3388671875
9630887,19.83642578125
9630911,47.05810546875
9630966,46.20361328125
9630980,34.912109375
9630997,26.18408203125
9631068,50.9033203125
9631122,20.93505859375
9631174,46.69189453125
9631278,25.146484375
9631364,19.53125
9631393,42.6025390625
9631524,45.5322265625
9631563,19.53125
9631643,39.36767578125
9642613,58.9599609375
9642678,19.6533203125
9642726,21.97265625
9642739,40.95458984375
9642764,20.1416015625
9642800,36.43798828125
9642819,25.5126953125
9642971,28.62548828125
9643035,21.17919921875
9643124,40.4052734375
9643143,25.2685546875
9643220,19.47021484375
9643238,51.08642578125
9643393,41.80908203125
9643535,44.37255859375
9643635,20.93505859375
9651045,29.6630859375
9651081,20.69091796875
9651131,25.93994140625
9651161,20.8740234375
9651211,20.20263671875
9651240,21.05712890625
9651286,55.7861328125
9651337,48.583984375
9651380,20.263671875
9651464,21.66748046875
9651491,53.40576171875
9651758,22.52197265625
9668523,22.27783203125
9668544,62.01171875
9668579,21.17919921875
9668613,25.634765625
9668645,21.78955078125
9668662,20.3857421875
9668706,19.59228515625
9668728,60.24169921875
9668742,45.2880859375
9668800,19.6533203125
9668849,27.03857421875
9668911,20.08056640625
9668944,21.54541015625
9669204,19.4091796875
9669561,19.4091796875
9669693,23.74267578125
9680413,19.775390625
9680468,23.13232421875
9680479,23.5595703125
9680542,68.2373046875
9680612,20.8740234375
9680635,19.47021484375
9680660,64.39208984375
9680721,19.95849609375
9680781,21.66748046875
9680942,20.81298828125
9692325,68.603515625
9692355,20.01953125
9692406,20.69091796875
9692458,19.47021484375
9692498,62.01171875
9692691,22.15576171875
9693141,20.263671875
9693386,19.4091796875
9709166,24.35302734375
9709176,40.83251953125
9709540,25.7568359375
9709626,20.263671875
9709929,19.71435546875
9722394,20.81298828125
9722469,23.3154296875
9722531,21.728515625
9722550,25.634765625
9722598,19.6533203125
9722642,20.69091796875
9722728,20.263671875
9723115,21.3623046875
9734561,22.3388671875
9734594,19.83642578125
9734687,20.3857421875
9734713,20.8740234375
9750185,21.240234375
9750245,21.17919921875
9750304,21.1181640625
9750456,22.88818359375
9759753,21.66748046875
9760033,39.1845703125
9760085,22.39990234375
9774053,27.28271484375
9774155,20.32470703125
9774306,25.7568359375
10061833,19.6533203125
10374874,20.20263671875
10497380,21.66748046875
10584793,19.53125
10639554,19.6533203125
10712090,19.53125
10812834,22.8271484375
10812851,21.91162109375
10812871,23.74267578125
10812899,32.65380859375
10812910,30.2734375
10812931,20.263671875
10812970,46.5087890625
10812980,20.99609375
10813028,27.16064453125
10813048,20.69091796875
10813072,46.20361328125
10813098,25.93994140625
10813119,24.71923828125
10813142,26.85546875
10813175,25.20751953125
10813185,23.3154296875
10813220,20.69091796875
10813240,21.240234375
10813292,21.17919921875
10813399,23.01025390625
10813538,23.13232421875
10813741,22.03369140625
10814387,20.69091796875
10814447,20.99609375
10815523,19.4091796875
10896653,21.91162109375
10896681,23.49853515625
10896695,22.5830078125
10896722,22.8271484375
10896744,21.66748046875
10896764,30.517578125
10896776,41.93115234375
10896809,20.69091796875
10896834,30.70068359375
10896844,34.912109375
10896861,25.87890625
10896904,25.32958984375
10896925,19.95849609375
10896964,22.94921875
10896985,21.3623046875
10897009,25.32958984375
10897074,22.3388671875
10897147,26.7333984375
10897162,31.005859375
10897178,29.60205078125
10897193,19.95849609375
10897223,24.23095703125
10897312,22.4609375
10897332,25.32958984375
10897387,23.4375
10897464,26.123046875
10898175,20.32470703125
10898288,25.5126953125
10898406,19.4091796875
10898607,31.43310546875
10898761,22.39990234375
10898804,22.27783203125
10899035,19.775390625
10899272,19.775390625
10899324,20.6298828125
10900046,19.8974609375
10971360,20.81298828125
10971405,22.705078125
10971425,20.81298828125
10971437,25.93994140625
10971459,28.80859375
10971479,28.1982421875
10971495,26.123046875
10971528,49.31640625
10971559,23.98681640625
10971588,22.3388671875
10971609,33.14208984375
10971633,29.72412109375
10971651,31.92138671875
10971691,26.2451171875
10971711,19.95849609375
10971733,20.01953125
10971749,22.0947265625
10971771,23.681640625
10971834,20.3857421875
10971864,19.775390625
10971889,30.2734375
10971902,30.33447265625
10971946,21.3623046875
10971958,30.029296875
10971990,19.83642578125
10972024,19.775390625
10972035,22.52197265625
10972053,20.3857421875
10972078,21.3623046875
10972165,24.96337890625
10972190,20.6298828125
10972358,21.05712890625
10972386,19.71435546875
10972640,23.62060546875
10972838,20.08056640625
10972862,24.71923828125
10973319,19.83642578125
10973507,20.69091796875
10973640,23.25439453125
10973759,22.03369140625
10973987,25.57373046875
10974245,20.01953125
11037066,19.71435546875
11159984,19.71435546875
11182652,19.95849609375
11232026,19.6533203125
11337675,20.8740234375
11369605,21.484375
11369648,20.56884765625
11369660,31.67724609375
11369683,30.6396484375
11369711,22.27783203125
11369738,21.97265625
11369765,28.13720703125
11369784,24.35302734375
11369835,33.69140625
11369895,20.1416015625
11369916,45.95947265625
11369927,20.56884765625
11369951,26.4892578125
11370031,22.5830078125
11370042,20.1416015625
11370084,19.71435546875
11370163,44.73876953125
11370300,20.44677734375
11370505,20.56884765625
11371052,24.35302734375
11371232,22.88818359375
11371245,19.95849609375
11373423,21.30126953125
11373488,19.71435546875
11375569,22.3388671875
11421380,28.4423828125
11421442,20.263671875
11421472,26.611328125
11421501,20.69091796875
11421539,26.2451171875
11421555,46.7529296875
11421570,25.146484375
11421588,20.56884765625
11421611,22.8271484375
11421644,29.296875
11421685,19.53125
11421725,26.91650390625
11421747,34.72900390625
11421792,27.587890625
11421802,24.10888671875
11421823,20.99609375
11421858,33.75244140625
11421930,20.3857421875
11421958,20.56884765625
11421976,21.66748046875
11421986,29.296875
11422036,21.17919921875
11422158,22.76611328125
11422265,21.54541015625
11422275,29.78515625
11422319,19.59228515625
11422392,30.1513671875
11422537,19.95849609375
11422860,19.6533203125
11423207,19.59228515625
11423648,35.64453125
11423872,37.41455078125
11424050,22.03369140625
11424315,29.052734375
11424522,21.8505859375
11424816,24.90234375
11583752,21.3623046875
11609287,21.91162109375
11620950,20.5078125
11637983,19.71435546875
11638007,21.97265625
11638074,20.56884765625
11638093,22.15576171875
11638114,44.189453125
11638173,24.658203125
11638198,37.90283203125
11638262,25.87890625
11638289,23.681640625
11638319,36.43798828125
11638374,20.81298828125
11638390,24.5361328125
11638455,20.01953125
11638519,30.6396484375
11638642,24.71923828125
11638729,23.681640625
11638983,19.8974609375
11640192,19.59228515625
11642059,21.484375
11642194,21.728515625
11642722,19.4091796875
11642843,20.751953125
11642982,19.95849609375
11643132,19.59228515625
11643217,21.05712890625
11643581,19.775390625
11645196,21.66748046875
11645285,20.32470703125
11645418,20.81298828125
11645665,19.95849609375
11645764,20.99609375
11729140,20.6298828125
11729184,25.87890625
11729212,24.658203125
11729235,24.90234375
11729256,19.53125
11729279,22.88818359375
11729308,45.41015625
11729329,20.3857421875
11729352,22.0947265625
11729365,25.69580078125
11729379,30.70068359375
11729403,38.26904296875
11729414,20.8740234375
11729438,25.5126953125
11729479,21.30126953125
11729509,24.5361328125
11729528,24.169921875
11729552,20.99609375
11729612,20.81298828125
11729627,20.1416015625
11729743,20.01953125
11729768,31.55517578125
11729809,21.3623046875
11729976,21.78955078125
11730153,33.63037109375
11768630,20.56884765625
11768760,23.98681640625
11768806,21.54541015625
11805659,19.83642578125
11823494,19.4091796875
11840124,21.1181640625
11840166,32.958984375
11840217,30.09033203125
11840235,19.775390625
11840252,20.69091796875
11840267,24.0478515625
11840294,30.517578125
11840310,24.71923828125
11840320,25.5126953125
11840333,20.01953125
11840379,20.20263671875
11840392,46.44775390625
11840407,25.57373046875
11840482,28.9306640625
11840505,20.1416015625
11840536,21.91162109375
11840639,26.18408203125
11840724,25.390625
11840754,22.3388671875
11840770,29.9072265625
11840885,26.4892578125
11840937,23.193359375
11841056,32.1044921875
11841102,20.81298828125
11841173,22.216796875
11841353,22.216796875
11842096,19.53125
11842185,25.20751953125
