2999000,0
12856,14.892578125
95697,16.90673828125
108486,15.19775390625
120665,14.83154296875
194364,14.83154296875
299575,14.892578125
334562,15.13671875
373172,15.2587890625
430358,15.56396484375
592556,15.31982421875
617040,14.892578125
751270,14.7705078125
799899,17.63916015625
928400,15.19775390625
929992,14.83154296875
973828,15.68603515625
974574,15.13671875
1194525,14.892578125
1212861,14.95361328125
1219709,14.892578125
1243484,14.7705078125
1254992,15.07568359375
1285670,16.05224609375
1293872,15.2587890625
1382342,14.7705078125
1420761,14.892578125
1449092,14.7705078125
1489430,14.7705078125
1541032,14.83154296875
1596093,14.7705078125
1654619,15.93017578125
1678174,15.07568359375
1706391,14.95361328125
1814420,14.7705078125
1837415,15.31982421875
1935928,14.7705078125
1959762,15.19775390625
2083171,15.80810546875
2098605,16.05224609375
2105441,15.56396484375
2110760,14.892578125
2193024,15.31982421875
2219800,15.31982421875
2224150,14.7705078125
2242294,15.44189453125
2272774,15.31982421875
2278238,16.11328125
2286427,15.5029296875
2375354,14.83154296875
2503121,15.0146484375
2519903,15.07568359375
2597746,15.7470703125
2609365,15.31982421875
2646417,14.7705078125
2669153,15.5029296875
2698731,14.7705078125
2831817,16.11328125
2894730,14.892578125
2980035,15.625
