2999000,0
66203,14.6484375
130717,15.0146484375
268574,14.58740234375
287480,14.58740234375
380756,15.80810546875
442753,16.05224609375
450372,14.95361328125
468666,14.70947265625
473913,14.892578125
583426,15.2587890625
588892,15.0146484375
627908,16.29638671875
676301,14.95361328125
676399,15.44189453125
692562,14.7705078125
741266,15.68603515625
817348,15.19775390625
832285,14.95361328125
875016,15.7470703125
878536,15.380859375
896296,15.19775390625
914270,14.95361328125
926032,14.892578125
1029318,15.0146484375
1035940,14.6484375
1055994,14.6484375
1060099,14.58740234375
1065490,14.7705078125
1068084,15.07568359375
1076187,15.31982421875
1081053,15.93017578125
1123346,16.2353515625
1129377,14.5263671875
1194482,15.0146484375
1529863,14.83154296875
1568802,15.07568359375
1578595,15.380859375
1594254,14.58740234375
1607002,14.95361328125
1615757,16.2353515625
1656729,15.2587890625
1694910,16.05224609375
1701702,16.05224609375
1735045,15.9912109375
2005680,14.5263671875
2043172,14.5263671875
2070116,15.380859375
2106885,15.44189453125
2107626,14.83154296875
2172468,16.41845703125
2252518,14.70947265625
2417801,14.7705078125
2506668,16.05224609375
2545642,14.70947265625
2572499,15.44189453125
2678474,15.380859375
2720298,14.70947265625
2827837,14.58740234375
2914843,15.380859375
2915066,15.31982421875
2934652,14.58740234375
2954218,14.5263671875
