7799001,0
37134,42.3583984375
37150,45.2880859375
37168,41.32080078125
37210,33.38623046875
37226,41.44287109375
37249,46.69189453125
37316,44.12841796875
37350,33.69140625
37406,36.56005859375
38392,43.45703125
38711,35.64453125
38802,45.34912109375
39277,42.05322265625
40119,39.12353515625
40285,36.2548828125
40881,33.87451171875
41113,36.2548828125
41405,45.654296875
41750,38.818359375
164784,90.88134765625
164797,41.32080078125
164830,41.6259765625
164846,49.37744140625
164871,49.98779296875
164907,49.62158203125
164955,48.64501953125
165016,33.5693359375
165031,35.09521484375
165082,33.75244140625
165107,35.58349609375
166545,33.447265625
167314,33.447265625
167715,34.60693359375
167951,36.92626953125
168232,35.33935546875
168501,37.7197265625
168847,40.1611328125
271922,68.2373046875
271943,55.0537109375
271972,47.79052734375
272013,44.12841796875
272032,37.109375
272055,33.38623046875
272065,38.2080078125
272119,49.9267578125
273462,45.654296875
274231,36.56005859375
275665,40.4052734375
276015,41.68701171875
464016,33.75244140625
464061,92.71240234375
464092,33.447265625
464116,41.07666015625
464144,61.03515625
464187,48.4619140625
464223,34.36279296875
464234,35.46142578125
465881,47.91259765625
466871,38.39111328125
467110,35.70556640625
467340,36.80419921875
467582,33.87451171875
467885,45.0439453125
468257,47.607421875
611927,34.85107421875
611961,81.1767578125
611980,33.75244140625
612038,47.79052734375
612096,35.82763671875
612133,39.55078125
612205,45.2880859375
613512,42.8466796875
613766,36.0107421875
614077,33.447265625
614858,34.7900390625
615043,34.36279296875
615671,39.97802734375
615945,43.64013671875
616221,42.78564453125
726044,64.94140625
726072,42.29736328125
726091,34.7900390625
726103,52.1240234375
726151,56.09130859375
726224,45.8984375
726315,33.63037109375
727469,36.80419921875
727599,35.7666015625
727829,40.52734375
727846,34.66796875
728301,33.69140625
728329,34.3017578125
729503,39.24560546875
729733,34.1796875
729967,36.62109375
730256,42.96875
730579,44.61669921875
730903,41.93115234375
731346,42.1142578125
816947,35.64453125
816967,85.44921875
816985,33.8134765625
817012,34.66796875
817030,49.74365234375
817043,43.15185546875
817070,71.59423828125
817155,46.875
818564,36.4990234375
819010,42.17529296875
819327,33.87451171875
819858,37.41455078125
820074,36.56005859375
820335,37.65869140625
820639,41.6259765625
820960,43.701171875
821392,42.1142578125
982858,36.1328125
982869,58.7158203125
982917,45.10498046875
982936,43.5791015625
982976,39.36767578125
983055,40.52734375
984368,39.55078125
984838,42.78564453125
985665,34.1796875
986444,34.72900390625
986652,34.36279296875
986896,43.27392578125
987220,39.73388671875
987545,43.76220703125
988002,49.25537109375
1158930,82.94677734375
1158954,37.29248046875
1158969,41.1376953125
1158993,39.73388671875
1159030,45.10498046875
1159111,50.96435546875
1160039,36.0107421875
1160572,40.71044921875
1160732,40.6494140625
1160811,45.83740234375
1161019,34.60693359375
1161670,34.1796875
1161857,33.99658203125
1162054,36.19384765625
1162253,40.1611328125
1162505,33.87451171875
1162871,38.02490234375
1163319,38.63525390625
1163928,44.7998046875
1388776,64.208984375
1388814,69.39697265625
1388838,43.15185546875
1388864,51.7578125
1388877,67.2607421875
1388900,36.19384765625
1388975,35.70556640625
1389053,33.8134765625
1389962,39.9169921875
1390475,34.48486328125
1390633,34.97314453125
1390750,45.2880859375
1391077,47.79052734375
1392250,34.85107421875
1392496,33.69140625
1392748,42.05322265625
1580359,47.36328125
1580381,34.11865234375
1580447,68.54248046875
1580458,53.16162109375
1580543,41.93115234375
1580639,34.36279296875
1581723,34.1796875
1582171,36.43798828125
1582506,48.7060546875
1583261,38.14697265625
1584047,35.2783203125
1584308,34.60693359375
1584621,42.17529296875
1584981,41.015625
1803721,33.99658203125
1803763,74.89013671875
1803806,58.28857421875
1803832,45.5322265625
1803864,56.2744140625
1803876,34.48486328125
1803964,35.21728515625
1804054,33.3251953125
1804815,35.7666015625
1805164,33.38623046875
1805337,38.63525390625
1805468,35.64453125
1805555,38.330078125
1805630,39.1845703125
1805989,33.69140625
1806285,40.4052734375
1807473,38.0859375
1807738,36.376953125
1808031,43.76220703125
1808441,43.02978515625
1897925,58.4716796875
1897951,61.4013671875
1897970,36.56005859375
1898008,44.7998046875
1898026,37.04833984375
1898056,40.95458984375
1898106,34.423828125
1899457,38.2080078125
1899784,39.0625
1900119,37.841796875
1900776,33.99658203125
1900964,35.2783203125
1901185,36.865234375
1901433,48.095703125
1901699,36.43798828125
1902025,41.50390625
2038896,67.19970703125
2078953,54.99267578125
2078981,64.27001953125
2079000,42.6025390625
2079031,44.00634765625
2079057,39.85595703125
2079069,36.80419921875
2079137,49.560546875
2079975,34.912109375
2080757,34.912109375
2081022,34.66796875
2082279,37.109375
2082484,34.97314453125
2083242,44.25048828125
2083767,43.0908203125
2122432,36.56005859375
2122472,66.7724609375
2122486,43.88427734375
2122515,48.583984375
2122539,40.83251953125
2122555,68.29833984375
2122620,35.400390625
2123528,34.72900390625
2124415,33.38623046875
2125219,33.3251953125
2125510,37.04833984375
2125824,37.29248046875
2126181,36.80419921875
2413186,60.546875
2413245,46.7529296875
2413266,50.9033203125
2413300,40.1611328125
2413320,35.0341796875
2413342,48.15673828125
2413467,33.75244140625
2414259,37.9638671875
2414453,39.12353515625
2414595,36.1328125
2414781,36.376953125
2414946,38.57421875
2415128,51.26953125
2415320,35.33935546875
2415605,35.09521484375
2416877,37.59765625
2417083,37.17041015625
2417331,40.771484375
2417626,35.21728515625
2417957,46.56982421875
2661964,60.72998046875
2661985,50.29296875
2662012,37.53662109375
2662032,39.6728515625
2662045,67.68798828125
2662129,48.7060546875
2663233,43.9453125
2663555,77.7587890625
2663701,40.34423828125
2663927,41.19873046875
2664162,41.07666015625
2666002,35.94970703125
2666216,37.353515625
2666513,36.9873046875
2666906,48.828125
2689034,34.97314453125
2689052,68.17626953125
2689072,37.109375
2689102,71.59423828125
2689120,40.71044921875
2689171,39.1845703125
2689190,33.75244140625
2689255,41.68701171875
2689332,49.86572265625
2689413,42.05322265625
2691511,35.09521484375
2691747,35.7666015625
2691975,34.912109375
2692308,39.0625
2813345,38.2080078125
2813375,63.8427734375
2813390,57.2509765625
2813422,67.138671875
2813447,44.98291015625
2813472,57.9833984375
2813549,49.49951171875
2813619,44.86083984375
2814612,33.8134765625
2816305,39.9169921875
2816730,35.15625
2817003,41.56494140625
2817274,41.56494140625
2817575,34.5458984375
3078819,49.072265625
3078843,33.447265625
3078867,48.88916015625
3078884,41.56494140625
3078909,37.59765625
3078941,45.59326171875
3079045,36.9873046875
3079106,33.50830078125
3079902,37.41455078125
3080316,40.83251953125
3080504,39.48974609375
3080778,50.4150390625
3082463,35.46142578125
3082679,36.1328125
3082904,34.97314453125
3083139,46.2646484375
3083442,38.2080078125
3083794,39.1845703125
3084200,38.51318359375
3100410,69.64111328125
3100434,55.96923828125
3100457,34.423828125
3100493,33.69140625
3100526,73.2421875
3100611,60.4248046875
3102784,37.109375
3103206,40.8935546875
3103451,38.26904296875
3103701,38.818359375
3129708,49.9267578125
3129725,55.908203125
3129793,42.54150390625
3129808,69.39697265625
3129872,33.447265625
3129893,40.6494140625
3129949,33.447265625
3129976,35.400390625
3132276,36.0107421875
3132501,41.32080078125
3132740,38.330078125
3133020,38.818359375
3143318,37.9638671875
3143338,55.84716796875
3143351,62.6220703125
3143376,35.2783203125
3143397,41.8701171875
3143438,45.7763671875
3143454,51.81884765625
3143524,36.19384765625
3143547,46.875
3143565,41.259765625
3143580,37.353515625
3143662,49.1943359375
3143873,35.82763671875
3145478,38.14697265625
3146086,38.02490234375
3146327,38.26904296875
3146633,38.14697265625
3146951,40.52734375
3156265,57.9833984375
3156293,50.29296875
3156345,44.0673828125
3156365,59.14306640625
3156399,42.48046875
3156430,52.18505859375
3156515,70.556640625
3156620,41.9921875
3156728,37.90283203125
3156749,44.00634765625
3157196,34.3017578125
3158444,38.39111328125
3158649,39.85595703125
3158852,35.33935546875
3159098,33.69140625
3159361,34.85107421875
3159601,33.447265625
3159924,39.36767578125
3160317,41.50390625
3182028,42.8466796875
3182039,87.5244140625
3182085,50.47607421875
3182103,35.7666015625
3182123,58.65478515625
3182144,49.4384765625
3182184,33.3251953125
3182210,45.166015625
3182231,38.6962890625
3182405,34.48486328125
3182463,33.69140625
3182538,34.60693359375
3183230,36.56005859375
3183500,33.8134765625
3184318,35.7666015625
3184695,33.50830078125
3184903,38.6962890625
3185150,39.9169921875
3185445,34.66796875
3185760,38.57421875
3186122,46.08154296875
3186603,49.4384765625
3192259,56.21337890625
3192287,53.40576171875
3192410,40.34423828125
3192420,84.228515625
3192507,44.0673828125
3192548,35.400390625
3192601,51.513671875
3192673,39.794921875
3192774,42.6025390625
3194310,33.38623046875
3194517,33.75244140625
3194732,40.0390625
3195216,33.447265625
3195529,37.90283203125
3195858,39.4287109375
3204029,40.22216796875
3204083,35.5224609375
3204126,56.0302734375
3204138,47.4853515625
3204187,35.09521484375
3204233,47.119140625
3204265,39.73388671875
3204352,46.56982421875
3204399,33.50830078125
3204481,50.96435546875
3204651,36.62109375
3205867,35.0341796875
3206053,36.376953125
3206252,33.38623046875
3206490,34.48486328125
3206746,35.2783203125
3206998,48.27880859375
3207280,35.0341796875
3207581,35.21728515625
3207999,51.513671875
3215117,50.10986328125
3215154,69.27490234375
3215197,34.1796875
3215244,41.50390625
3215265,40.52734375
3215346,38.63525390625
3215365,37.29248046875
3215386,34.85107421875
3215501,43.88427734375
3215523,50.35400390625
3215637,38.6962890625
3215756,42.48046875
3215884,35.58349609375
3216654,33.5693359375
3217030,33.38623046875
3217691,34.24072265625
3217980,34.5458984375
3218328,35.888671875
3218742,39.61181640625
3229598,53.64990234375
3229624,34.1796875
3229686,63.720703125
3229697,44.61669921875
3229713,36.56005859375
3229740,44.49462890625
3229761,47.119140625
3229867,37.9638671875
3229908,37.353515625
3229982,34.24072265625
3230061,34.912109375
3230235,35.7666015625
3231383,34.97314453125
3231791,33.5693359375
3232249,37.65869140625
3232527,39.794921875
3232803,42.17529296875
3233170,39.9169921875
3233566,49.49951171875
3240442,55.60302734375
3240510,54.5654296875
3240544,47.54638671875
3240587,49.62158203125
3240629,50.048828125
3240730,46.81396484375
3240785,34.11865234375
3240836,57.373046875
3240872,33.69140625
3241000,43.3349609375
3241142,39.1845703125
3241431,36.9873046875
3241751,34.97314453125
3242358,35.33935546875
3242598,35.82763671875
3242860,38.63525390625
3243146,38.4521484375
3243479,35.2783203125
3243896,41.259765625
3252167,44.25048828125
3252256,46.32568359375
3252284,42.96875
3252423,68.29833984375
3252445,45.10498046875
3252488,35.2783203125
3252546,49.49951171875
3252579,35.2783203125
3252848,40.52734375
3252988,36.68212890625
3253295,35.33935546875
3254006,36.0107421875
3254227,35.15625
3254468,35.64453125
3254719,34.36279296875
3254981,39.00146484375
3255321,40.71044921875
3263391,36.56005859375
3263466,46.69189453125
3263560,60.4248046875
3263605,49.13330078125
3263642,42.8466796875
3263719,55.908203125
3263759,71.71630859375
3263903,40.283203125
3263934,34.85107421875
3264047,43.64013671875
3264189,46.20361328125
3265242,37.17041015625
3265486,34.11865234375
3266100,44.5556640625
3720448,50.537109375
3720528,49.8046875
3720565,51.025390625
3720577,45.654296875
3720615,38.330078125
3720626,33.63037109375
3720669,67.87109375
3720759,38.4521484375
3722004,33.5693359375
3722289,44.61669921875
3722746,46.0205078125
3723403,34.72900390625
3723563,33.447265625
3723775,33.447265625
3724014,34.97314453125
3724269,40.0390625
3724839,35.09521484375
3725336,40.22216796875
3974218,54.5654296875
3974287,56.5185546875
3974321,35.400390625
3974386,44.5556640625
3974401,52.42919921875
3974413,37.29248046875
3974463,41.56494140625
3974489,42.54150390625
3975524,36.865234375
3975563,35.09521484375
3975757,35.0341796875
3975904,55.23681640625
3976141,33.8134765625
3976302,40.10009765625
3976698,33.38623046875
3977916,39.24560546875
3978129,35.58349609375
3978363,35.7666015625
3978862,39.12353515625
3979267,40.0390625
3979764,44.12841796875
4022784,109.31396484375
4022797,39.36767578125
4022829,35.70556640625
4022848,63.96484375
4022875,47.79052734375
4022934,51.025390625
4022960,38.2080078125
4022982,41.259765625
4023015,38.51318359375
4023882,36.07177734375
4024021,34.85107421875
4024789,34.3017578125
4024956,33.3251953125
4025688,35.2783203125
4025933,35.21728515625
4026179,43.9453125
4026491,33.3251953125
4026873,42.96875
4206865,64.63623046875
4206878,60.24169921875
4206937,48.64501953125
4206948,45.8984375
4207028,39.12353515625
4207096,34.48486328125
4208112,39.00146484375
4208167,36.92626953125
4208353,36.4990234375
4208533,37.7197265625
4208740,34.3017578125
4208907,34.423828125
4210756,34.72900390625
4211191,33.63037109375
4211440,42.54150390625
4211697,44.86083984375
4212034,38.57421875
4212447,41.50390625
4212929,43.39599609375
4247619,36.7431640625
4247654,57.861328125
4247701,36.31591796875
4247727,55.96923828125
4247752,48.2177734375
4247783,43.02978515625
4247835,39.0625
4247914,40.4052734375
4250102,36.0107421875
4250499,34.3017578125
4250714,36.4990234375
4250962,39.61181640625
4251270,39.48974609375
4251679,41.1376953125
4252133,46.38671875
4404367,67.138671875
4404411,48.4619140625
4404437,62.255859375
4404492,40.95458984375
4404527,48.4619140625
4405656,37.4755859375
4405779,34.85107421875
4405992,39.36767578125
4406308,43.5791015625
4406465,36.865234375
4408267,39.00146484375
4408474,33.3251953125
4408725,35.09521484375
4409311,35.82763671875
4409630,39.4287109375
4434619,33.5693359375
4434648,55.84716796875
4434668,41.748046875
4434697,41.015625
4434725,34.11865234375
4434735,86.42578125
4434814,64.8193359375
4434891,41.748046875
4435613,39.36767578125
4437310,39.36767578125
4437535,35.94970703125
4437760,38.2080078125
4438007,36.80419921875
4438293,41.07666015625
4438689,43.15185546875
4461050,66.7724609375
4461066,64.8193359375
4461110,40.1611328125
4461155,68.29833984375
4461165,44.61669921875
4461244,35.64453125
4461318,53.1005859375
4461420,42.8466796875
4463311,37.59765625
4463500,33.5693359375
4463892,34.66796875
4464338,37.90283203125
4464627,39.6728515625
4464902,35.70556640625
4465245,41.50390625
4465606,39.24560546875
4481465,37.109375
4481534,63.4765625
4481556,57.4951171875
4481587,37.17041015625
4481637,107.11669921875
4481830,34.60693359375
4481841,41.1376953125
4481922,35.64453125
4484097,35.15625
4484292,36.1328125
4484507,35.70556640625
4484949,40.95458984375
4485207,35.46142578125
4485579,38.02490234375
4486266,47.30224609375
4500605,62.6220703125
4500625,56.70166015625
4500644,35.09521484375
4500675,33.3251953125
4500713,55.96923828125
4500733,66.7724609375
4500844,46.44775390625
4500892,36.865234375
4500988,34.5458984375
4503709,42.41943359375
4503945,34.423828125
4504476,38.39111328125
4504858,33.69140625
4505290,39.24560546875
4515716,57.80029296875
4515748,61.58447265625
4515762,34.5458984375
4515788,34.85107421875
4515820,86.97509765625
4515851,35.400390625
4515889,46.93603515625
4515933,54.6875
4515965,38.330078125
4516041,48.583984375
4516258,38.818359375
4517188,35.2783203125
4518471,34.36279296875
4518693,35.70556640625
4518916,41.93115234375
4519156,43.45703125
4519445,34.11865234375
4519733,43.212890625
4520138,38.87939453125
4520600,39.24560546875
4532055,48.095703125
4532084,49.86572265625
4532112,38.57421875
4532162,35.82763671875
4532172,55.48095703125
4532195,52.06298828125
4532277,50.9033203125
4532358,40.771484375
4532457,39.1845703125
4532594,40.4052734375
4533753,34.85107421875
4534866,33.87451171875
4535097,36.62109375
4535352,33.447265625
4535629,33.5693359375
4535926,47.54638671875
4536304,43.15185546875
4536816,42.78564453125
4556812,52.42919921875
4556852,59.02099609375
4556898,36.9873046875
4556929,39.4287109375
4557003,57.861328125
4557100,42.17529296875
4557395,35.2783203125
4559661,35.94970703125
4560138,38.57421875
4560405,39.0625
4560669,45.8984375
4560958,39.97802734375
4561342,40.8935546875
4571609,46.32568359375
4571659,51.7578125
4571712,47.36328125
4571733,43.45703125
4571851,35.33935546875
4571875,38.818359375
4571940,42.41943359375
4571950,41.19873046875
4572022,46.38671875
4572043,38.02490234375
4572059,33.8134765625
4572110,38.51318359375
4574435,36.80419921875
4574979,40.52734375
4575248,36.865234375
4575601,39.12353515625
4576194,43.8232421875
4588075,42.1142578125
4588126,52.67333984375
4588205,52.18505859375
4588230,42.48046875
4588297,36.56005859375
4588327,42.6025390625
4588349,36.1328125
4588404,38.02490234375
4588443,33.75244140625
4588553,33.87451171875
4588655,41.748046875
4588739,40.22216796875
4590211,39.794921875
4590825,41.32080078125
4591043,37.53662109375
4591276,36.31591796875
4591562,44.25048828125
4591868,41.1376953125
4592249,36.92626953125
4592833,45.47119140625
4603526,53.03955078125
4603604,58.04443359375
4603650,42.6025390625
4603673,51.45263671875
4603708,38.39111328125
4603723,40.10009765625
4603745,34.7900390625
4603802,44.61669921875
4603827,60.36376953125
4603998,37.4755859375
4604983,34.11865234375
4605666,39.0625
4606072,39.61181640625
4606301,35.46142578125
4606573,38.14697265625
4606910,34.60693359375
4607295,36.07177734375
5055316,56.70166015625
5055350,34.36279296875
5055364,67.3828125
5055390,53.5888671875
5055406,39.55078125
5055445,66.89453125
5055506,43.0908203125
5055565,40.22216796875
5056579,35.82763671875
5056727,43.76220703125
5056882,37.841796875
5057045,42.236328125
5057243,39.0625
5057441,34.72900390625
5057727,34.72900390625
5059034,41.50390625
5059543,40.1611328125
5059843,38.57421875
5060185,39.24560546875
5060691,37.04833984375
5282209,51.94091796875
5282224,45.22705078125
5282251,35.888671875
5282269,66.71142578125
5282311,55.6640625
5282385,48.52294921875
5282408,38.26904296875
5283485,44.00634765625
5283673,38.63525390625
5283757,44.677734375
5283858,37.29248046875
5284263,36.865234375
5284394,38.330078125
5286389,33.3251953125
5286649,37.9638671875
5286896,40.46630859375
5287619,42.236328125
5288301,43.3349609375
5391334,69.27490234375
5391353,75.5615234375
5391377,35.94970703125
5391415,40.34423828125
5391426,68.2373046875
5391503,33.69140625
5391561,34.423828125
5392356,41.015625
5392621,41.56494140625
5392911,38.26904296875
5393087,33.935546875
5393270,33.5693359375
5395378,36.31591796875
5395622,38.2080078125
5395888,34.66796875
5396206,39.48974609375
5521503,33.8134765625
5521530,64.208984375
5521561,45.47119140625
5521590,48.76708984375
5521635,42.8466796875
5521654,51.57470703125
5522641,37.04833984375
5522773,46.2646484375
5522816,38.75732421875
5523026,43.51806640625
5523113,34.1796875
5523311,37.2314453125
5523344,47.18017578125
5524616,36.865234375
5525375,38.02490234375
5525603,39.6728515625
5525882,39.306640625
5526148,36.1328125
5526504,40.283203125
5526974,49.4384765625
5601769,50.72021484375
5601790,68.9697265625
5601800,36.865234375
5601839,37.841796875
5601858,44.5556640625
5602001,34.5458984375
5603175,37.65869140625
5603333,41.6259765625
5603739,42.41943359375
5604346,35.5224609375
5605001,33.38623046875
5605179,34.97314453125
5605374,36.1328125
5605604,36.4990234375
5605806,34.5458984375
5606050,34.85107421875
5606321,37.353515625
5606688,39.12353515625
5607127,39.97802734375
5705419,101.1962890625
5705468,40.95458984375
5705502,62.43896484375
5705582,34.72900390625
5705614,34.85107421875
5705665,34.36279296875
5706364,37.04833984375
5706622,48.40087890625
5706869,37.65869140625
5706903,36.376953125
5709384,36.62109375
5709641,35.15625
5709881,45.59326171875
5710198,39.61181640625
5710528,41.8701171875
5734641,65.85693359375
5734689,50.72021484375
5734718,59.4482421875
5734732,35.46142578125
5734747,50.59814453125
5734769,43.3349609375
5734797,43.76220703125
5734811,44.25048828125
5734902,38.4521484375
5737651,33.8134765625
5737855,33.50830078125
5738067,33.75244140625
5738354,40.83251953125
5738651,46.0205078125
5739087,34.5458984375
5958751,44.189453125
5958761,64.27001953125
5958800,46.20361328125
5958823,45.8984375
5958833,43.212890625
5958910,43.8232421875
5958976,35.400390625
5959860,34.36279296875
5959998,34.85107421875
5960286,38.75732421875
5960504,45.0439453125
5960541,36.865234375
5961060,35.33935546875
5962683,33.38623046875
5962907,35.5224609375
5963135,33.50830078125
5963398,37.04833984375
5963672,45.22705078125
5964070,46.2646484375
6038246,52.06298828125
6038259,72.509765625
6038298,35.400390625
6038330,57.67822265625
6038357,39.12353515625
6038413,41.8701171875
6038508,35.0341796875
6038522,35.09521484375
6039537,44.73876953125
6039577,33.50830078125
6039987,41.56494140625
6041515,38.87939453125
6041695,34.66796875
6042133,35.70556640625
6042400,42.6025390625
6042698,33.75244140625
6043002,44.7998046875
6043459,38.02490234375
6244156,70.00732421875
6244194,35.15625
6244220,34.0576171875
6244243,51.3916015625
6244259,36.56005859375
6244314,39.1845703125
6244383,43.0908203125
6244440,34.48486328125
6245461,46.20361328125
6245567,39.12353515625
6245731,57.31201171875
6245945,37.78076171875
6245979,54.50439453125
6246083,47.8515625
6246301,35.70556640625
6248110,34.66796875
6249017,34.48486328125
6249290,36.19384765625
6249576,35.82763671875
6249975,37.04833984375
6250502,47.4853515625
6471976,35.46142578125
6472022,66.34521484375
6472033,73.6083984375
6472081,46.56982421875
6472107,56.45751953125
6472145,38.6962890625
6472203,37.65869140625
6472234,37.9638671875
6473409,38.2080078125
6473734,51.8798828125
6473906,38.0859375
6473951,51.45263671875
6474244,36.62109375
6476690,37.109375
6476946,34.423828125
6477212,47.66845703125
6477567,42.54150390625
6477966,39.6728515625
6478492,47.4853515625
6581314,73.30322265625
6581361,48.15673828125
6581378,36.7431640625
6581394,37.353515625
6581429,41.68701171875
6581460,37.4755859375
6581475,34.72900390625
6581514,33.8134765625
6581542,48.40087890625
6582522,35.58349609375
6582726,40.771484375
6583460,39.794921875
6584732,37.29248046875
6585127,34.48486328125
6585352,40.34423828125
6585589,33.63037109375
6585857,37.53662109375
6586134,37.353515625
6586477,50.10986328125
6586860,47.05810546875
6650159,91.064453125
6650171,44.25048828125
6650195,42.8466796875
6650237,51.94091796875
6650290,42.17529296875
6650371,37.29248046875
6651472,35.64453125
6651528,43.3349609375
6651635,51.26953125
6651946,44.98291015625
6653796,35.5224609375
6654498,37.2314453125
6654772,34.1796875
6655098,33.935546875
6970523,48.095703125
7035010,45.95947265625
7127660,48.4619140625
7127681,53.8330078125
7127702,37.41455078125
7127738,55.11474609375
7127765,34.60693359375
7127825,40.95458984375
7127899,35.33935546875
7129107,39.12353515625
7129322,42.17529296875
7129373,33.8134765625
7129675,43.02978515625
7129881,33.8134765625
7130130,41.8701171875
7130396,54.6875
7132292,36.31591796875
7132511,42.236328125
7132740,35.46142578125
7133254,37.17041015625
7133551,34.912109375
7133865,43.76220703125
7134140,46.56982421875
7144005,76.96533203125
7144039,70.37353515625
7144073,50.96435546875
7144114,41.015625
7144146,47.30224609375
7144168,37.4755859375
7144196,45.59326171875
7144244,37.2314453125
7144505,34.7900390625
7145044,41.9921875
7146076,33.5693359375
7146580,35.33935546875
7146768,37.109375
7147378,35.09521484375
7147644,35.58349609375
7147958,41.015625
7148261,35.888671875
7148636,41.07666015625
7149020,43.51806640625
7158494,104.18701171875
7158563,51.94091796875
7158594,52.001953125
7158624,39.36767578125
7158636,59.08203125
7158684,33.935546875
7158741,40.8935546875
7158761,40.771484375
7158837,50.59814453125
7158931,38.57421875
7159130,49.1943359375
7160255,34.5458984375
7161119,33.69140625
7161331,37.109375
7161540,34.1796875
7161789,35.5224609375
7162043,38.02490234375
7162339,35.70556640625
7162636,34.3017578125
7163000,49.072265625
7163525,42.41943359375
7198344,60.97412109375
7198359,39.61181640625
7198385,49.9267578125
7198419,56.21337890625
7198447,37.4755859375
7198469,39.85595703125
7198518,36.2548828125
7198531,43.51806640625
7198575,35.15625
7198629,40.83251953125
7199389,38.39111328125
7199957,35.09521484375
7200873,34.48486328125
7201047,33.3251953125
7201230,35.0341796875
7201414,38.4521484375
7201623,38.39111328125
7201840,33.75244140625
7202077,38.02490234375
7202570,39.6728515625
7202842,45.95947265625
7203202,38.63525390625
7203549,44.5556640625
7209771,64.27001953125
7209852,57.31201171875
7209887,47.79052734375
7209897,48.64501953125
7209924,41.19873046875
7209980,33.935546875
7210010,38.26904296875
7210028,43.0908203125
7210102,55.11474609375
7210122,35.94970703125
7210175,36.62109375
7210372,38.330078125
7211564,33.38623046875
7211731,36.1328125
7211904,34.11865234375
7212271,35.64453125
7212904,43.45703125
7213420,38.4521484375
7213658,34.11865234375
7213952,38.02490234375
7214346,41.015625
7214804,38.6962890625
7228443,65.61279296875
7228455,53.5888671875
7228509,41.68701171875
7228537,54.443359375
7228569,46.7529296875
7228588,33.8134765625
7228609,40.95458984375
7228679,47.9736328125
7228764,39.73388671875
7228799,39.97802734375
7228838,34.423828125
7228864,35.58349609375
7228900,37.17041015625
7229164,41.07666015625
7230809,35.400390625
7230980,33.50830078125
7231563,38.57421875
7231992,39.794921875
7232237,36.2548828125
7232496,38.4521484375
7232814,37.90283203125
7233101,36.2548828125
7233427,38.0859375
7233856,44.12841796875
7234405,44.43359375
7234919,43.8232421875
7712875,48.7060546875
7727283,70.73974609375
7727309,67.5048828125
7727323,42.1142578125
7727357,49.37744140625
7727373,40.95458984375
7727454,39.0625
7728694,37.90283203125
7728834,44.00634765625
7728991,52.1240234375
7729049,37.841796875
7729223,42.54150390625
7729408,41.68701171875
7729577,39.6728515625
7729786,47.18017578125
7729963,43.64013671875
7730222,43.39599609375
7731553,34.1796875
7731748,35.15625
7731954,39.306640625
7732164,36.68212890625
7732382,36.31591796875
7732631,36.62109375
7732903,39.00146484375
7733187,37.78076171875
7733537,44.00634765625
7733894,41.8701171875
7734263,47.7294921875
7734691,43.0908203125
7740405,85.0830078125
7740467,37.59765625
7740516,49.98779296875
7740541,42.236328125
7740558,34.912109375
7740570,35.21728515625
7740611,40.46630859375
7740656,40.52734375
7741239,35.58349609375
7741446,37.841796875
7741675,33.99658203125
7741708,35.888671875
7743645,33.935546875
7744141,35.94970703125
7744805,35.70556640625
7745192,41.19873046875
7768935,34.48486328125
7768961,66.650390625
7769013,45.7763671875
7769032,48.33984375
7769056,46.69189453125
7769120,39.73388671875
7769150,47.7294921875
7769234,48.828125
7769287,34.85107421875
7769333,33.8134765625
7772083,34.7900390625
7772314,37.4755859375
7772564,42.66357421875
7772855,42.29736328125
7773101,35.2783203125
7773465,44.7998046875
7773885,49.13330078125
7774349,42.236328125
