7799001,0
11698,46.0205078125
11888,54.13818359375
11983,44.61669921875
12012,43.15185546875
12040,37.353515625
12065,31.18896484375
12091,32.89794921875
12103,46.142578125
12187,32.40966796875
12377,33.75244140625
23116,37.9638671875
23527,39.0625
23746,30.45654296875
23882,33.75244140625
31587,48.76708984375
31634,52.001953125
31675,46.44775390625
31710,33.0810546875
31725,51.33056640625
31735,36.43798828125
31769,30.76171875
31790,35.46142578125
31869,42.54150390625
31889,30.33447265625
31970,32.89794921875
32008,38.330078125
32055,31.494140625
32294,33.75244140625
42188,36.31591796875
42487,51.6357421875
42788,42.66357421875
51314,46.5087890625
51623,45.71533203125
51689,38.63525390625
51713,37.41455078125
51751,37.29248046875
51766,37.2314453125
51794,29.96826171875
51829,50.23193359375
51870,34.85107421875
51963,30.6396484375
52005,46.875
52035,30.517578125
52084,30.21240234375
52137,31.005859375
52284,31.18896484375
66366,40.8935546875
67932,44.98291015625
67992,44.98291015625
68005,34.5458984375
68032,30.45654296875
68056,37.41455078125
68083,54.74853515625
68140,31.67724609375
68212,31.06689453125
68281,32.04345703125
68392,37.109375
68432,33.63037109375
68456,30.76171875
68500,30.3955078125
68515,39.306640625
68652,31.25
68704,30.517578125
73765,34.72900390625
74129,30.8837890625
75365,30.3955078125
76100,31.67724609375
78092,31.43310546875
78433,32.470703125
78821,38.6962890625
79360,34.5458984375
80021,33.3251953125
80518,37.04833984375
81389,37.29248046875
81718,31.79931640625
82182,40.71044921875
82687,39.00146484375
82775,36.19384765625
83045,40.1611328125
84604,30.33447265625
87185,37.353515625
87979,38.57421875
89696,35.0341796875
90179,36.07177734375
90953,31.8603515625
91592,42.90771484375
92142,35.70556640625
92532,30.94482421875
93985,48.40087890625
94444,36.62109375
94690,43.15185546875
94785,35.888671875
94827,40.46630859375
94868,32.53173828125
94928,34.36279296875
95017,33.14208984375
95043,31.005859375
95061,35.15625
95248,30.3955078125
95307,31.1279296875
99849,36.62109375
100385,38.2080078125
104510,42.17529296875
104783,37.353515625
104906,39.24560546875
104966,37.90283203125
105050,32.77587890625
105060,42.724609375
105256,30.6396484375
105308,32.2265625
105421,37.109375
111213,52.490234375
111306,31.1279296875
111425,35.58349609375
111635,38.330078125
111728,34.85107421875
111748,40.58837890625
111838,36.376953125
111868,48.76708984375
111938,30.82275390625
112039,34.24072265625
112110,33.75244140625
117709,39.306640625
117964,42.724609375
118113,51.57470703125
118200,45.8984375
118231,38.6962890625
118273,30.3955078125
118291,30.029296875
118357,31.494140625
118409,35.33935546875
118451,34.24072265625
125126,44.98291015625
125375,49.86572265625
125481,29.96826171875
125507,34.66796875
125552,31.06689453125
125611,30.76171875
125627,38.39111328125
125677,39.73388671875
125712,40.10009765625
133228,34.85107421875
133415,34.48486328125
133508,38.14697265625
133540,39.73388671875
133588,31.8603515625
133624,31.55517578125
133651,31.73828125
133719,30.70068359375
133744,46.93603515625
134240,30.33447265625
140345,45.5322265625
140601,49.86572265625
140683,30.45654296875
140709,36.62109375
140817,37.4755859375
140843,40.83251953125
140896,31.55517578125
140988,37.9638671875
141022,30.94482421875
141147,31.1279296875
146801,34.36279296875
146950,34.24072265625
147110,50.84228515625
147215,34.1796875
147228,30.21240234375
147460,43.64013671875
147713,41.32080078125
153568,44.00634765625
153662,29.9072265625
153684,41.259765625
153773,35.888671875
153868,40.83251953125
153967,36.2548828125
154035,30.45654296875
154097,30.09033203125
154146,41.07666015625
160884,40.95458984375
161088,38.330078125
161161,31.494140625
161189,36.9873046875
161369,30.33447265625
161532,40.46630859375
167515,46.81396484375
167627,48.52294921875
167711,34.0576171875
167753,31.18896484375
167808,35.33935546875
167854,31.55517578125
167867,36.56005859375
167992,32.2265625
168038,44.61669921875
168383,31.31103515625
174638,44.189453125
174854,42.05322265625
174986,38.51318359375
175118,41.9921875
175280,30.76171875
180837,43.212890625
180966,35.7666015625
181036,30.94482421875
181050,31.43310546875
181231,53.40576171875
181258,29.9072265625
181349,35.7666015625
187814,47.54638671875
187908,47.607421875
188033,40.95458984375
188046,37.4755859375
188165,42.724609375
188360,40.0390625
196781,53.1005859375
196872,46.875
196926,34.24072265625
196966,49.25537109375
197022,41.8701171875
197050,37.17041015625
197144,30.029296875
197225,35.09521484375
206029,39.61181640625
206164,52.91748046875
206215,33.02001953125
206244,31.31103515625
206337,34.66796875
206371,31.005859375
206414,35.33935546875
206553,35.400390625
215688,42.29736328125
215768,48.828125
215800,30.517578125
215824,30.21240234375
215896,31.494140625
215928,36.92626953125
216088,34.912109375
216416,31.31103515625
228684,60.24169921875
228734,57.6171875
228822,30.09033203125
228838,36.2548828125
228921,33.8134765625
228975,32.5927734375
228996,39.24560546875
229217,31.43310546875
238135,47.42431640625
238246,43.9453125
238272,34.24072265625
238508,30.94482421875
247323,51.8798828125
247430,41.1376953125
247499,38.02490234375
247609,37.59765625
247701,35.21728515625
259735,53.77197265625
259784,41.56494140625
259809,38.818359375
259883,32.3486328125
259951,33.935546875
273618,39.794921875
273690,40.10009765625
273761,38.26904296875
273864,32.04345703125
288789,30.82275390625
359217,50.1708984375
363205,43.45703125
389767,47.05810546875
391488,48.583984375
393302,39.48974609375
399691,47.05810546875
405140,35.2783203125
405156,30.029296875
405222,30.45654296875
405249,30.029296875
405296,31.8603515625
405360,37.7197265625
405371,32.5927734375
405420,44.43359375
405449,37.9638671875
405478,30.2734375
405525,34.11865234375
405649,36.376953125
405675,30.2734375
405800,32.3486328125
405898,51.1474609375
406026,33.3251953125
406220,30.2734375
406246,39.85595703125
406655,38.26904296875
407143,32.16552734375
407596,30.2734375
407911,29.9072265625
408449,30.21240234375
408688,36.4990234375
417664,33.75244140625
423034,50.29296875
430901,37.41455078125
433225,37.109375
435089,38.63525390625
437351,30.3955078125
437880,30.517578125
449111,49.37744140625
449699,47.119140625
450204,44.5556640625
452040,29.9072265625
452196,30.1513671875
452572,30.82275390625
452618,35.33935546875
459521,30.33447265625
459803,32.28759765625
460216,31.6162109375
465777,47.36328125
467150,30.3955078125
467232,31.18896484375
467287,30.76171875
467323,35.64453125
467340,38.39111328125
467454,34.85107421875
467536,38.9404296875
467662,37.65869140625
473230,37.59765625
473391,36.68212890625
473514,32.3486328125
473782,34.912109375
473923,30.94482421875
474067,36.4990234375
474442,35.58349609375
479170,33.50830078125
479652,32.470703125
479764,32.04345703125
479817,33.50830078125
480161,31.005859375
484649,38.02490234375
484682,35.94970703125
489081,31.005859375
489165,32.77587890625
489239,42.48046875
489487,30.21240234375
489556,33.75244140625
489621,34.3017578125
489754,30.57861328125
490280,32.470703125
493899,47.91259765625
495401,34.85107421875
495438,30.70068359375
495533,32.5927734375
495643,32.1044921875
495754,29.9072265625
495796,38.330078125
495864,35.400390625
495882,31.005859375
495966,34.97314453125
496012,31.8603515625
496060,33.14208984375
496155,34.66796875
496168,31.494140625
496313,38.330078125
496787,47.54638671875
497089,31.43310546875
497381,31.55517578125
503234,32.470703125
503400,31.494140625
508703,31.43310546875
508721,30.09033203125
511753,41.93115234375
513478,34.7900390625
513752,39.0625
513886,36.92626953125
513952,41.1376953125
519075,32.77587890625
519531,34.36279296875
519672,32.65380859375
519886,36.7431640625
524817,46.56982421875
526472,42.3583984375
528134,38.6962890625
528208,37.53662109375
528267,33.02001953125
528294,36.7431640625
528377,45.7763671875
528392,30.029296875
528451,31.8603515625
528483,43.39599609375
528515,32.40966796875
528558,34.11865234375
528571,48.15673828125
528629,35.0341796875
528652,30.94482421875
528699,31.18896484375
528727,38.39111328125
528837,37.41455078125
528854,31.494140625
528918,31.18896484375
528982,32.8369140625
529059,29.9072265625
529111,32.04345703125
529259,33.87451171875
529371,30.8837890625
529418,31.18896484375
529580,30.029296875
529691,31.982421875
530077,48.88916015625
530697,31.55517578125
531811,31.1279296875
533207,34.97314453125
556365,34.72900390625
556476,34.5458984375
556670,44.677734375
556697,32.71484375
556759,32.04345703125
556795,37.353515625
556879,33.14208984375
557106,36.68212890625
557279,32.3486328125
557300,30.33447265625
562815,35.0341796875
563037,41.32080078125
563670,32.2265625
568891,33.26416015625
569084,30.09033203125
569287,33.203125
569377,31.79931640625
569434,56.94580078125
569462,31.18896484375
569511,32.89794921875
569531,34.0576171875
569574,62.80517578125
569590,30.21240234375
569616,47.8515625
569639,35.58349609375
569657,37.17041015625
569681,37.9638671875
569716,46.93603515625
569737,35.15625
569748,33.87451171875
569845,32.2265625
569859,31.982421875
569874,29.9072265625
570063,30.2734375
570217,30.029296875
570273,39.12353515625
570289,30.1513671875
570354,35.2783203125
570436,33.203125
571024,30.8837890625
578541,30.3955078125
578625,31.55517578125
578954,34.3017578125
579064,36.7431640625
586408,33.3251953125
591778,32.958984375
592108,41.015625
592217,32.40966796875
592352,33.3251953125
592522,31.3720703125
598098,35.7666015625
598412,37.04833984375
598667,37.4755859375
598763,31.73828125
598798,33.0810546875
598846,30.6396484375
599001,35.70556640625
599041,52.490234375
599071,30.76171875
599144,30.45654296875
599176,33.203125
599464,38.9404296875
599915,31.982421875
606073,32.5927734375
606281,33.99658203125
606444,36.92626953125
606490,34.72900390625
606609,40.0390625
606619,41.56494140625
606662,38.39111328125
606679,35.94970703125
606709,48.583984375
606738,42.54150390625
606757,31.18896484375
606794,42.90771484375
606808,42.29736328125
606826,45.41015625
606854,36.1328125
606867,41.259765625
606909,53.03955078125
606925,35.09521484375
606944,37.7197265625
606971,33.14208984375
606999,44.7998046875
607060,42.1142578125
607071,37.65869140625
607090,41.8701171875
607110,36.68212890625
607145,33.99658203125
607220,36.62109375
607288,31.005859375
607370,30.517578125
607399,45.83740234375
607479,30.82275390625
607655,32.77587890625
607781,35.888671875
607871,34.85107421875
608139,30.517578125
613058,31.43310546875
613491,30.94482421875
614003,31.31103515625
614315,34.85107421875
615011,34.1796875
615329,38.39111328125
615700,33.63037109375
616312,31.06689453125
616796,30.45654296875
618765,32.470703125
620653,32.3486328125
622476,31.18896484375
622785,32.89794921875
626195,29.9072265625
626947,31.8603515625
631965,30.45654296875
632676,33.935546875
632843,33.14208984375
636943,31.982421875
640083,33.3251953125
640353,34.97314453125
640748,36.0107421875
640780,52.30712890625
640801,36.68212890625
640844,32.77587890625
640914,29.9072265625
641089,34.85107421875
646967,30.517578125
647163,36.7431640625
647533,30.8837890625
651426,35.21728515625
651557,42.78564453125
651623,43.3349609375
651648,35.94970703125
651666,50.84228515625
651688,47.42431640625
651714,36.43798828125
651729,54.99267578125
651770,46.20361328125
651780,35.21728515625
651797,47.7294921875
651817,46.56982421875
651847,57.2509765625
651892,36.865234375
651906,35.2783203125
651930,38.57421875
651955,33.87451171875
651995,32.470703125
652005,32.958984375
652033,41.3818359375
652102,30.21240234375
652194,30.76171875
652295,33.63037109375
652417,30.70068359375
652435,30.1513671875
652525,31.92138671875
652613,31.79931640625
652802,32.65380859375
657614,30.029296875
658968,29.96826171875
659308,30.70068359375
660712,41.07666015625
661014,31.982421875
661253,44.86083984375
661842,32.89794921875
662368,36.4990234375
662699,33.935546875
663114,39.55078125
663825,30.09033203125
665684,33.8134765625
666593,30.94482421875
667752,36.376953125
669783,30.82275390625
670846,36.92626953125
671275,37.109375
671422,30.45654296875
672890,34.36279296875
673463,30.57861328125
675364,31.18896484375
676714,30.45654296875
677405,52.3681640625
680888,31.3720703125
681579,32.77587890625
682572,32.16552734375
683836,32.470703125
685770,30.94482421875
687674,40.71044921875
687713,32.470703125
687778,40.71044921875
687799,31.31103515625
687871,49.98779296875
687958,30.3955078125
688164,30.57861328125
695433,29.9072265625
696245,31.43310546875
698585,31.79931640625
698861,37.65869140625
698902,51.69677734375
698945,35.2783203125
698989,38.4521484375
698999,53.22265625
699024,35.400390625
699049,33.38623046875
699453,32.77587890625
704669,30.94482421875
708184,35.64453125
708367,30.6396484375
708426,37.7197265625
708453,31.494140625
708500,54.5654296875
708512,34.66796875
708546,57.92236328125
708559,32.40966796875
708585,54.3212890625
708609,33.203125
708622,42.1142578125
708646,55.2978515625
708661,55.72509765625
708687,35.400390625
708710,34.5458984375
708727,49.9267578125
708748,35.33935546875
708777,30.70068359375
708832,32.04345703125
708913,34.66796875
708927,31.494140625
709032,31.67724609375
709056,32.8369140625
709183,34.3017578125
716255,31.67724609375
716578,30.6396484375
716669,49.62158203125
716775,41.50390625
716835,36.19384765625
716871,31.79931640625
716893,37.9638671875
717041,34.1796875
717052,42.8466796875
717207,30.33447265625
723116,36.68212890625
723129,54.19921875
723196,42.41943359375
723233,42.90771484375
723244,33.935546875
723270,37.29248046875
723298,35.15625
723309,37.353515625
723337,44.3115234375
723370,48.52294921875
723399,38.51318359375
723452,35.82763671875
723729,36.80419921875
723911,32.04345703125
730755,37.2314453125
730839,54.5654296875
730864,31.67724609375
730921,55.96923828125
730941,35.21728515625
730968,45.71533203125
730992,50.35400390625
731008,33.935546875
731037,38.818359375
731078,39.794921875
731095,41.44287109375
731140,44.37255859375
731155,32.1044921875
731179,35.33935546875
731218,39.61181640625
731294,31.79931640625
736961,30.1513671875
738689,32.470703125
738701,47.4853515625
738942,41.1376953125
739066,51.08642578125
744459,33.26416015625
744618,42.66357421875
744658,34.0576171875
744681,35.33935546875
744755,52.6123046875
744822,31.06689453125
745050,31.25
749921,51.8798828125
750097,35.888671875
755589,36.1328125
755639,31.18896484375
755679,44.43359375
755722,33.203125
755824,52.734375
755845,32.5927734375
755864,30.3955078125
755892,31.73828125
755921,54.3212890625
755944,36.376953125
755956,36.4990234375
755973,33.3251953125
755995,33.87451171875
756016,46.2646484375
756050,40.71044921875
756132,33.3251953125
756308,30.029296875
756542,30.8837890625
763358,44.98291015625
763390,38.2080078125
763430,45.10498046875
763454,43.212890625
763479,31.982421875
763492,39.6728515625
763529,38.26904296875
763545,31.06689453125
763558,54.99267578125
763569,39.794921875
763604,35.888671875
763637,40.6494140625
763657,37.353515625
763685,40.71044921875
763722,35.64453125
763739,35.70556640625
763774,49.37744140625
763813,30.517578125
763830,40.8935546875
769088,30.33447265625
770460,30.21240234375
771858,33.8134765625
772421,38.75732421875
772957,39.12353515625
774120,34.912109375
774603,45.5322265625
774634,32.3486328125
774661,30.94482421875
774796,35.0341796875
775060,36.1328125
776854,38.4521484375
778251,36.865234375
780256,34.72900390625
780893,37.17041015625
783045,30.1513671875
783782,37.53662109375
783928,47.7294921875
783982,37.2314453125
784118,32.958984375
784224,30.94482421875
786567,54.0771484375
787060,40.46630859375
787814,41.19873046875
787948,32.1044921875
790790,35.46142578125
791554,51.33056640625
791610,32.28759765625
791641,60.11962890625
791721,32.53173828125
791734,47.7294921875
791757,56.57958984375
791885,32.470703125
791952,34.3017578125
792068,33.02001953125
795690,39.00146484375
796610,30.45654296875
796860,43.3349609375
800382,42.1142578125
800481,35.15625
800613,35.09521484375
804381,46.32568359375
804487,31.92138671875
804514,31.3720703125
804572,39.85595703125
804602,31.92138671875
804810,32.53173828125
804908,38.9404296875
809492,31.1279296875
809530,52.978515625
809568,34.3017578125
809617,37.2314453125
809645,35.09521484375
809667,32.8369140625
809707,32.3486328125
809741,30.1513671875
809776,38.87939453125
809893,31.6162109375
815091,45.654296875
815238,30.1513671875
815290,36.43798828125
815324,65.49072265625
815399,33.5693359375
815413,42.724609375
815444,35.15625
815473,32.1044921875
815501,41.3818359375
815515,30.2734375
815537,30.45654296875
815613,44.12841796875
815625,42.05322265625
815758,37.41455078125
815836,31.73828125
821893,32.77587890625
822001,32.958984375
822019,43.9453125
822052,31.55517578125
822091,31.25
822285,32.2265625
822470,31.18896484375
829122,43.8232421875
829206,36.56005859375
829239,30.21240234375
829259,46.32568359375
829284,30.70068359375
829314,32.5927734375
829331,85.5712890625
829358,32.77587890625
829384,39.48974609375
829435,32.470703125
829448,33.203125
829484,49.072265625
829577,31.8603515625
829692,33.69140625
829775,31.79931640625
837936,50.72021484375
837957,32.28759765625
838016,31.43310546875
838028,32.1044921875
838051,49.37744140625
838108,35.400390625
838141,49.4384765625
838157,31.8603515625
838169,43.8232421875
838197,37.59765625
838241,29.9072265625
838275,35.5224609375
838286,47.607421875
838309,34.48486328125
838458,34.48486328125
838797,33.14208984375
846175,42.17529296875
846203,35.94970703125
846274,48.33984375
846299,37.53662109375
846322,34.66796875
846336,31.06689453125
846350,43.9453125
846401,37.17041015625
846418,30.76171875
846458,41.44287109375
846481,39.97802734375
846577,37.29248046875
846909,30.57861328125
847062,32.2265625
855541,47.18017578125
855566,34.1796875
855639,35.46142578125
855689,52.1240234375
855708,31.982421875
855739,41.6259765625
855771,30.2734375
855844,50.1708984375
855901,30.21240234375
865536,36.62109375
865618,39.9169921875
865650,48.64501953125
865672,37.59765625
865696,33.14208984375
865729,53.64990234375
865750,40.283203125
865773,33.447265625
865790,44.0673828125
865803,32.2265625
865815,34.36279296875
865855,31.43310546875
865904,47.54638671875
865914,41.1376953125
865947,33.38623046875
865963,35.888671875
866083,32.89794921875
866099,34.1796875
866200,30.57861328125
866599,31.92138671875
874479,53.40576171875
874598,30.6396484375
874624,35.82763671875
874714,30.517578125
874743,45.95947265625
874958,34.0576171875
882170,35.2783203125
882294,30.517578125
882309,37.65869140625
882348,41.8701171875
882389,38.63525390625
882411,35.2783203125
882478,47.9736328125
882501,32.470703125
882571,36.2548828125
882632,35.7666015625
882666,40.283203125
882899,33.447265625
891264,52.001953125
891384,31.25
891396,34.97314453125
891444,32.71484375
891481,29.9072265625
891569,32.16552734375
891587,32.16552734375
891677,35.0341796875
902093,44.00634765625
902187,44.0673828125
902262,44.43359375
902277,41.68701171875
902292,31.73828125
902315,36.376953125
902366,30.45654296875
902390,54.0771484375
902428,37.04833984375
902458,32.89794921875
902469,30.45654296875
902518,33.26416015625
902690,31.1279296875
902838,33.3251953125
912897,46.38671875
913016,36.1328125
913146,39.9169921875
913162,31.67724609375
913327,42.724609375
913486,34.3017578125
924016,49.8046875
924105,49.8046875
924141,32.2265625
924158,31.06689453125
924202,49.25537109375
924234,35.15625
924253,41.44287109375
924266,39.00146484375
924276,32.3486328125
924300,30.33447265625
924311,30.94482421875
924350,31.73828125
924363,44.12841796875
924410,41.68701171875
924421,52.490234375
924618,31.982421875
924747,33.02001953125
925125,30.57861328125
932757,47.8515625
942294,44.12841796875
942619,35.0341796875
1136666,41.259765625
1145788,46.32568359375
1153996,38.330078125
1167235,38.02490234375
1167888,49.31640625
1171160,46.142578125
1192301,37.7197265625
1206057,40.10009765625
1206782,50.537109375
1232966,50.6591796875
1240785,37.04833984375
1268527,46.08154296875
1278249,46.56982421875
1286202,49.25537109375
1297312,46.56982421875
1302543,38.9404296875
1312781,47.607421875
1318152,42.1142578125
1318779,43.15185546875
1331023,38.75732421875
1342983,49.25537109375
1351012,49.49951171875
1351758,30.09033203125
1351856,30.57861328125
1352313,45.71533203125
1352467,31.25
1352516,30.76171875
1352587,32.5927734375
1352659,34.60693359375
1352744,47.91259765625
1352790,39.48974609375
1352883,38.51318359375
1352990,30.70068359375
1353351,31.005859375
1353499,37.4755859375
1353719,38.818359375
1353949,31.982421875
1355736,32.8369140625
1367220,48.828125
1374577,52.30712890625
1382722,38.9404296875
1404209,46.38671875
1420996,41.3818359375
1439007,40.58837890625
1443837,47.05810546875
1454797,38.75732421875
1455434,40.10009765625
1468619,50.47607421875
1480430,41.07666015625
1483052,46.875
1488216,47.36328125
1500124,41.9921875
1528343,45.34912109375
1539508,46.7529296875
1546976,55.35888671875
1554159,33.5693359375
1555784,37.9638671875
1555809,71.1669921875
1555869,59.99755859375
1568367,40.83251953125
1573539,41.015625
1576416,43.3349609375
1588604,38.51318359375
1589385,39.9169921875
1589426,30.3955078125
1589473,36.19384765625
1609014,45.10498046875
1610015,67.19970703125
1616630,47.2412109375
1617148,36.19384765625
1630356,35.58349609375
1638566,48.27880859375
1644193,30.94482421875
1644206,54.62646484375
1644222,38.02490234375
1644246,49.37744140625
1644266,40.1611328125
1644288,48.15673828125
1644307,33.5693359375
1644386,39.24560546875
1655171,52.79541015625
1661159,40.52734375
1663583,50.537109375
1670849,35.09521484375
1676829,51.57470703125
1677155,31.1279296875
1677179,51.3916015625
1677202,30.029296875
1677228,65.12451171875
1677278,36.4990234375
1677361,32.1044921875
1702037,45.5322265625
1711110,50.10986328125
1711164,36.865234375
1711190,59.2041015625
1711212,44.25048828125
1711226,49.560546875
1711237,43.8232421875
1711302,36.07177734375
1711401,54.87060546875
1711426,36.92626953125
1732351,53.64990234375
1734962,34.97314453125
1734979,40.0390625
1735001,40.34423828125
1735013,40.46630859375
1735038,45.22705078125
1735076,52.3681640625
1735251,35.82763671875
1754845,51.26953125
1755832,47.4853515625
1755846,31.79931640625
1755878,50.96435546875
1755893,42.17529296875
1755904,35.58349609375
1755962,32.2265625
1755991,42.8466796875
1763223,62.255859375
1763275,30.029296875
1763289,42.54150390625
1763312,35.64453125
1763323,33.38623046875
1763337,42.1142578125
1763371,48.03466796875
1763398,46.142578125
1780214,49.13330078125
1794527,32.958984375
1794577,30.8837890625
1794655,35.70556640625
1794687,52.8564453125
1794706,56.21337890625
1794773,44.86083984375
1794786,31.92138671875
1794916,39.48974609375
1795045,43.5791015625
1807580,51.26953125
1813977,36.376953125
1817689,32.8369140625
1817707,77.7587890625
1817746,33.5693359375
1817772,82.70263671875
1817783,45.654296875
1817812,39.00146484375
1817833,61.82861328125
1817866,31.494140625
1817933,31.005859375
1817962,37.841796875
1817975,30.45654296875
1818056,31.18896484375
1818125,30.94482421875
1818241,30.21240234375
1818351,29.9072265625
1827131,42.17529296875
1838109,41.015625
1843072,32.5927734375
1843101,59.99755859375
1843125,45.41015625
1843144,38.02490234375
1843170,46.08154296875
1843210,33.8134765625
1843255,43.701171875
1843324,31.79931640625
1843416,33.935546875
1843481,32.89794921875
1843525,35.64453125
1843670,35.2783203125
1855561,47.119140625
1861920,39.48974609375
1864662,45.8984375
1865498,54.5654296875
1867206,48.40087890625
1867244,36.4990234375
1867322,43.9453125
1867352,36.9873046875
1867437,36.68212890625
1885978,49.01123046875
1886113,50.96435546875
1887688,50.23193359375
1887732,36.376953125
1887900,32.1044921875
1902156,45.83740234375
1905223,48.4619140625
1906950,49.49951171875
1914478,53.7109375
1917440,56.45751953125
1918771,51.7578125
1918867,43.39599609375
1923805,41.19873046875
1923909,32.71484375
1923994,46.81396484375
1924040,30.6396484375
1924077,59.75341796875
1924142,30.45654296875
1924157,57.06787109375
1924270,44.12841796875
1924384,35.15625
1924516,31.3720703125
1929074,49.86572265625
1929144,43.701171875
1929222,33.99658203125
1929283,39.36767578125
1929524,33.63037109375
1929639,33.3251953125
1929808,38.39111328125
1943708,52.6123046875
1949235,47.9736328125
1949530,52.06298828125
1950988,71.1669921875
1960750,52.734375
1961154,50.59814453125
1967044,45.10498046875
1967272,37.78076171875
1967566,40.52734375
1967603,34.97314453125
1971655,51.513671875
1971717,40.46630859375
1971772,40.283203125
1971805,43.212890625
1971837,52.67333984375
1971895,33.75244140625
1971923,33.8134765625
1971962,32.89794921875
1972130,40.71044921875
1977752,48.88916015625
1977796,54.74853515625
1977834,35.21728515625
1977847,37.78076171875
1977883,41.93115234375
1977928,35.82763671875
1977987,48.33984375
1978135,49.86572265625
1978575,32.77587890625
1978784,29.9072265625
1984595,52.42919921875
1984641,44.49462890625
1984691,40.34423828125
1984738,44.61669921875
1984757,30.517578125
1984780,43.45703125
1984806,31.67724609375
1984816,32.1044921875
1984836,31.6162109375
1984930,41.50390625
1985015,34.0576171875
1985135,36.62109375
1985776,30.76171875
1991719,47.05810546875
1991912,39.73388671875
1992117,31.982421875
1992273,45.83740234375
1992449,37.04833984375
1992706,42.6025390625
1995913,47.91259765625
1995972,35.58349609375
1996025,32.958984375
1996073,34.72900390625
1996093,37.53662109375
1996132,37.04833984375
1996188,33.3251953125
1996371,32.71484375
2002068,40.52734375
2002275,35.82763671875
2002394,29.9072265625
2002429,34.97314453125
2002457,31.494140625
2002488,30.70068359375
2002555,34.24072265625
2002656,31.67724609375
2002690,30.029296875
2002725,37.41455078125
2002748,30.82275390625
2002857,31.55517578125
2007973,38.75732421875
2008331,38.9404296875
2008452,38.2080078125
2008675,39.6728515625
2008790,31.43310546875
2008901,47.66845703125
2008970,36.19384765625
2009106,34.60693359375
2009750,33.8134765625
2009968,30.8837890625
2013967,38.26904296875
2014253,45.83740234375
2014431,42.05322265625
2014658,40.10009765625
2014809,36.2548828125
2015022,30.3955078125
2015238,35.09521484375
2018646,45.71533203125
2018959,35.58349609375
2019112,46.32568359375
2019264,33.26416015625
2019279,30.21240234375
2019330,34.7900390625
2019396,32.2265625
2019459,43.51806640625
2024060,34.7900390625
2024254,31.18896484375
2024418,35.5224609375
2024600,39.24560546875
2024787,39.12353515625
2024882,31.18896484375
2025039,34.24072265625
2028153,41.9921875
2028531,30.029296875
2028806,31.982421875
2028903,37.78076171875
2029080,36.80419921875
2029168,35.46142578125
2029472,30.57861328125
2029729,36.31591796875
2033034,45.22705078125
2033340,37.29248046875
2033523,39.1845703125
2033761,42.17529296875
2033934,31.1279296875
2037769,40.58837890625
2038084,39.00146484375
2038319,40.0390625
2038474,38.75732421875
2042425,39.4287109375
2042978,39.1845703125
2043190,35.7666015625
2043410,34.60693359375
2047316,46.2646484375
2047598,40.83251953125
2047888,32.77587890625
2051234,43.15185546875
2055785,54.931640625
2056064,44.37255859375
2056248,33.87451171875
2060678,52.06298828125
2060985,46.142578125
2065571,43.27392578125
2069593,46.69189453125
2078000,30.57861328125
2078010,37.04833984375
2387374,59.4482421875
2442675,48.27880859375
2480895,48.2177734375
2489392,46.875
2505792,45.71533203125
2530911,53.40576171875
2539821,42.6025390625
2540944,36.62109375
2558456,42.6025390625
2570501,46.08154296875
2610473,44.25048828125
2621252,41.3818359375
2631699,49.62158203125
2644219,43.8232421875
2644620,54.26025390625
2686754,52.490234375
2694113,38.39111328125
2695362,47.607421875
2713879,48.52294921875
2752903,31.55517578125
2753313,54.01611328125
2774626,56.82373046875
2774694,47.18017578125
2774878,31.8603515625
2774925,38.87939453125
2774966,50.35400390625
2774979,46.08154296875
2775021,36.62109375
2775078,31.79931640625
2775092,32.77587890625
2775163,54.19921875
2775173,43.212890625
2775219,41.6259765625
2775252,34.97314453125
2775276,35.58349609375
2775298,31.005859375
2775349,30.2734375
2775400,32.53173828125
2775518,42.48046875
2775620,31.3720703125
2775696,30.8837890625
2775763,35.64453125
2775959,33.14208984375
2776184,30.8837890625
2776310,32.3486328125
2776475,39.0625
2776597,32.04345703125
2776865,38.87939453125
2777126,30.70068359375
2777381,39.0625
2777757,30.3955078125
2778121,31.79931640625
2785796,32.28759765625
2785879,31.1279296875
2786276,33.3251953125
2786555,34.72900390625
2798121,35.58349609375
2798400,30.1513671875
2807906,30.45654296875
2808783,32.71484375
2812164,45.5322265625
2814161,30.45654296875
2814211,31.18896484375
2819505,30.3955078125
2824534,47.18017578125
2826324,30.1513671875
2826657,32.2265625
2826990,30.45654296875
2827007,34.11865234375
2833224,30.76171875
2833367,34.0576171875
2833494,33.99658203125
2833749,38.0859375
2838560,38.0859375
2838912,37.841796875
2838984,35.33935546875
2839074,39.00146484375
2839632,31.005859375
2843783,34.7900390625
2844200,32.3486328125
2848759,31.1279296875
2852698,30.6396484375
2855693,36.376953125
2855924,31.25
2856071,46.2646484375
2856264,33.38623046875
2856855,35.70556640625
2860585,50.72021484375
2860665,31.1279296875
2860953,34.3017578125
2861240,34.48486328125
2865826,30.8837890625
2866160,43.5791015625
2866304,32.53173828125
2866489,38.57421875
2866806,32.77587890625
2867124,32.16552734375
2867247,30.33447265625
2867420,30.94482421875
2872041,40.6494140625
2872157,31.43310546875
2872264,34.97314453125
2872384,36.56005859375
2872504,35.94970703125
2872691,32.77587890625
2872717,33.87451171875
2872895,31.25
2873100,37.353515625
2874317,31.005859375
2879807,36.68212890625
2879841,41.93115234375
2880063,34.0576171875
2880231,43.701171875
2880305,32.53173828125
2886620,40.71044921875
2886759,31.92138671875
2887127,31.31103515625
2887308,35.2783203125
2891600,43.51806640625
2892770,32.71484375
2893087,33.203125
2901304,33.87451171875
2901700,37.29248046875
2901772,34.912109375
2901925,30.6396484375
2902066,36.1328125
2902135,32.1044921875
2902268,31.31103515625
2902553,30.94482421875
2911449,29.9072265625
2911787,41.32080078125
2912041,32.470703125
2912275,30.6396484375
2917533,41.56494140625
2917678,30.45654296875
2923962,41.80908203125
2924061,30.45654296875
2924240,39.24560546875
2924431,32.71484375
2924727,34.24072265625
2929964,32.470703125
2930161,32.40966796875
2930327,30.33447265625
2930564,34.1796875
2930666,35.15625
2935561,32.77587890625
2935728,31.25
2935789,34.3017578125
2935882,39.55078125
2935931,31.18896484375
2936106,30.1513671875
2936275,42.96875
2936470,40.83251953125
2941907,30.70068359375
2947227,33.447265625
2947282,30.21240234375
2947334,34.66796875
2947365,37.353515625
2947499,33.69140625
2947696,29.9072265625
2957689,30.2734375
2958644,32.470703125
2962846,50.537109375
2964105,37.04833984375
2964360,30.1513671875
2969811,29.9072265625
2970140,37.59765625
2970297,45.166015625
2970439,34.0576171875
2970646,33.63037109375
2970677,33.447265625
2970757,31.55517578125
2970853,38.4521484375
2977107,31.43310546875
2984110,30.517578125
2984411,32.3486328125
2984611,49.13330078125
2984630,30.3955078125
2984805,44.921875
2984990,33.38623046875
2985718,32.28759765625
2991808,31.43310546875
2992129,30.45654296875
3003157,39.306640625
3003417,38.57421875
3003550,35.09521484375
3003563,37.78076171875
3003840,40.10009765625
3011076,45.0439453125
3011321,42.54150390625
3011543,36.80419921875
3012165,34.0576171875
3012461,33.935546875
3018916,32.65380859375
3019355,34.48486328125
3019683,31.18896484375
3025314,33.447265625
3025768,36.80419921875
3026194,31.982421875
3037961,29.9072265625
3038923,34.7900390625
3039057,30.33447265625
3039586,30.33447265625
3050733,31.06689453125
3050816,30.1513671875
3050939,30.8837890625
3050953,35.0341796875
3051065,31.8603515625
3051192,33.8134765625
3051334,42.3583984375
3051383,32.2265625
3051496,37.353515625
3051989,30.029296875
3052658,31.982421875
3059264,34.66796875
3059499,37.53662109375
3059638,30.1513671875
3059678,40.1611328125
3059804,31.3720703125
3059886,32.5927734375
3059916,30.2734375
3059983,41.68701171875
3060145,32.958984375
3060393,32.04345703125
3060682,33.50830078125
3060777,32.8369140625
3061179,31.55517578125
3070912,35.70556640625
3071128,47.91259765625
3071178,30.029296875
3071308,32.65380859375
3071466,32.77587890625
3071696,37.29248046875
3071865,31.92138671875
3080120,32.89794921875
3080424,35.94970703125
3080668,34.11865234375
3080708,34.7900390625
3080860,33.75244140625
3080929,34.1796875
3081129,37.17041015625
3081309,35.15625
3088920,42.1142578125
3089915,30.94482421875
3090086,32.1044921875
3090248,35.70556640625
3090502,34.912109375
3090852,44.43359375
3090947,39.794921875
3091033,49.25537109375
3098827,30.09033203125
3099131,34.1796875
3099229,37.53662109375
3099274,30.1513671875
3099413,34.72900390625
3099454,29.9072265625
3099589,33.50830078125
3099780,31.67724609375
3099873,46.08154296875
3099938,35.15625
3100016,31.06689453125
3100079,39.55078125
3100458,41.8701171875
3115740,30.70068359375
3115816,31.31103515625
3115846,32.2265625
3115918,34.24072265625
3116011,31.25
3116142,32.8369140625
3116185,36.1328125
3116248,37.65869140625
3116389,34.97314453125
3116503,38.6962890625
3116650,35.5224609375
3116787,33.203125
3117131,39.12353515625
3130854,32.5927734375
3130977,36.4990234375
3131106,38.26904296875
3131207,32.53173828125
3131338,35.5224609375
3131417,31.67724609375
3131439,31.18896484375
3131764,34.5458984375
3131918,30.6396484375
3132006,33.02001953125
3141288,46.2646484375
3146294,40.4052734375
3146385,33.50830078125
3147046,33.99658203125
3147354,32.470703125
3148208,35.09521484375
3148236,30.1513671875
3148455,32.1044921875
3153044,42.54150390625
3153125,31.31103515625
3153135,42.1142578125
3153247,33.203125
3153471,41.3818359375
3159645,47.7294921875
3159758,45.10498046875
3159849,46.81396484375
3160084,31.494140625
3173094,49.62158203125
3179737,38.87939453125
3184295,46.142578125
3189935,46.69189453125
3190017,61.4013671875
3190112,48.9501953125
3201949,46.93603515625
3208078,46.2646484375
3214830,41.259765625
3733193,37.109375
3746021,54.931640625
3761831,38.39111328125
3769637,46.20361328125
3769718,39.4287109375
3769742,47.4853515625
3810652,50.35400390625
3818999,49.560546875
3824518,43.02978515625
3824581,38.818359375
3824595,41.56494140625
3824646,55.908203125
3824690,41.6259765625
3824963,33.203125
3825037,33.447265625
3825150,44.00634765625
3825564,43.76220703125
3851691,45.7763671875
3861513,32.89794921875
3869640,45.654296875
3869800,54.3212890625
3876194,54.3212890625
3876215,31.8603515625
3876292,42.05322265625
3876384,41.44287109375
3879674,49.8046875
3879718,53.22265625
3879752,60.302734375
3879784,38.818359375
3879796,35.94970703125
3879830,33.5693359375
3879863,48.828125
3885654,31.06689453125
3886024,37.53662109375
3886440,36.9873046875
3886675,44.37255859375
3887185,43.39599609375
3887273,44.25048828125
3887351,31.3720703125
3887465,33.50830078125
3887673,31.31103515625
3887846,34.1796875
3888765,37.841796875
3890101,36.56005859375
3890479,37.41455078125
3891108,35.888671875
3891783,35.09521484375
3891955,34.7900390625
3893196,30.76171875
3894105,38.87939453125
3894626,38.14697265625
3894884,44.49462890625
3894978,42.3583984375
3899037,42.54150390625
3899268,32.2265625
3900048,33.63037109375
3901532,37.17041015625
3902949,38.39111328125
3903044,34.97314453125
3903228,35.64453125
3906095,40.52734375
3906318,31.06689453125
3908399,33.63037109375
3908584,35.21728515625
3908689,38.39111328125
3908713,36.80419921875
3908772,30.94482421875
3911879,41.32080078125
3912563,41.1376953125
3912661,43.8232421875
3912844,31.18896484375
3916236,43.3349609375
3916270,31.494140625
3916317,38.330078125
3916408,31.982421875
3916530,32.1044921875
3921819,38.818359375
3922369,36.43798828125
3922965,42.236328125
3923005,33.50830078125
3923024,31.92138671875
3923040,31.92138671875
3923119,43.76220703125
3923131,33.99658203125
3923407,30.76171875
3926724,46.20361328125
3928298,44.3115234375
3928364,31.79931640625
3928472,30.029296875
3928719,45.654296875
3932160,35.82763671875
3932337,36.4990234375
3932362,29.9072265625
3932437,31.31103515625
3935095,39.73388671875
3935963,31.31103515625
3936769,41.50390625
3936841,32.2265625
3936851,33.75244140625
3936899,38.02490234375
3936922,34.423828125
3936941,33.02001953125
3940465,32.3486328125
3941501,41.015625
3942466,37.353515625
3942653,46.08154296875
3942703,32.28759765625
3942732,32.04345703125
3942762,32.65380859375
3946482,39.00146484375
3946673,47.05810546875
3947017,41.80908203125
3948682,32.65380859375
3949109,34.912109375
3949353,45.41015625
3951684,35.58349609375
3951729,35.64453125
3951749,33.69140625
3951776,39.00146484375
3951802,44.0673828125
3951818,36.19384765625
3951832,40.4052734375
3951845,50.9033203125
3951871,32.04345703125
3951916,33.50830078125
3951935,43.9453125
3951992,49.13330078125
3952005,31.3720703125
3952029,36.4990234375
3952041,41.07666015625
3952064,32.8369140625
3952079,36.0107421875
3952115,37.29248046875
3952148,30.029296875
3952211,34.24072265625
3952223,33.203125
3952242,33.75244140625
3952309,31.6162109375
3952348,30.21240234375
3952359,35.2783203125
3952452,31.79931640625
3964778,31.494140625
4012982,30.029296875
4020408,32.1044921875
4024565,31.73828125
4025204,30.33447265625
4027878,30.21240234375
4031467,32.5927734375
4032468,37.53662109375
4033666,31.494140625
4036030,31.3720703125
4040996,36.68212890625
4045166,32.16552734375
4046358,31.55517578125
4048239,44.189453125
4048341,41.015625
4048453,44.7998046875
4051103,39.9169921875
4051780,33.447265625
4051910,35.82763671875
4055293,43.45703125
4056768,36.376953125
4058636,35.5224609375
4059980,36.865234375
4061137,35.0341796875
4062201,45.41015625
4065507,33.0810546875
4065594,45.34912109375
4065710,42.78564453125
4068796,45.95947265625
4072332,42.236328125
4072410,33.8134765625
4072502,35.888671875
4075712,33.935546875
4075834,32.3486328125
4075848,34.11865234375
4077710,38.330078125
4080517,31.67724609375
4080547,36.19384765625
4080565,30.82275390625
4080632,30.76171875
4084474,50.1708984375
4086985,39.97802734375
4087058,29.96826171875
4087092,51.94091796875
4087199,42.6025390625
4089944,41.07666015625
4090074,43.9453125
4092339,41.07666015625
4093924,52.490234375
4093990,44.98291015625
4094018,32.28759765625
4094035,31.005859375
4094064,32.8369140625
4099183,43.9453125
4099267,43.5791015625
4099362,30.029296875
4103958,32.958984375
4104037,43.27392578125
4104182,46.38671875
4108431,57.31201171875
4108495,42.3583984375
4108552,43.15185546875
4108567,30.76171875
4114796,42.724609375
4114868,44.0673828125
4118606,39.12353515625
4120723,54.62646484375
4120802,41.6259765625
4124387,50.84228515625
4124445,29.9072265625
4124491,39.0625
4124656,31.494140625
4129974,52.18505859375
4130062,36.0107421875
4130098,32.3486328125
4130127,36.80419921875
4130138,30.2734375
4130169,35.7666015625
4130184,32.8369140625
4130246,29.9072265625
4135754,65.24658203125
4135814,38.57421875
4135882,35.09521484375
4135941,33.0810546875
4136036,32.77587890625
4136161,32.3486328125
4140677,39.1845703125
4142935,42.66357421875
4143071,35.94970703125
4143106,38.63525390625
4148175,50.72021484375
4148241,31.92138671875
4148256,44.43359375
4148329,38.4521484375
4152350,54.0771484375
4152411,32.71484375
4152464,38.75732421875
4156437,64.88037109375
4156526,32.2265625
4156565,42.48046875
4160614,43.64013671875
4160698,52.24609375
4164300,47.05810546875
4164350,31.25
4164387,57.6171875
4164416,39.0625
4164433,36.7431640625
4164462,35.33935546875
4168856,45.10498046875
4171746,49.01123046875
4171805,35.33935546875
4171815,33.203125
4171857,38.75732421875
4171903,50.78125
4172128,38.39111328125
4176919,41.748046875
4176974,30.3955078125
4177022,35.888671875
4180897,45.8984375
4181029,40.46630859375
4185090,51.6357421875
4185190,36.92626953125
4185220,45.7763671875
4189986,58.4716796875
4190054,48.7060546875
4190079,30.6396484375
4190120,47.2412109375
4190137,40.34423828125
4195587,50.1708984375
4195646,30.82275390625
4195669,41.748046875
4195697,38.330078125
4195784,33.8134765625
4200644,40.4052734375
4204622,38.14697265625
4204632,33.447265625
4204676,60.6689453125
4204753,43.701171875
4204783,31.8603515625
4210047,53.5888671875
4210088,32.3486328125
4210103,49.74365234375
4210163,32.958984375
4210197,31.79931640625
4210207,33.0810546875
4210247,31.06689453125
4210380,39.00146484375
4216416,37.353515625
4216460,30.8837890625
4216489,41.9921875
4216522,32.77587890625
4216568,38.818359375
4216701,39.55078125
4221917,51.33056640625
4222074,48.03466796875
4222174,30.45654296875
4227178,39.55078125
4227241,31.06689453125
4227269,43.51806640625
4227315,33.87451171875
4227329,35.46142578125
4232583,57.7392578125
4232707,49.98779296875
4237167,46.0205078125
4237193,44.37255859375
4237235,40.52734375
4237274,32.40966796875
4237292,31.06689453125
4237365,35.09521484375
4243298,36.4990234375
4243448,40.771484375
4248903,54.6875
4248975,43.88427734375
4249011,48.40087890625
4249029,31.73828125
4249048,34.72900390625
4249080,40.52734375
4249113,47.79052734375
4249216,35.58349609375
4255258,48.828125
4255322,31.25
4255351,41.9921875
4260274,41.3818359375
4260335,42.54150390625
4260401,31.6162109375
4265938,40.4052734375
4266014,41.015625
4266041,33.3251953125
4266058,73.2421875
4266075,31.43310546875
4266111,32.958984375
4272033,60.9130859375
4272140,41.07666015625
4277124,41.56494140625
4283517,48.76708984375
4283549,31.982421875
4283576,40.95458984375
4283614,34.48486328125
4283637,48.4619140625
4283665,30.82275390625
4283687,40.71044921875
4283944,36.9873046875
4290612,44.49462890625
4290689,38.0859375
4290739,30.1513671875
4290773,38.818359375
4296205,46.7529296875
4296295,55.96923828125
4296421,41.259765625
4305368,41.93115234375
4305401,33.38623046875
4305441,45.5322265625
4305451,31.6162109375
4305495,48.4619140625
4305506,44.86083984375
4305524,30.8837890625
4305609,33.69140625
4305629,30.45654296875
4316855,34.66796875
4316906,31.494140625
4316976,43.212890625
4316996,30.3955078125
4317077,47.05810546875
4323327,39.85595703125
4323407,56.640625
4329427,48.095703125
4329515,31.494140625
4329531,41.259765625
4335018,62.744140625
4335103,43.212890625
4335156,42.48046875
4335182,36.07177734375
4341736,53.7109375
4341795,30.3955078125
4341868,61.95068359375
4348407,37.65869140625
4348489,47.91259765625
4348519,30.57861328125
4348562,41.32080078125
4354820,47.30224609375
4354897,47.7294921875
4354962,42.66357421875
4355049,42.54150390625
4361354,45.95947265625
4366899,57.92236328125
4366954,33.14208984375
4366965,41.32080078125
4366998,36.56005859375
4367029,43.76220703125
4374229,52.06298828125
4374295,44.7998046875
4374321,47.8515625
4374355,59.5703125
4374422,45.2880859375
4374525,36.19384765625
4381535,31.92138671875
4381623,43.8232421875
4381750,59.50927734375
4387956,30.82275390625
4388007,33.26416015625
4388053,32.470703125
4388072,57.43408203125
4394774,39.97802734375
4400771,43.76220703125
4400835,45.47119140625
4400883,33.50830078125
4400897,41.19873046875
4400923,34.72900390625
4400972,35.7666015625
4407993,30.45654296875
4413027,43.3349609375
4413049,30.45654296875
4413083,41.259765625
4413142,50.47607421875
4413256,41.6259765625
4420246,33.63037109375
4420343,49.74365234375
4420420,56.0302734375
4420559,41.56494140625
4427372,39.36767578125
4427516,43.9453125
4427799,40.283203125
4434658,49.4384765625
4434744,43.9453125
4440860,36.865234375
4447486,45.5322265625
4447517,30.029296875
4447552,49.9267578125
4447641,36.62109375
4455118,36.1328125
4455156,61.279296875
4455169,31.67724609375
4455224,51.025390625
4455274,35.64453125
4455320,44.0673828125
4462652,31.43310546875
4462665,30.3955078125
4462700,32.40966796875
4462711,33.99658203125
4462734,55.5419921875
4462759,30.09033203125
4462801,48.2177734375
4462863,31.67724609375
4470706,55.7861328125
4470793,47.42431640625
4477993,33.14208984375
4478062,48.583984375
4478185,49.8046875
4481279,31.73828125
4481335,56.15234375
4481395,38.26904296875
4481429,30.029296875
4481449,41.68701171875
4481487,40.46630859375
4481507,44.3115234375
4481530,30.21240234375
4481541,31.005859375
4488899,31.55517578125
4488923,30.8837890625
4488956,40.10009765625
4489004,37.9638671875
4489029,30.8837890625
4489097,33.0810546875
4489127,35.21728515625
4489182,37.78076171875
4497754,33.38623046875
4497821,33.3251953125
4497840,30.1513671875
4497861,53.77197265625
4497949,39.48974609375
4505279,55.419921875
4505316,30.33447265625
4505334,30.45654296875
4505352,30.33447265625
4505362,40.771484375
4505384,41.56494140625
4505403,35.2783203125
4505419,34.48486328125
4505454,58.10546875
4505465,34.5458984375
4505478,44.61669921875
4505562,35.09521484375
4505588,40.4052734375
4505609,36.07177734375
4505628,32.89794921875
4514262,43.8232421875
4514402,43.212890625
4514579,39.61181640625
4524642,51.025390625
4524686,33.69140625
4524735,53.28369140625
4524780,31.18896484375
4524826,32.958984375
4524980,31.1279296875
4525126,40.4052734375
4525297,34.0576171875
4536300,45.71533203125
4536338,32.5927734375
4536383,50.10986328125
4536446,33.8134765625
4536488,30.2734375
4536526,43.15185546875
4536677,33.63037109375
4544960,42.3583984375
4545063,46.5087890625
4560436,52.3681640625
4565457,30.70068359375
4565468,35.09521484375
4565503,36.0107421875
4565519,30.33447265625
4565538,59.02099609375
4565551,37.17041015625
4565616,37.17041015625
4565720,37.78076171875
4575983,49.6826171875
4576075,46.630859375
4584813,48.9501953125
4591193,48.88916015625
4591264,57.12890625
4591353,47.18017578125
4591364,32.2265625
4597430,45.5322265625
4597466,31.494140625
4597488,51.3916015625
4597511,33.99658203125
4597554,52.734375
4597578,49.13330078125
4597662,31.494140625
4597890,35.400390625
4606764,55.908203125
4613349,40.71044921875
4620981,31.18896484375
4621116,45.2880859375
4621264,30.2734375
4626286,34.7900390625
4626419,44.61669921875
4634224,31.1279296875
4634335,50.59814453125
4641853,42.29736328125
4641968,32.65380859375
4652451,30.517578125
4652464,47.54638671875
4652566,46.56982421875
4661458,46.56982421875
4661661,50.537109375
4672972,34.423828125
4672992,53.955078125
4673034,35.70556640625
4673096,39.73388671875
4673114,30.57861328125
4684049,53.3447265625
4684085,31.6162109375
4684148,51.57470703125
4698926,62.98828125
4718281,52.978515625
4718298,34.0576171875
4718453,46.93603515625
4734844,57.06787109375
4764937,52.734375
4782816,50.048828125
5081118,37.90283203125
5107537,43.701171875
5137476,43.45703125
5162298,57.4951171875
5164137,44.49462890625
5164214,49.49951171875
5164270,37.65869140625
5164290,37.04833984375
5164342,38.0859375
5164413,30.94482421875
5164481,34.3017578125
5164583,31.6162109375
5164763,32.53173828125
5165245,45.34912109375
5196876,46.81396484375
5220146,41.259765625
5222834,52.79541015625
5222924,41.19873046875
5223006,36.4990234375
5228155,38.2080078125
5228218,33.50830078125
5228318,36.31591796875
5228439,48.76708984375
5234050,34.1796875
5235658,43.39599609375
5235721,33.87451171875
5235783,55.23681640625
5235832,30.2734375
5235902,30.82275390625
5236201,36.92626953125
5242550,30.76171875
5242585,35.5224609375
5249244,44.5556640625
5249274,31.43310546875
5249286,37.90283203125
5249325,30.76171875
5249361,41.748046875
5249382,53.1005859375
5249409,33.87451171875
5249707,32.04345703125
5249806,30.1513671875
5255797,34.60693359375
5255869,59.9365234375
5255896,30.33447265625
5255930,36.56005859375
5255943,38.75732421875
5256031,35.0341796875
5256185,33.87451171875
5263561,49.31640625
5263634,42.29736328125
5263750,43.9453125
5263943,36.68212890625
5268699,55.908203125
5268755,34.11865234375
5268811,37.65869140625
5268829,33.26416015625
5269141,34.85107421875
5279605,45.2880859375
5281129,47.91259765625
5283581,42.96875
5283599,30.76171875
5283635,62.255859375
5283649,33.75244140625
5283674,35.15625
5283706,42.6025390625
5283726,30.21240234375
5283736,32.8369140625
5284106,30.70068359375
5284216,31.31103515625
5290074,40.283203125
5290222,42.96875
5290280,42.17529296875
5290355,36.376953125
5290499,36.376953125
5290745,38.75732421875
5293121,40.1611328125
5293189,35.7666015625
5293250,37.353515625
5293274,33.63037109375
5293300,34.1796875
5293675,31.3720703125
5298835,47.7294921875
5298957,39.306640625
5299035,34.36279296875
5299163,46.81396484375
5305301,36.43798828125
5305443,39.00146484375
5305501,30.2734375
5305571,39.97802734375
5305645,31.79931640625
5305813,31.6162109375
5310380,41.93115234375
5310625,37.41455078125
5310696,42.17529296875
5310858,37.29248046875
5311000,34.7900390625
5314533,42.236328125
5317357,52.6123046875
5317411,39.306640625
5317460,34.48486328125
5317498,30.2734375
5317531,31.43310546875
5317644,29.96826171875
5317892,32.3486328125
5323896,50.59814453125
5324017,32.28759765625
5324277,37.53662109375
5327949,44.677734375
5328295,37.59765625
5332031,37.17041015625
5332270,48.88916015625
5332345,35.888671875
5332496,40.46630859375
5336694,51.3916015625
5336953,46.32568359375
5337103,36.68212890625
5341262,40.22216796875
5341338,44.25048828125
5341372,30.33447265625
5341530,40.10009765625
5346415,43.701171875
5346483,59.63134765625
5346531,31.31103515625
5346586,40.34423828125
5347023,33.447265625
5352418,36.19384765625
5352683,30.517578125
5352793,37.29248046875
5352922,33.3251953125
5357722,43.02978515625
5357804,55.17578125
5357887,33.63037109375
5361550,40.52734375
5361702,40.10009765625
5361796,43.51806640625
5361909,30.45654296875
5365999,46.142578125
5366112,42.8466796875
5366173,32.71484375
5366219,32.77587890625
5366231,32.53173828125
5366277,40.22216796875
5366396,31.92138671875
5366673,35.58349609375
5371201,39.73388671875
5371350,33.3251953125
5371443,36.376953125
5371533,34.11865234375
5371663,30.76171875
5375986,48.4619140625
5376404,47.30224609375
5376554,36.0107421875
5380008,35.58349609375
5380115,41.6259765625
5380203,33.0810546875
5384001,51.45263671875
5384091,53.5888671875
5384160,33.447265625
5388623,41.93115234375
5388775,38.51318359375
5395866,51.26953125
5395945,51.45263671875
5396014,35.94970703125
5396138,33.63037109375
5399842,44.49462890625
5400439,33.447265625
5404780,42.3583984375
5404854,42.17529296875
5404912,30.76171875
5405018,29.96826171875
5411752,41.6259765625
5411806,46.142578125
5411868,43.88427734375
5411887,33.63037109375
5411933,33.3251953125
5412019,30.8837890625
5412189,33.935546875
5419647,47.18017578125
5419715,39.85595703125
5419772,44.921875
5419803,39.55078125
5419825,36.2548828125
5419985,29.9072265625
5424497,35.46142578125
5424624,39.306640625
5424702,31.55517578125
5424794,39.61181640625
5428956,38.330078125
5429046,45.41015625
5429242,39.55078125
5433850,48.03466796875
5433973,48.2177734375
5434106,36.9873046875
5437683,38.26904296875
5437817,44.98291015625
5437933,36.7431640625
5441742,42.8466796875
5442230,44.0673828125
5445929,52.978515625
5445997,44.25048828125
5446078,30.76171875
5446154,31.73828125
5450682,41.6259765625
5450779,50.29296875
5450857,33.0810546875
5450952,39.0625
5457148,56.33544921875
5457200,32.71484375
5457264,37.53662109375
5457332,32.40966796875
5457411,30.70068359375
5457513,36.43798828125
5461924,44.00634765625
5462035,32.958984375
5462106,30.8837890625
5462175,32.5927734375
5462265,34.36279296875
5462427,34.66796875
5468805,54.38232421875
5468864,45.22705078125
5468908,38.26904296875
5468919,35.15625
5468969,43.88427734375
5468997,47.36328125
5469011,40.283203125
5469165,31.3720703125
5469587,30.57861328125
5475499,54.62646484375
5475630,40.771484375
5475783,38.0859375
5475888,35.7666015625
5476099,36.2548828125
5481282,42.1142578125
5481385,39.9169921875
5481486,40.771484375
5485456,38.6962890625
5485544,43.27392578125
5485654,48.64501953125
5489397,42.96875
5489625,45.22705078125
5489693,50.78125
5493465,30.33447265625
5493608,42.54150390625
5497646,44.3115234375
5497704,45.22705078125
5497749,31.67724609375
5497773,30.1513671875
5497800,31.005859375
5497827,36.07177734375
5497842,35.64453125
5497870,30.2734375
5497995,31.005859375
5498134,30.82275390625
5503822,41.748046875
5504119,42.05322265625
5508220,50.29296875
5508332,36.865234375
5508439,33.5693359375
5512598,40.10009765625
5512717,40.0390625
5512784,33.935546875
5512910,32.8369140625
5517491,39.00146484375
5517606,37.78076171875
5517693,42.1142578125
5517765,50.1708984375
5522697,41.1376953125
5522769,32.65380859375
5522837,35.5224609375
5522909,42.1142578125
5523015,30.3955078125
5527547,40.52734375
5527725,54.62646484375
5527794,40.52734375
5531882,35.21728515625
5531971,36.4990234375
5532038,38.57421875
5532109,32.65380859375
5532183,32.89794921875
5532305,31.18896484375
5537607,41.6259765625
5537716,37.353515625
5537782,31.982421875
5537802,45.166015625
5537824,30.1513671875
5537845,32.16552734375
5537880,38.26904296875
5538084,35.400390625
5538163,30.6396484375
5542993,52.30712890625
5543070,39.36767578125
5543224,31.3720703125
5543341,35.46142578125
5543419,30.45654296875
5547336,34.912109375
5547534,48.4619140625
5547596,35.33935546875
5547680,33.14208984375
5551549,33.26416015625
5551597,35.21728515625
5551613,34.912109375
5551700,49.86572265625
5551911,30.76171875
5555782,60.85205078125
5556016,44.73876953125
5559387,51.513671875
5559479,33.50830078125
5559573,41.32080078125
5559679,33.50830078125
5563517,48.03466796875
5563592,51.45263671875
5563628,31.73828125
5563733,33.3251953125
5563816,30.8837890625
5568503,45.59326171875
5568574,31.494140625
5568660,36.2548828125
5568746,31.92138671875
5568848,32.470703125
5573431,40.1611328125
5573614,40.46630859375
5577010,50.59814453125
5577083,45.7763671875
5577194,45.83740234375
5577217,36.0107421875
5580955,51.45263671875
5581038,36.9873046875
5581102,30.517578125
5581358,32.8369140625
5585778,50.78125
5585850,39.12353515625
5585905,41.8701171875
5585931,29.96826171875
5585992,31.494140625
5586040,35.70556640625
5586058,33.0810546875
5586087,33.203125
5586529,31.1279296875
5591849,31.67724609375
5591904,41.68701171875
5595409,39.61181640625
5598862,43.0908203125
5598928,32.470703125
5598994,35.5224609375
5599062,31.982421875
5599129,36.19384765625
5599368,31.31103515625
5603536,43.64013671875
5606163,40.52734375
5606295,43.45703125
5606418,37.4755859375
5609745,39.97802734375
5609856,39.97802734375
5613427,38.6962890625
5613574,38.87939453125
5613816,31.6162109375
5616724,30.33447265625
5616812,53.955078125
5616937,42.54150390625
5617030,36.31591796875
5621055,47.66845703125
5621135,30.33447265625
5621145,30.3955078125
5621226,40.8935546875
5621236,33.3251953125
5621298,31.3720703125
5625289,46.32568359375
5625380,36.68212890625
5625515,34.24072265625
5629017,54.26025390625
5632078,57.92236328125
5632175,36.31591796875
5632309,35.94970703125
5635858,35.5224609375
5638751,38.39111328125
5638861,31.31103515625
5638950,38.6962890625
5639056,34.72900390625
5642922,41.93115234375
5643046,42.96875
5646273,30.029296875
5646469,52.24609375
5646555,41.07666015625
5646677,44.43359375
5650199,36.865234375
5650324,32.04345703125
5650404,32.40966796875
5654345,43.15185546875
5654428,47.36328125
5654516,31.67724609375
5658342,56.94580078125
5661457,53.955078125
5664616,52.06298828125
5664725,51.81884765625
5664788,30.1513671875
5664813,50.84228515625
5664936,39.36767578125
5668761,40.58837890625
5668876,31.06689453125
5668981,36.2548828125
5669190,42.48046875
5675731,40.6494140625
5675902,34.912109375
5679125,40.8935546875
5679423,47.36328125
5682419,44.0673828125
5682520,47.30224609375
5682551,29.9072265625
5682585,39.24560546875
5682655,29.9072265625
5682707,34.7900390625
5687636,37.7197265625
5690828,50.23193359375
5694038,46.9970703125
5697399,52.06298828125
5697484,59.50927734375
5697559,49.6826171875
5697572,37.2314453125
5697617,30.8837890625
5697684,34.66796875
5709310,47.8515625
5709377,29.96826171875
5709406,54.13818359375
5709495,36.80419921875
5709578,34.423828125
5714217,32.53173828125
5717879,46.44775390625
5720764,48.52294921875
5724003,47.2412109375
5726966,40.8935546875
5730100,41.80908203125
5730183,48.03466796875
5730283,54.62646484375
5734560,45.0439453125
5734666,40.1611328125
5734745,41.9921875
5734814,39.9169921875
5734866,30.94482421875
5734927,37.04833984375
5745802,46.142578125
5748758,50.9033203125
5748844,57.0068359375
5748898,33.935546875
5748947,33.38623046875
5749026,35.70556640625
5749041,33.935546875
5749089,29.9072265625
5749413,30.6396484375
5749590,30.029296875
5768080,39.12353515625
5773819,52.734375
5773926,48.2177734375
5774018,42.724609375
5774088,36.1328125
5774122,30.70068359375
5774158,30.1513671875
5783423,37.59765625
5787524,42.6025390625
5794377,52.978515625
5794519,54.13818359375
5794625,39.48974609375
5802533,45.0439453125
5802641,47.79052734375
5802689,45.59326171875
5802762,30.2734375
5808915,49.1943359375
5809034,43.02978515625
5816112,40.71044921875
5816194,46.9970703125
5816257,40.71044921875
5816278,35.888671875
5816309,42.66357421875
5816326,33.5693359375
5816359,29.96826171875
5837097,55.48095703125
5837196,44.0673828125
5837354,50.78125
5844762,62.56103515625
5844826,46.2646484375
5844853,36.9873046875
5844887,34.97314453125
5844905,37.17041015625
5844939,38.4521484375
5844977,38.87939453125
5844987,32.16552734375
5845011,31.06689453125
5845068,33.99658203125
5845102,30.94482421875
5845141,31.31103515625
5845182,30.82275390625
5845212,29.9072265625
5854885,45.34912109375
5856154,34.48486328125
5861986,45.2880859375
5862804,33.50830078125
5867204,35.2783203125
5870846,37.109375
5874987,50.9033203125
5875110,55.5419921875
5875168,43.51806640625
5875218,41.07666015625
5875248,39.12353515625
5875276,38.2080078125
5875306,35.2783203125
5875319,39.6728515625
5875345,34.0576171875
5875373,32.2265625
5875401,38.330078125
5875457,41.1376953125
5875539,33.8134765625
5875562,36.31591796875
5875582,68.05419921875
5875622,36.0107421875
5875660,31.005859375
5875683,32.16552734375
5875698,38.14697265625
5875790,30.76171875
5875909,31.67724609375
5880419,33.87451171875
5882306,30.8837890625
5882624,32.16552734375
5883505,32.470703125
5884383,36.7431640625
5886146,30.45654296875
5888401,33.5693359375
5888872,34.1796875
5890367,33.02001953125
5891111,30.21240234375
5891572,30.82275390625
5891953,30.94482421875
5893076,30.517578125
5894549,34.912109375
5894956,36.9873046875
5895643,37.29248046875
5897046,30.57861328125
5897345,38.0859375
5897747,30.3955078125
5900292,41.07666015625
5902209,36.865234375
5902952,35.2783203125
5904594,32.53173828125
5906880,36.07177734375
5909827,39.97802734375
5912274,32.2265625
5915104,39.73388671875
5917375,44.12841796875
5917734,40.771484375
5920351,35.94970703125
5923442,34.0576171875
5926255,38.818359375
5926601,39.794921875
5928754,37.41455078125
5932166,36.9873046875
5932397,52.490234375
5935698,49.62158203125
5935796,30.517578125
5935852,43.0908203125
5935907,32.71484375
5935980,30.6396484375
5941981,41.6259765625
5942120,42.1142578125
5942142,31.43310546875
5942159,33.14208984375
5942196,39.73388671875
5942212,31.43310546875
5942261,44.61669921875
5942310,39.1845703125
5942337,40.0390625
5942380,31.67724609375
5942397,30.33447265625
5942457,33.75244140625
5948398,38.818359375
5948600,33.5693359375
5948708,30.45654296875
5948732,31.55517578125
5956209,40.52734375
5956237,35.888671875
5956303,45.0439453125
5956360,47.79052734375
5956382,30.45654296875
5956403,35.2783203125
5956431,30.94482421875
5956453,45.47119140625
5956471,38.14697265625
5956505,38.87939453125
5956520,53.3447265625
5956532,31.494140625
5956594,48.7060546875
5956606,30.82275390625
5956635,52.1240234375
5956661,29.96826171875
5956688,30.94482421875
5956709,33.50830078125
5956749,33.75244140625
5956779,35.888671875
5956820,51.81884765625
5956891,30.3955078125
5956918,40.83251953125
5957029,33.02001953125
5957106,36.7431640625
5957249,34.36279296875
5966092,32.65380859375
5966910,37.2314453125
5970811,34.423828125
5972007,31.55517578125
5974883,35.7666015625
5979660,31.18896484375
5983567,30.70068359375
5983749,31.31103515625
5983772,38.57421875
5987214,34.7900390625
5988176,31.43310546875
5992936,39.55078125
5993086,41.1376953125
6001031,43.8232421875
6001335,49.9267578125
6001466,39.9169921875
6013105,39.9169921875
6015446,46.32568359375
6015542,37.353515625
6015583,35.15625
6015617,35.7666015625
6015635,49.25537109375
6015668,60.11962890625
6015688,32.53173828125
6015716,45.654296875
6015726,42.66357421875
6015764,36.865234375
6015877,43.8232421875
6015949,31.31103515625
6025047,29.9072265625
6030118,36.68212890625
6030247,44.98291015625
6030268,30.70068359375
6030318,32.16552734375
6030339,48.64501953125
6030357,33.63037109375
6030374,37.7197265625
6030384,34.85107421875
6030414,30.8837890625
6030460,36.7431640625
6030493,41.32080078125
6030632,39.97802734375
6036468,44.7998046875
6042041,43.64013671875
6042234,41.19873046875
6042383,43.45703125
6049271,46.0205078125
6054108,52.42919921875
6054143,32.04345703125
6054169,33.5693359375
6054203,43.02978515625
6054230,42.54150390625
6054254,44.73876953125
6054265,60.302734375
6054277,40.6494140625
6054322,31.25
6054343,45.95947265625
6054419,37.841796875
6054442,35.70556640625
6065772,46.69189453125
6065849,47.18017578125
6065873,48.64501953125
6065896,42.54150390625
6065925,54.74853515625
6065956,38.4521484375
6065995,37.353515625
6066024,40.4052734375
6066045,36.9873046875
6066103,36.43798828125
6066252,34.85107421875
6078072,37.841796875
6078140,34.423828125
6078166,37.109375
6078196,34.66796875
6078256,38.14697265625
6078278,42.54150390625
6078306,34.912109375
6078335,35.64453125
6086218,37.17041015625
6086298,36.68212890625
6086330,43.39599609375
6086402,30.09033203125
6086472,31.43310546875
6086490,35.15625
6093098,42.48046875
6098640,55.11474609375
6098689,31.6162109375
6098715,40.71044921875
6098738,56.21337890625
6098755,46.93603515625
6098782,40.4052734375
6098804,32.40966796875
6098828,41.93115234375
6098852,36.376953125
6098914,36.31591796875
6098936,33.3251953125
6099019,35.33935546875
6099031,48.4619140625
6099077,30.09033203125
6099168,38.63525390625
6099260,32.5927734375
6099379,32.65380859375
6117361,46.0205078125
6117387,32.3486328125
6117456,44.25048828125
6117469,32.958984375
6117492,32.16552734375
6117518,33.75244140625
6117547,75.01220703125
6117578,31.6162109375
6117686,31.494140625
6125055,30.1513671875
6125134,30.45654296875
6125249,33.5693359375
6125326,58.53271484375
6125386,32.16552734375
6125398,44.25048828125
6132675,49.25537109375
6132774,38.63525390625
6140148,30.517578125
6140175,31.55517578125
6140242,31.31103515625
6140256,48.27880859375
6140283,47.18017578125
6140316,40.8935546875
6140332,46.7529296875
6140351,39.55078125
6140371,41.6259765625
6140407,37.65869140625
6140440,42.96875
6140568,31.982421875
6148903,30.09033203125
6149062,31.79931640625
6149082,51.26953125
6156243,65.36865234375
6156284,34.423828125
6156313,44.677734375
6156324,38.63525390625
6156351,33.0810546875
6156378,35.888671875
6156402,32.3486328125
6156427,44.7998046875
6156446,40.22216796875
6156457,33.5693359375
6156519,32.5927734375
6156667,35.21728515625
6168244,29.96826171875
6168266,40.4052734375
6168295,40.46630859375
6168306,33.14208984375
6168336,32.3486328125
6168358,38.75732421875
6168377,44.5556640625
6168391,49.4384765625
6168408,33.3251953125
6168446,31.005859375
6168461,41.19873046875
6168472,31.8603515625
6168498,63.720703125
6168542,40.283203125
6168687,37.90283203125
6182720,45.95947265625
6182742,30.45654296875
6182852,41.1376953125
6182863,32.71484375
6182894,35.58349609375
6183076,29.96826171875
6197217,58.59375
6197312,42.1142578125
6197370,51.81884765625
6197456,32.8369140625
6205236,44.73876953125
6205280,31.06689453125
6205323,37.29248046875
6205361,54.74853515625
6205436,42.05322265625
6221327,56.396484375
6221402,34.0576171875
6221424,33.69140625
6221464,36.19384765625
6221494,48.4619140625
6221533,36.376953125
6221557,36.865234375
6230605,35.09521484375
6230642,41.07666015625
6230667,30.029296875
6230717,30.6396484375
6230762,45.59326171875
6230793,35.2783203125
6230842,30.09033203125
6230900,31.79931640625
6230991,30.09033203125
6246939,34.97314453125
6247003,41.9921875
6247040,33.99658203125
6247070,31.79931640625
6247126,35.70556640625
6247166,43.15185546875
6247201,37.841796875
6247221,56.5185546875
6247266,34.60693359375
6247293,34.1796875
6247311,32.5927734375
6260120,60.1806640625
6268328,42.48046875
6268339,31.3720703125
6268544,43.27392578125
6284576,47.66845703125
6284596,32.16552734375
6284612,30.2734375
6284655,41.748046875
6284767,45.7763671875
6294185,31.67724609375
6294225,30.517578125
6305003,57.9833984375
6305029,34.3017578125
6305059,31.92138671875
6305169,57.43408203125
6305291,40.71044921875
6318527,30.45654296875
6318583,39.4287109375
6318633,30.82275390625
6318735,32.1044921875
6330801,51.26953125
6330958,32.5927734375
6331110,37.41455078125
6341998,41.9921875
6414183,39.0625
6414352,34.0576171875
6508897,36.62109375
6599383,50.35400390625
6612950,60.48583984375
6613020,38.330078125
6626584,39.36767578125
6630005,51.81884765625
6630050,38.4521484375
6630085,31.494140625
6655218,41.93115234375
6656495,37.9638671875
6656563,52.734375
6656578,43.0908203125
6670333,41.07666015625
6670346,42.54150390625
6670405,39.1845703125
6670441,32.89794921875
6683884,44.5556640625
6684258,71.10595703125
6684268,33.203125
6684297,39.85595703125
6684313,34.3017578125
6684342,52.001953125
6703139,41.80908203125
6703152,46.875
6703175,60.05859375
6703213,75.8056640625
6703232,37.109375
6703255,35.46142578125
6703282,52.06298828125
6703297,35.21728515625
6703428,41.56494140625
6703567,40.22216796875
6715256,41.56494140625
6719819,56.5185546875
6719834,31.1279296875
6719871,41.68701171875
6719896,67.93212890625
6719927,50.1708984375
6720007,33.75244140625
6720039,34.3017578125
6720180,35.94970703125
6733553,37.17041015625
6733565,32.3486328125
6733590,36.56005859375
6733625,36.7431640625
6733637,51.1474609375
6733667,31.06689453125
6733682,60.11962890625
6733704,46.0205078125
6734000,31.494140625
6734095,30.94482421875
6734214,37.109375
6743176,39.306640625
6745038,40.1611328125
6745294,53.5888671875
6745331,55.419921875
6745374,39.0625
6745392,38.26904296875
6745613,32.77587890625
6757382,45.166015625
6757419,52.1240234375
6757452,42.236328125
6757476,46.32568359375
6757496,31.005859375
6757516,38.6962890625
6757536,39.794921875
6757611,37.841796875
6757903,30.76171875
6758292,39.306640625
6765463,41.80908203125
6767309,47.2412109375
6770702,48.828125
6771577,58.349609375
6771609,36.43798828125
6771638,44.12841796875
6771657,41.80908203125
6771676,41.748046875
6771709,31.1279296875
6771725,35.58349609375
6771765,39.36767578125
6781001,37.29248046875
6781546,43.9453125
6782204,41.9921875
6784198,32.470703125
6784851,45.47119140625
6785659,45.71533203125
6786362,37.9638671875
6788481,48.33984375
6788504,32.04345703125
6788531,39.9169921875
6788555,48.64501953125
6788572,43.51806640625
6788612,43.8232421875
6788640,37.78076171875
6788672,34.36279296875
6788688,39.4287109375
6788719,32.04345703125
6788767,33.63037109375
6788781,30.82275390625
6788822,33.75244140625
6788878,33.99658203125
6788898,34.60693359375
6788914,31.005859375
6788963,34.3017578125
6789022,38.4521484375
6789131,38.75732421875
6794662,32.28759765625
6796126,30.1513671875
6799714,30.45654296875
6802217,31.1279296875
6810482,31.67724609375
6813315,30.2734375
6813806,30.6396484375
6814535,30.57861328125
6816922,32.470703125
6818132,30.33447265625
6819780,30.1513671875
6820311,30.517578125
6820411,34.1796875
6825176,29.96826171875
6830093,31.73828125
6831505,33.99658203125
6831762,33.8134765625
6833471,35.400390625
6833930,31.55517578125
6834329,38.63525390625
6834675,33.14208984375
6834925,30.76171875
6835012,33.5693359375
6835031,35.888671875
6835067,30.70068359375
6835092,30.76171875
6835147,38.2080078125
6838123,30.8837890625
6839007,33.0810546875
6839322,31.005859375
6841270,38.75732421875
6841702,31.1279296875
6842010,35.58349609375
6843039,30.33447265625
6844174,33.447265625
6844427,30.21240234375
6845041,32.65380859375
6845070,36.92626953125
6845109,30.029296875
6845182,52.001953125
6845205,34.11865234375
6845226,30.029296875
6845252,30.517578125
6847647,37.78076171875
6848190,33.69140625
6848569,37.65869140625
6849858,36.92626953125
6850157,31.1279296875
6851161,32.3486328125
6851932,33.99658203125
6852433,31.982421875
6852808,32.470703125
6854047,33.50830078125
6854568,33.99658203125
6854838,42.90771484375
6854867,36.4990234375
6854908,36.92626953125
6854941,40.34423828125
6854963,37.53662109375
6854977,33.5693359375
6855004,54.3212890625
6855018,31.1279296875
6858428,34.423828125
6858921,33.87451171875
6859198,36.68212890625
6860829,32.8369140625
6861424,37.9638671875
6862750,32.28759765625
6863280,30.8837890625
6864031,33.203125
6864354,44.7998046875
6864391,42.05322265625
6864406,30.76171875
6864431,47.7294921875
6864445,30.70068359375
6864458,40.8935546875
6864468,38.2080078125
6864516,47.18017578125
6864536,32.8369140625
6864556,37.353515625
6864624,33.87451171875
6864653,34.66796875
6864663,32.40966796875
6868892,31.005859375
6869236,31.31103515625
6869682,30.45654296875
6870957,32.04345703125
6871982,30.82275390625
6872446,31.67724609375
6872740,36.31591796875
6873331,31.005859375
6873430,36.1328125
6873527,31.982421875
6876385,29.9072265625
6877110,37.17041015625
6877342,39.6728515625
6877512,33.50830078125
6877625,41.32080078125
6877672,30.2734375
6879954,37.109375
6880631,30.3955078125
6882925,35.0341796875
6883211,38.0859375
6884334,45.83740234375
6885817,41.3818359375
6886308,39.9169921875
6886360,35.58349609375
6886385,35.09521484375
6886402,39.306640625
6886425,54.8095703125
6886437,32.40966796875
6886468,30.1513671875
6886505,44.189453125
6886542,34.0576171875
6889110,32.3486328125
6891448,32.53173828125
6891725,31.55517578125
6892487,38.0859375
6892889,30.3955078125
6893782,40.71044921875
6893881,35.64453125
6893903,39.12353515625
6893959,36.19384765625
6894027,33.87451171875
6894044,47.9736328125
6894085,39.97802734375
6894113,34.3017578125
6894209,39.1845703125
6898520,30.517578125
6899333,31.18896484375
6899518,31.43310546875
6900022,31.005859375
6901712,34.11865234375
6901768,31.79931640625
6901799,31.55517578125
6904193,33.69140625
6904851,32.8369140625
6905054,31.43310546875
6905463,32.40966796875
6905530,30.21240234375
6909332,40.771484375
6909569,33.38623046875
6909680,33.14208984375
6909814,37.9638671875
6910012,30.2734375
6912824,35.33935546875
6913068,50.10986328125
6913292,30.57861328125
6913399,35.46142578125
6913412,30.029296875
6913488,30.1513671875
6917092,39.306640625
6917164,36.7431640625
6917236,40.71044921875
6917283,38.51318359375
6917317,30.33447265625
6917338,32.958984375
6917385,30.57861328125
6917406,31.005859375
6917430,47.18017578125
6917450,30.8837890625
6917475,39.48974609375
6917503,48.64501953125
6917533,30.33447265625
6917565,31.31103515625
6917588,35.46142578125
6917653,31.25
6923537,32.8369140625
6923808,38.2080078125
6925526,38.57421875
6927079,32.5927734375
6927345,36.2548828125
6927787,31.8603515625
6930395,34.7900390625
6930489,36.865234375
6933682,33.63037109375
6934064,32.958984375
6934735,32.40966796875
6937419,37.04833984375
6938030,37.65869140625
6938197,32.958984375
6938455,33.50830078125
6940434,33.935546875
6940513,39.36767578125
6940546,30.94482421875
6940621,29.9072265625
6940634,31.8603515625
6940663,41.32080078125
6940740,38.0859375
6940754,60.36376953125
6940776,36.43798828125
6940807,36.2548828125
6940846,41.8701171875
6940866,35.2783203125
6940886,34.48486328125
6940934,35.58349609375
6940953,48.15673828125
6941020,33.75244140625
6941092,30.6396484375
6941230,31.25
6951675,31.31103515625
6952520,31.18896484375
6954885,32.04345703125
6955431,31.3720703125
6958308,30.09033203125
6967800,32.65380859375
6973074,34.11865234375
6973213,30.09033203125
6984071,30.76171875
6985024,30.70068359375
6985444,30.21240234375
6988645,38.9404296875
6990836,35.82763671875
6993521,40.71044921875
6993851,32.8369140625
6996733,34.11865234375
6997193,39.73388671875
6999216,37.90283203125
6999584,35.58349609375
7002285,35.888671875
7004827,32.71484375
7004976,38.6962890625
7005042,29.9072265625
7005098,40.58837890625
7009075,33.5693359375
7011223,41.56494140625
7011456,41.68701171875
7014499,35.82763671875
7017678,43.27392578125
7020481,34.60693359375
7020757,36.2548828125
7024340,40.46630859375
7027355,37.17041015625
7027491,52.1240234375
7027513,30.57861328125
7027568,37.353515625
7027697,31.92138671875
7031994,41.56494140625
7035202,44.61669921875
7035324,43.9453125
7039771,52.734375
7039900,38.02490234375
7044244,43.212890625
7044375,31.79931640625
7044425,46.69189453125
7049019,39.6728515625
7049078,30.2734375
7049115,38.818359375
7049187,30.1513671875
7049221,40.771484375
7049259,31.6162109375
7054340,41.748046875
7054435,46.875
7054456,33.63037109375
7054504,34.5458984375
7054553,32.40966796875
7059869,47.8515625
7059983,39.97802734375
7060098,40.771484375
7064926,51.33056640625
7064972,31.25
7065004,42.78564453125
7065076,34.11865234375
7065099,31.67724609375
7065159,30.8837890625
7065184,35.7666015625
7070360,47.30224609375
7070461,38.6962890625
7070572,32.470703125
7075701,41.6259765625
7075780,42.6025390625
7075836,50.048828125
7075872,35.2783203125
7075921,40.0390625
7075957,35.09521484375
7075979,31.06689453125
7082172,52.734375
7082255,30.57861328125
7082304,42.724609375
7082407,33.69140625
7086968,30.33447265625
7087239,53.1005859375
7087326,39.36767578125
7087385,33.50830078125
7087415,30.82275390625
7087495,36.7431640625
7093123,48.9501953125
7093212,49.49951171875
7098131,46.56982421875
7098228,41.748046875
7098313,41.9921875
7098358,30.09033203125
7104077,42.41943359375
7104230,61.58447265625
7104274,33.203125
7104316,52.490234375
7104534,30.517578125
7111456,48.40087890625
7115504,52.18505859375
7115622,42.17529296875
7115656,34.36279296875
7115803,43.0908203125
7120936,45.71533203125
7125692,46.2646484375
7125862,33.26416015625
7125892,40.4052734375
7125926,31.43310546875
7125999,31.982421875
7132201,40.52734375
7132299,45.83740234375
7132337,38.75732421875
7132377,52.67333984375
7132444,38.75732421875
7138558,38.4521484375
7138696,38.26904296875
7143278,38.330078125
7143339,48.15673828125
7143412,35.888671875
7143440,44.43359375
7143471,30.82275390625
7143558,31.67724609375
7149722,55.72509765625
7149838,46.875
7149919,39.9169921875
7155279,30.3955078125
7155389,50.72021484375
7155470,35.33935546875
7155497,35.94970703125
7155584,33.87451171875
7161276,44.49462890625
7161384,56.884765625
7161473,41.80908203125
7161553,33.99658203125
7167497,44.0673828125
7167592,49.31640625
7167669,37.7197265625
7167719,33.447265625
7167732,32.8369140625
7173534,32.89794921875
7173567,48.88916015625
7173672,40.95458984375
7173765,35.5224609375
7179873,34.912109375
7179891,33.26416015625
7179937,33.50830078125
7179982,29.9072265625
7179995,43.15185546875
7180049,38.57421875
7180080,33.3251953125
7180094,41.9921875
7180119,39.24560546875
7187826,44.61669921875
7191462,37.7197265625
7195296,39.306640625
7195498,33.8134765625
7204207,39.9169921875
7208654,53.28369140625
7208737,52.55126953125
7208828,34.7900390625
7214549,46.32568359375
7225249,53.5888671875
7225277,38.75732421875
7225325,33.3251953125
7225375,43.51806640625
7225408,39.4287109375
7225483,39.12353515625
7225496,30.57861328125
7225533,36.376953125
7225557,31.92138671875
7225618,33.38623046875
7225678,33.99658203125
7237153,50.537109375
7237252,39.4287109375
7237278,33.87451171875
7237318,39.61181640625
7237417,39.9169921875
7248187,32.16552734375
7248280,34.1796875
7248363,33.3251953125
7248422,32.40966796875
7248494,36.865234375
7255636,38.26904296875
7260923,32.8369140625
7260937,37.29248046875
7260966,31.25
7260991,39.48974609375
7261057,34.72900390625
7261112,38.63525390625
7261193,34.912109375
7261297,37.17041015625
7273700,51.57470703125
7273833,35.15625
7280267,46.93603515625
7280477,46.32568359375
7286568,46.32568359375
7286750,42.8466796875
7293684,43.5791015625
7293726,35.400390625
7293757,35.09521484375
7293785,32.71484375
7293816,40.1611328125
7293861,30.82275390625
7293879,40.95458984375
7293915,37.04833984375
7294006,33.26416015625
7294044,30.09033203125
7294213,32.04345703125
7311996,46.38671875
7323950,50.47607421875
7324034,35.15625
7324094,30.09033203125
7324104,43.39599609375
7324134,42.3583984375
7324171,31.6162109375
7324195,38.75732421875
7324290,30.94482421875
7332113,49.072265625
7338215,33.99658203125
7338315,54.38232421875
7338341,34.24072265625
7338395,45.654296875
7338432,30.1513671875
7338471,37.90283203125
7338649,33.87451171875
7351882,59.02099609375
7351996,30.3955078125
7352007,48.15673828125
7352098,42.78564453125
7352240,32.40966796875
7366738,40.4052734375
7366847,40.6494140625
7366860,31.31103515625
7382389,47.18017578125
7382484,61.03515625
7382529,35.82763671875
7382564,46.2646484375
7382637,36.4990234375
7382745,33.0810546875
7392635,56.21337890625
7392781,38.14697265625
7402040,41.80908203125
7402147,37.78076171875
7402269,49.62158203125
7418413,50.23193359375
7418526,46.69189453125
7428279,52.06298828125
7438594,49.49951171875
7438771,52.79541015625
7472911,58.4716796875
7652239,46.7529296875
7653447,42.6025390625
7671345,30.8837890625
7676808,47.66845703125
7680849,47.18017578125
7681048,33.99658203125
7681194,40.1611328125
7681365,43.27392578125
7687837,44.43359375
7687883,30.94482421875
7708923,46.81396484375
7709167,38.818359375
7709475,58.10546875
7717821,37.04833984375
7718059,46.56982421875
7718247,45.0439453125
7718543,53.1005859375
7730493,45.22705078125
7730724,39.36767578125
7730932,42.78564453125
7731211,39.6728515625
7736786,49.1943359375
7740279,43.212890625
7740548,50.96435546875
7740717,44.921875
7747753,51.08642578125
7747873,30.517578125
7747931,39.36767578125
7748122,36.62109375
7748339,42.6025390625
7756274,37.78076171875
7756619,50.23193359375
7764036,49.560546875
7764393,41.748046875
7764665,46.38671875
7765679,44.00634765625
7765773,34.5458984375
7765824,31.982421875
7771365,46.20361328125
7771816,42.41943359375
7773505,48.33984375
7780231,54.13818359375
7780305,47.36328125
7780380,41.32080078125
7780551,30.94482421875
7780637,35.33935546875
7780880,35.5224609375
7781100,39.1845703125
7789208,43.51806640625
7789695,38.2080078125
7794565,44.73876953125
