11999000,0
5182,20.93505859375
12057,24.658203125
17229,20.99609375
21238,20.751953125
27396,19.1650390625
30427,22.52197265625
34832,20.99609375
43624,18.61572265625
47328,20.8740234375
54500,22.0947265625
63124,23.25439453125
67946,24.2919921875
71352,23.681640625
77140,20.20263671875
82479,18.61572265625
90426,19.71435546875
96769,24.23095703125
102464,16.9677734375
109216,16.9677734375
111972,16.78466796875
120676,21.42333984375
125795,17.63916015625
131707,20.8740234375
137929,20.3857421875
144471,24.35302734375
150665,23.681640625
155067,17.63916015625
159898,23.5595703125
168061,18.798828125
172998,18.9208984375
177522,19.287109375
184545,19.95849609375
189446,19.83642578125
195501,22.0947265625
199948,23.681640625
206038,19.71435546875
214442,17.7001953125
221039,22.705078125
229834,17.4560546875
235231,23.37646484375
241976,20.99609375
249995,24.47509765625
254928,19.59228515625
259165,21.1181640625
267138,22.52197265625
271612,20.8740234375
277998,22.64404296875
286319,19.59228515625
292439,21.240234375
297475,21.78955078125
302230,17.08984375
308845,24.658203125
314902,22.27783203125
320064,19.53125
329936,17.822265625
338614,21.66748046875
349098,18.24951171875
357137,19.71435546875
362723,24.2919921875
368450,23.193359375
371366,20.08056640625
378952,22.94921875
384631,22.52197265625
391526,19.53125
397841,27.03857421875
404064,19.4091796875
409981,25.5126953125
414947,23.5595703125
418825,19.34814453125
422965,21.42333984375
429170,18.37158203125
432900,20.56884765625
438977,21.484375
444075,23.0712890625
446573,17.76123046875
450712,20.44677734375
457721,20.20263671875
462184,23.49853515625
470786,21.728515625
474622,17.7001953125
479750,23.25439453125
487436,22.4609375
498613,22.0947265625
503331,23.5595703125
507688,23.25439453125
511593,22.5830078125
518131,20.6298828125
522964,18.98193359375
528980,25.20751953125
540855,23.0712890625
543589,18.5546875
550091,18.5546875
554175,24.2919921875
556867,17.333984375
560700,23.8037109375
568876,18.73779296875
575548,22.94921875
582201,19.71435546875
588319,20.93505859375
592908,20.5078125
596463,18.9208984375
601855,17.7001953125
607247,19.47021484375
615615,29.6630859375
624881,20.81298828125
631088,26.18408203125
636661,21.66748046875
644415,18.798828125
651106,20.08056640625
659444,23.3154296875
665807,19.71435546875
670892,21.97265625
675854,22.4609375
682046,22.39990234375
691682,18.73779296875
697196,20.8740234375
700447,19.95849609375
707326,25.390625
716953,26.0009765625
722709,20.56884765625
728987,19.83642578125
734735,20.69091796875
740265,27.83203125
744403,24.0478515625
750697,20.81298828125
756158,19.53125
761523,20.32470703125
768647,22.64404296875
773188,18.24951171875
774481,17.76123046875
780002,22.94921875
784110,23.49853515625
786708,20.5078125
796615,22.8271484375
802080,24.47509765625
812011,21.54541015625
815295,24.5361328125
820716,25.57373046875
827001,21.05712890625
832321,19.34814453125
836144,21.66748046875
840971,21.728515625
845521,22.88818359375
849945,19.1650390625
857976,22.88818359375
863679,19.8974609375
870896,17.39501953125
875568,25.390625
884992,25.81787109375
890897,21.91162109375
901567,25.32958984375
905171,20.81298828125
911586,24.71923828125
917920,21.6064453125
926061,23.98681640625
930613,20.3857421875
935715,22.4609375
941202,21.1181640625
948895,19.34814453125
956113,22.52197265625
962703,19.83642578125
971889,24.0478515625
979644,25.45166015625
983662,19.53125
988918,25.7568359375
993585,21.97265625
1001266,20.44677734375
1003890,20.99609375
1008259,20.32470703125
1012767,20.81298828125
1018731,28.564453125
1026152,20.5078125
1031519,20.56884765625
1037574,19.4091796875
1037864,28.13720703125
1037992,19.8974609375
1038348,17.51708984375
1038492,34.66796875
1038574,22.216796875
1038681,31.92138671875
1038732,17.9443359375
1038789,22.216796875
1038799,28.62548828125
1038828,25.69580078125
1038864,18.98193359375
1038923,19.287109375
1038955,29.1748046875
1038990,23.8037109375
1039021,18.00537109375
1039057,19.287109375
1039079,35.33935546875
1039163,16.90673828125
1039177,16.78466796875
1039224,18.6767578125
1039240,23.92578125
1039259,17.76123046875
1039279,22.15576171875
1039341,17.7001953125
1039375,24.23095703125
1039415,18.310546875
1039437,18.73779296875
1039508,17.2119140625
1039553,25.87890625
1039645,20.263671875
1039773,17.7001953125
1039809,19.6533203125
1039822,19.47021484375
1039869,18.6767578125
1039971,19.04296875
1040022,25.634765625
1040061,17.63916015625
1040089,27.34375
1040175,20.20263671875
1040250,33.5693359375
1040332,22.3388671875
1040502,17.2119140625
1040566,16.90673828125
1040589,36.07177734375
1040607,16.90673828125
1040671,16.90673828125
1040776,29.60205078125
1040936,16.90673828125
1040956,23.3154296875
1041175,19.95849609375
1041190,20.5078125
1041285,19.34814453125
1041382,34.24072265625
1041495,19.6533203125
1041562,23.98681640625
1041839,30.94482421875
1041914,16.78466796875
1041937,20.5078125
1042112,20.3857421875
1042422,21.728515625
1042628,16.9677734375
1042730,21.54541015625
1042918,17.39501953125
1043151,21.05712890625
1043378,28.4423828125
1043762,17.63916015625
1044363,16.78466796875
1044669,18.12744140625
1044867,18.5546875
1044982,16.54052734375
1045430,25.0244140625
1045877,25.5126953125
1046218,16.7236328125
1046403,16.90673828125
1046782,16.90673828125
1046894,17.15087890625
1047071,17.02880859375
1047204,19.59228515625
1047852,16.78466796875
1047897,31.79931640625
1049150,37.78076171875
1050796,32.2265625
1051109,22.4609375
1051122,31.06689453125
1051495,29.35791015625
1051733,30.76171875
1051936,17.9443359375
1051961,22.4609375
1052124,18.5546875
1052202,21.3623046875
1052264,17.02880859375
1052404,27.40478515625
1052608,17.63916015625
1052796,17.2119140625
1052887,17.02880859375
1053059,17.08984375
1053198,18.6767578125
1053416,18.73779296875
1053525,21.78955078125
1053597,18.00537109375
1053801,18.06640625
1053833,17.2119140625
1054024,20.93505859375
1054217,23.86474609375
1054365,16.845703125
1054528,20.44677734375
1054696,19.10400390625
1054811,16.6015625
1054886,16.54052734375
1055525,17.578125
1055702,17.7001953125
1056133,17.15087890625
1057133,20.20263671875
1057175,19.4091796875
1057517,23.13232421875
1057664,18.49365234375
1057838,17.63916015625
1058697,17.02880859375
1060459,18.37158203125
1060990,17.15087890625
1062242,16.66259765625
1066473,20.6298828125
1071692,19.71435546875
1072070,17.578125
1073268,16.78466796875
1074185,16.9677734375
1074695,19.8974609375
1075216,20.6298828125
1075851,22.15576171875
1076401,22.3388671875
1077068,21.8505859375
1077743,19.34814453125
1078426,23.25439453125
1079317,18.06640625
1080301,24.84130859375
1083003,22.27783203125
1084512,22.39990234375
1086362,22.88818359375
1087419,26.79443359375
1088280,21.484375
1091596,26.123046875
1093412,26.9775390625
1094259,18.73779296875
1097378,25.93994140625
1102474,36.4990234375
1103915,22.5830078125
1118698,23.74267578125
1126961,19.04296875
1145478,20.99609375
1155329,19.04296875
1163655,17.333984375
1168697,19.8974609375
1175654,19.95849609375
1185899,22.4609375
1192747,18.798828125
1202379,17.88330078125
1217949,20.08056640625
1226853,19.22607421875
1234817,26.06201171875
1245184,23.01025390625
1253096,20.56884765625
1260297,19.83642578125
1265412,19.34814453125
1272536,21.17919921875
1276784,19.287109375
1287114,20.3857421875
1296433,22.8271484375
1301987,24.658203125
1312773,22.15576171875
1324462,22.8271484375
1334057,21.30126953125
1348852,20.1416015625
1356079,25.45166015625
1367559,20.56884765625
1381197,19.1650390625
1393145,24.2919921875
1400169,20.20263671875
1413185,18.24951171875
1420083,23.681640625
1430793,25.146484375
1444132,22.4609375
1454360,24.7802734375
1460217,23.13232421875
1465937,23.4375
1471087,25.146484375
1480909,20.32470703125
1489872,24.47509765625
1495765,23.4375
1506098,22.39990234375
1516662,18.61572265625
1524160,20.5078125
1531416,22.88818359375
1538791,19.34814453125
1544076,23.681640625
1554548,21.8505859375
1561725,21.6064453125
1566982,20.81298828125
1575678,17.578125
1583092,21.8505859375
1587305,22.64404296875
1594967,21.484375
1606854,21.3623046875
1618025,23.37646484375
1634970,22.5830078125
1644044,21.66748046875
1649618,19.6533203125
1658143,18.85986328125
1665517,28.74755859375
1680099,19.71435546875
1688347,26.85546875
1696661,21.240234375
1708030,20.263671875
1713241,19.04296875
1720433,26.2451171875
1725321,21.1181640625
1732143,21.97265625
1740426,19.71435546875
1750200,17.7001953125
1760399,16.6015625
1762876,22.52197265625
1774084,23.01025390625
1779586,18.310546875
1785059,19.34814453125
1789895,23.13232421875
1798225,24.0478515625
1810257,24.23095703125
1819757,26.611328125
1828526,25.87890625
1835799,19.95849609375
1841844,23.4375
1852474,23.25439453125
1858221,24.169921875
1863061,23.92578125
1867175,19.71435546875
1878331,19.83642578125
1887393,21.91162109375
1894646,18.73779296875
1903894,21.3623046875
1909246,21.8505859375
1916493,23.98681640625
1921563,21.97265625
1927708,21.1181640625
1935235,23.13232421875
1941330,18.85986328125
1946871,22.52197265625
1952338,17.88330078125
1958373,23.92578125
1962094,19.287109375
1967959,20.6298828125
1976566,21.484375
1983156,19.83642578125
1998267,18.85986328125
2008045,25.20751953125
2017647,22.76611328125
2027568,25.5126953125
2033406,20.8740234375
2041645,20.751953125
2050313,25.146484375
2057694,20.8740234375
2062341,20.56884765625
2065634,20.263671875
2075584,18.4326171875
2083275,22.27783203125
2089084,20.263671875
2095390,20.3857421875
2102194,22.705078125
2107587,23.62060546875
2114170,22.216796875
2117208,22.216796875
2127226,19.775390625
2135879,24.71923828125
2139896,20.263671875
2143813,22.8271484375
2150096,21.728515625
2155603,17.333984375
2163112,22.39990234375
2167164,27.40478515625
2167283,36.865234375
2168227,19.53125
2168261,38.63525390625
2168283,17.822265625
2168316,18.98193359375
2168409,17.2119140625
2168421,38.2080078125
2168514,17.76123046875
2168561,39.48974609375
2168623,22.5830078125
2168652,24.96337890625
2168673,20.20263671875
2168690,28.99169921875
2168729,27.16064453125
2168808,19.6533203125
2168856,20.751953125
2168880,19.8974609375
2168898,19.04296875
2169008,18.1884765625
2169022,30.33447265625
2169055,19.59228515625
2169073,21.54541015625
2169104,16.6015625
2169185,21.42333984375
2169198,16.66259765625
2169223,31.79931640625
2169392,16.90673828125
2169405,29.35791015625
2169462,16.7236328125
2169556,16.78466796875
2169640,19.775390625
2169654,24.658203125
2169692,29.84619140625
2169835,18.310546875
2169892,37.2314453125
2169946,21.1181640625
2170021,17.822265625
2170098,27.89306640625
2170136,19.34814453125
2170195,21.78955078125
2170329,19.71435546875
2170398,16.9677734375
2170587,16.90673828125
2170601,35.33935546875
2170621,18.85986328125
2170732,17.15087890625
2170882,29.47998046875
2170985,16.7236328125
2171151,21.30126953125
2171397,17.63916015625
2171512,26.67236328125
2171563,19.8974609375
2171744,35.7666015625
2171945,18.310546875
2172010,17.7001953125
2172034,16.6015625
2172177,16.66259765625
2172680,17.9443359375
2172691,18.310546875
2172808,17.578125
2173076,19.4091796875
2173804,29.052734375
2173827,21.54541015625
2174927,16.845703125
2175253,19.22607421875
2176955,17.2119140625
2180025,16.78466796875
2180313,31.6162109375
2181149,34.423828125
2181592,31.31103515625
2181846,31.982421875
2182052,23.86474609375
2182282,26.18408203125
2182436,22.5830078125
2182630,22.03369140625
2182788,20.32470703125
2183012,21.97265625
2183179,20.751953125
2183327,18.6767578125
2183491,20.01953125
2183848,16.9677734375
2184015,18.5546875
2184229,17.88330078125
2184417,16.6015625
2184604,22.64404296875
2184769,18.6767578125
2185247,19.1650390625
2185534,26.79443359375
2185676,20.01953125
2185725,37.65869140625
2185891,18.5546875
2185932,17.333984375
2186126,18.310546875
2186159,24.2919921875
2186284,18.12744140625
2186422,16.6015625
2186619,23.0712890625
2186883,19.53125
2186910,19.04296875
2187026,16.54052734375
2187110,17.822265625
2187282,16.9677734375
2187491,17.02880859375
2187724,16.9677734375
2188099,22.03369140625
2188139,17.02880859375
2188152,21.54541015625
2188319,17.63916015625
2188412,19.287109375
2188599,16.6015625
2188745,16.845703125
2188808,18.98193359375
2189033,20.44677734375
2189273,17.7001953125
2189407,19.775390625
2189701,16.90673828125
2189885,16.54052734375
2189911,19.83642578125
2190217,18.06640625
2190260,17.333984375
2190676,16.66259765625
2190909,17.51708984375
2190960,21.17919921875
2191156,20.44677734375
2191802,19.04296875
2191995,16.54052734375
2194111,19.83642578125
2194936,18.61572265625
2196277,19.4091796875
2209344,31.1279296875
2216213,20.751953125
2222755,19.95849609375
2238180,18.4326171875
2246683,17.4560546875
2255943,19.6533203125
2263441,23.4375
2271330,24.169921875
2278643,19.53125
2284672,19.04296875
2299110,18.12744140625
2309332,19.04296875
2316653,21.91162109375
2322272,22.27783203125
2339957,20.1416015625
2348367,21.17919921875
2355986,21.30126953125
2361340,20.81298828125
2371965,20.99609375
2382456,20.99609375
2393449,25.69580078125
2401407,24.4140625
2414403,20.6298828125
2422880,18.37158203125
2435441,20.44677734375
2446526,22.03369140625
2460853,23.37646484375
2468985,20.5078125
2480972,20.99609375
2486410,21.91162109375
2497583,22.705078125
2505416,22.5830078125
2514657,24.2919921875
2521905,23.193359375
2534044,20.99609375
2540158,18.00537109375
2549757,20.44677734375
2553842,21.8505859375
2560577,20.44677734375
2568407,21.30126953125
2578182,19.04296875
2585653,25.634765625
2595007,23.86474609375
2603961,25.2685546875
2612316,21.1181640625
2621368,25.32958984375
2629452,20.3857421875
2636311,24.5361328125
2641846,22.76611328125
2650626,22.5830078125
2656576,18.4326171875
2663495,25.87890625
2669341,19.83642578125
2678753,24.47509765625
2685183,23.49853515625
2696499,24.2919921875
2699002,41.3818359375
2699446,22.5830078125
2699484,36.92626953125
2699592,21.17919921875
2699617,25.5126953125
2699644,44.86083984375
2699711,18.98193359375
2699735,23.4375
2699760,25.7568359375
2699790,31.18896484375
2699838,17.39501953125
2699850,26.06201171875
2699887,20.3857421875
2699904,40.8935546875
2699925,26.06201171875
2699946,18.5546875
2700005,17.76123046875
2700051,24.5361328125
2700091,22.705078125
2700111,17.02880859375
2700140,29.84619140625
2700152,18.37158203125
2700166,19.6533203125
2700234,20.751953125
2700254,16.6015625
2700271,19.53125
2700329,34.3017578125
2700467,18.00537109375
2700507,16.54052734375
2700579,21.42333984375
2700599,18.6767578125
2700613,25.146484375
2700649,22.52197265625
2700916,42.17529296875
2700956,25.20751953125
2701005,16.78466796875
2701140,30.45654296875
2701244,17.9443359375
2701294,17.39501953125
2701315,24.5361328125
2701541,17.63916015625
2701567,19.287109375
2701595,17.02880859375
2701617,18.798828125
2701720,28.74755859375
2701760,17.578125
2701780,18.49365234375
2702043,40.34423828125
2702132,18.798828125
2702300,29.60205078125
2702405,16.845703125
2702543,16.78466796875
2702618,30.8837890625
2702716,16.90673828125
2703256,17.2119140625
2703465,20.93505859375
2703975,16.54052734375
2704243,16.6015625
2706466,17.39501953125
2707059,16.54052734375
2711369,35.58349609375
2711680,32.65380859375
2712001,31.43310546875
2712206,26.611328125
2712418,24.96337890625
2712599,25.57373046875
2712758,20.56884765625
2712909,19.22607421875
2713058,17.2119140625
2713266,20.263671875
2713482,19.59228515625
2713637,25.93994140625
2713794,17.15087890625
2714140,16.90673828125
2714312,19.47021484375
2714456,16.845703125
2714484,20.99609375
2714799,21.30126953125
2714982,17.7001953125
2715140,22.15576171875
2715163,24.35302734375
2715296,17.08984375
2715306,17.02880859375
2715522,19.95849609375
2715547,17.88330078125
2715621,18.310546875
2715797,20.6298828125
2715923,27.4658203125
2716303,17.27294921875
2716338,17.63916015625
2716462,17.51708984375
2716595,20.99609375
2716652,18.06640625
2716948,17.63916015625
2717080,17.822265625
2717090,34.1796875
2717259,18.06640625
2717313,16.845703125
2718485,27.28271484375
2718790,16.9677734375
2718973,26.85546875
2718993,18.24951171875
2719377,16.90673828125
2720042,19.83642578125
2720299,16.6015625
2720549,17.08984375
2721426,16.90673828125
2736494,22.64404296875
2753537,21.05712890625
2771192,18.37158203125
2788282,26.06201171875
2794914,20.01953125
2812591,18.73779296875
2828357,22.52197265625
2845796,21.30126953125
2858531,20.751953125
2875524,25.146484375
2882353,18.5546875
2893468,20.8740234375
2901446,17.15087890625
2913410,23.49853515625
2922845,20.1416015625
2933357,23.25439453125
2939834,21.484375
2947523,22.5830078125
2959491,17.76123046875
2970918,23.3154296875
2980651,28.13720703125
2994925,24.5361328125
3005276,21.240234375
3013765,22.4609375
3019041,21.240234375
3026634,21.91162109375
3035607,22.3388671875
3049712,27.03857421875
3058122,27.2216796875
3068076,19.95849609375
3080285,22.216796875
3086072,19.287109375
3095298,22.0947265625
3110206,27.2216796875
3118700,23.01025390625
3128573,20.1416015625
3131776,27.2216796875
3146075,22.52197265625
3153456,21.42333984375
3160332,19.10400390625
3165975,22.52197265625
3180119,26.0009765625
3186240,18.00537109375
3191938,18.9208984375
3198502,22.94921875
3211401,18.5546875
3221867,21.66748046875
3230381,22.94921875
3236498,25.5126953125
3245765,17.4560546875
3254091,18.12744140625
3264635,17.15087890625
3274239,23.4375
3280805,25.32958984375
3285868,20.32470703125
3294333,19.47021484375
3299556,23.74267578125
3312324,21.240234375
3320792,20.56884765625
3328365,20.69091796875
3336225,20.08056640625
3354709,23.681640625
3362269,17.08984375
3364298,20.263671875
3380990,20.01953125
3386545,21.8505859375
3402051,25.20751953125
3413559,20.751953125
3420651,27.2216796875
3429036,22.0947265625
3439699,20.56884765625
3450045,22.8271484375
3454243,24.5361328125
3460496,20.5078125
3469828,23.49853515625
3475516,27.587890625
3485091,21.30126953125
3485603,20.81298828125
3485644,38.0859375
3485713,19.8974609375
3485724,20.20263671875
3485755,21.30126953125
3485819,48.64501953125
3485957,22.4609375
3485993,19.775390625
3486068,34.97314453125
3486078,19.775390625
3486143,29.35791015625
3486192,17.08984375
3486206,19.95849609375
3486291,17.2119140625
3486322,37.65869140625
3486346,24.2919921875
3486364,21.484375
3486402,31.8603515625
3486435,32.470703125
3486449,17.822265625
3486463,18.5546875
3486616,33.63037109375
3486657,20.56884765625
3486672,25.146484375
3486696,16.9677734375
3486752,18.9208984375
3486792,21.30126953125
3486841,18.49365234375
3486888,24.4140625
3486999,19.8974609375
3487017,22.3388671875
3487040,20.6298828125
3487065,18.1884765625
3487177,32.5927734375
3487213,30.82275390625
3487227,17.39501953125
3487279,19.4091796875
3487299,19.83642578125
3487413,35.09521484375
3487567,19.10400390625
3487581,23.92578125
3487606,30.6396484375
3487780,17.63916015625
3487831,31.55517578125
3488060,18.6767578125
3488089,18.06640625
3488161,27.34375
3488338,21.05712890625
3488454,18.24951171875
3488547,35.21728515625
3488938,20.99609375
3489258,26.85546875
3489394,17.7001953125
3489629,28.99169921875
3490398,18.310546875
3491014,17.333984375
3495493,20.44677734375
3498875,22.5830078125
3499153,33.26416015625
3499433,32.5927734375
3499636,26.85546875
3499799,27.099609375
3499940,27.099609375
3500069,18.1884765625
3500215,25.57373046875
3500555,18.4326171875
3500634,20.81298828125
3500719,16.78466796875
3500763,21.1181640625
3500840,22.0947265625
3500870,17.4560546875
3500987,19.10400390625
3501072,16.9677734375
3501328,16.54052734375
3501367,29.11376953125
3501483,20.20263671875
3501504,20.20263671875
3501538,21.05712890625
3501618,18.798828125
3501708,22.94921875
3501836,21.30126953125
3501882,29.47998046875
3501944,22.705078125
3501993,18.12744140625
3502188,18.9208984375
3502498,17.578125
3502586,17.2119140625
3502699,17.39501953125
3503053,16.78466796875
3503256,17.2119140625
3503270,19.8974609375
3503303,27.89306640625
3503733,18.798828125
3503750,17.51708984375
3503943,16.6015625
3504100,18.49365234375
3504126,25.87890625
3504190,17.578125
3504541,17.578125
3504623,21.728515625
3504868,20.93505859375
3504931,22.76611328125
3505058,17.2119140625
3505268,18.85986328125
3506030,21.484375
3516642,25.634765625
3535620,20.6298828125
3552330,17.15087890625
3569862,23.5595703125
3577177,22.52197265625
3587953,20.8740234375
3592912,24.10888671875
3599905,20.1416015625
3605451,18.1884765625
3607036,22.216796875
3613910,20.44677734375
3629302,19.287109375
3638457,23.8037109375
3649585,23.01025390625
3660665,24.23095703125
3662149,36.7431640625
3662284,17.9443359375
3662300,16.66259765625
3662324,22.0947265625
3662379,36.0107421875
3662434,17.15087890625
3662482,27.4658203125
3662507,16.6015625
3662528,20.01953125
3662582,46.56982421875
3662597,18.798828125
3662616,16.9677734375
3662645,19.53125
3662687,18.49365234375
3662740,17.63916015625
3662765,18.61572265625
3662783,50.1708984375
3662870,27.16064453125
3662887,20.01953125
3662913,17.4560546875
3662952,36.4990234375
3662965,19.04296875
3663034,16.6015625
3663051,25.146484375
3663174,27.28271484375
3663189,17.39501953125
3663249,18.5546875
3663269,19.83642578125
3663287,19.59228515625
3663435,17.39501953125
3663611,21.54541015625
3663660,16.7236328125
3663686,17.02880859375
3663714,27.89306640625
3663794,18.1884765625
3664070,19.1650390625
3665032,19.775390625
3671237,23.0712890625
3695309,23.92578125
3700920,21.42333984375
3713286,22.15576171875
3729504,19.53125
3733487,37.4755859375
3736084,25.20751953125
3756700,25.93994140625
3782112,23.681640625
3797926,25.5126953125
3806984,19.287109375
3822541,23.3154296875
3840396,22.64404296875
3851760,29.541015625
3864172,21.240234375
3877623,19.8974609375
3888111,22.76611328125
3897341,21.66748046875
3912001,20.93505859375
3919978,20.69091796875
3936768,22.94921875
3943343,20.69091796875
3950073,19.775390625
3960998,25.5126953125
3971526,27.28271484375
3978990,24.2919921875
3987897,23.8037109375
3995191,25.81787109375
4002342,20.263671875
4011609,24.47509765625
4020204,18.798828125
4027963,21.17919921875
4038698,20.263671875
4045613,20.8740234375
4062303,24.0478515625
4069600,19.287109375
4076783,20.8740234375
4083050,23.681640625
4096330,21.78955078125
4102267,21.30126953125
4116438,26.91650390625
4123905,27.099609375
4131828,19.1650390625
4142112,19.95849609375
4149755,22.88818359375
4158199,22.39990234375
4162265,25.0244140625
4162432,17.02880859375
4162522,19.53125
4162850,20.93505859375
4162952,35.0341796875
4163010,17.4560546875
4163044,18.06640625
4163137,18.12744140625
4163153,39.36767578125
4163187,21.484375
4163264,18.24951171875
4163276,19.83642578125
4163315,17.578125
4163326,25.81787109375
4163353,39.4287109375
4163388,19.22607421875
4163422,17.76123046875
4163444,17.578125
4163475,35.15625
4163515,18.24951171875
4163619,17.51708984375
4163634,19.59228515625
4163653,16.54052734375
4163715,29.9072265625
4163735,17.63916015625
4163778,24.10888671875
4163839,16.78466796875
4163858,16.78466796875
4163949,35.64453125
4163962,21.6064453125
4164115,23.25439453125
4164133,16.6015625
4164164,20.69091796875
4164242,17.4560546875
4164299,16.90673828125
4164315,23.86474609375
4164338,32.28759765625
4164438,20.263671875
4164494,17.76123046875
4164648,19.71435546875
4164871,19.287109375
4165192,17.39501953125
4165472,22.88818359375
4165511,17.27294921875
4166493,18.00537109375
4170319,19.1650390625
4171572,21.78955078125
4175062,31.982421875
4175350,19.287109375
4175542,33.69140625
4175780,35.09521484375
4175954,27.2216796875
4176091,18.00537109375
4176112,17.27294921875
4176280,18.9208984375
4176516,20.32470703125
4176685,28.86962890625
4176859,21.3623046875
4177024,19.8974609375
4177188,16.66259765625
4177213,22.94921875
4177355,17.578125
4177374,22.15576171875
4177441,26.42822265625
4177464,22.39990234375
4177526,19.83642578125
4177621,28.4423828125
4177649,18.12744140625
4177777,19.34814453125
4177924,19.83642578125
4177960,20.6298828125
4178021,17.15087890625
4178039,17.02880859375
4178111,28.80859375
4178314,20.69091796875
4178344,28.80859375
4178540,19.34814453125
4178572,23.0712890625
4178592,21.240234375
4178616,16.66259765625
4178672,20.93505859375
4178688,16.54052734375
4178817,17.333984375
4178855,17.02880859375
4178984,17.9443359375
4178996,17.63916015625
4179312,19.1650390625
4179689,21.8505859375
4179989,17.02880859375
4180370,16.90673828125
4180951,16.54052734375
4181083,19.8974609375
4181135,18.6767578125
4182230,20.81298828125
4203653,26.67236328125
4206264,19.775390625
4213228,21.1181640625
4231296,23.37646484375
4240086,22.3388671875
4246325,22.8271484375
4248225,18.12744140625
4266095,19.287109375
4273809,27.9541015625
4280804,18.49365234375
4296409,23.74267578125
4307573,19.04296875
4317394,21.66748046875
4324988,21.66748046875
4332123,23.62060546875
4341973,19.1650390625
4360968,22.76611328125
4367363,17.02880859375
4375223,22.15576171875
4390591,22.3388671875
4402421,23.3154296875
4417104,22.88818359375
4424355,21.3623046875
4431730,16.54052734375
4441544,23.86474609375
4450975,24.96337890625
4460318,21.54541015625
4468832,17.2119140625
4479555,19.10400390625
4492305,22.15576171875
4507860,17.63916015625
4511727,18.73779296875
4520785,20.08056640625
4531409,21.97265625
4540366,23.74267578125
4552474,23.4375
4559179,24.96337890625
4573477,19.59228515625
4585346,22.15576171875
4595712,23.0712890625
4602753,16.78466796875
4603907,33.447265625
4604034,43.27392578125
4604156,26.91650390625
4604190,17.51708984375
4604234,41.259765625
4604292,21.728515625
4604358,18.49365234375
4604396,48.15673828125
4604448,17.02880859375
4604528,22.03369140625
4604556,16.54052734375
4604568,30.70068359375
4604657,21.1181640625
4604697,20.20263671875
4604762,18.61572265625
4604819,20.751953125
4604851,20.3857421875
4604896,18.00537109375
4604907,39.55078125
4604937,26.06201171875
4604965,18.6767578125
4604994,21.66748046875
4605097,18.1884765625
4605112,36.19384765625
4605177,19.34814453125
4605349,26.4892578125
4605407,19.775390625
4605490,19.95849609375
4605515,28.25927734375
4605540,18.12744140625
4605681,20.5078125
4605776,17.4560546875
4605800,18.00537109375
4605847,18.1884765625
4605958,24.5361328125
4606048,18.5546875
4606211,16.845703125
4606677,19.22607421875
4606689,19.287109375
4606838,17.9443359375
4607375,33.50830078125
4608146,18.98193359375
4608824,18.6767578125
4611938,23.0712890625
4613511,24.35302734375
4613960,24.59716796875
4618780,29.72412109375
4622383,19.4091796875
4630406,19.775390625
4640994,23.25439453125
4658272,22.39990234375
4665916,23.49853515625
4679124,19.83642578125
4687285,22.15576171875
4698919,22.216796875
4706426,18.06640625
4725844,20.8740234375
4736597,21.17919921875
4744805,25.390625
4751621,22.64404296875
4763756,21.6064453125
4769870,17.63916015625
4780020,19.22607421875
4787714,17.9443359375
4796485,20.93505859375
4799888,19.53125
4809770,20.6298828125
4818573,20.44677734375
4824757,24.7802734375
4833477,21.42333984375
4851067,22.88818359375
4861030,20.1416015625
4875784,21.66748046875
4886333,23.49853515625
4897555,21.97265625
4903823,24.2919921875
4908174,21.240234375
4917472,22.76611328125
4922457,23.37646484375
4923363,20.93505859375
4923424,17.02880859375
4923668,38.87939453125
4923716,17.9443359375
4923792,23.8037109375
4923864,18.1884765625
4923892,40.10009765625
4923951,18.1884765625
4923990,17.333984375
4924018,16.54052734375
4924040,29.541015625
4924062,19.10400390625
4924103,21.728515625
4924115,17.27294921875
4924162,28.74755859375
4924177,19.775390625
4924228,18.24951171875
4924275,22.88818359375
4924317,40.52734375
4924369,17.333984375
4924410,17.39501953125
4924467,34.36279296875
4924497,18.37158203125
4924528,16.845703125
4924550,17.02880859375
4924566,17.76123046875
4924618,19.8974609375
4924703,33.26416015625
4924769,19.04296875
4924796,17.08984375
4924827,23.193359375
4924958,26.2451171875
4924983,18.85986328125
4925036,17.4560546875
4925055,18.73779296875
4925272,31.79931640625
4925538,31.55517578125
4925597,18.00537109375
4925752,18.98193359375
4925936,18.98193359375
4925955,33.26416015625
4926534,16.54052734375
4931019,17.822265625
4941440,33.75244140625
4956119,19.287109375
4989143,20.6298828125
4997354,19.6533203125
5010406,19.47021484375
5018090,19.59228515625
5028092,21.484375
5043211,22.216796875
5056346,22.64404296875
5060480,22.76611328125
5065057,22.4609375
5077529,26.18408203125
5089712,23.0712890625
5112588,23.681640625
5126932,22.94921875
5139362,17.333984375
5142146,21.8505859375
5148862,25.2685546875
5158692,19.1650390625
5175495,22.03369140625
5183775,18.85986328125
5193163,22.15576171875
5201677,17.2119140625
5208216,23.3154296875
5219489,19.8974609375
5241179,19.8974609375
5254080,20.44677734375
5271843,25.146484375
5280627,21.1181640625
5293223,22.39990234375
5308994,22.76611328125
5351991,20.01953125
5361209,20.5078125
5361921,22.27783203125
5381635,21.66748046875
5391221,21.6064453125
5398671,22.76611328125
5408886,22.94921875
5412429,17.51708984375
5412478,18.310546875
5412713,38.57421875
5412927,21.42333984375
5412987,16.54052734375
5413001,46.69189453125
5413149,17.39501953125
5413159,28.1982421875
5413183,39.85595703125
5413227,17.578125
5413277,16.7236328125
5413301,20.1416015625
5413342,39.36767578125
5413354,23.86474609375
5413386,19.1650390625
5413406,20.44677734375
5413475,16.66259765625
5413504,16.78466796875
5413523,28.99169921875
5413559,16.7236328125
5413612,27.03857421875
5413649,19.53125
5413669,21.3623046875
5413715,18.73779296875
5413756,24.23095703125
5413767,17.39501953125
5413868,22.15576171875
5413927,16.78466796875
5413972,28.9306640625
5414025,21.30126953125
5414057,17.39501953125
5414108,18.1884765625
5414152,23.8037109375
5414233,18.37158203125
5414330,33.69140625
5414349,17.02880859375
5414489,16.7236328125
5414524,16.54052734375
5414639,17.08984375
5414651,29.1748046875
5414692,21.240234375
5414780,17.2119140625
5414838,22.64404296875
5414951,36.68212890625
5415085,22.76611328125
5415115,17.2119140625
5415320,21.05712890625
5415534,18.6767578125
5415607,16.6015625
5415639,16.54052734375
5415759,16.7236328125
5415795,23.5595703125
5415886,26.67236328125
5416219,16.6015625
5416428,16.845703125
5416695,35.58349609375
5416799,18.06640625
5417117,16.6015625
5417189,20.8740234375
5418811,17.578125
5420773,16.6015625
5421009,27.16064453125
5424426,32.2265625
5424760,33.87451171875
5425031,31.73828125
5425220,29.72412109375
5425419,26.9775390625
5425566,22.3388671875
5425751,25.81787109375
5425930,16.9677734375
5425969,18.37158203125
5426088,28.13720703125
5426103,16.66259765625
5426226,16.845703125
5426249,20.93505859375
5426419,19.1650390625
5426456,17.822265625
5426500,16.66259765625
5426552,27.40478515625
5426575,18.61572265625
5426715,23.98681640625
5426760,16.7236328125
5426841,25.390625
5426917,16.78466796875
5426947,18.24951171875
5427020,23.01025390625
5427074,19.4091796875
5427246,17.27294921875
5427414,18.37158203125
5427440,29.72412109375
5427607,18.37158203125
5427707,32.28759765625
5427806,18.24951171875
5427965,22.27783203125
5428043,24.0478515625
5428093,17.822265625
5428526,17.333984375
5428599,18.12744140625
5428743,16.6015625
5428854,21.66748046875
5428933,20.32470703125
5429214,31.43310546875
5429408,17.51708984375
5429509,22.216796875
5429800,24.35302734375
5430099,26.85546875
5430200,16.66259765625
5430538,27.83203125
5430704,17.9443359375
5430913,31.494140625
5431243,28.076171875
5431631,27.34375
5432182,21.728515625
5432222,24.71923828125
5432893,29.4189453125
5436334,28.564453125
5439799,37.41455078125
5446154,33.0810546875
5448675,33.02001953125
5452262,35.400390625
5455010,31.6162109375
5458846,32.89794921875
5461798,36.07177734375
5473115,34.423828125
5476008,33.87451171875
5481103,19.1650390625
5491246,22.8271484375
5539298,20.6298828125
5561058,21.3623046875
5579458,24.90234375
5589468,28.25927734375
5600096,21.91162109375
5615261,26.55029296875
5628996,22.03369140625
5660047,25.20751953125
5682017,19.47021484375
5697374,21.484375
5739933,21.17919921875
5744044,21.17919921875
5764291,22.15576171875
5787343,23.98681640625
5793634,25.08544921875
5799345,20.99609375
5810214,19.22607421875
5819228,24.90234375
5834489,19.10400390625
5842608,24.59716796875
5853759,22.76611328125
5859342,23.5595703125
5860170,16.54052734375
5861066,39.00146484375
5861154,17.39501953125
5861223,17.08984375
5861252,43.3349609375
5861309,18.4326171875
5861327,18.5546875
5861346,31.79931640625
5861437,47.30224609375
5861534,16.845703125
5861566,22.94921875
5861582,18.06640625
5861630,18.9208984375
5861643,18.1884765625
5861678,19.71435546875
5861718,16.7236328125
5861730,27.77099609375
5861821,19.04296875
5861909,33.75244140625
5861945,22.88818359375
5862017,19.6533203125
5862046,18.00537109375
5862085,33.02001953125
5862195,19.95849609375
5862205,29.96826171875
5862286,18.1884765625
5862307,19.34814453125
5862423,20.1416015625
5862462,17.02880859375
5862486,23.25439453125
5862578,18.73779296875
5862601,25.7568359375
5862643,28.38134765625
5862719,16.6015625
5862835,30.57861328125
5862968,25.2685546875
5863093,32.89794921875
5863262,20.99609375
5863357,17.2119140625
5863418,17.578125
5863644,18.98193359375
5863685,19.34814453125
5863768,28.25927734375
5863907,26.0009765625
5864533,17.4560546875
5864969,18.98193359375
5871607,18.49365234375
5873307,33.63037109375
5873643,35.58349609375
5873871,29.296875
5874059,28.076171875
5874216,26.3671875
5874374,25.81787109375
5874527,19.4091796875
5874688,27.89306640625
5874892,24.23095703125
5875070,24.35302734375
5875275,17.9443359375
5875513,20.56884765625
5875755,23.49853515625
5875988,18.85986328125
5875998,21.54541015625
5876238,22.216796875
5876508,24.2919921875
5876767,17.02880859375
5876843,25.390625
5877281,26.0009765625
5877685,26.91650390625
5888627,21.240234375
5893002,39.0625
5895125,31.79931640625
5897539,30.8837890625
5906183,25.32958984375
5914843,33.203125
5958402,34.72900390625
5967844,23.3154296875
5979721,21.42333984375
5990854,22.52197265625
6008127,19.4091796875
6027079,23.681640625
6034907,19.8974609375
6053054,21.05712890625
6062341,25.93994140625
6078892,19.59228515625
6094282,22.52197265625
6126710,23.25439453125
6141149,22.8271484375
6148725,24.10888671875
6154801,20.69091796875
6166003,19.34814453125
6182728,22.705078125
6204378,20.08056640625
6217278,19.4091796875
6226014,19.8974609375
6242201,25.57373046875
6248839,17.63916015625
6254291,19.53125
6266586,22.15576171875
6269622,18.798828125
6282870,19.6533203125
6294686,20.6298828125
6307894,22.03369140625
6318459,22.52197265625
6336171,17.15087890625
6336768,22.27783203125
6360666,24.7802734375
6385874,20.01953125
6396906,21.728515625
6413441,17.15087890625
6420127,22.5830078125
6427477,21.17919921875
6441896,21.1181640625
6450195,17.51708984375
6453494,18.98193359375
6453631,19.22607421875
6453904,20.8740234375
6454165,36.1328125
6454195,18.85986328125
6454289,17.7001953125
6454367,36.07177734375
6454382,18.85986328125
6454444,19.59228515625
6454483,19.83642578125
6454504,23.01025390625
6454545,43.15185546875
6454564,17.76123046875
6454607,22.76611328125
6454621,17.63916015625
6454668,22.5830078125
6454698,42.78564453125
6454754,17.08984375
6454773,17.02880859375
6454809,18.1884765625
6454834,18.73779296875
6454844,17.15087890625
6454861,20.8740234375
6454875,24.59716796875
6454890,19.59228515625
6454942,19.1650390625
6454965,17.333984375
6454981,17.39501953125
6455045,31.494140625
6455087,18.37158203125
6455113,17.9443359375
6455222,30.09033203125
6455232,26.18408203125
6455274,17.27294921875
6455313,18.1884765625
6455332,16.78466796875
6455384,17.08984375
6455415,17.15087890625
6455508,25.20751953125
6455607,22.15576171875
6455758,16.845703125
6455799,19.10400390625
6455936,21.78955078125
6455948,23.62060546875
6455973,18.1884765625
6456131,16.845703125
6456148,22.216796875
6456225,24.90234375
6456492,17.02880859375
6456754,31.494140625
6456916,16.54052734375
6457084,18.37158203125
6457123,17.27294921875
6457217,16.6015625
6457357,18.798828125
6457505,17.02880859375
6465627,17.88330078125
6468259,35.33935546875
6468345,22.88818359375
6468687,34.85107421875
6468964,29.1748046875
6469163,30.33447265625
6469357,26.4892578125
6469524,25.08544921875
6469691,21.8505859375
6469873,17.822265625
6470038,27.64892578125
6470226,24.5361328125
6470418,20.20263671875
6470622,27.40478515625
6470883,25.87890625
6471170,21.54541015625
6471454,24.90234375
6471853,31.43310546875
6472235,25.57373046875
6486982,36.865234375
6497508,36.376953125
6514830,19.6533203125
6549763,21.78955078125
6555617,19.775390625
6600910,19.71435546875
6622362,23.681640625
6637256,25.5126953125
6646785,18.73779296875
6663244,21.78955078125
6677511,21.42333984375
6691534,24.10888671875
6698419,19.47021484375
6713865,22.8271484375
6724488,24.96337890625
6743075,19.1650390625
6751982,19.59228515625
6765256,26.123046875
6780958,16.90673828125
6782281,25.0244140625
6799093,23.3154296875
6817340,20.56884765625
6830351,19.8974609375
6861274,25.390625
6871887,24.658203125
6884254,20.81298828125
6911997,27.7099609375
6921346,17.51708984375
6932760,24.59716796875
6951678,28.1982421875
6964152,18.5546875
6970954,20.751953125
6973278,17.822265625
6984474,26.06201171875
6992655,21.54541015625
7001608,20.263671875
7021687,20.8740234375
7034149,19.95849609375
7059519,19.775390625
7078074,22.5830078125
7100295,21.1181640625
7142168,25.69580078125
7161327,23.3154296875
7174795,21.3623046875
7186645,22.94921875
7195044,24.7802734375
7210118,20.263671875
7223745,19.71435546875
7233881,19.1650390625
7234094,17.333984375
7234226,34.5458984375
7234373,30.76171875
7234417,17.578125
7234462,39.306640625
7234480,16.9677734375
7234552,20.263671875
7234603,21.3623046875
7234615,20.56884765625
7234667,31.6162109375
7234685,18.310546875
7234730,18.98193359375
7234773,18.5546875
7234794,17.63916015625
7234826,28.01513671875
7234908,22.216796875
7234919,33.5693359375
7234969,41.259765625
7235036,20.56884765625
7235129,19.6533203125
7235145,28.076171875
7235198,18.5546875
7235327,17.15087890625
7235354,34.7900390625
7235436,23.49853515625
7235486,16.54052734375
7235509,19.1650390625
7235538,20.81298828125
7235558,24.59716796875
7235611,30.3955078125
7235703,18.73779296875
7235723,19.04296875
7235827,24.59716796875
7235941,16.845703125
7236073,16.78466796875
7236126,16.845703125
7236184,28.564453125
7236414,16.78466796875
7236449,25.2685546875
7236469,19.95849609375
7236570,16.66259765625
7236773,19.10400390625
7236822,18.12744140625
7237033,25.69580078125
7237085,20.751953125
7237491,16.66259765625
7237834,19.53125
7243906,23.74267578125
7248257,32.5927734375
7248702,31.06689453125
7248931,33.99658203125
7249128,28.564453125
7249306,26.0009765625
7249490,22.216796875
7249698,25.634765625
7249921,24.90234375
7250105,21.91162109375
7250375,31.55517578125
7250586,17.27294921875
7250892,29.1748046875
7251148,22.15576171875
7251407,26.30615234375
7251661,24.59716796875
7251937,24.5361328125
7252571,24.90234375
7254069,19.287109375
7261970,33.447265625
7267519,34.423828125
7277056,34.85107421875
7283450,28.076171875
7291233,33.203125
7303275,20.93505859375
7319868,31.79931640625
7329527,20.8740234375
7342042,32.53173828125
7344481,19.287109375
7363727,29.541015625
7400345,20.8740234375
7410101,20.751953125
7425690,24.2919921875
7432572,34.97314453125
7432952,19.10400390625
7440650,16.845703125
7440827,26.30615234375
7440960,33.26416015625
7441277,42.236328125
7441376,21.8505859375
7441400,18.4326171875
7441463,17.2119140625
7441492,29.052734375
7441551,19.6533203125
7441588,19.59228515625
7441651,40.22216796875
7441668,20.08056640625
7441705,23.8037109375
7441743,17.76123046875
7441755,28.86962890625
7441833,30.09033203125
7441877,17.9443359375
7441921,18.85986328125
7441996,20.44677734375
7442044,21.30126953125
7442081,17.333984375
7442112,18.61572265625
7442236,29.47998046875
7442254,19.1650390625
7442304,17.27294921875
7442356,19.71435546875
7442419,28.74755859375
7442459,20.1416015625
7442587,19.22607421875
7442668,22.03369140625
7442715,19.287109375
7442728,16.54052734375
7442755,17.822265625
7442855,18.1884765625
7442865,32.3486328125
7442918,19.47021484375
7442939,16.845703125
7443161,18.6767578125
7443506,16.6015625
7443600,17.02880859375
7443738,16.6015625
7443826,17.15087890625
7443909,28.9306640625
7443933,18.1884765625
7443983,19.1650390625
7454261,18.1884765625
7457240,31.982421875
7462692,34.11865234375
7465161,36.92626953125
7479819,38.57421875
7491226,34.11865234375
7516884,18.1884765625
7532595,34.3017578125
7539499,40.0390625
7542392,19.22607421875
7580641,21.05712890625
7611498,19.53125
7612535,23.37646484375
7613889,26.30615234375
7657444,20.8740234375
7657758,37.109375
7657899,16.9677734375
7657935,22.39990234375
7657975,41.6259765625
7657989,17.2119140625
7658068,18.1884765625
7658127,22.0947265625
7658147,45.47119140625
7658182,23.681640625
7658240,18.310546875
7658277,17.63916015625
7658300,18.98193359375
7658336,34.5458984375
7658393,17.822265625
7658458,16.9677734375
7658506,27.03857421875
7658566,18.49365234375
7658595,22.52197265625
7658607,16.78466796875
7658670,28.50341796875
7658819,17.333984375
7658843,28.99169921875
7658958,18.37158203125
7659000,21.97265625
7659045,17.9443359375
7659069,24.96337890625
7659095,17.63916015625
7659136,16.54052734375
7659207,18.6767578125
7659260,16.66259765625
7659301,28.6865234375
7659364,17.333984375
7659424,17.51708984375
7659477,27.83203125
7659612,17.15087890625
7659701,21.05712890625
7659832,19.34814453125
7660025,17.4560546875
7660250,17.02880859375
7685877,34.3017578125
7689895,36.2548828125
7701623,22.03369140625
7755797,23.37646484375
7774035,20.69091796875
7819460,17.88330078125
7834327,20.20263671875
7851692,18.98193359375
7867051,20.81298828125
7898923,21.6064453125
7922208,27.099609375
7939899,21.30126953125
7954844,26.42822265625
7963102,21.3623046875
7984705,16.90673828125
7985745,23.3154296875
8004172,19.71435546875
8018625,22.39990234375
8041693,20.6298828125
8060204,18.24951171875
8060982,17.63916015625
8061327,19.34814453125
8086674,16.78466796875
8094688,24.10888671875
8111249,21.78955078125
8127627,25.87890625
8157905,20.32470703125
8173235,16.9677734375
8175583,21.240234375
8189390,21.17919921875
8204037,18.24951171875
8207792,17.9443359375
8208827,22.88818359375
8209285,40.0390625
8209397,22.64404296875
8209508,37.2314453125
8209526,18.06640625
8209582,17.822265625
8209666,28.74755859375
8209684,16.7236328125
8209728,22.52197265625
8209748,28.38134765625
8209790,20.44677734375
8209804,36.2548828125
8209838,16.54052734375
8209870,16.66259765625
8209896,17.76123046875
8209948,16.78466796875
8209961,29.35791015625
8210081,22.4609375
8210107,25.634765625
8210171,23.3154296875
8210196,25.32958984375
8210252,20.5078125
8210262,19.59228515625
8210318,16.845703125
8210367,18.00537109375
8210413,21.54541015625
8210430,19.775390625
8210485,17.578125
8210562,17.08984375
8210579,20.08056640625
8210618,17.88330078125
8210713,16.78466796875
8210738,17.51708984375
8210841,16.54052734375
8210934,18.85986328125
8211010,18.12744140625
8211147,25.2685546875
8211202,16.66259765625
8211340,17.7001953125
8211452,18.310546875
8211546,18.37158203125
8211647,21.54541015625
8211659,18.61572265625
8211805,19.1650390625
8211906,16.54052734375
8212100,17.4560546875
8212148,18.1884765625
8212332,17.333984375
8212608,16.7236328125
8212716,16.6015625
8217162,22.3388671875
8224166,33.02001953125
8224828,30.029296875
8225284,34.912109375
8225637,30.1513671875
8225948,33.0810546875
8226203,31.06689453125
8226477,31.1279296875
8226789,25.20751953125
8227242,25.87890625
8240548,35.400390625
8252121,24.169921875
8259269,19.10400390625
8283622,34.24072265625
8302361,18.06640625
8314483,20.01953125
8340893,24.71923828125
8357164,23.92578125
8371803,30.57861328125
8389861,19.95849609375
8410133,22.8271484375
8458624,17.15087890625
8471009,22.94921875
8481815,25.08544921875
8482364,34.1796875
8482572,37.29248046875
8482616,18.61572265625
8482636,19.59228515625
8482718,21.6064453125
8482738,23.0712890625
8482785,32.28759765625
8482821,19.775390625
8482838,16.9677734375
8482854,21.66748046875
8482969,42.78564453125
8483047,19.95849609375
8483073,19.04296875
8483090,30.76171875
8483112,33.38623046875
8483210,16.9677734375
8483252,18.4326171875
8483277,42.1142578125
8483373,25.2685546875
8483394,19.287109375
8483430,32.65380859375
8483490,16.78466796875
8483553,24.59716796875
8483612,38.51318359375
8483629,19.10400390625
8483741,18.12744140625
8483875,20.20263671875
8483908,23.86474609375
8484026,25.634765625
8484066,20.81298828125
8484097,17.08984375
8484123,17.27294921875
8484226,17.15087890625
8484466,17.76123046875
8484548,16.7236328125
8484677,17.2119140625
8484768,18.73779296875
8484802,17.02880859375
8484920,16.845703125
8485308,19.10400390625
8485657,18.37158203125
8490117,17.15087890625
8497284,33.38623046875
8502637,29.96826171875
8513197,34.48486328125
8537284,20.56884765625
8545886,22.52197265625
8546041,34.60693359375
8546690,17.15087890625
8546962,20.32470703125
8562506,34.36279296875
8571377,23.193359375
8571513,35.7666015625
8571551,19.04296875
8571857,20.20263671875
8571901,33.447265625
8571976,17.39501953125
8572118,16.66259765625
8572149,38.26904296875
8572248,18.4326171875
8572393,32.1044921875
8572431,17.63916015625
8572475,22.0947265625
8572578,17.02880859375
8572632,30.33447265625
8572672,25.57373046875
8572860,40.283203125
8572908,19.1650390625
8572927,17.4560546875
8572999,22.0947265625
8573069,17.27294921875
8573187,18.12744140625
8573245,16.845703125
8573273,28.01513671875
8573368,21.17919921875
8573400,21.97265625
8573626,17.02880859375
8573816,18.37158203125
8573908,18.98193359375
8574002,18.61572265625
8574083,18.5546875
8574155,17.02880859375
8574248,16.90673828125
8574335,16.90673828125
8574687,17.15087890625
8600620,20.69091796875
8609776,16.66259765625
8629420,26.2451171875
8654437,25.08544921875
8678488,20.1416015625
8678631,38.51318359375
8680151,22.5830078125
8701245,16.9677734375
8701280,18.12744140625
8701294,23.0712890625
8701486,34.912109375
8702226,17.333984375
8715007,22.216796875
8724499,24.71923828125
8724620,19.775390625
8725368,25.57373046875
8736616,16.7236328125
8736922,22.64404296875
8752290,27.28271484375
8769902,25.69580078125
8770853,18.24951171875
8771233,17.7001953125
8772642,20.01953125
8786670,17.02880859375
8786822,22.0947265625
8787245,21.42333984375
8809977,21.8505859375
8838978,19.59228515625
8839091,21.484375
8842151,19.6533203125
8933107,21.17919921875
8944027,21.8505859375
8963777,21.66748046875
8993680,19.287109375
8996604,21.30126953125
9016619,20.69091796875
9045430,19.59228515625
9073376,20.69091796875
9123099,21.78955078125
9126341,17.15087890625
9126557,17.578125
9126743,24.47509765625
9126943,39.48974609375
9126957,17.02880859375
9127236,48.7060546875
9127313,17.578125
9127444,17.88330078125
9127475,39.00146484375
9127489,26.91650390625
9127553,17.333984375
9127616,22.76611328125
9127651,16.66259765625
9127759,20.751953125
9127794,17.39501953125
9127877,34.24072265625
9127938,28.74755859375
9127999,16.66259765625
9128044,23.01025390625
9128092,18.37158203125
9128103,23.0712890625
9128164,16.78466796875
9128213,34.1796875
9128319,21.3623046875
9128334,18.24951171875
9128366,18.00537109375
9128438,30.1513671875
9128464,17.4560546875
9128476,21.91162109375
9128609,18.12744140625
9128646,39.85595703125
9128919,36.9873046875
9129203,19.287109375
9129213,22.705078125
9129306,32.53173828125
9129328,26.123046875
9129456,20.93505859375
9129649,16.845703125
9130077,18.00537109375
9130106,17.76123046875
9145548,30.82275390625
9151948,32.77587890625
9163097,33.0810546875
9382624,18.49365234375
9395075,19.8974609375
9446329,20.3857421875
9447700,17.822265625
9449670,17.27294921875
9449829,31.18896484375
9450102,34.66796875
9450288,35.46142578125
9450350,18.9208984375
9450474,29.11376953125
9450489,44.677734375
9450566,19.34814453125
9450617,17.02880859375
9450650,19.53125
9450693,19.53125
9450708,38.4521484375
9450766,21.17919921875
9450873,20.1416015625
9450988,22.39990234375
9451074,22.94921875
9451090,20.32470703125
9451148,18.73779296875
9451192,17.27294921875
9451253,32.77587890625
9451325,16.6015625
9451373,17.08984375
9451512,20.5078125
9451529,19.287109375
9451596,20.69091796875
9451687,18.06640625
9451807,28.25927734375
9452026,16.54052734375
9452340,17.51708984375
9452495,28.9306640625
9452807,30.517578125
9452831,16.90673828125
9453188,17.08984375
9453410,16.66259765625
9465180,26.9775390625
9471777,32.5927734375
9481628,32.71484375
9487390,17.88330078125
9535307,23.92578125
9561764,22.94921875
9728520,20.08056640625
9729088,18.73779296875
9729442,19.04296875
9730219,20.8740234375
9731188,23.62060546875
9762538,20.99609375
9797731,21.05712890625
9836887,16.9677734375
9869556,20.44677734375
9887152,22.39990234375
9920817,19.4091796875
9929510,18.9208984375
9957072,19.47021484375
9975054,17.2119140625
10000245,21.30126953125
10001853,36.0107421875
10083725,20.93505859375
10084137,18.1884765625
10084390,18.85986328125
10084412,37.841796875
10085331,22.94921875
10086446,17.2119140625
10091267,37.59765625
10130432,20.3857421875
10151365,22.64404296875
10183971,17.88330078125
10184042,19.287109375
10185094,22.76611328125
10262128,16.90673828125
10269074,24.84130859375
10292166,19.6533203125
10317707,42.6025390625
10367544,20.1416015625
10408526,22.94921875
10431766,20.1416015625
10484177,18.85986328125
10489505,16.845703125
10519091,17.63916015625
10530028,18.6767578125
10563428,20.56884765625
10670227,17.27294921875
10670427,18.9208984375
10670682,44.61669921875
10670778,16.845703125
10670855,17.63916015625
10670890,39.85595703125
10670900,17.9443359375
10670942,17.63916015625
10670990,24.35302734375
10671069,31.982421875
10671186,18.61572265625
10671214,17.7001953125
10671293,17.88330078125
10671316,33.99658203125
10671336,16.90673828125
10671422,29.96826171875
10671453,20.5078125
10671475,18.6767578125
10671540,20.81298828125
10671590,16.9677734375
10671620,17.27294921875
10671663,27.9541015625
10671686,21.8505859375
10671768,20.751953125
10671835,32.89794921875
10671920,17.15087890625
10672002,25.57373046875
10672156,35.0341796875
10672225,17.15087890625
10672253,16.6015625
10672306,16.7236328125
10672316,27.16064453125
10672390,17.02880859375
10672421,18.4326171875
10672608,23.98681640625
10672827,18.24951171875
10672870,24.90234375
10673068,17.76123046875
10673255,18.98193359375
10673418,22.76611328125
10673450,17.578125
10673684,16.54052734375
10674251,16.6015625
10675466,17.08984375
10679298,35.15625
10679780,29.6630859375
10680067,34.912109375
10680305,28.86962890625
10680523,25.146484375
10680726,22.8271484375
10680971,21.66748046875
10681266,28.50341796875
10681502,26.55029296875
10681758,25.08544921875
10681992,20.01953125
10682238,25.93994140625
10682528,21.91162109375
10682830,25.5126953125
10683111,30.21240234375
10683409,29.296875
10683673,25.57373046875
10684004,21.240234375
10684084,18.798828125
10684349,24.5361328125
10684699,24.4140625
10685092,26.42822265625
10685385,24.5361328125
10685756,21.8505859375
10686073,23.62060546875
10686407,28.74755859375
10686736,29.052734375
10687161,24.84130859375
10694806,35.58349609375
10701384,34.60693359375
10708516,32.53173828125
10713467,28.99169921875
10714449,34.97314453125
10718118,35.15625
10722471,28.564453125
10737486,34.423828125
10739296,18.37158203125
10739369,34.3017578125
10744665,32.40966796875
10755430,37.841796875
10765493,17.578125
10772641,21.1181640625
10776823,35.58349609375
10838253,20.20263671875
10846518,39.12353515625
10860538,17.4560546875
10889644,21.05712890625
10889970,36.56005859375
10890339,38.57421875
10890457,24.59716796875
10890529,18.12744140625
10890591,25.7568359375
10890632,18.00537109375
10890699,31.67724609375
10890720,22.76611328125
10890766,19.8974609375
10890821,21.97265625
10890848,26.611328125
10890941,22.94921875
10890972,19.4091796875
10891010,27.52685546875
10891050,21.91162109375
10891072,19.775390625
10891111,16.90673828125
10891175,17.2119140625
10891185,30.33447265625
10891327,18.4326171875
10891366,27.28271484375
10891472,22.88818359375
10891571,16.78466796875
10891660,17.9443359375
10891720,31.494140625
10891803,20.751953125
10891829,23.3154296875
10891864,21.30126953125
10891878,17.76123046875
10891924,17.02880859375
10892022,28.9306640625
10892061,18.5546875
10892188,24.35302734375
10892286,21.42333984375
10892374,17.2119140625
10892587,17.4560546875
10892677,18.310546875
10892692,23.92578125
10896898,16.78466796875
10908034,34.36279296875
10912277,31.55517578125
10915123,36.07177734375
10921183,32.28759765625
10936737,16.54052734375
10938962,30.6396484375
10950155,36.07177734375
10956818,18.85986328125
10984243,32.3486328125
11269938,21.91162109375
11331955,20.69091796875
11436850,22.64404296875
11484767,36.43798828125
11514106,17.2119140625
11529779,28.01513671875
11591464,25.146484375
11603260,16.9677734375
11603536,22.4609375
11636084,22.0947265625
11653243,23.13232421875
11698902,24.658203125
11751065,20.69091796875
11760158,20.5078125
11776094,19.287109375
11789432,24.169921875
11801506,20.81298828125
11847503,19.8974609375
11867270,25.20751953125
11876994,17.7001953125
11890500,17.9443359375
