7799001,0
7583,17.2119140625
18240,15.68603515625
18408,16.845703125
40371,14.892578125
45909,14.892578125
56181,15.0146484375
56301,16.29638671875
117387,17.9443359375
135588,14.892578125
153938,17.4560546875
153981,16.41845703125
160052,14.70947265625
189414,15.625
273383,14.404296875
373153,14.70947265625
395609,16.11328125
395662,15.5029296875
395692,20.32470703125
395736,16.357421875
564670,14.34326171875
590971,14.7705078125
657063,16.41845703125
673136,14.58740234375
847417,14.7705078125
946965,16.05224609375
957077,15.380859375
957128,15.13671875
1018351,16.6015625
1041888,16.05224609375
1123899,14.404296875
1204569,15.380859375
1204810,15.44189453125
1326063,15.0146484375
1326097,15.44189453125
1488554,14.5263671875
1488634,16.357421875
1509373,15.625
1520522,15.625
1520590,14.2822265625
1520781,14.70947265625
1520862,15.56396484375
1537504,15.07568359375
1537656,19.10400390625
1537668,15.380859375
1537698,19.6533203125
1537912,16.357421875
1546378,15.2587890625
1557572,15.13671875
1557603,14.34326171875
1557651,22.64404296875
1557666,19.287109375
1557714,15.56396484375
1557955,16.90673828125
1557965,20.08056640625
1558111,15.7470703125
1558282,16.05224609375
1587258,17.39501953125
1587268,17.27294921875
1587350,15.2587890625
1587366,16.4794921875
1587420,14.7705078125
1587527,14.34326171875
1587712,16.11328125
1610194,20.6298828125
1610226,15.2587890625
1610268,15.68603515625
1610281,14.34326171875
1610300,14.404296875
1610525,14.46533203125
1610636,14.58740234375
1630234,14.34326171875
1636645,14.70947265625
1636738,14.7705078125
1656637,15.68603515625
1656683,18.4326171875
1656695,14.46533203125
1656746,19.775390625
1656776,15.31982421875
1656804,19.287109375
1656851,16.7236328125
1656954,15.5029296875
1687069,15.625
1692199,15.80810546875
1696615,16.41845703125
1697281,19.10400390625
1697318,16.6015625
1697328,14.6484375
1697449,14.46533203125
1697576,15.380859375
1697604,14.7705078125
1697701,14.5263671875
1697805,15.56396484375
1705870,14.70947265625
1708879,18.5546875
1710928,16.41845703125
1720143,14.5263671875
1722776,15.380859375
1722857,14.892578125
1722884,19.95849609375
1722933,17.4560546875
1723003,15.5029296875
1723035,14.7705078125
1736547,16.9677734375
1736650,15.07568359375
1746834,14.404296875
1766315,14.6484375
1772642,15.80810546875
1772735,24.4140625
1772775,14.404296875
1772824,16.6015625
1772925,16.54052734375
1773114,15.31982421875
1773843,14.7705078125
1782683,15.2587890625
1783061,14.2822265625
1786018,15.0146484375
1790042,15.869140625
1790159,15.93017578125
1790284,15.0146484375
1790477,15.44189453125
1790625,14.6484375
1802206,15.44189453125
1808658,17.39501953125
1814441,15.0146484375
1814676,15.07568359375
1833733,17.822265625
1833841,14.6484375
1833862,17.08984375
1833902,14.7705078125
1833986,15.07568359375
1834054,15.31982421875
1834554,15.44189453125
1834743,14.46533203125
1852601,15.380859375
1852629,15.5029296875
1863189,14.83154296875
1863376,16.78466796875
1878057,15.625
1878133,17.2119140625
1878218,14.892578125
1878261,14.34326171875
1878366,15.5029296875
1888871,14.2822265625
1889000,17.2119140625
1889960,15.68603515625
1898671,15.31982421875
1898702,14.892578125
1898714,15.869140625
1899089,14.58740234375
1917949,14.95361328125
1918051,20.44677734375
1918072,17.27294921875
1918098,17.15087890625
1928328,14.6484375
1948052,15.19775390625
1948112,16.41845703125
1948214,14.5263671875
1948263,14.34326171875
1948500,14.34326171875
1949053,14.892578125
1976436,15.07568359375
2012450,14.46533203125
2030513,14.46533203125
2030617,14.34326171875
2030927,14.5263671875
2034078,15.869140625
2034123,15.19775390625
2041853,15.7470703125
2041928,16.78466796875
2046436,15.93017578125
2046533,15.07568359375
2052422,17.333984375
2052463,17.9443359375
2052492,17.39501953125
2052522,16.7236328125
2052547,19.4091796875
2064890,15.80810546875
2069865,15.44189453125
2075388,14.6484375
2075542,15.07568359375
2075648,14.7705078125
2075794,16.4794921875
2087996,14.7705078125
2088049,16.41845703125
2088099,17.15087890625
2088180,14.404296875
2088216,15.869140625
2088254,15.13671875
2103918,14.7705078125
2110986,15.5029296875
2111028,14.2822265625
2111149,14.46533203125
2111567,16.90673828125
2129484,14.404296875
2129506,15.380859375
2129532,15.68603515625
2129558,26.67236328125
2129581,20.32470703125
2129606,15.0146484375
2129687,14.95361328125
2146549,14.46533203125
2146714,14.70947265625
2146731,18.00537109375
2146860,15.7470703125
2147034,15.869140625
2147189,15.0146484375
2147425,15.9912109375
2496655,14.2822265625
2560293,14.58740234375
2572974,14.70947265625
2573060,16.9677734375
2586305,14.2822265625
2675713,15.13671875
2675794,14.34326171875
2693389,15.0146484375
2693479,14.7705078125
2699086,14.6484375
2699272,14.83154296875
2705024,14.5263671875
2713760,14.2822265625
2713787,15.0146484375
2713826,14.2822265625
2713881,14.5263671875
2713990,23.13232421875
2729566,16.4794921875
2729714,14.404296875
2729735,14.6484375
2729748,14.2822265625
2729779,14.7705078125
2749095,18.49365234375
2749109,17.15087890625
2749129,19.775390625
2749174,15.380859375
2749225,15.93017578125
2749347,16.17431640625
2750371,15.9912109375
2761217,14.892578125
2842380,16.41845703125
2842421,15.380859375
2842431,14.83154296875
2842470,15.13671875
2871717,15.13671875
2871789,15.31982421875
2871800,20.263671875
2871815,18.85986328125
2871919,15.07568359375
2911071,14.95361328125
2911099,15.07568359375
2911139,16.9677734375
2911246,15.380859375
2938720,14.34326171875
2938734,14.6484375
2938811,14.58740234375
2972431,15.93017578125
3188707,14.404296875
3235862,16.357421875
3235986,15.5029296875
3252153,16.11328125
3271918,18.24951171875
3272068,17.333984375
3287823,15.13671875
3294232,16.2353515625
3302895,15.07568359375
3302997,14.5263671875
3303028,15.2587890625
3303075,16.2353515625
3303268,14.58740234375
3312288,14.95361328125
3321703,14.892578125
3321724,14.70947265625
3321790,15.0146484375
3321829,15.44189453125
3321853,15.869140625
3321877,19.22607421875
3321993,14.83154296875
3322028,14.95361328125
3322134,15.0146484375
3322175,14.70947265625
3346270,15.93017578125
3346349,18.24951171875
3356932,15.07568359375
3361498,15.93017578125
3361526,15.19775390625
3376002,19.4091796875
3376056,18.6767578125
3376092,16.6015625
3376265,15.2587890625
3377279,14.6484375
3377361,16.29638671875
3409484,14.70947265625
3409540,14.34326171875
3409623,19.1650390625
3417432,14.404296875
3417544,14.83154296875
3425564,17.39501953125
3425631,15.19775390625
3425717,14.2822265625
3425730,22.94921875
3425819,15.380859375
3425842,20.01953125
3425927,15.13671875
3435714,17.27294921875
3435831,18.49365234375
3435859,15.7470703125
3435875,17.51708984375
3435945,15.07568359375
3435975,14.892578125
3436054,16.54052734375
3436142,15.19775390625
3436246,15.56396484375
3445354,15.380859375
3445405,18.85986328125
3445439,15.625
3445460,15.5029296875
3445494,14.34326171875
3445547,14.7705078125
3445600,20.5078125
3445610,15.19775390625
3445628,17.51708984375
3445682,14.58740234375
3445745,15.44189453125
3445761,15.380859375
3445785,14.46533203125
3445797,16.9677734375
3445823,17.2119140625
3445867,16.845703125
3457920,14.6484375
3458050,14.34326171875
3472654,18.37158203125
3472697,19.287109375
3472707,14.34326171875
3472747,16.78466796875
3472763,16.4794921875
3472796,15.07568359375
3472809,16.17431640625
3472925,14.58740234375
3472973,15.2587890625
3473002,15.93017578125
3498179,14.7705078125
3514352,14.83154296875
3514388,15.625
3514432,20.8740234375
3514464,18.49365234375
3514477,17.9443359375
3514501,17.7001953125
3514637,15.380859375
3515250,15.93017578125
3530560,16.7236328125
3553681,14.83154296875
3553748,15.93017578125
3561162,15.07568359375
3561250,16.17431640625
3561310,24.4140625
3561358,15.80810546875
3561389,17.08984375
3561429,14.2822265625
3561467,20.81298828125
3561479,19.34814453125
3561513,14.892578125
3561564,16.845703125
3561584,16.6015625
3561722,15.07568359375
3620015,16.78466796875
3620142,14.70947265625
3639663,16.7236328125
3639695,15.7470703125
3663398,14.34326171875
3663506,16.66259765625
3663619,14.46533203125
3679684,17.578125
3710800,15.44189453125
3799852,14.404296875
3799939,14.5263671875
3799990,16.29638671875
3950467,17.27294921875
4041236,14.2822265625
4056095,14.7705078125
4056162,15.19775390625
4056216,16.845703125
4070978,14.404296875
4071026,15.380859375
4071070,15.31982421875
4071114,14.7705078125
4071239,18.73779296875
4085085,15.2587890625
4085156,16.90673828125
4085171,14.7705078125
4085203,16.05224609375
4085315,17.822265625
4085377,14.34326171875
4094892,17.08984375
4094982,15.19775390625
4095099,14.2822265625
4100094,15.80810546875
4100143,16.6015625
4100167,14.6484375
4100210,14.58740234375
4100279,15.2587890625
4100344,15.68603515625
4100402,15.56396484375
4100456,15.5029296875
4100488,17.88330078125
4100585,14.7705078125
4100710,15.19775390625
4100910,16.6015625
4113158,17.333984375
4113171,19.10400390625
4113235,21.91162109375
4113248,14.46533203125
4113304,15.31982421875
4113353,15.380859375
4113367,17.2119140625
4113428,19.287109375
4113459,15.56396484375
4113579,14.6484375
4113624,14.404296875
4113825,15.07568359375
4114467,15.19775390625
4126052,15.31982421875
4126117,16.2353515625
4126143,21.17919921875
4126194,18.49365234375
4126213,17.2119140625
4126258,14.5263671875
4126293,16.41845703125
4126312,16.6015625
4126378,20.1416015625
4126406,14.5263671875
4126513,17.76123046875
4126586,15.5029296875
4126628,15.380859375
4136045,17.63916015625
4136062,18.9208984375
4136090,20.69091796875
4136136,17.333984375
4136173,16.2353515625
4136189,18.73779296875
4136231,15.19775390625
4136252,19.47021484375
4136304,17.63916015625
4136321,14.892578125
4136389,15.5029296875
4136448,15.0146484375
4136510,15.9912109375
4145209,14.83154296875
4145258,16.78466796875
4145317,14.892578125
4145400,15.7470703125
4145442,15.07568359375
4151032,27.34375
4151042,14.46533203125
4151091,15.07568359375
4151110,16.357421875
4151144,14.58740234375
4151255,15.7470703125
4151287,15.56396484375
4151346,16.17431640625
4162319,15.380859375
4162350,16.845703125
4162440,16.845703125
4162522,18.73779296875
4166316,14.83154296875
4166439,14.46533203125
4166460,16.54052734375
4166482,16.66259765625
4166515,17.76123046875
4166553,15.380859375
4166614,18.61572265625
4173360,15.56396484375
4173447,18.00537109375
4173503,18.85986328125
4173535,19.22607421875
4173705,15.93017578125
4173762,14.58740234375
4173863,15.19775390625
4173910,14.404296875
4174394,14.6484375
4187535,15.19775390625
4187591,17.4560546875
4187615,21.484375
4187655,17.08984375
4187670,16.845703125
4187690,16.05224609375
4187704,16.05224609375
4187752,15.44189453125
4187819,14.5263671875
4187893,16.05224609375
4188791,14.6484375
4195694,15.93017578125
4200230,15.869140625
4200275,14.70947265625
4200310,15.19775390625
4200322,15.9912109375
4200345,15.7470703125
4200398,16.66259765625
4200427,15.5029296875
4200466,14.58740234375
4200633,15.2587890625
4205987,15.44189453125
4206037,15.13671875
4206131,15.13671875
4206161,14.7705078125
4206193,15.68603515625
4213561,15.869140625
4213963,14.5263671875
4215434,14.404296875
4218009,14.6484375
4218081,17.15087890625
4218111,14.58740234375
4218231,14.6484375
4224436,15.07568359375
4229788,15.93017578125
4229813,17.822265625
4229843,19.4091796875
4229860,14.6484375
4229920,16.54052734375
4229940,14.5263671875
4229992,14.95361328125
4230031,17.15087890625
4240022,15.44189453125
4245196,14.95361328125
4249002,15.13671875
4249996,17.7001953125
4250238,16.845703125
4250299,15.869140625
4250344,16.4794921875
4250367,14.2822265625
4261835,17.4560546875
4261849,17.2119140625
4261929,16.54052734375
4261972,16.357421875
4262002,14.70947265625
4262019,15.13671875
4262067,16.17431640625
4262099,16.2353515625
4272376,15.93017578125
4272412,16.845703125
4272444,15.9912109375
4272493,15.2587890625
4272517,14.5263671875
4272548,15.19775390625
4272766,15.07568359375
4279938,16.41845703125
4280041,15.80810546875
4287636,14.34326171875
4288082,14.404296875
4288093,14.404296875
4288247,16.41845703125
4288308,14.83154296875
4288328,15.80810546875
4297123,17.15087890625
4297236,17.51708984375
4308124,15.2587890625
4308137,15.68603515625
4308166,15.80810546875
4308216,14.46533203125
4308240,14.70947265625
4308309,14.892578125
4308454,14.7705078125
4327774,18.9208984375
4327843,20.01953125
4327859,15.2587890625
4327883,14.2822265625
4327923,14.58740234375
4327977,14.34326171875
4328180,14.7705078125
4328576,15.44189453125
4338509,14.7705078125
4338525,14.892578125
4349483,14.34326171875
4349527,22.52197265625
4349560,14.404296875
4349613,15.7470703125
4349647,15.625
4349707,15.68603515625
4349720,20.08056640625
4371587,14.892578125
4371727,16.357421875
4371816,15.31982421875
4371996,14.34326171875
4372040,17.822265625
4372249,14.46533203125
4390065,17.15087890625
4390330,18.06640625
4390349,17.08984375
4390409,20.81298828125
4418273,15.13671875
4438064,14.892578125
4453819,16.357421875
4453993,16.66259765625
4459431,15.44189453125
4459494,17.63916015625
4459545,15.13671875
4459648,16.66259765625
4459780,15.80810546875
4459845,14.7705078125
4475379,14.46533203125
4475550,14.5263671875
4475730,16.90673828125
4475796,15.0146484375
4475822,17.333984375
4493895,17.39501953125
4493908,15.2587890625
4493945,14.2822265625
4493956,23.74267578125
4494002,17.578125
4494015,18.00537109375
4494097,18.4326171875
4494146,18.12744140625
4494165,16.54052734375
4494201,14.6484375
4494291,15.68603515625
4494371,15.5029296875
4520840,20.1416015625
4520884,15.13671875
4520997,15.0146484375
4521043,16.29638671875
4542338,16.357421875
4542395,14.46533203125
4542486,14.6484375
4562081,16.9677734375
4562098,14.6484375
4562211,15.0146484375
4562325,15.2587890625
4562380,15.380859375
4562413,21.66748046875
4562505,17.9443359375
4562588,15.13671875
4609734,15.07568359375
4609824,14.404296875
5086428,15.93017578125
5086563,14.2822265625
5094906,16.6015625
5094942,14.34326171875
5095019,15.68603515625
5105761,16.54052734375
5111711,14.7705078125
5111875,18.85986328125
5116586,16.6015625
5123019,15.44189453125
5123032,17.08984375
5123087,14.46533203125
5123134,17.39501953125
5123158,15.380859375
5123226,18.49365234375
5129741,15.80810546875
5135155,17.4560546875
5143970,15.5029296875
5144034,17.76123046875
5144071,20.99609375
5144110,19.34814453125
5144179,17.88330078125
5144238,16.845703125
5144266,15.2587890625
5144287,16.357421875
5144463,14.6484375
5159174,18.00537109375
5159196,17.15087890625
5159256,15.7470703125
5159280,18.00537109375
5159453,15.0146484375
5239856,20.01953125
5239897,20.263671875
5239907,14.70947265625
5239931,14.58740234375
5240034,19.775390625
5240093,15.13671875
5240146,14.6484375
5240199,15.13671875
5240733,15.44189453125
5240774,15.19775390625
5255476,14.70947265625
5311507,15.2587890625
5311547,14.404296875
5311599,14.404296875
5311618,19.4091796875
5366850,14.404296875
5366877,17.51708984375
5366943,14.2822265625
5401013,14.70947265625
5401050,14.58740234375
5481590,15.380859375
5481609,15.0146484375
5689547,15.07568359375
5703245,15.07568359375
5703363,15.5029296875
5712276,14.58740234375
5721160,20.751953125
5729538,14.95361328125
5729579,15.0146484375
5729650,16.2353515625
5729727,14.46533203125
5729772,19.1650390625
5729902,14.7705078125
5745459,15.0146484375
5745496,15.56396484375
5751531,14.404296875
5751694,14.6484375
5760441,16.05224609375
5760454,20.44677734375
5760506,15.0146484375
5760554,18.6767578125
5760566,17.02880859375
5760624,17.76123046875
5760675,14.34326171875
5760704,14.34326171875
5760729,14.2822265625
5760797,18.61572265625
5760815,15.68603515625
5760834,15.7470703125
5760873,15.13671875
5769789,15.19775390625
5769822,14.6484375
5769885,15.19775390625
5777405,14.5263671875
5777445,16.17431640625
5777480,16.4794921875
5777521,15.380859375
5777535,16.90673828125
5777695,18.12744140625
5777715,15.80810546875
5777840,15.13671875
5777888,14.892578125
5777925,15.0146484375
5777949,14.6484375
5778115,14.70947265625
5788840,14.7705078125
5788863,18.5546875
5788896,20.01953125
5788918,16.90673828125
5788994,19.6533203125
5789033,14.404296875
5789048,14.58740234375
5789078,15.13671875
5789249,15.9912109375
5797433,14.83154296875
5797525,15.19775390625
5797575,18.24951171875
5797591,14.5263671875
5797634,23.5595703125
5797664,17.39501953125
5797718,17.578125
5797799,14.2822265625
5797811,19.10400390625
5797853,14.2822265625
5797932,15.93017578125
5797965,14.34326171875
5816102,17.63916015625
5816151,16.845703125
5816202,14.892578125
5816228,19.95849609375
5816318,19.34814453125
5816371,14.6484375
5816470,15.2587890625
5816566,14.34326171875
5823489,15.5029296875
5823687,15.9912109375
5827393,17.2119140625
5827454,17.822265625
5827475,18.73779296875
5827529,14.34326171875
5827715,15.5029296875
5827882,14.46533203125
5828079,16.41845703125
5847122,15.31982421875
5847241,17.578125
5847317,14.892578125
5847371,15.68603515625
5847415,16.357421875
5853647,14.5263671875
5853711,14.83154296875
5853744,19.10400390625
5853840,19.4091796875
5853853,16.9677734375
5853903,17.02880859375
5853996,14.892578125
5883203,19.4091796875
5883236,15.31982421875
5883263,16.9677734375
5883302,18.00537109375
5883315,15.19775390625
5883351,15.869140625
5883380,19.22607421875
5883433,14.46533203125
5883484,16.9677734375
5890805,15.2587890625
5890893,14.892578125
5910416,16.90673828125
5910464,17.27294921875
5910502,15.380859375
5910537,16.54052734375
5910583,16.41845703125
5910618,16.6015625
5911594,14.6484375
5926325,16.17431640625
5951240,15.68603515625
5969939,14.2822265625
5970290,16.41845703125
5978232,16.29638671875
5978986,16.54052734375
5979013,14.58740234375
5979039,15.625
5979067,16.78466796875
5979084,20.6298828125
5979112,19.71435546875
5979135,17.02880859375
5979206,14.34326171875
5979369,14.58740234375
5979863,17.51708984375
5992664,14.95361328125
6006381,15.5029296875
6013508,18.310546875
6013589,15.07568359375
6013623,14.70947265625
6013651,17.02880859375
6013664,15.07568359375
6013692,15.19775390625
6013765,18.73779296875
6013902,15.31982421875
6071282,14.46533203125
6071662,16.11328125
6075417,14.46533203125
6079410,20.56884765625
6079593,16.78466796875
6079666,14.58740234375
6079765,15.19775390625
6079801,16.11328125
6079824,14.46533203125
6079876,16.845703125
6079902,17.76123046875
6079932,14.6484375
6079994,17.39501953125
6080044,19.47021484375
6080057,18.9208984375
6080230,16.05224609375
6080290,15.31982421875
6081108,14.404296875
6104195,14.58740234375
6104228,15.2587890625
6104323,15.80810546875
6104378,15.869140625
6104394,16.4794921875
6104418,16.845703125
6104475,19.10400390625
6104524,16.54052734375
6104841,14.2822265625
6105873,14.6484375
6135394,15.869140625
6143125,16.54052734375
6143154,18.6767578125
6143232,16.4794921875
6143272,19.287109375
6143282,21.8505859375
6143319,19.6533203125
6143362,17.51708984375
6143426,22.94921875
6143438,14.5263671875
6143539,14.7705078125
6171205,14.34326171875
6171254,15.44189453125
6171345,14.892578125
6171370,15.5029296875
6171401,18.49365234375
6171450,15.19775390625
6171468,15.80810546875
6171490,15.31982421875
6171534,15.380859375
6171547,15.31982421875
6172512,14.2822265625
6183955,14.83154296875
6200238,19.287109375
6200347,16.11328125
6200384,14.34326171875
6200422,14.5263671875
6200458,19.04296875
6200469,15.0146484375
6200505,15.7470703125
6223192,16.54052734375
6223303,16.6015625
6223551,14.5263671875
6224614,16.9677734375
6224632,16.05224609375
6224670,15.0146484375
6224682,18.6767578125
6224717,18.00537109375
6224745,14.6484375
6236879,15.869140625
6236906,16.78466796875
6236985,20.263671875
6237029,14.58740234375
6237044,15.9912109375
6237184,16.90673828125
6237292,14.5263671875
6237446,15.13671875
6250476,22.94921875
6250496,16.845703125
6250530,16.4794921875
6250560,15.9912109375
6250584,14.6484375
6250636,14.70947265625
6262624,14.46533203125
6262675,18.49365234375
6262697,14.83154296875
6262721,14.2822265625
6262784,17.08984375
6274434,18.6767578125
6274484,15.869140625
6274574,16.78466796875
6275020,17.15087890625
6285766,14.5263671875
6285800,14.5263671875
6285862,16.357421875
6297339,16.2353515625
6297420,15.19775390625
6297493,17.27294921875
6297783,15.625
6307622,16.11328125
6307774,16.05224609375
6307853,14.95361328125
6307891,15.80810546875
6308733,14.2822265625
6317062,16.17431640625
6317124,17.7001953125
6317219,17.2119140625
6317245,15.5029296875
6327606,15.93017578125
6327670,18.5546875
6327697,20.01953125
6327725,16.17431640625
6327794,16.7236328125
6337905,17.7001953125
6347099,14.404296875
6347192,17.76123046875
6347273,14.404296875
6347308,15.380859375
6347452,14.95361328125
6359202,16.54052734375
6359213,20.01953125
6359264,15.44189453125
6359308,15.44189453125
6360359,14.46533203125
6372138,16.845703125
6372197,17.08984375
6372276,16.357421875
6372336,17.51708984375
6372834,17.88330078125
6383448,14.83154296875
6383531,16.54052734375
6383620,15.68603515625
6383720,15.0146484375
6401874,17.7001953125
6401888,14.95361328125
6401928,15.44189453125
6401941,15.56396484375
6402000,20.5078125
6424306,15.44189453125
6424365,15.13671875
6424384,16.66259765625
6424439,14.404296875
6424508,18.85986328125
6424538,14.58740234375
6424564,15.44189453125
6424749,14.404296875
6424915,14.83154296875
6426770,14.7705078125
6438847,15.07568359375
6438938,16.6015625
6439018,14.95361328125
6439037,19.22607421875
6439121,15.93017578125
6439201,14.58740234375
6440059,14.83154296875
6999032,16.11328125
7140707,19.10400390625
7158533,14.7705078125
7158628,14.7705078125
7165141,14.95361328125
7178862,15.0146484375
7187193,14.5263671875
7202225,21.54541015625
7202240,15.869140625
7202290,15.0146484375
7202351,15.44189453125
7202399,14.46533203125
7202462,16.66259765625
7202564,15.31982421875
7202669,14.7705078125
7315563,17.08984375
7315599,15.13671875
7315647,19.71435546875
7315687,18.98193359375
7315717,15.5029296875
7315859,15.93017578125
7315889,15.80810546875
7315936,15.93017578125
7316025,15.07568359375
7366070,16.11328125
7366138,14.2822265625
7398065,15.31982421875
7398109,15.7470703125
7398136,14.46533203125
7398175,16.7236328125
7398203,17.51708984375
7416198,15.9912109375
7416229,15.19775390625
7416262,14.46533203125
7416277,19.4091796875
7416324,14.34326171875
7416379,14.892578125
7432238,15.5029296875
7446959,15.380859375
7447078,14.83154296875
7447103,20.32470703125
7447211,14.58740234375
7462270,17.27294921875
7478902,14.7705078125
7478954,15.380859375
7478999,19.8974609375
7479036,16.9677734375
7479071,15.56396484375
7479093,17.08984375
7479112,18.798828125
7479142,15.625
7479196,16.29638671875
7479312,14.5263671875
7479402,15.44189453125
7499693,15.93017578125
7499712,16.11328125
7499759,18.310546875
7499789,16.11328125
7499846,15.13671875
7499974,16.6015625
7500046,15.56396484375
7500141,14.46533203125
7531680,16.54052734375
7531737,15.9912109375
7531752,21.484375
7531774,16.9677734375
7531801,14.6484375
7531849,15.68603515625
7531860,18.5546875
7531904,14.58740234375
7531940,15.31982421875
7531961,15.07568359375
7531985,18.4326171875
7532002,20.08056640625
7532029,19.10400390625
7532058,15.625
7532089,15.625
7532159,14.70947265625
7532286,15.07568359375
7559272,14.7705078125
7559435,14.58740234375
7559449,16.2353515625
7559499,18.85986328125
7559529,16.41845703125
7559601,17.39501953125
7559730,15.44189453125
7559766,14.7705078125
7559880,16.11328125
7559909,14.5263671875
7570404,15.93017578125
7570467,15.68603515625
7579999,14.46533203125
7589021,21.78955078125
7589057,15.31982421875
7589081,24.0478515625
7589110,24.47509765625
7589154,15.0146484375
7589172,17.4560546875
7589187,16.11328125
7589238,16.6015625
7589272,16.29638671875
7589369,16.90673828125
7589450,20.6298828125
7589586,15.19775390625
7589676,16.9677734375
7614511,16.845703125
7614542,22.0947265625
7614562,20.8740234375
7614579,17.76123046875
7614629,27.77099609375
7614662,18.12744140625
7614696,15.31982421875
7614835,20.263671875
7641770,14.7705078125
7646488,14.6484375
7646558,17.39501953125
7646594,17.2119140625
7646605,17.76123046875
7646643,21.484375
7646680,24.658203125
7646690,19.8974609375
7646717,24.90234375
7646773,17.63916015625
7647024,14.46533203125
7647462,14.892578125
7647550,14.892578125
7668877,26.0009765625
7668892,16.357421875
7668972,16.11328125
7669025,18.06640625
7669088,14.83154296875
7669129,15.7470703125
7669161,19.83642578125
7677790,14.404296875
7677939,17.76123046875
7677980,14.7705078125
7678034,15.19775390625
7678117,17.7001953125
7678133,16.2353515625
7678201,14.95361328125
7678242,16.845703125
7686929,14.404296875
7687000,14.404296875
7687034,18.73779296875
7687050,14.2822265625
7687082,16.2353515625
7687103,16.54052734375
7687146,21.91162109375
7687199,15.56396484375
7687219,18.85986328125
7687283,14.2822265625
7687303,17.76123046875
7687336,14.34326171875
7711046,15.07568359375
7711114,17.88330078125
7711174,21.05712890625
7711254,14.46533203125
7711319,19.95849609375
7711473,15.93017578125
7711995,15.0146484375
7712210,14.58740234375
7728118,16.9677734375
7734284,15.0146484375
7734379,19.47021484375
7734413,15.625
7734445,15.9912109375
7734484,14.2822265625
7734535,15.80810546875
7734558,15.80810546875
7734628,15.68603515625
7734666,16.2353515625
7734707,15.56396484375
7734914,14.404296875
7764579,14.46533203125
7764615,16.11328125
7764640,17.7001953125
7764688,20.751953125
7764786,14.83154296875
7764896,16.357421875
7783005,15.44189453125
7783196,15.68603515625
7783328,17.08984375
7783356,15.13671875
7783384,16.357421875
7783427,15.44189453125
7783456,17.4560546875
7783522,16.357421875
7783769,16.357421875
7784096,14.404296875
7793566,15.31982421875
