8999000,0
246985,32.2265625
404294,33.3251953125
1150955,30.82275390625
1639908,30.57861328125
1945886,31.79931640625
2730474,31.3720703125
2819992,37.9638671875
3457807,32.28759765625
3484981,34.1796875
3960070,35.94970703125
4019523,35.7666015625
4555731,35.58349609375
4556330,35.09521484375
4560760,33.69140625
4575369,34.36279296875
4615044,30.82275390625
4910221,35.94970703125
5496271,32.2265625
5641725,30.76171875
6270454,31.494140625
6271905,31.3720703125
6386205,31.1279296875
6697907,30.45654296875
6712379,32.65380859375
6861679,31.55517578125
7345888,31.8603515625
7374384,31.92138671875
7410159,31.92138671875
7417920,35.70556640625
7497924,31.3720703125
8516220,32.04345703125
8905192,30.3955078125
