8999000,0
15444,79.2236328125
17358,35.09521484375
20022,40.34423828125
32464,41.748046875
32478,33.203125
35183,33.8134765625
39857,56.5185546875
54238,39.306640625
54251,34.0576171875
56778,36.07177734375
61698,80.26123046875
74446,40.6494140625
78988,51.08642578125
78999,38.26904296875
79441,74.8291015625
79725,44.0673828125
101965,79.1015625
117043,38.51318359375
121848,39.73388671875
122482,45.0439453125
153501,57.373046875
160412,50.537109375
170845,42.90771484375
174977,39.9169921875
178075,43.45703125
181885,44.921875
182545,82.51953125
192070,78.43017578125
207486,45.47119140625
207498,35.09521484375
208976,40.34423828125
208987,36.865234375
213267,74.5849609375
224205,73.91357421875
224571,63.720703125
235253,47.8515625
247158,37.17041015625
247173,33.447265625
248604,67.68798828125
248819,40.6494140625
270650,82.8857421875
271980,72.6318359375
272251,44.5556640625
272262,33.50830078125
290072,34.85107421875
303334,51.6357421875
303952,33.26416015625
304854,66.34521484375
305989,73.05908203125
314329,40.283203125
320317,51.45263671875
320334,34.24072265625
329230,43.02978515625
332225,42.41943359375
332237,33.5693359375
332647,35.888671875
332943,43.212890625
357197,51.57470703125
357697,43.64013671875
357712,35.0341796875
357978,42.54150390625
358008,33.38623046875
358889,62.744140625
370141,46.69189453125
378066,85.693359375
378077,33.75244140625
378644,40.46630859375
381249,72.75390625
381669,58.16650390625
385207,34.0576171875
405300,51.513671875
405311,34.11865234375
405526,57.0068359375
405536,33.69140625
420420,35.21728515625
426005,84.16748046875
430809,51.7578125
431265,76.0498046875
432570,37.2314453125
437231,42.1142578125
438075,58.65478515625
442995,38.14697265625
445285,67.68798828125
446225,35.21728515625
451220,79.345703125
456148,42.17529296875
458083,34.5458984375
459073,60.791015625
461888,70.9228515625
462284,41.19873046875
469201,38.818359375
473204,35.94970703125
474282,36.62109375
474811,69.82421875
478328,61.1572265625
484918,76.171875
484932,34.0576171875
485545,62.6220703125
485556,33.3251953125
510694,47.119140625
512154,39.00146484375
512169,36.4990234375
512321,35.21728515625
531924,83.984375
533134,71.6552734375
533145,35.09521484375
533541,68.54248046875
546538,36.2548828125
549244,34.1796875
551173,43.3349609375
551186,37.353515625
553227,38.2080078125
554030,72.265625
555366,36.43798828125
555380,34.48486328125
558629,79.04052734375
558640,34.423828125
562338,70.6787109375
562528,39.36767578125
573407,40.8935546875
584954,39.61181640625
585302,64.3310546875
587364,64.51416015625
592786,36.92626953125
599020,41.748046875
600110,39.794921875
602926,41.32080078125
603186,38.6962890625
621084,35.5224609375
623210,91.9189453125
623220,36.9873046875
629981,93.20068359375
630446,38.75732421875
630691,39.61181640625
634802,89.78271484375
638306,73.54736328125
639226,33.26416015625
639485,39.9169921875
645334,35.58349609375
656760,94.29931640625
657911,81.298828125
658132,36.9873046875
666278,42.8466796875
672364,52.24609375
672718,58.59375
681509,45.71533203125
682641,50.29296875
683460,70.37353515625
683735,35.58349609375
688636,75.25634765625
690647,69.39697265625
690897,53.22265625
691383,34.11865234375
691812,34.66796875
693315,63.29345703125
698739,33.0810546875
698759,36.9873046875
699405,58.10546875
706339,62.98828125
711174,33.38623046875
712540,36.07177734375
717085,64.63623046875
718149,61.09619140625
718366,35.2783203125
729688,93.8720703125
731817,64.3310546875
733739,37.53662109375
733750,39.12353515625
734351,33.203125
735086,33.935546875
741360,42.48046875
741420,34.60693359375
743492,42.1142578125
747299,63.1103515625
747643,50.35400390625
748899,57.92236328125
765500,37.78076171875
765512,35.7666015625
767403,40.1611328125
767653,49.4384765625
768444,64.39208984375
779416,33.26416015625
781975,89.05029296875
781987,33.3251953125
787149,39.97802734375
790171,35.70556640625
790182,33.38623046875
790783,64.3310546875
791948,61.82861328125
792112,35.58349609375
802203,36.19384765625
812611,50.10986328125
815779,82.21435546875
817077,72.3876953125
819389,71.83837890625
819768,54.01611328125
821015,62.56103515625
821553,37.2314453125
832805,35.09521484375
833054,45.95947265625
833067,36.07177734375
834809,80.87158203125
838934,74.27978515625
839354,35.58349609375
839812,38.51318359375
848782,69.39697265625
850057,61.82861328125
851230,42.17529296875
852272,60.546875
853515,65.49072265625
854375,35.400390625
854410,63.3544921875
857963,68.17626953125
857973,33.75244140625
858146,33.63037109375
860773,33.87451171875
865987,41.80908203125
866291,41.748046875
884286,44.00634765625
887955,50.048828125
887966,34.5458984375
889557,37.7197265625
891530,34.3017578125
893464,41.9921875
894699,42.96875
894898,35.94970703125
896831,62.8662109375
916653,44.677734375
916667,35.58349609375
918291,83.06884765625
918803,65.185546875
919978,33.935546875
925524,33.8134765625
939433,81.298828125
940810,41.44287109375
941002,33.38623046875
941457,33.935546875
949270,34.48486328125
959344,80.810546875
961726,38.2080078125
961737,38.51318359375
964676,46.630859375
966041,44.7998046875
966055,36.92626953125
967019,75.25634765625
968380,65.12451171875
969238,57.55615234375
971214,62.255859375
971225,34.97314453125
973310,63.53759765625
973887,53.52783203125
977510,34.48486328125
978942,44.43359375
985109,74.21875
985510,65.91796875
986322,33.8134765625
987141,44.37255859375
1002688,53.1005859375
1005974,33.203125
1006310,46.81396484375
1006326,34.5458984375
1007410,39.306640625
1007420,33.87451171875
1008554,40.1611328125
1010300,71.35009765625
1027451,39.1845703125
1027781,33.26416015625
1031417,38.63525390625
1034014,40.83251953125
1035539,74.462890625
1035754,37.109375
1044118,42.17529296875
1049414,42.54150390625
1049424,34.97314453125
1052355,46.32568359375
1052374,38.2080078125
1052580,45.95947265625
1061696,34.36279296875
1068638,84.716796875
1068649,35.7666015625
1070791,83.740234375
1073304,37.78076171875
1075200,66.7724609375
1075210,39.4287109375
1075424,44.98291015625
1075434,35.70556640625
1075621,33.5693359375
1084358,45.0439453125
1090461,49.86572265625
1095002,38.39111328125
1095013,38.39111328125
1097783,72.93701171875
1097793,34.48486328125
1098015,53.52783203125
1098025,36.31591796875
1099980,71.77734375
1102178,34.60693359375
1106903,75.5615234375
1108485,67.0166015625
1108900,57.861328125
1110632,42.17529296875
1110643,34.1796875
1111820,36.19384765625
1111833,34.3017578125
1115687,36.56005859375
1117565,65.0634765625
1118067,58.04443359375
1118512,38.14697265625
1120521,33.38623046875
1121709,51.81884765625
1122856,34.7900390625
1123894,60.11962890625
1125559,63.29345703125
1125570,35.2783203125
1128817,40.4052734375
1129799,56.640625
1131156,74.70703125
1132111,60.97412109375
1134019,63.78173828125
1142769,37.59765625
1154383,83.80126953125
1156038,38.39111328125
1156397,57.67822265625
1156706,33.69140625
1158014,67.93212890625
1158247,41.44287109375
1166598,64.14794921875
1168921,42.96875
1170954,89.7216796875
1172730,37.4755859375
1175991,39.85595703125
1177283,82.1533203125
1177294,35.21728515625
1178766,66.162109375
1179754,33.63037109375
1181390,62.1337890625
1182845,59.4482421875
1187161,66.58935546875
1187171,37.90283203125
1189172,39.4287109375
1193498,42.48046875
1195094,38.818359375
1195111,33.0810546875
1197252,35.0341796875
1197894,66.2841796875
1198688,42.236328125
1200229,71.47216796875
1200478,35.64453125
1200865,37.353515625
1214148,85.75439453125
1216293,40.4052734375
1219194,70.86181640625
1220911,75.5615234375
1222974,71.6552734375
1224301,54.0771484375
1225632,60.97412109375
1230976,44.49462890625
1240519,33.0810546875
1243734,84.77783203125
1245453,42.66357421875
1246521,69.15283203125
1248899,37.7197265625
1248983,77.880859375
1250132,70.61767578125
1250146,36.43798828125
1250485,51.57470703125
1251114,65.85693359375
1252496,66.46728515625
1254414,64.75830078125
1255947,37.65869140625
1257860,34.5458984375
1259479,73.8525390625
1261032,62.98828125
1261047,37.78076171875
1262010,68.54248046875
1263440,52.734375
1264963,61.82861328125
1266376,33.8134765625
1268126,33.8134765625
1268140,33.935546875
1270347,34.3017578125
1270378,35.70556640625
1270391,33.3251953125
1272612,69.39697265625
1272956,47.119140625
1273334,46.69189453125
1288517,52.79541015625
1290956,36.80419921875
1290968,34.7900390625
1292486,34.5458984375
1293616,38.39111328125
1295469,74.951171875
1295481,33.203125
1296250,34.60693359375
1296264,35.5224609375
1308829,42.1142578125
1308841,35.2783203125
1311837,78.06396484375
1312066,49.62158203125
1312451,65.85693359375
1320316,36.4990234375
1326038,50.4150390625
1326796,72.8759765625
1327749,34.97314453125
1331967,33.0810546875
1344263,45.0439453125
1345842,38.9404296875
1346224,33.50830078125
1346299,63.96484375
1349293,35.82763671875
1351390,34.48486328125
1351436,45.10498046875
1353770,78.06396484375
1355096,40.34423828125
1356754,35.5224609375
1356766,33.935546875
1356898,40.1611328125
1357742,59.87548828125
1358621,34.60693359375
1358631,35.2783203125
1358812,35.33935546875
1369271,76.11083984375
1369282,36.0107421875
1370590,38.818359375
1372890,43.0908203125
1373551,36.19384765625
1379897,36.7431640625
1379951,40.22216796875
1379961,33.38623046875
1386827,40.22216796875
1388807,42.78564453125
1391040,70.80078125
1391050,46.0205078125
1391968,74.70703125
1394203,36.2548828125
1394240,46.2646484375
1396258,65.61279296875
1396496,44.921875
1397468,33.99658203125
1398377,64.697265625
1415040,49.6826171875
1415053,38.63525390625
1418259,42.54150390625
1418271,36.1328125
1419938,44.189453125
1419952,33.935546875
1421644,39.1845703125
1422764,67.32177734375
1423979,72.93701171875
1424779,67.3828125
1425047,39.48974609375
1427464,42.41943359375
1444294,54.3212890625
1445652,84.5947265625
1446986,79.2236328125
1447943,71.47216796875
1448436,35.400390625
1450314,38.63525390625
1450324,33.75244140625
1451320,40.83251953125
1452652,82.1533203125
1452663,33.87451171875
1454020,34.0576171875
1455238,71.2890625
1456760,62.31689453125
1457742,34.85107421875
1458435,53.40576171875
1458637,33.63037109375
1460150,54.5654296875
1468130,37.353515625
1470418,40.95458984375
1472786,42.05322265625
1473916,35.46142578125
1473926,35.09521484375
1474286,47.05810546875
1475092,50.78125
1481419,33.75244140625
1487064,81.97021484375
1487441,43.88427734375
1487468,34.24072265625
1487664,46.56982421875
1488279,57.0068359375
1489002,58.59375
1489388,33.3251953125
1495832,34.66796875
1496749,76.23291015625
1498185,60.36376953125
1498681,34.7900390625
1499693,69.88525390625
1501046,67.3828125
1502258,64.453125
1504187,37.59765625
1505912,59.2041015625
1507583,66.0400390625
1507593,35.400390625
1508455,59.38720703125
1509032,53.40576171875
1510075,55.419921875
1511681,33.69140625
1512693,39.1845703125
1513058,33.447265625
1515503,58.04443359375
1515514,33.203125
1515758,34.60693359375
1522719,37.841796875
1525598,34.48486328125
1531571,85.8154296875
1533273,76.35498046875
1534921,71.47216796875
1535183,50.1708984375
1542368,36.68212890625
1548607,43.701171875
1548617,42.236328125
1550963,48.095703125
1552143,46.630859375
1552313,41.3818359375
1553298,33.5693359375
1554721,41.1376953125
1556331,33.69140625
1557933,66.95556640625
1560273,40.4052734375
1561521,71.4111328125
1562087,55.96923828125
1562956,35.70556640625
1563926,60.9130859375
1566904,68.54248046875
1570658,35.0341796875
1572866,60.48583984375
1574220,36.2548828125
1575922,60.9130859375
1577485,34.5458984375
1579772,34.423828125
1581532,61.279296875
1589609,38.9404296875
1595993,49.072265625
1597538,33.99658203125
1599228,50.048828125
1599241,35.58349609375
1600553,76.416015625
1602375,67.2607421875
1603552,52.3681640625
1603755,33.87451171875
1604715,68.2373046875
1606090,61.82861328125
1608075,33.447265625
1608378,40.1611328125
1609291,33.50830078125
1612281,36.376953125
1627815,88.8671875
1627826,33.63037109375
1628142,40.95458984375
1629884,47.607421875
1631038,82.58056640625
1632198,82.21435546875
1634248,36.0107421875
1635965,72.20458984375
1637375,42.90771484375
1638741,38.51318359375
1638752,33.50830078125
1639658,40.8935546875
1640354,47.36328125
1641176,71.77734375
1648352,34.7900390625
1649127,40.0390625
1655018,42.29736328125
1659561,38.14697265625
1661694,44.49462890625
1664489,41.50390625
1666286,71.22802734375
1666353,36.0107421875
1667722,41.748046875
1667732,35.400390625
1669117,71.8994140625
1670366,74.0966796875
1670376,33.26416015625
1671432,72.021484375
1672747,59.87548828125
1676626,57.31201171875
1682811,72.81494140625
1686219,41.56494140625
1686230,33.935546875
1687321,68.359375
1688949,39.24560546875
1690058,69.64111328125
1690070,34.0576171875
1690431,61.6455078125
1694314,34.7900390625
1704831,47.66845703125
1707711,82.33642578125
1708123,36.43798828125
1710764,73.6083984375
1712539,69.4580078125
1713723,80.74951171875
1715113,45.10498046875
1716935,34.72900390625
1718205,72.75390625
1719352,36.865234375
1720137,34.1796875
1721256,41.44287109375
1722683,60.72998046875
1722827,34.60693359375
1734036,36.56005859375
1734913,33.87451171875
1737995,88.2568359375
1739207,39.97802734375
1741267,70.00732421875
1744075,40.46630859375
1744086,33.87451171875
1745631,38.63525390625
1745643,33.69140625
1745847,45.71533203125
1751065,33.87451171875
1763240,43.45703125
1763963,42.48046875
1765589,48.2177734375
1767470,42.41943359375
1769026,37.9638671875
1770632,71.77734375
1771767,70.73974609375
1772517,67.07763671875
1772531,33.63037109375
1772967,36.31591796875
1773844,75.86669921875
1774803,41.259765625
1776359,62.31689453125
1778833,33.14208984375
1781517,33.447265625
1786602,75.98876953125
1788057,40.6494140625
1788069,41.68701171875
1790531,84.9609375
1792197,35.64453125
1793165,36.43798828125
1794738,33.447265625
1795733,33.50830078125
1796967,70.98388671875
1798046,60.11962890625
1799275,53.64990234375
1800077,60.1806640625
1801239,63.4765625
1801720,33.63037109375
1802774,58.28857421875
1804050,33.0810546875
1814781,37.109375
1819972,46.630859375
1821891,67.32177734375
1823191,34.11865234375
1823203,35.94970703125
1823461,38.39111328125
1827602,34.66796875
1828489,77.5146484375
1833296,44.37255859375
1835110,34.48486328125
1838562,50.47607421875
1838574,33.0810546875
1840540,40.6494140625
1842218,71.77734375
1843577,72.6318359375
1843759,35.21728515625
1846003,67.5048828125
1849776,39.61181640625
1850059,37.53662109375
1855201,70.80078125
1860404,91.36962890625
1862192,41.015625
1863392,67.0166015625
1863403,38.6962890625
1865797,48.828125
1866771,81.4208984375
1866781,33.0810546875
1867692,68.9697265625
1869061,37.41455078125
1869250,38.9404296875
1883024,87.82958984375
1884960,51.94091796875
1884971,33.63037109375
1887610,67.93212890625
1887623,36.56005859375
1889998,34.3017578125
1890587,33.447265625
1891775,40.0390625
1891785,34.3017578125
1891965,44.189453125
1893543,69.82421875
1909772,44.49462890625
1909786,33.87451171875
1911433,68.54248046875
1911884,65.7958984375
1911959,33.8134765625
1913369,49.49951171875
1914554,36.1328125
1915001,58.59375
1916172,59.99755859375
1917153,68.66455078125
1918494,33.87451171875
1919956,66.650390625
1921392,67.81005859375
1921402,33.0810546875
1923541,63.96484375
1925057,71.71630859375
1926014,67.5048828125
1926969,62.07275390625
1928310,37.7197265625
1929367,60.85205078125
1930091,36.9873046875
1930865,55.23681640625
1932096,65.3076171875
1933361,68.115234375
1933371,33.447265625
1934765,74.03564453125
1936406,64.453125
1937901,63.78173828125
1939088,67.32177734375
1939750,64.39208984375
1941090,64.14794921875
1942100,40.0390625
1942862,64.88037109375
1944090,63.53759765625
1945176,72.265625
1946733,60.97412109375
1948727,64.8193359375
1949984,60.05859375
1954609,35.09521484375
1968728,81.35986328125
1971085,34.66796875
1971096,33.99658203125
1972788,37.78076171875
1972802,35.21728515625
1973988,47.4853515625
1974000,35.09521484375
1975575,33.0810546875
1975587,36.07177734375
1976986,63.65966796875
1977999,71.6552734375
1979339,65.4296875
1979631,49.4384765625
1979921,38.2080078125
1989808,90.6982421875
1993023,81.11572265625
1993212,34.85107421875
1994565,73.42529296875
1995770,73.18115234375
1996015,33.87451171875
1996342,54.74853515625
1998482,65.3076171875
2009690,40.22216796875
2011289,88.8671875
2012581,36.9873046875
2012593,36.56005859375
2014282,74.5849609375
2015032,69.88525390625
2016392,36.0107421875
2017599,56.57958984375
2017609,33.87451171875
2019175,36.19384765625
2021423,79.04052734375
2022611,34.423828125
2023667,71.4111328125
2023678,33.63037109375
2024628,40.58837890625
2024942,44.0673828125
2035784,37.9638671875
2042308,34.423828125
2042416,54.87060546875
2045297,45.34912109375
2046160,74.40185546875
2047164,75.62255859375
2048983,41.56494140625
2050376,64.75830078125
2055494,44.12841796875
2063942,44.00634765625
2065396,45.59326171875
2065406,35.70556640625
2067642,78.06396484375
2069639,76.416015625
2069877,42.724609375
2074057,74.3408203125
2074243,35.21728515625
2086732,46.38671875
2090094,49.6826171875
2093249,47.2412109375
2095387,43.5791015625
2095795,36.2548828125
2096117,38.2080078125
2096745,39.4287109375
2102507,34.36279296875
2102723,43.45703125
2102735,36.07177734375
2103248,53.77197265625
2103833,35.21728515625
2110962,43.39599609375
2121113,81.84814453125
2124790,54.01611328125
2124802,37.7197265625
2126042,35.15625
2127874,78.79638671875
2129904,39.794921875
2130945,62.80517578125
2132135,84.3505859375
2133063,40.1611328125
2133654,63.5986328125
2134666,62.98828125
2136011,56.0302734375
2136950,61.09619140625
2140023,33.63037109375
2150374,84.5947265625
2152676,82.8857421875
2154486,81.787109375
2156520,71.6552734375
2157280,37.41455078125
2158377,64.453125
2158873,58.65478515625
2160481,38.87939453125
2160493,33.3251953125
2169206,35.94970703125
2170731,36.56005859375
2176491,51.20849609375
2180119,82.21435546875
2180278,54.50439453125
2181368,73.486328125
2182413,38.6962890625
2184387,35.82763671875
2184400,34.24072265625
2185611,44.12841796875
2185621,34.3017578125
2185785,35.33935546875
2186287,38.330078125
2201336,48.828125
2201346,33.26416015625
2203688,46.69189453125
2204873,85.3271484375
2206423,45.47119140625
2208248,46.20361328125
2208262,34.72900390625
2208708,56.57958984375
2209231,67.68798828125
2220609,36.9873046875
2223667,47.8515625
2226490,35.46142578125
2226500,34.5458984375
2228937,77.880859375
2229208,36.31591796875
2230294,36.31591796875
2230304,35.70556640625
2232221,38.14697265625
2232232,33.02001953125
2233182,68.78662109375
2233357,33.69140625
2234079,59.50927734375
2235168,62.3779296875
2236249,58.7158203125
2237552,65.00244140625
2238972,66.46728515625
2239454,33.02001953125
2258942,58.65478515625
2258952,33.447265625
2260710,40.1611328125
2260721,36.2548828125
2260974,63.04931640625
2261834,43.39599609375
2262403,34.97314453125
2263725,65.7958984375
2266174,37.109375
2269352,42.6025390625
2269447,33.63037109375
2274633,48.40087890625
2276937,80.078125
2278817,79.4677734375
2279694,41.3818359375
2280657,78.857421875
2282229,68.7255859375
2282240,33.69140625
2282399,36.80419921875
2290191,39.00146484375
2303216,80.6884765625
2305868,43.9453125
2307214,53.28369140625
2307405,48.583984375
2315127,34.85107421875
2324425,91.796875
2326625,42.66357421875
2328637,72.1435546875
2329998,77.45361328125
2332214,75.0732421875
2333558,39.97802734375
2335206,70.25146484375
2336086,64.3310546875
2336543,37.41455078125
2338811,62.68310546875
2344391,36.1328125
2347439,86.48681640625
2349828,80.4443359375
2351826,46.32568359375
2357569,80.62744140625
2359023,85.3271484375
2359983,71.8994140625
2360266,60.302734375
2361621,37.9638671875
2362907,80.50537109375
2363897,69.2138671875
2364643,68.359375
2365673,55.72509765625
2366687,39.1845703125
2366703,35.09521484375
2368069,60.4248046875
2369181,65.61279296875
2370612,56.33544921875
2372031,34.85107421875
2373251,69.39697265625
2375177,57.06787109375
2375901,33.26416015625
2376293,56.7626953125
2377194,56.5185546875
2377716,38.818359375
2378380,62.92724609375
2379893,67.2607421875
2379903,33.14208984375
2380048,33.203125
2394710,50.10986328125
2395575,76.35498046875
2397285,34.1796875
2398408,38.0859375
2400660,44.921875
2402112,36.0107421875
2403569,65.85693359375
2404784,39.794921875
2405326,33.75244140625
2405339,33.26416015625
2407119,61.95068359375
2409770,66.89453125
2409782,33.87451171875
2414258,33.87451171875
2414602,39.0625
2419529,80.01708984375
2420830,74.76806640625
2421890,62.1337890625
2424472,38.57421875
2424775,51.20849609375
2426191,34.5458984375
2426922,35.400390625
2427226,47.66845703125
2427912,65.61279296875
2429033,65.7958984375
2430792,58.28857421875
2432613,38.02490234375
2432623,38.6962890625
2433740,34.72900390625
2434483,37.04833984375
2435721,70.556640625
2437059,64.88037109375
2438169,62.31689453125
2439247,69.4580078125
2440019,33.447265625
2440499,66.162109375
2442031,62.255859375
2443455,61.1572265625
2444367,74.03564453125
2445670,64.88037109375
2446834,63.78173828125
2448250,53.40576171875
2449636,52.8564453125
2450588,53.7109375
2451503,54.931640625
2452329,61.279296875
2453893,52.978515625
2454868,55.84716796875
2456495,37.2314453125
2457366,61.09619140625
2457376,39.55078125
2458410,55.72509765625
2459578,58.59375
2460865,53.89404296875
2460875,34.1796875
2462328,61.95068359375
2462338,34.11865234375
2468230,44.12841796875
2468787,33.14208984375
2476360,45.22705078125
2480461,77.880859375
2480473,36.43798828125
2480845,61.5234375
2482941,78.91845703125
2484827,43.9453125
2486186,61.767578125
2486387,40.1611328125
2487009,42.724609375
2501354,82.94677734375
2502795,37.7197265625
2502805,38.818359375
2505469,89.35546875
2506318,46.2646484375
2507583,70.00732421875
2508720,78.18603515625
2510233,47.607421875
2511265,40.58837890625
2512862,69.03076171875
2514125,66.83349609375
2514609,68.29833984375
2515671,65.97900390625
2517453,33.63037109375
2517467,35.09521484375
2518719,60.302734375
2519702,69.82421875
2520830,58.28857421875
2523733,70.98388671875
2525029,41.93115234375
2525948,61.70654296875
2527512,57.373046875
2529054,68.359375
2529579,58.53271484375
2530442,67.56591796875
2531309,60.72998046875
2532895,69.4580078125
2534041,68.78662109375
2535261,65.673828125
2537883,65.36865234375
2538075,37.04833984375
2539585,53.40576171875
2543714,36.62109375
2548361,37.4755859375
2553062,78.67431640625
2553073,33.99658203125
2556945,43.27392578125
2558313,44.86083984375
2558680,49.560546875
2568389,76.66015625
2577615,47.119140625
2579284,52.24609375
2580539,35.46142578125
2581862,61.46240234375
2583114,40.22216796875
2583298,35.7666015625
2583848,57.373046875
2584671,36.7431640625
2586632,67.32177734375
2588129,36.19384765625
2588142,35.0341796875
2590157,37.53662109375
2591243,67.68798828125
2592242,63.41552734375
2592486,33.63037109375
2593475,52.1240234375
2596780,72.32666015625
2598058,66.71142578125
2599772,70.98388671875
2600941,47.119140625
2601118,34.66796875
2605670,67.68798828125
2610566,45.71533203125
2612175,35.2783203125
2612390,33.75244140625
2622185,36.68212890625
2624537,66.0400390625
2626423,42.41943359375
2628268,37.841796875
2630529,77.45361328125
2631115,67.0166015625
2632333,62.255859375
2633842,40.0390625
2633852,40.52734375
2633997,33.63037109375
2651850,52.3681640625
2651860,36.92626953125
2652964,46.630859375
2654431,76.66015625
2655761,37.04833984375
2657379,43.88427734375
2658150,37.353515625
2658160,35.33935546875
2658581,57.373046875
2660636,43.27392578125
2662332,52.42919921875
2663592,41.44287109375
2664863,70.80078125
2666627,34.85107421875
2677165,39.1845703125
2680441,75.98876953125
2680451,33.447265625
2681582,44.00634765625
2683654,44.00634765625
2683826,44.189453125
2684984,68.05419921875
2690667,37.78076171875
2692081,38.0859375
2693649,74.27978515625
2693804,34.85107421875
2694163,36.7431640625
2695720,42.6025390625
2695733,33.203125
2698866,33.8134765625
2699885,71.2890625
2700800,61.09619140625
2703791,74.40185546875
2705100,66.5283203125
2706501,42.29736328125
2709027,40.83251953125
2710189,36.31591796875
2711856,36.62109375
2712922,54.50439453125
2713754,55.23681640625
2715372,34.0576171875
2716215,50.72021484375
2717088,71.35009765625
2717664,48.4619140625
2718640,58.59375
2718845,37.4755859375
2719309,33.447265625
2720364,59.5703125
2721890,53.955078125
2731311,80.078125
2733123,67.5048828125
2734163,64.453125
2735400,69.51904296875
2736673,33.02001953125
2737905,66.95556640625
2739524,72.998046875
2740875,65.61279296875
2742012,63.4765625
2742999,66.0400390625
2743563,34.0576171875
2744124,60.36376953125
2744970,54.8095703125
2746180,62.19482421875
2747547,36.68212890625
2748923,51.513671875
2760823,42.90771484375
2761359,39.12353515625
2763297,46.08154296875
2765761,76.171875
2767741,40.34423828125
2769061,42.90771484375
2770134,38.330078125
2770661,61.6455078125
2771724,59.38720703125
2771735,34.423828125
2773517,66.83349609375
2773655,35.21728515625
2774757,58.77685546875
2774767,36.4990234375
2775735,67.626953125
2775747,36.9873046875
2788001,40.4052734375
2793233,83.55712890625
2794588,84.5947265625
2795975,82.6416015625
2797538,41.3818359375
2798815,38.4521484375
2798827,35.09521484375
2800488,74.52392578125
2801810,70.37353515625
2802866,50.84228515625
2804683,68.17626953125
2821027,55.419921875
2821038,33.87451171875
2822641,49.37744140625
2822651,33.75244140625
2824186,41.80908203125
2825742,66.2841796875
2825752,34.60693359375
2827096,73.05908203125
2827384,33.8134765625
2828699,60.791015625
2829027,55.6640625
2829945,65.5517578125
2831073,73.18115234375
2831450,47.30224609375
2845497,54.8095703125
2847563,45.166015625
2847573,40.10009765625
2849123,36.0107421875
2849520,53.7109375
2850912,40.4052734375
2850926,33.38623046875
2852659,39.0625
2854971,37.04833984375
2854983,33.8134765625
2856496,40.46630859375
2857691,37.9638671875
2858749,69.82421875
2858759,33.02001953125
2858873,33.5693359375
2859956,64.8193359375
2861358,36.1328125
2862853,70.1904296875
2865373,41.93115234375
2866832,38.87939453125
2867969,60.6689453125
2869240,69.4580078125
2871425,38.9404296875
2872140,70.73974609375
2873168,65.49072265625
2874694,76.904296875
2894884,95.947265625
2894895,33.87451171875
2897205,84.89990234375
2898668,45.34912109375
2898678,33.63037109375
2899876,43.64013671875
2901432,33.203125
2902804,71.47216796875
2903035,42.54150390625
2905644,35.5224609375
2919285,43.8232421875
2919298,37.29248046875
2920968,91.97998046875
2920978,35.888671875
2921948,41.32080078125
2923723,45.34912109375
2925830,79.7119140625
2927413,77.45361328125
2927426,33.75244140625
2928353,68.66455078125
2928484,33.38623046875
2930031,77.63671875
2931451,41.8701171875
2932596,64.697265625
2933709,69.091796875
2934759,67.7490234375
2935981,61.58447265625
2937728,37.353515625
2939526,70.61767578125
2939713,34.97314453125
2953328,51.025390625
2954556,82.6416015625
2954566,38.51318359375
2957043,35.94970703125
2959007,39.00146484375
2960736,43.0908203125
2962050,39.12353515625
2963292,67.81005859375
2964623,35.94970703125
2966619,43.5791015625
2966630,37.29248046875
2967329,73.486328125
2968655,79.89501953125
2968857,37.90283203125
2969347,63.04931640625
2970631,38.330078125
2972280,41.68701171875
2973451,36.80419921875
2974446,63.29345703125
2976385,59.26513671875
2978122,37.2314453125
2979584,62.255859375
2980907,63.4765625
2982219,68.359375
2983622,60.48583984375
2984882,61.279296875
2985701,57.80029296875
2987245,53.466796875
2987447,33.14208984375
3006267,67.138671875
3009347,35.0341796875
3010407,44.49462890625
3012095,88.37890625
3012314,40.6494140625
3013983,35.82763671875
3016192,36.865234375
3016899,70.98388671875
3017216,49.31640625
3017621,47.119140625
3022930,75.68359375
3024277,73.486328125
3027630,39.1845703125
3028875,74.3408203125
3030362,73.54736328125
3031846,69.7021484375
3033629,41.015625
3034870,66.650390625
3036260,63.232421875
3037686,64.02587890625
3039085,67.0166015625
3040722,34.60693359375
3042921,33.935546875
3043599,33.69140625
3044633,42.6025390625
3046245,68.54248046875
3049531,41.19873046875
3049541,42.90771484375
3050627,71.1669921875
3051686,40.46630859375
3051700,38.330078125
3061481,42.78564453125
3069878,81.0546875
3069888,34.5458984375
3071668,77.1484375
3073693,46.56982421875
3075591,36.7431640625
3076846,49.1943359375
3078024,39.36767578125
3079431,37.353515625
3079442,38.330078125
3081354,33.69140625
3081456,77.0263671875
3083105,66.83349609375
3084185,52.30712890625
3085012,69.7021484375
3086862,72.265625
3087546,67.3828125
3089216,36.68212890625
3089883,38.63525390625
3090939,37.109375
3091640,65.00244140625
3092565,66.34521484375
3094414,67.2607421875
3097391,76.35498046875
3098421,36.19384765625
3099778,60.11962890625
3101047,36.2548828125
3101062,38.26904296875
3102278,63.96484375
3103638,64.208984375
3103648,33.26416015625
3104837,37.841796875
3114015,45.166015625
3122576,85.02197265625
3124077,46.32568359375
3125977,89.84375
3128239,38.2080078125
3128704,45.83740234375
3129818,73.30322265625
3129828,33.02001953125
3132330,37.78076171875
3132341,39.55078125
3134085,46.08154296875
3135201,38.9404296875
3135212,35.70556640625
3136387,78.30810546875
3137429,36.43798828125
3139061,67.68798828125
3140088,35.5224609375
3141621,71.47216796875
3144217,74.27978515625
3144227,35.400390625
3145581,69.15283203125
3146571,36.2548828125
3146581,33.8134765625
3147573,64.3310546875
3149265,62.92724609375
3150280,53.955078125
3151505,59.814453125
3152401,67.07763671875
3153693,55.11474609375
3154492,62.6220703125
3155349,65.3076171875
3155361,35.09521484375
3157787,63.5986328125
3159841,73.486328125
3160645,70.068359375
3162148,58.28857421875
3163555,57.2509765625
3167798,43.39599609375
3168751,33.69140625
3169842,70.1904296875
3171308,60.72998046875
3172389,65.4296875
3174691,62.744140625
3174701,33.87451171875
3175672,71.6552734375
3176718,34.11865234375
3176729,36.1328125
3177919,65.5517578125
3180000,42.17529296875
3182258,66.46728515625
3183044,65.85693359375
3184113,67.81005859375
3185134,75.3173828125
3185148,38.2080078125
3186425,71.533203125
3187551,67.3828125
3188728,55.23681640625
3189927,50.537109375
3192665,36.865234375
3193276,66.58935546875
3194603,55.17578125
3195707,56.2744140625
3197185,62.80517578125
3198328,58.10546875
3199677,68.78662109375
3201292,65.36865234375
3202422,36.62109375
3202714,58.9599609375
3205544,38.02490234375
3207713,36.9873046875
3209060,37.53662109375
3211123,69.39697265625
3212051,68.42041015625
3236681,90.27099609375
3236694,35.15625
3237825,44.7998046875
3237839,36.0107421875
3239803,91.4306640625
3241366,73.974609375
3243000,74.52392578125
3244421,63.96484375
3245327,69.580078125
3246929,35.15625
3246940,39.85595703125
3247972,67.5048828125
3250799,38.330078125
3252131,78.2470703125
3253251,72.509765625
3254097,65.73486328125
3255453,68.2373046875
3256992,70.86181640625
3277324,58.89892578125
3278765,39.61181640625
3278777,33.63037109375
3281501,39.85595703125
3281514,33.14208984375
3283260,86.0595703125
3284395,40.95458984375
3284405,36.1328125
3284928,45.47119140625
3285360,72.69287109375
3289140,37.7197265625
3300483,33.14208984375
3305255,45.8984375
3308045,57.43408203125
3309608,35.0341796875
3311704,87.646484375
3313407,43.27392578125
3314777,36.19384765625
3315772,43.8232421875
3317421,81.787109375
3318369,40.95458984375
3319834,72.81494140625
3320495,37.17041015625
3320609,36.19384765625
3320621,35.7666015625
3332794,34.423828125
3341613,47.18017578125
3341670,39.00146484375
3342989,58.89892578125
3343002,35.7666015625
3344430,47.4853515625
3345789,35.7666015625
3347853,81.97021484375
3348068,42.3583984375
3350815,39.61181640625
3361667,45.10498046875
3365025,56.5185546875
3368456,42.48046875
3371117,87.646484375
3371352,60.6689453125
3393936,56.33544921875
3396936,58.349609375
3398160,86.60888671875
3399725,83.251953125
3400867,52.1240234375
3401327,41.68701171875
3402463,74.8291015625
3403841,35.58349609375
3403853,34.912109375
3405319,47.8515625
3405330,34.72900390625
3406571,74.5849609375
3406582,33.87451171875
3407637,41.44287109375
3408814,70.068359375
3410355,74.52392578125
3411351,63.29345703125
3412385,36.19384765625
3425538,45.22705078125
3431839,56.640625
3431853,37.841796875
3433625,43.02978515625
3435448,41.93115234375
3439073,45.95947265625
3440079,84.89990234375
3441596,51.69677734375
3442747,42.236328125
3443780,45.22705078125
3443793,34.24072265625
3444088,63.5986328125
3445862,69.091796875
3445872,35.2783203125
3445972,33.14208984375
3446734,36.31591796875
3446744,38.75732421875
3447559,33.69140625
3448677,70.6787109375
3450537,66.71142578125
3450547,35.400390625
3451867,61.95068359375
3453932,67.7490234375
3455131,34.912109375
3456614,86.36474609375
3457663,59.814453125
3458779,68.05419921875
3460291,36.865234375
3462471,72.6318359375
3463752,67.07763671875
3465317,39.73388671875
3466358,74.5849609375
3467449,33.87451171875
3467461,38.57421875
3469967,38.39111328125
3471502,64.27001953125
3472221,39.9169921875
3472231,34.85107421875
3473990,72.021484375
3475155,63.8427734375
3477442,36.865234375
3478544,41.32080078125
3481630,33.935546875
3481643,33.8134765625
3481785,33.203125
3483706,38.2080078125
3492489,47.66845703125
3492501,36.56005859375
3496960,78.67431640625
3499341,77.5146484375
3500694,74.76806640625
3501690,91.30859375
3502832,43.39599609375
3507649,45.10498046875
3507659,37.41455078125
3508672,72.998046875
3509804,70.6787109375
3510983,43.88427734375
3510995,39.0625
3511954,37.841796875
3511966,33.02001953125
3513008,39.73388671875
3516009,74.462890625
3518195,37.841796875
3518206,35.64453125
3520679,76.7822265625
3520690,34.3017578125
3521525,43.64013671875
3522670,34.66796875
3523652,57.6171875
3525999,41.80908203125
3528254,46.630859375
3529734,74.03564453125
3530806,56.396484375
3532043,69.88525390625
3532940,71.6552734375
3533769,69.82421875
3534013,42.1142578125
3534798,72.81494140625
3534808,37.59765625
3536127,52.978515625
3554604,48.40087890625
3554616,36.07177734375
3557214,49.8046875
3557226,42.17529296875
3558545,40.10009765625
3558558,34.0576171875
3560762,81.11572265625
3561642,34.36279296875
3562878,47.91259765625
3574439,33.63037109375
3583313,92.041015625
3583324,33.63037109375
3585353,49.01123046875
3585364,37.59765625
3588598,45.7763671875
3589473,52.734375
3589484,33.447265625
3589666,39.24560546875
3590901,49.37744140625
3590911,33.87451171875
3591609,81.0546875
3592902,87.40234375
3595002,37.41455078125
3595012,39.48974609375
3596299,39.48974609375
3599349,48.9501953125
3599362,36.80419921875
3600250,36.2548828125
3601133,38.51318359375
3601143,34.60693359375
3601870,33.447265625
3601881,38.2080078125
3603063,59.6923828125
3603074,34.36279296875
3605957,46.875
3608339,69.64111328125
3609523,73.3642578125
3610555,72.3876953125
3612081,74.64599609375
3614181,38.02490234375
3616764,38.26904296875
3616776,33.14208984375
3618583,45.166015625
3619298,40.34423828125
3621041,39.85595703125
3621051,35.0341796875
3622401,38.87939453125
3622413,45.0439453125
3623505,36.4990234375
3624904,36.0107421875
3625897,75.25634765625
3626803,64.27001953125
3628661,67.138671875
3630795,74.03564453125
3631796,64.8193359375
3634215,69.76318359375
3634990,67.19970703125
3636106,58.4716796875
3637023,43.3349609375
3637034,38.51318359375
3639793,43.3349609375
3640703,67.87109375
3644362,48.583984375
3644558,35.46142578125
3650670,40.8935546875
3663841,101.50146484375
3665455,83.80126953125
3666995,88.68408203125
3667005,41.9921875
3667836,80.99365234375
3667847,33.447265625
3669389,35.33935546875
3671438,74.40185546875
3672547,77.20947265625
3675304,81.298828125
3676160,74.462890625
3677486,34.3017578125
3679119,79.52880859375
3680205,33.63037109375
3680316,62.3779296875
3681243,67.68798828125
3681577,44.7998046875
3699257,43.88427734375
3704933,94.3603515625
3705213,72.81494140625
3706497,93.32275390625
3706672,46.38671875
3707206,70.00732421875
3710195,34.36279296875
3710205,39.306640625
3712273,42.66357421875
3713491,44.12841796875
3715274,34.97314453125
3715284,35.21728515625
3717375,36.92626953125
3719757,44.37255859375
3719767,35.64453125
3721001,35.21728515625
3722066,40.83251953125
3723444,35.7666015625
3725361,76.96533203125
3725581,47.7294921875
3729184,35.64453125
3747363,103.759765625
3749844,46.20361328125
3751477,46.20361328125
3751487,37.59765625
3754904,43.3349609375
3756103,85.75439453125
3756335,62.43896484375
3756746,40.771484375
3775596,33.14208984375
3777727,34.5458984375
3778348,50.84228515625
3782745,51.57470703125
3782755,35.64453125
3785177,92.95654296875
3786201,45.41015625
3787379,38.818359375
3789147,48.88916015625
3790579,42.48046875
3790591,35.21728515625
3791755,75.62255859375
3791767,39.00146484375
3793721,44.7998046875
3795032,33.447265625
3795043,34.72900390625
3795550,40.10009765625
3796332,41.68701171875
3797441,83.3740234375
3797616,48.33984375
3798712,35.82763671875
3799916,39.36767578125
3800317,52.8564453125
3818688,55.5419921875
3818699,33.75244140625
3822798,59.14306640625
3824470,45.41015625
3825515,47.36328125
3826499,34.97314453125
3827198,77.81982421875
3828584,36.92626953125
3829409,43.02978515625
3829423,37.78076171875
3830158,74.8291015625
3830168,36.1328125
3831473,66.5283203125
3836179,81.23779296875
3837336,41.56494140625
3837346,35.94970703125
3838287,69.3359375
3839256,76.59912109375
3842271,37.59765625
3844518,83.49609375
3845362,36.7431640625
3846374,36.7431640625
3847443,66.7724609375
3848725,68.66455078125
3849654,62.68310546875
3850810,37.2314453125
3850820,37.17041015625
3851988,47.42431640625
3854689,82.09228515625
3855956,39.00146484375
3862906,74.64599609375
3871784,51.513671875
3873547,46.38671875
3873558,34.24072265625
3876221,89.9658203125
3877067,44.49462890625
3877077,38.39111328125
3877964,77.63671875
3878720,74.27978515625
3880066,71.4111328125
3881753,34.60693359375
3881767,37.7197265625
3884364,80.078125
3886617,35.5224609375
3886737,83.80126953125
3887570,83.49609375
3887754,39.24560546875
3896919,38.75732421875
3903637,34.97314453125
3917121,50.47607421875
3917132,41.68701171875
3919920,44.61669921875
3921556,94.1162109375
3921790,35.15625
3922676,75.927734375
3924058,41.50390625
3924068,39.1845703125
3926606,37.65869140625
3926617,34.0576171875
3927771,48.64501953125
3928138,65.00244140625
3928867,74.40185546875
3932779,37.109375
3932789,35.5224609375
3935468,45.47119140625
3938593,46.93603515625
3941847,87.58544921875
3944289,47.2412109375
3944300,38.02490234375
3946865,83.740234375
3948075,74.40185546875
3949206,73.1201171875
3949218,33.87451171875
3950925,37.2314453125
3953495,35.15625
3954358,46.69189453125
3955506,79.9560546875
3956832,44.73876953125
3957886,42.96875
3959018,38.4521484375
3959884,57.6171875
3962462,40.58837890625
3963430,75.1953125
3964618,38.51318359375
3964628,33.5693359375
3965486,62.68310546875
3980914,33.75244140625
3994162,59.5703125
3994174,39.55078125
3999579,49.74365234375
4000136,34.24072265625
4002854,106.0791015625
4003121,40.22216796875
4003512,76.171875
4004505,38.75732421875
4004515,39.794921875
4005528,36.376953125
4005539,34.1796875
4007051,75.8056640625
4007264,54.19921875
4008289,85.693359375
4009757,67.626953125
4010977,75.37841796875
4012060,45.0439453125
4013505,49.37744140625
4014537,37.353515625
4015576,38.02490234375
4016750,74.89013671875
4017654,68.7255859375
4022179,78.06396484375
4023221,73.18115234375
4025643,43.701171875
4025881,55.2978515625
4027521,36.19384765625
4027532,37.9638671875
4027792,38.6962890625
4036762,83.06884765625
4038229,46.2646484375
4039135,45.7763671875
4039147,33.87451171875
4039947,41.68701171875
4041837,38.6962890625
4047278,85.0830078125
4048390,39.0625
4048400,36.68212890625
4048686,60.4248046875
4049762,80.322265625
4050583,35.46142578125
4050593,34.24072265625
4051708,44.189453125
4051718,36.4990234375
4052662,65.5517578125
4055547,66.58935546875
4056771,37.353515625
4059607,76.11083984375
4059618,33.87451171875
4061509,37.841796875
4071980,91.6748046875
4072897,76.5380859375
4072910,39.48974609375
4074002,44.0673828125
4075106,77.08740234375
4076030,34.912109375
4076752,77.1484375
4080609,46.69189453125
4082387,46.38671875
4082397,35.94970703125
4082574,45.166015625
4086309,33.38623046875
4095777,34.36279296875
4107574,61.21826171875
4108970,45.10498046875
4111826,89.599609375
4112762,89.9658203125
4113809,90.33203125
4115016,38.63525390625
4118619,86.3037109375
4121930,53.22265625
4122142,68.359375
4123238,41.259765625
4124388,33.935546875
4125504,44.49462890625
4125516,33.14208984375
4126817,41.80908203125
4130785,79.52880859375
4132487,39.6728515625
4134681,79.65087890625
4134986,34.912109375
4136517,85.87646484375
4138857,79.58984375
4139041,54.19921875
4163491,93.75
4166219,92.22412109375
4173763,44.12841796875
4174378,34.1796875
4174647,92.6513671875
4175345,53.5888671875
4176177,45.34912109375
4176187,35.400390625
4177202,74.0966796875
4179352,41.80908203125
4182111,43.88427734375
4182121,36.43798828125
4184024,78.79638671875
4185024,84.9609375
4185362,51.94091796875
4186591,39.4287109375
4191143,49.9267578125
4191352,65.12451171875
4191363,33.3251953125
4196719,85.63232421875
4198480,37.841796875
4198491,34.5458984375
4199921,43.212890625
4199932,41.015625
4201671,39.36767578125
4202709,88.0126953125
4204038,33.99658203125
4205070,44.49462890625
4206353,75.37841796875
4211890,46.38671875
4212624,85.75439453125
4212635,35.888671875
4215509,78.43017578125
4218879,84.8388671875
4218889,36.80419921875
4220548,46.56982421875
4221337,41.44287109375
4223145,85.99853515625
4224976,43.701171875
4227211,40.46630859375
4228789,82.82470703125
4229937,80.810546875
4230892,68.05419921875
4239906,48.828125
4241844,49.31640625
4241854,34.912109375
4244270,44.0673828125
4244282,37.9638671875
4244551,63.96484375
4245292,37.9638671875
4246150,36.2548828125
4246955,69.03076171875
4247760,44.921875
4247770,36.56005859375
4250418,45.654296875
4254015,45.22705078125
4257652,88.623046875
4259011,38.818359375
4259881,77.5146484375
4260671,43.0908203125
4260682,34.85107421875
4263645,41.07666015625
4264999,77.0263671875
4266125,39.97802734375
4267007,68.115234375
4268880,36.1328125
4273918,47.4853515625
4273929,34.85107421875
4274933,34.48486328125
4274947,34.1796875
4276681,76.23291015625
4277653,74.76806640625
4279601,72.265625
4280734,70.61767578125
4283168,37.841796875
4283181,35.33935546875
4285929,43.88427734375
4287782,36.68212890625
4289222,34.11865234375
4290398,73.91357421875
4291324,36.376953125
4292691,41.259765625
4293981,34.3017578125
4295944,34.1796875
4296946,76.23291015625
4298133,36.2548828125
4299498,45.95947265625
4300861,42.96875
4304811,66.83349609375
4305043,61.8896484375
4307098,35.5224609375
4307374,72.93701171875
4309501,71.1669921875
4309511,33.14208984375
4310664,67.626953125
4312567,33.50830078125
4313021,58.10546875
4321069,52.978515625
4323474,93.6279296875
4325461,89.9658203125
4325473,34.72900390625
4327026,49.4384765625
4327036,33.38623046875
4327277,49.01123046875
4332566,88.80615234375
4334211,76.2939453125
4335358,40.71044921875
4335368,33.3251953125
4336196,43.8232421875
4337447,68.90869140625
4337910,34.60693359375
4338246,68.29833984375
4339139,75.01220703125
4340283,40.8935546875
4343085,34.85107421875
4345978,37.109375
4347748,45.83740234375
4356714,45.166015625
4356724,33.69140625
4357670,87.646484375
4360860,80.74951171875
4363090,40.0390625
4364606,79.9560546875
4366538,75.74462890625
4367327,35.888671875
4367915,71.47216796875
4368611,33.87451171875
4369562,33.38623046875
4369572,35.2783203125
4370513,63.53759765625
4370525,34.912109375
4377922,78.06396484375
4379574,86.48681640625
4380279,76.171875
4383170,74.8291015625
4383181,41.56494140625
4386009,80.13916015625
4387862,37.841796875
4387872,36.4990234375
4391034,65.185546875
4392867,42.29736328125
4393912,69.88525390625
4395615,71.59423828125
4395626,33.02001953125
4398958,36.62109375
4398971,39.00146484375
4400517,37.29248046875
4401366,39.24560546875
4401378,34.60693359375
4402512,34.48486328125
4403309,67.626953125
4406571,33.3251953125
4409186,36.865234375
4411417,37.65869140625
4418043,34.36279296875
4419394,48.7060546875
4419404,34.7900390625
4423166,83.19091796875
4423176,33.203125
4424057,48.9501953125
4424069,37.90283203125
4427575,87.34130859375
4428460,39.36767578125
4445611,61.82861328125
4449780,71.2890625
4449791,34.60693359375
4452752,103.94287109375
4452762,42.66357421875
4456090,52.55126953125
4456101,34.60693359375
4457262,46.56982421875
4463944,47.2412109375
4464109,47.30224609375
4469071,49.25537109375
4471066,48.27880859375
4471078,35.82763671875
4473376,49.01123046875
4473388,38.818359375
4474950,76.11083984375
4477391,46.32568359375
4477401,36.2548828125
4478780,48.828125
4479564,36.2548828125
4480471,87.158203125
4482119,70.00732421875
4483074,43.64013671875
4483088,33.50830078125
4483904,70.12939453125
4484828,86.0595703125
4484838,46.20361328125
4487676,67.9931640625
4488847,78.67431640625
4493818,83.06884765625
4497021,43.02978515625
4498332,53.03955078125
4502083,87.95166015625
4502337,33.447265625
4503565,34.66796875
4504563,50.72021484375
4507540,82.33642578125
4509281,33.447265625
4510412,35.2783203125
4515840,97.10693359375
4517827,75.98876953125
4517837,36.865234375
4519391,40.10009765625
4519402,41.3818359375
4519983,68.78662109375
4520877,39.9169921875
4522887,77.20947265625
4524874,43.45703125
4525851,39.306640625
4531346,96.86279296875
4534607,82.763671875
4535561,35.33935546875
4536701,46.875
4537300,36.43798828125
4539269,82.21435546875
4541317,72.1435546875
4542873,36.376953125
4542883,34.3017578125
4545536,45.95947265625
4547557,37.59765625
4549078,36.43798828125
4549088,43.15185546875
4549937,44.12841796875
4550775,74.0966796875
4551890,38.4521484375
4551901,41.07666015625
4555067,74.89013671875
4557008,40.1611328125
4558207,72.8759765625
4558218,33.5693359375
4562343,45.22705078125
4562353,37.841796875
4563290,41.56494140625
4565426,48.583984375
4566652,62.744140625
4567969,35.94970703125
4568213,70.068359375
4569303,34.3017578125
4570253,70.25146484375
4573554,68.7255859375
4578165,77.5146484375
4581967,38.26904296875
4581978,34.97314453125
4582902,86.97509765625
4583704,71.83837890625
4584570,43.5791015625
4586360,68.05419921875
4587088,69.88525390625
4589155,75.50048828125
4590352,34.7900390625
4592976,80.50537109375
4602949,82.8857421875
4602960,34.1796875
4603819,47.30224609375
4606552,38.330078125
4608463,50.4150390625
4609234,75.98876953125
4610253,84.53369140625
4613489,39.794921875
4613501,33.50830078125
4614200,86.181640625
4615214,71.6552734375
4615225,36.31591796875
4617313,78.18603515625
4617531,45.59326171875
4634475,34.11865234375
4644876,55.7861328125
4644886,46.2646484375
4646491,89.05029296875
4651942,95.76416015625
4656106,93.8720703125
4657130,42.78564453125
4659334,48.7060546875
4660050,44.7998046875
4660062,34.912109375
4662016,43.27392578125
4662027,39.48974609375
4664381,46.56982421875
4665477,83.43505859375
4666376,44.37255859375
4666387,34.60693359375
4667847,49.25537109375
4669544,41.56494140625
4669555,33.02001953125
4673181,78.30810546875
4674149,67.93212890625
4675029,36.1328125
4675816,38.39111328125
4675829,33.935546875
4677494,45.71533203125
4678706,34.85107421875
4684060,82.8857421875
4689937,33.63037109375
4690799,75.62255859375
4690810,41.6259765625
4693204,80.38330078125
4694081,87.34130859375
4695588,72.57080078125
4697372,33.87451171875
4698476,50.1708984375
4700225,79.9560546875
4701046,78.30810546875
4704011,35.94970703125
4704986,71.59423828125
4706165,35.888671875
4707206,42.3583984375
4707691,69.15283203125
4711393,35.70556640625
4712919,39.00146484375
4712933,33.99658203125
4713787,36.376953125
4714980,66.10107421875
4714990,34.11865234375
4719494,38.4521484375
4719506,33.935546875
4720148,45.2880859375
4722767,51.33056640625
4727590,82.03125
4728372,77.7587890625
4728385,33.38623046875
4729069,45.654296875
4729869,65.5517578125
4729879,34.0576171875
4730610,37.04833984375
4731153,39.306640625
4732139,61.767578125
4733322,67.138671875
4738121,35.888671875
4739129,35.21728515625
4739172,41.748046875
4739183,35.82763671875
4742707,36.7431640625
4745453,47.9736328125
4745465,35.0341796875
4746764,35.21728515625
4747781,75.927734375
4748844,81.6650390625
4753951,45.2880859375
4755154,39.1845703125
4755164,35.5224609375
4756280,70.61767578125
4758333,72.32666015625
4759092,37.2314453125
4759880,42.41943359375
4759930,48.7060546875
4760620,75.8056640625
4761622,58.28857421875
4767962,40.71044921875
4770597,75.8056640625
4773113,43.45703125
4775715,37.17041015625
4776983,40.71044921875
4776993,36.865234375
4777784,49.62158203125
4779477,43.701171875
4779859,36.68212890625
4781319,43.51806640625
4781330,39.73388671875
4783286,36.2548828125
4783296,34.36279296875
4784088,76.23291015625
4786985,35.15625
4786996,35.21728515625
4787019,36.07177734375
4790049,42.96875
4793482,42.05322265625
4796234,85.99853515625
4797201,38.14697265625
4797920,80.078125
4798808,40.95458984375
4799859,35.64453125
4804234,37.9638671875
4804244,33.87451171875
4805674,81.4208984375
4808453,43.27392578125
4810403,70.37353515625
4811207,76.72119140625
4811704,36.62109375
4812611,38.818359375
4813411,66.162109375
4814185,72.20458984375
4816554,81.54296875
4816564,35.82763671875
4817493,47.9736328125
4818567,70.1904296875
4822368,48.27880859375
4824563,34.97314453125
4827083,33.5693359375
4827872,71.22802734375
4828987,70.556640625
4832101,39.794921875
4832113,36.4990234375
4832795,71.47216796875
4833835,74.89013671875
4836916,37.59765625
4836928,38.75732421875
4838147,76.2939453125
4839624,70.73974609375
4839634,38.9404296875
4841855,70.068359375
4843202,35.15625
4845587,42.17529296875
4847308,75.25634765625
4848921,79.9560546875
4854512,45.22705078125
4854523,39.6728515625
4855191,47.36328125
4855201,35.82763671875
4860762,83.740234375
4861483,83.55712890625
4863255,47.30224609375
4863266,35.82763671875
4864069,66.10107421875
4865233,71.1669921875
4865829,70.1904296875
4866894,34.0576171875
4866905,36.1328125
4868498,37.109375
4869166,71.044921875
4870168,65.185546875
4870178,36.19384765625
4873188,39.55078125
4873200,41.50390625
4876655,44.37255859375
4880736,33.8134765625
4884081,94.90966796875
4884092,35.64453125
4888781,87.40234375
4888791,37.90283203125
4889410,90.88134765625
4890106,46.5087890625
4892474,40.8935546875
4893752,39.97802734375
4893763,34.36279296875
4895446,37.65869140625
4897138,40.4052734375
4898228,73.18115234375
4898839,73.1201171875
4899530,34.72900390625
4904918,72.44873046875
4909974,85.5712890625
4914571,84.65576171875
4915503,80.322265625
4916398,77.5146484375
4917731,42.05322265625
4919144,84.47265625
4920366,39.36767578125
4921092,37.4755859375
4922283,75.3173828125
4924283,71.22802734375
4927431,49.98779296875
4929766,72.021484375
4930438,33.87451171875
4933145,77.94189453125
4935783,38.0859375
4935794,35.888671875
4936697,43.212890625
4936709,36.376953125
4940137,37.53662109375
4940149,40.8935546875
4942475,46.20361328125
4942487,33.0810546875
4944848,79.4677734375
4945796,60.1806640625
4946594,81.48193359375
4948156,59.4482421875
4950338,78.369140625
4955254,86.3037109375
4956596,78.06396484375
4957555,40.22216796875
4958032,60.05859375
4958974,75.25634765625
4959912,68.4814453125
4959923,54.0771484375
4960557,52.18505859375
4961563,34.7900390625
4962575,60.97412109375
4968656,39.794921875
4968668,34.97314453125
4969393,81.9091796875
4970228,66.46728515625
4977203,40.771484375
4977213,33.5693359375
4980258,34.912109375
4981090,34.72900390625
4982006,69.64111328125
4985449,38.63525390625
4986307,85.5712890625
4987305,73.05908203125
4987624,33.87451171875
4990070,42.78564453125
4995661,51.08642578125
4995671,33.02001953125
4998260,42.78564453125
4999073,33.3251953125
5000476,34.423828125
5000487,34.97314453125
5001457,42.6025390625
5001965,66.83349609375
5002889,63.96484375
5003417,33.14208984375
5004777,69.64111328125
5010502,73.8525390625
5015865,44.61669921875
5015875,43.88427734375
5017347,80.26123046875
5019167,42.3583984375
5019548,36.31591796875
5021010,38.63525390625
5025716,81.9091796875
5028776,59.63134765625
5029708,42.66357421875
5030094,34.423828125
5031047,49.74365234375
5032664,36.865234375
5032674,34.423828125
5033503,38.87939453125
5033516,37.29248046875
5038357,70.9228515625
5040101,38.818359375
5040919,72.021484375
5043060,48.40087890625
5045939,43.64013671875
5045950,33.50830078125
5046762,40.10009765625
5048442,70.49560546875
5049146,38.26904296875
5049766,67.5048828125
5053335,39.1845703125
5053346,33.63037109375
5056494,84.41162109375
5057210,40.771484375
5061905,76.5380859375
5063930,38.818359375
5066893,43.8232421875
5066905,38.14697265625
5067598,50.1708984375
5067610,35.5224609375
5069312,79.9560546875
5072494,41.56494140625
5073297,71.59423828125
5073307,36.07177734375
5074635,39.6728515625
5075995,38.330078125
5076697,61.58447265625
5078496,34.72900390625
5078507,33.38623046875
5080579,61.09619140625
5081498,40.83251953125
5082566,61.8896484375
5084238,66.2841796875
5088678,46.32568359375
5089885,79.2236328125
5090575,67.56591796875
5091534,62.92724609375
5095728,35.64453125
5099498,39.794921875
5105530,43.212890625
5105543,43.5791015625
5106593,43.8232421875
5107424,33.02001953125
5107436,35.400390625
5109263,70.556640625
5111919,35.5224609375
5112899,38.63525390625
5113887,41.93115234375
5119671,74.52392578125
5122886,42.90771484375
5123985,82.51953125
5124734,51.81884765625
5124746,35.2783203125
5125577,66.58935546875
5125589,35.46142578125
5127212,36.31591796875
5128981,69.4580078125
5128993,37.109375
5129377,59.5703125
5132341,34.912109375
5132351,42.66357421875
5133366,36.62109375
5134327,36.68212890625
5135988,67.2607421875
5137126,67.3828125
5138053,36.7431640625
5138063,33.0810546875
5139349,39.61181640625
5139360,39.306640625
5147453,36.2548828125
5154402,90.75927734375
5154413,35.33935546875
5155195,50.35400390625
5156904,86.5478515625
5158548,42.3583984375
5161385,83.6181640625
5163526,84.9609375
5164549,73.05908203125
5166098,88.31787109375
5166800,84.47265625
5169310,36.56005859375
5172162,79.65087890625
5177024,53.3447265625
5178527,86.97509765625
5181011,82.275390625
5181021,35.58349609375
5183116,34.97314453125
5184573,88.56201171875
5185887,42.3583984375
5187432,38.51318359375
5189570,38.0859375
5189583,37.4755859375
5193242,43.76220703125
5193253,35.888671875
5193971,69.64111328125
5195905,39.55078125
5196599,51.20849609375
5196609,36.07177734375
5201340,51.3916015625
5201350,34.7900390625
5203520,39.4287109375
5209532,36.376953125
5209544,34.3017578125
5213260,87.21923828125
5213270,33.5693359375
5214256,82.33642578125
5217253,85.0830078125
5218189,78.91845703125
5220719,82.33642578125
5222634,70.49560546875
5223506,34.85107421875
5226676,42.17529296875
5226688,39.794921875
5228549,77.81982421875
5229654,38.57421875
5229665,33.14208984375
5230100,39.85595703125
5231134,68.84765625
5232256,33.447265625
5232266,36.2548828125
5233377,68.7255859375
5234323,69.03076171875
5236059,34.48486328125
5239884,73.79150390625
5240657,58.7158203125
5241585,39.48974609375
5244798,35.5224609375
5250945,87.40234375
5253516,39.73388671875
5253528,39.306640625
5256149,40.95458984375
5258542,88.56201171875
5259012,40.1611328125
5259786,74.5849609375
5262206,40.0390625
5262216,38.87939453125
5263204,64.75830078125
5264044,35.400390625
5264057,35.09521484375
5264976,37.109375
5270341,44.00634765625
5270353,33.69140625
5275044,47.05810546875
5275054,34.0576171875
5279623,74.89013671875
5283880,40.34423828125
5285219,70.12939453125
5286053,45.59326171875
5286064,36.56005859375
5287670,78.9794921875
5287897,35.82763671875
5288510,33.99658203125
5289499,73.486328125
5290500,40.83251953125
5291698,72.6318359375
5292524,64.5751953125
5294546,62.744140625
5295168,51.26953125
5296125,67.68798828125
5303628,42.17529296875
5303642,40.10009765625
5310955,45.22705078125
5310967,44.25048828125
5312538,52.91748046875
5312551,44.43359375
5320868,54.5654296875
5323128,47.4853515625
5324384,39.73388671875
5324394,37.90283203125
5325956,76.66015625
5326711,83.0078125
5326723,40.22216796875
5328227,36.9873046875
5329054,64.14794921875
5331320,38.14697265625
5331330,42.724609375
5332019,69.39697265625
5332894,36.376953125
5342206,90.27099609375
5343675,45.10498046875
5344394,36.1328125
5345207,74.21875
5346009,78.30810546875
5347391,77.392578125
5351723,49.560546875
5351733,37.7197265625
5353410,35.94970703125
5353421,34.7900390625
5355068,37.41455078125
5357092,37.41455078125
5357102,39.24560546875
5359136,34.66796875
5361809,37.17041015625
5363511,86.85302734375
5366852,44.7998046875
5369963,38.6962890625
5369973,39.9169921875
5370917,43.8232421875
5373788,33.8134765625
5373800,38.02490234375
5376698,36.19384765625
5376708,33.50830078125
5377707,73.73046875
5378450,42.41943359375
5386500,48.03466796875
5388638,84.41162109375
5389492,33.87451171875
5390173,44.3115234375
5391515,43.701171875
5392639,40.46630859375
5396639,39.4287109375
5397002,79.16259765625
5398137,73.18115234375
5399563,36.68212890625
5400601,77.33154296875
5401318,58.349609375
5403275,34.72900390625
5415035,57.4951171875
5420365,58.89892578125
5420378,33.203125
5421046,50.6591796875
5421720,80.4443359375
5423770,44.73876953125
5423780,38.330078125
5424262,72.20458984375
5424953,81.11572265625
5426476,37.29248046875
5438515,80.810546875
5447783,87.95166015625
5448606,45.5322265625
5449351,52.8564453125
5449362,35.33935546875
5450200,85.26611328125
5451567,44.49462890625
5452298,36.1328125
5453155,75.98876953125
5454499,33.203125
5455973,67.32177734375
5466955,95.03173828125
5468307,44.5556640625
5468320,36.0107421875
5468909,83.3740234375
5470797,42.05322265625
5470807,34.912109375
5471739,78.0029296875
5473679,79.4677734375
5473689,36.0107421875
5476217,39.1845703125
5476229,41.07666015625
5481501,46.142578125
5482192,78.125
5482202,33.203125
5483812,75.68359375
5486062,38.87939453125
5490630,82.1533203125
5490641,33.87451171875
5492107,88.56201171875
5493146,76.11083984375
5493988,34.60693359375
5501153,40.6494140625
5503552,50.35400390625
5505480,91.61376953125
5506668,43.02978515625
5507834,80.99365234375
5507844,36.2548828125
5508559,69.03076171875
5509630,36.43798828125
5510382,65.3076171875
5511523,71.1669921875
5514521,36.43798828125
5515617,34.1796875
5523854,47.05810546875
5523864,37.353515625
5524903,71.10595703125
5526035,77.5146484375
5529727,58.65478515625
5530403,33.935546875
5530414,33.3251953125
5532105,39.794921875
5537091,40.34423828125
5542106,85.87646484375
5548835,75.98876953125
5549801,36.92626953125
5549925,35.94970703125
5550283,41.9921875
5551320,81.11572265625
5554123,84.41162109375
5561286,49.01123046875
5562283,84.89990234375
5563489,72.021484375
5563500,35.0341796875
5564558,35.33935546875
5564848,42.90771484375
5564859,44.189453125
5569627,39.4287109375
5569641,33.50830078125
5575027,43.701171875
5575901,42.724609375
5576295,59.9365234375
5580660,83.8623046875
5580670,33.87451171875
5581592,35.2783203125
5582627,68.84765625
5582638,39.24560546875
5584493,33.14208984375
5585533,75.68359375
5592407,33.935546875
5595908,55.23681640625
5595920,36.31591796875
5599064,48.33984375
5599802,35.82763671875
5605747,87.2802734375
5605757,33.38623046875
5606295,44.49462890625
5607739,37.7197265625
5611474,41.19873046875
5612112,35.888671875
5613084,35.64453125
5613728,68.115234375
5614260,33.3251953125
5614900,33.69140625
5614967,40.4052734375
5616417,64.8193359375
5624964,51.45263671875
5625575,80.4443359375
5628001,39.61181640625
5630239,86.9140625
5632988,45.166015625
5632998,45.41015625
5635260,45.59326171875
5638074,84.16748046875
5639076,36.31591796875
5640762,42.54150390625
5640772,34.1796875
5646729,81.60400390625
5648933,85.205078125
5649647,38.330078125
5650530,38.9404296875
5652233,36.92626953125
5656002,41.1376953125
5656012,33.02001953125
5659149,39.306640625
5661428,87.5244140625
5662511,81.787109375
5662973,64.208984375
5662984,34.85107421875
5663791,73.30322265625
5664609,71.22802734375
5667526,33.447265625
5672438,46.142578125
5676661,37.04833984375
5676674,33.38623046875
5680265,44.12841796875
5680276,33.87451171875
5681855,42.1142578125
5681865,35.21728515625
5682433,34.7900390625
5683354,76.35498046875
5685678,79.40673828125
5689590,49.74365234375
5689602,36.9873046875
5690843,39.794921875
5693021,43.212890625
5695290,44.189453125
5695303,35.94970703125
5696729,35.09521484375
5702905,86.7919921875
5703976,35.46142578125
5703988,37.90283203125
5704623,63.53759765625
5704633,33.38623046875
5706088,76.23291015625
5707658,84.3505859375
5708389,72.998046875
5709127,37.7197265625
5710636,58.4716796875
5718827,72.1435546875
5719686,44.86083984375
5719696,36.4990234375
5720571,81.298828125
5720581,33.14208984375
5723975,39.0625
5729232,49.98779296875
5731182,36.31591796875
5732046,37.353515625
5732949,39.1845703125
5734218,35.70556640625
5736094,43.27392578125
5741771,49.25537109375
5743653,41.1376953125
5745163,38.39111328125
5745175,34.97314453125
5746009,36.376953125
5746724,36.9873046875
5746734,33.75244140625
5747370,61.09619140625
5748964,59.814453125
5760023,99.18212890625
5760720,41.93115234375
5763131,82.09228515625
5766306,45.2880859375
5766317,36.9873046875
5767541,37.7197265625
5771111,33.69140625
5773580,34.60693359375
5773592,39.55078125
5775483,50.78125
5776155,36.62109375
5777561,38.14697265625
5779722,33.38623046875
5779907,74.89013671875
5780857,38.330078125
5780869,40.771484375
5783007,38.6962890625
5783018,35.888671875
5789008,76.416015625
5791443,44.189453125
5792281,33.87451171875
5792684,33.0810546875
5796733,48.2177734375
5796743,33.0810546875
5797539,72.69287109375
5797550,40.34423828125
5797749,36.2548828125
5798433,33.0810546875
5799183,40.46630859375
5799195,34.97314453125
5799770,65.0634765625
5800443,66.46728515625
5802709,76.5380859375
5803535,65.61279296875
5804780,67.56591796875
5809030,33.50830078125
5819658,45.71533203125
5820469,51.26953125
5820479,35.21728515625
5821014,38.330078125
5829224,48.27880859375
5830137,43.39599609375
5831029,87.95166015625
5832588,39.73388671875
5833192,74.27978515625
5833707,78.06396484375
5834782,76.23291015625
5834793,33.50830078125
5835581,44.25048828125
5838192,76.84326171875
5840322,77.20947265625
5848525,88.2568359375
5850700,82.763671875
5852113,84.716796875
5856178,48.4619140625
5858973,69.82421875
5865350,43.5791015625
5866090,85.75439453125
5867113,86.24267578125
5867870,36.2548828125
5867880,33.8134765625
5868683,33.50830078125
5870274,34.3017578125
5872197,35.82763671875
5873254,35.09521484375
5873267,39.4287109375
5879742,83.55712890625
5885255,49.072265625
5885268,36.43798828125
5888561,46.56982421875
5889418,37.2314453125
5889428,38.39111328125
5889870,46.9970703125
5890350,55.48095703125
5891022,63.232421875
5896813,35.400390625
5897196,48.9501953125
5898698,37.4755859375
5898708,35.15625
5901043,33.14208984375
5901967,82.51953125
5909456,46.81396484375
5909941,39.12353515625
5911138,38.75732421875
5911864,65.7958984375
5912618,83.740234375
5913553,80.26123046875
5917838,33.0810546875
5919604,44.677734375
5923611,85.38818359375
5929007,74.52392578125
5933113,49.6826171875
5935494,40.771484375
5935505,35.94970703125
5936157,80.078125
5936472,37.4755859375
5937313,46.20361328125
5940999,45.59326171875
5941013,38.75732421875
5942391,76.171875
5943273,43.76220703125
5943285,33.63037109375
5944413,72.20458984375
5945616,39.6728515625
5945914,51.33056640625
5947040,63.3544921875
5948746,66.89453125
5948756,35.400390625
5957268,46.9970703125
5962948,45.7763671875
5962958,42.6025390625
5964823,65.00244140625
5964835,36.62109375
5965547,48.52294921875
5967067,42.6025390625
5967958,36.2548828125
5967969,33.69140625
5968161,33.75244140625
5969265,37.353515625
5969280,34.24072265625
5970400,69.76318359375
5973363,70.80078125
5982126,50.78125
5982136,47.2412109375
5982944,48.88916015625
5983586,50.29296875
5983598,40.83251953125
5984464,71.47216796875
5985248,33.3251953125
5985258,37.841796875
5996932,41.748046875
6000119,55.11474609375
6000130,36.376953125
6006340,51.8798828125
6007541,45.0439453125
6008347,35.15625
6009308,36.07177734375
6009318,33.69140625
6009964,67.93212890625
6010905,41.93115234375
6016250,83.19091796875
6017317,74.3408203125
6021114,86.7919921875
6025244,39.6728515625
6025256,38.57421875
6026570,43.02978515625
6026802,37.109375
6028892,34.24072265625
6028906,38.0859375
6029648,33.38623046875
6029659,34.7900390625
6030643,42.96875
6030653,37.41455078125
6032128,75.8056640625
6033225,34.11865234375
6040171,85.693359375
6042630,41.56494140625
6042641,33.63037109375
6047228,42.236328125
6047238,33.26416015625
6048779,82.6416015625
6049928,91.4306640625
6051053,33.3251953125
6051885,36.92626953125
6052742,44.25048828125
6053787,68.05419921875
6055120,68.115234375
6055944,66.10107421875
6056243,43.76220703125
6062125,42.724609375
6067583,40.46630859375
6071510,56.09130859375
6071520,35.5224609375
6073344,88.2568359375
6074275,40.83251953125
6074285,36.1328125
6080777,57.861328125
6080787,33.69140625
6081591,86.97509765625
6082042,75.74462890625
6083252,79.58984375
6083263,35.09521484375
6083983,69.3359375
6084695,60.791015625
6085136,60.9130859375
6085976,65.36865234375
6086946,57.18994140625
6097371,83.19091796875
6100058,84.9609375
6103713,72.93701171875
6104882,73.54736328125
6108053,33.5693359375
6110583,43.8232421875
6110594,33.8134765625
6115443,87.58544921875
6116376,38.0859375
6116837,68.603515625
6118920,43.15185546875
6120382,36.43798828125
6120965,76.416015625
6123433,33.75244140625
6123443,34.85107421875
6124317,33.5693359375
6124328,36.62109375
6125860,44.3115234375
6127676,72.20458984375
6128430,33.75244140625
6133833,81.4208984375
6138238,84.28955078125
6139234,37.841796875
6140192,48.095703125
6140205,38.39111328125
6145026,90.14892578125
6146836,86.36474609375
6148933,36.19384765625
6151035,42.96875
6152905,85.0830078125
6152915,35.2783203125
6154122,41.68701171875
6154132,33.935546875
6155690,78.18603515625
6156435,72.57080078125
6157731,70.3125
6159559,33.50830078125
6159572,36.19384765625
6160369,63.720703125
6162890,63.78173828125
6169158,83.49609375
6169168,38.87939453125
6170616,44.921875
6176126,77.45361328125
6177581,38.87939453125
6177593,34.36279296875
6178603,38.818359375
6178615,36.31591796875
6179232,71.35009765625
6183289,84.5947265625
6183299,33.0810546875
6184021,48.33984375
6187596,34.7900390625
6187606,38.9404296875
6188521,78.43017578125
6196032,39.97802734375
6200730,53.5888671875
6201583,46.93603515625
6201596,33.69140625
6202307,44.37255859375
6202318,35.70556640625
6203015,37.353515625
6205201,42.54150390625
6205947,36.80419921875
6207617,35.33935546875
6212333,42.3583984375
6212345,38.57421875
6213460,41.748046875
6215103,55.419921875
6215117,33.14208984375
6216200,36.31591796875
6217672,78.7353515625
6219256,74.0966796875
6230146,42.6025390625
6231654,54.443359375
6231664,34.36279296875
6232928,41.8701171875
6235060,38.39111328125
6236418,41.68701171875
6237828,85.693359375
6238821,49.86572265625
6238833,34.85107421875
6242395,42.8466796875
6243384,37.353515625
6243397,33.0810546875
6244707,35.64453125
6245743,34.912109375
6246503,41.68701171875
6246513,33.447265625
6248420,33.26416015625
6251453,74.40185546875
6251689,33.935546875
6253822,94.970703125
6253832,33.935546875
6254876,33.14208984375
6264729,38.26904296875
6264739,36.43798828125
6267256,49.8046875
6268937,51.20849609375
6269467,36.56005859375
6273256,37.41455078125
6273266,46.32568359375
6274655,74.89013671875
6275267,81.72607421875
6276040,33.203125
6276052,33.69140625
6277508,72.20458984375
6280050,79.345703125
6280875,34.85107421875
6282191,34.5458984375
6282208,33.0810546875
6283835,33.99658203125
6286552,83.31298828125
6286562,40.771484375
6289588,37.41455078125
6289600,34.423828125
6292748,76.416015625
6300718,90.27099609375
6300729,34.423828125
6304083,46.875
6304093,39.794921875
6305350,80.2001953125
6306398,41.44287109375
6306408,34.5458984375
6311210,78.9794921875
6313271,81.72607421875
6314815,40.771484375
6314827,41.50390625
6316325,74.21875
6316906,62.68310546875
6319345,39.1845703125
6319356,39.24560546875
6325182,85.205078125
6325519,33.38623046875
6328333,82.3974609375
6328878,34.24072265625
6329335,67.7490234375
6340304,95.458984375
6342578,88.92822265625
6344919,40.46630859375
6345600,43.9453125
6346141,76.0498046875
6347616,77.0263671875
6348636,69.88525390625
6357424,50.72021484375
6358779,43.39599609375
6362324,36.2548828125
6366755,96.5576171875
6367631,47.30224609375
6368458,44.61669921875
6369833,36.31591796875
6369845,36.376953125
6372615,88.8671875
6374880,38.87939453125
6374890,33.75244140625
6375636,34.72900390625
6376245,64.39208984375
6382290,87.7685546875
6384367,83.8623046875
6387091,74.5849609375
6390972,70.6787109375
6394759,49.072265625
6394769,34.36279296875
6395600,37.41455078125
6400404,91.49169921875
6400913,72.998046875
6401587,44.49462890625
6402118,71.8994140625
6403803,42.48046875
6404616,67.68798828125
6405665,33.38623046875
6412880,79.2236328125
6414510,77.81982421875
6420377,33.203125
6420903,37.59765625
6420915,34.72900390625
6424443,40.95458984375
6425195,81.72607421875
6429691,50.9033203125
6429702,34.60693359375
6432508,49.31640625
6432519,33.203125
6438486,82.763671875
6442544,48.03466796875
6444432,51.7578125
6450201,90.4541015625
6451204,42.90771484375
6456003,51.513671875
6460238,87.70751953125
6461573,38.39111328125
6461586,34.7900390625
6464715,84.65576171875
6464725,34.912109375
6465260,76.2939453125
6465752,41.259765625
6466522,65.36865234375
6472424,46.44775390625
6472435,35.09521484375
6474260,81.97021484375
6479210,47.91259765625
6482001,81.787109375
6485810,84.04541015625
6485820,36.376953125
6488835,76.904296875
6489252,39.4287109375
6490127,42.29736328125
6491555,77.880859375
6495940,73.974609375
6498578,46.56982421875
6499121,60.05859375
6500761,40.0390625
6500772,33.0810546875
6505704,92.59033203125
6512736,54.5654296875
6514049,57.6171875
6514860,44.37255859375
6514870,33.38623046875
6517815,52.490234375
6517826,34.66796875
6518535,80.078125
6519964,77.33154296875
6525427,85.9375
6526161,81.23779296875
6526429,61.09619140625
6527773,66.10107421875
6529404,72.509765625
6545772,87.0361328125
6547297,51.26953125
6547307,36.68212890625
6550413,88.7451171875
6552343,42.17529296875
6553128,76.0498046875
6554287,78.9794921875
6555089,56.45751953125
6556469,36.62109375
6557151,44.00634765625
6557163,42.41943359375
6561702,54.443359375
6562284,74.89013671875
6567096,47.66845703125
6567106,34.3017578125
6571786,79.9560546875
6573673,44.12841796875
6574131,34.11865234375
6574371,41.748046875
6574804,35.7666015625
6589713,88.2568359375
6597806,100.64697265625
6597816,34.7900390625
6598312,40.83251953125
6598322,33.69140625
6599053,43.45703125
6600237,52.42919921875
6602344,38.87939453125
6603224,41.93115234375
6604006,33.99658203125
6614472,34.11865234375
6620200,52.79541015625
6621242,58.04443359375
6621252,33.38623046875
6622170,44.0673828125
6622739,73.1201171875
6623726,87.5244140625
6623737,33.8134765625
6625053,86.42578125
6627521,34.85107421875
6635337,87.40234375
6639370,95.5810546875
6640738,49.1943359375
6643024,94.482421875
6647162,49.8046875
6651178,54.8095703125
6653541,76.66015625
6654913,84.3505859375
6655187,57.92236328125
6659936,58.2275390625
6662077,45.0439453125
6662087,33.38623046875
6662707,39.24560546875
6662718,36.865234375
6665444,44.921875
6666126,71.22802734375
6669521,41.015625
6669532,34.48486328125
6671900,82.58056640625
6679447,41.3818359375
6679458,33.447265625
6680847,74.27978515625
6682580,84.89990234375
6685609,85.14404296875
6687229,74.40185546875
6688235,36.376953125
6689768,40.52734375
6693774,83.8623046875
6693784,39.24560546875
6701997,95.0927734375
6702803,48.64501953125
6703619,87.46337890625
6704532,36.68212890625
6705951,37.109375
6706893,80.2001953125
6707733,38.87939453125
6712356,48.9501953125
6712366,33.50830078125
6715556,85.75439453125
6719845,45.59326171875
6719855,34.7900390625
6720574,44.921875
6720586,36.2548828125
6723384,46.81396484375
6724124,68.54248046875
6724135,33.63037109375
6727229,38.63525390625
6734723,42.1142578125
6734733,34.66796875
6737506,50.537109375
6738256,40.8935546875
6739142,33.8134765625
6739520,58.41064453125
6741037,78.7353515625
6741357,44.677734375
6741774,56.45751953125
6757757,41.6259765625
6757769,33.5693359375
6761196,45.34912109375
6761206,38.02490234375
6771524,106.0791015625
6771898,39.36767578125
6772123,50.47607421875
6772629,50.1708984375
6775037,90.75927734375
6775049,37.04833984375
6777623,83.31298828125
6783425,50.23193359375
6783438,38.75732421875
6784884,52.55126953125
6786330,42.6025390625
6788162,44.12841796875
6796622,59.14306640625
6796633,33.14208984375
6796789,34.36279296875
6797954,53.89404296875
6799164,43.9453125
6799945,87.158203125
6800660,91.1865234375
6800670,36.376953125
6801139,72.265625
6801521,60.791015625
6802017,57.80029296875
6802995,41.50390625
6818269,54.87060546875
6818279,41.56494140625
6824903,63.1103515625
6825374,88.92822265625
6827736,43.76220703125
6829715,42.90771484375
6829725,45.0439453125
6832953,50.29296875
6832964,37.90283203125
6836027,51.1474609375
6836660,48.88916015625
6836671,33.5693359375
6842185,96.13037109375
6843375,43.15185546875
6843385,36.43798828125
6846365,41.93115234375
6849649,100.03662109375
6852664,96.86279296875
6852675,34.66796875
6860815,48.2177734375
6860827,38.26904296875
6862544,88.134765625
6862848,78.30810546875
6863643,37.7197265625
6867183,37.90283203125
6867195,33.87451171875
6868343,84.3505859375
6870107,75.68359375
6871918,85.14404296875
6879564,33.203125
6885452,105.224609375
6892619,103.57666015625
6895492,100.15869140625
6897673,52.734375
6900033,104.4921875
6900043,41.1376953125
6903506,56.33544921875
6903516,39.6728515625
6904169,95.76416015625
6905412,48.52294921875
6905422,33.99658203125
6905795,67.87109375
6906568,68.78662109375
6907338,33.87451171875
6908363,79.16259765625
6909839,38.26904296875
6909849,37.17041015625
6916877,83.55712890625
6916888,34.1796875
6919555,33.75244140625
6923567,46.875
6923579,40.4052734375
6929744,53.77197265625
6932314,52.55126953125
6932326,35.21728515625
6934631,39.306640625
6934643,38.330078125
6935284,80.4443359375
6936250,88.56201171875
6936939,36.80419921875
6938360,40.771484375
6940432,85.8154296875
6947714,52.6123046875
6948197,44.98291015625
6952256,50.84228515625
6955973,41.80908203125
6955986,35.33935546875
6956972,40.22216796875
6957916,67.81005859375
6958520,36.56005859375
6958533,35.400390625
6961030,37.7197265625
6961041,35.888671875
6970907,61.09619140625
6976207,47.36328125
6981478,38.330078125
6981489,38.818359375
6981948,33.50830078125
6982601,46.81396484375
6983341,81.0546875
6983351,36.7431640625
6985300,47.8515625
6985311,35.5224609375
6996238,92.1630859375
7001341,37.90283203125
7001738,33.935546875
7002192,42.05322265625
7002843,77.63671875
7003656,42.96875
7004273,80.9326171875
7005577,65.61279296875
7006286,44.98291015625
7007617,62.255859375
7009535,34.85107421875
7010554,33.26416015625
7011357,66.10107421875
7012154,62.5
7030327,33.26416015625
7031574,99.67041015625
7034433,106.93359375
7034444,33.99658203125
7035540,41.1376953125
7035553,43.45703125
7037186,43.51806640625
7038858,50.1708984375
7041558,47.05810546875
7049200,50.4150390625
7049210,43.45703125
7050066,86.42578125
7050076,33.38623046875
7051807,33.02001953125
7056042,40.95458984375
7057637,36.62109375
7058967,93.017578125
7058978,34.1796875
7060086,38.2080078125
7061202,84.53369140625
7063310,37.109375
7068707,44.86083984375
7074452,52.67333984375
7074465,37.353515625
7074934,95.03173828125
7074944,33.935546875
7078931,87.58544921875
7079448,38.818359375
7079458,39.24560546875
7080250,34.60693359375
7084988,86.73095703125
7086728,92.71240234375
7088551,43.51806640625
7090803,70.80078125
7096161,46.630859375
7098684,42.66357421875
7099677,43.51806640625
7099688,35.7666015625
7100762,76.72119140625
7102119,36.865234375
7102132,33.935546875
7103327,77.20947265625
7104773,39.36767578125
7117573,85.5712890625
7118398,85.99853515625
7119176,85.0830078125
7120552,85.75439453125
7122666,82.21435546875
7122677,33.3251953125
7126176,47.9736328125
7130723,86.9140625
7130734,35.33935546875
7133289,45.8984375
7134732,36.92626953125
7134742,37.53662109375
7138031,94.90966796875
7139515,42.29736328125
7139525,55.11474609375
7148709,44.5556640625
7150454,50.9033203125
7151144,92.34619140625
7151819,40.4052734375
7152340,36.92626953125
7153090,37.78076171875
7153104,35.58349609375
7153658,76.2939453125
7159956,80.810546875
7165865,97.47314453125
7166676,38.6962890625
7168057,39.48974609375
7168069,36.31591796875
7168992,45.59326171875
7169991,74.70703125
7178729,59.63134765625
7181829,36.68212890625
7183108,44.12841796875
7183118,34.912109375
7185849,82.8857421875
7188106,80.13916015625
7192308,88.0126953125
7194006,37.53662109375
7194676,44.25048828125
7196768,38.2080078125
7199541,90.6982421875
7201140,41.6259765625
7202314,33.02001953125
7202560,36.0107421875
7214085,53.466796875
7214095,35.2783203125
7215871,50.23193359375
7215883,33.8134765625
7216620,44.61669921875
7217102,35.33935546875
7217262,81.6650390625
7221562,35.46142578125
7221990,36.80419921875
7222001,39.48974609375
7222742,80.9326171875
7223608,84.28955078125
7228327,89.53857421875
7228338,37.59765625
7236557,44.98291015625
7236568,41.015625
7237480,40.1611328125
7239005,86.36474609375
7239015,33.14208984375
7239560,40.46630859375
7244770,90.75927734375
7247129,54.38232421875
7248673,38.26904296875
7248687,37.78076171875
7255542,43.15185546875
7255553,36.62109375
7256897,36.07177734375
7256908,35.888671875
7258370,41.93115234375
7259708,73.18115234375
7260735,35.09521484375
7266752,85.26611328125
7267410,41.93115234375
7267421,35.64453125
7267808,36.0107421875
7284189,95.27587890625
7286348,59.08203125
7287038,43.39599609375
7287049,42.78564453125
7287291,66.2841796875
7291769,49.01123046875
7297459,95.88623046875
7302129,101.86767578125
7302142,33.3251953125
7303022,40.4052734375
7303761,33.3251953125
7309342,33.447265625
7309479,52.91748046875
7309812,68.42041015625
7310735,74.76806640625
7311977,84.65576171875
7312171,43.701171875
7313004,45.0439453125
7314512,38.75732421875
7338318,108.2763671875
7338329,34.3017578125
7339139,100.40283203125
7339149,40.771484375
7339520,35.400390625
7339531,34.11865234375
7340681,33.935546875
7345031,46.32568359375
7346171,48.4619140625
7349862,43.15185546875
7353411,43.3349609375
7353421,43.64013671875
7357640,33.87451171875
7357805,89.05029296875
7357815,34.85107421875
7360041,47.9736328125
7361464,90.02685546875
7361972,45.8984375
7363514,80.078125
7375241,44.61669921875
7375255,36.0107421875
7378045,44.677734375
7378730,51.6357421875
7379415,73.6083984375
7381884,43.9453125
7381894,33.3251953125
7386923,49.13330078125
7386934,37.17041015625
7387712,81.0546875
7391413,95.27587890625
7392626,41.44287109375
7392637,38.818359375
7400167,92.34619140625
7400602,43.27392578125
7400612,39.24560546875
7408639,41.68701171875
7408650,35.82763671875
7409474,52.8564453125
7409484,43.88427734375
7416379,50.96435546875
7416905,97.0458984375
7420075,47.7294921875
7420085,33.3251953125
7421709,89.05029296875
7424661,46.69189453125
7424671,37.53662109375
7425245,45.95947265625
7425913,44.12841796875
7426941,37.59765625
7428064,75.8056640625
7429798,34.423828125
7430945,41.6259765625
7430957,40.22216796875
7434447,38.14697265625
7438341,91.552734375
7450121,87.82958984375
7451449,49.01123046875
7451459,43.51806640625
7452780,83.8623046875
7454043,39.306640625
7454054,33.447265625
7454410,63.1103515625
7467520,49.1943359375
7467533,34.1796875
7468434,48.4619140625
7468444,39.97802734375
7472227,46.875
7472237,37.9638671875
7475071,50.84228515625
7476494,81.6650390625
7477265,33.0810546875
7477675,42.8466796875
7477934,52.24609375
7485077,46.20361328125
7485683,42.29736328125
7497710,92.10205078125
7501002,99.609375
7507942,106.689453125
7507952,34.24072265625
7509971,57.55615234375
7509982,33.0810546875
7512759,87.158203125
7518375,98.93798828125
7519334,48.583984375
7523513,39.85595703125
7523812,87.890625
7524772,35.2783203125
7526131,88.43994140625
7527409,76.23291015625
7530246,83.740234375
7532804,34.66796875
7536829,88.9892578125
7540239,46.7529296875
7542118,40.6494140625
7542363,69.39697265625
7549919,48.27880859375
7554069,46.08154296875
7554736,53.22265625
7562116,97.71728515625
7565149,53.28369140625
7565942,87.40234375
7567238,41.44287109375
7569189,38.02490234375
7573354,33.8134765625
7575881,53.40576171875
7580719,45.5322265625
7586503,57.9833984375
7586513,33.99658203125
7586981,87.46337890625
7587654,41.015625
7587665,39.00146484375
7596160,47.7294921875
7598628,96.923828125
7600295,90.4541015625
7605755,90.88134765625
7606519,94.6044921875
7606703,53.89404296875
7607917,78.125
7609748,41.3818359375
7610495,88.5009765625
7612092,70.86181640625
7612102,35.64453125
7627611,110.29052734375
7633620,101.25732421875
7637654,46.20361328125
7638055,42.6025390625
7638065,40.4052734375
7639825,41.50390625
7640535,46.93603515625
7641014,36.31591796875
7649165,98.81591796875
7655000,60.97412109375
7655099,33.8134765625
7656921,51.45263671875
7659721,89.599609375
7661957,45.59326171875
7661968,33.99658203125
7664894,49.01123046875
7665734,84.28955078125
7673315,59.75341796875
7678495,65.00244140625
7678742,39.00146484375
7680415,44.5556640625
7680426,35.64453125
7682095,42.8466796875
7684975,35.5224609375
7687947,49.31640625
7687957,38.4521484375
7688417,71.044921875
7689031,75.1953125
7697069,54.26025390625
7697080,37.04833984375
7697699,83.67919921875
7702079,90.02685546875
7705912,49.4384765625
7705924,36.62109375
7706556,42.41943359375
7708211,35.0341796875
7709094,54.19921875
7711193,51.45263671875
7711204,33.50830078125
7712206,41.07666015625
7716466,51.025390625
7716477,37.29248046875
7719474,56.0302734375
7723097,45.83740234375
7723111,36.43798828125
7726651,45.83740234375
7726662,35.82763671875
7728056,47.18017578125
7728069,35.33935546875
7731736,59.02099609375
7736049,87.21923828125
7738021,41.259765625
7739058,99.91455078125
7739068,35.58349609375
7739577,82.1533203125
7740279,71.47216796875
7741087,37.2314453125
7758489,89.41650390625
7760897,35.58349609375
7761370,55.5419921875
7762203,43.15185546875
7767378,35.888671875
7769225,106.3232421875
7770379,48.76708984375
7770991,41.80908203125
7771296,64.5751953125
7772641,49.31640625
7772654,37.04833984375
7773576,40.10009765625
7775499,33.0810546875
7788884,109.92431640625
7798648,53.466796875
7799351,57.373046875
7800332,54.26025390625
7801690,55.17578125
7801700,35.7666015625
7803738,103.45458984375
7806536,46.93603515625
7807319,35.888671875
7808393,48.52294921875
7808403,35.2783203125
7810538,43.45703125
7811168,37.17041015625
7811379,35.2783203125
7818353,89.599609375
7825041,43.51806640625
7826531,86.181640625
7826542,37.65869140625
7828963,37.353515625
7828975,39.61181640625
7831554,46.08154296875
7834305,45.41015625
7840481,101.1962890625
7841105,92.10205078125
7842230,43.45703125
7842240,34.423828125
7844621,49.37744140625
7845503,33.26416015625
7850079,59.326171875
7850578,33.26416015625
7851523,51.7578125
7851536,36.80419921875
7855484,51.6357421875
7862243,45.7763671875
7865748,53.466796875
7866603,49.560546875
7866615,33.203125
7868848,86.48681640625
7869397,82.51953125
7872945,79.833984375
7874824,81.84814453125
7880905,52.734375
7880917,33.50830078125
7881932,85.63232421875
7883636,50.72021484375
7883646,42.6025390625
7891940,100.64697265625
7893655,34.60693359375
7893860,47.42431640625
7895738,44.677734375
7898049,88.7451171875
7904159,36.68212890625
7904171,35.94970703125
7908917,61.82861328125
7910391,46.875
7910401,34.36279296875
7912600,46.08154296875
7912610,35.21728515625
7913971,43.9453125
7925415,50.6591796875
7925426,46.0205078125
7929558,93.8720703125
7929581,37.9638671875
7931856,49.1943359375
7931867,40.95458984375
7932350,51.08642578125
7932362,42.48046875
7936498,51.08642578125
7938096,54.74853515625
7938108,33.02001953125
7938887,36.56005859375
7938898,36.9873046875
7940263,79.04052734375
7941992,43.15185546875
7942473,66.89453125
7944457,49.74365234375
7945157,38.14697265625
7961689,101.62353515625
7962067,99.365234375
7962077,35.2783203125
7963621,49.86572265625
7967801,76.66015625
7968500,40.22216796875
7968823,59.26513671875
7970838,92.22412109375
7971536,44.7998046875
7973632,35.21728515625
7984412,53.64990234375
7984424,35.400390625
7986266,33.14208984375
7986599,90.02685546875
7987285,93.017578125
7987295,43.51806640625
8003259,58.349609375
8004652,48.64501953125
8005790,49.37744140625
8005800,43.9453125
8006712,47.42431640625
8010120,53.77197265625
8010829,85.26611328125
8011687,40.0390625
8016367,46.38671875
8023731,39.00146484375
8024374,37.17041015625
8027659,51.94091796875
8030127,56.396484375
8032111,47.4853515625
8032489,93.44482421875
8038982,56.82373046875
8038993,33.87451171875
8046509,48.4619140625
8046519,34.48486328125
8049271,88.68408203125
8049699,42.29736328125
8049848,44.3115234375
8050994,42.05322265625
8053209,88.07373046875
8053219,33.935546875
8058063,49.072265625
8058074,36.92626953125
8058124,37.53662109375
8066668,99.853515625
8069575,64.8193359375
8069585,36.43798828125
8072188,40.52734375
8077511,64.208984375
8080398,56.884765625
8082827,98.81591796875
8084951,33.75244140625
8094233,91.73583984375
8095570,33.3251953125
8096322,110.77880859375
8096332,34.66796875
8096921,37.65869140625
8097593,40.95458984375
8097609,37.9638671875
8098063,75.1953125
8098171,39.48974609375
8098803,38.75732421875
8116411,48.9501953125
8116423,35.400390625
8117794,48.27880859375
8117804,42.66357421875
8119586,51.20849609375
8120614,96.0693359375
8127923,53.8330078125
8129228,54.8095703125
8129873,45.41015625
8129883,35.46142578125
8131549,37.17041015625
8131562,37.2314453125
8133696,40.52734375
8134438,38.63525390625
8134448,36.80419921875
8138270,42.17529296875
8139887,55.72509765625
8139898,33.0810546875
8151704,102.96630859375
8151715,36.7431640625
8152242,52.3681640625
8152252,34.72900390625
8157359,48.27880859375
8157369,40.10009765625
8160615,52.67333984375
8160627,35.15625
8161633,90.39306640625
8168875,54.38232421875
8169340,42.90771484375
8169875,40.46630859375
8169887,36.92626953125
8172693,37.7197265625
8173819,41.32080078125
8173830,35.94970703125
8178769,34.423828125
8183765,35.70556640625
8184185,58.59375
8185408,49.13330078125
8194590,44.43359375
8196841,46.142578125
8196853,33.203125
8197543,41.9921875
8197554,33.02001953125
8200824,46.93603515625
8200838,34.7900390625
8201485,40.283203125
8203126,90.02685546875
8209107,45.22705078125
8209119,36.376953125
8211353,52.734375
8212909,110.77880859375
8212919,35.888671875
8213499,43.212890625
8213699,47.30224609375
8230293,114.1357421875
8230910,109.130859375
8230920,36.56005859375
8232768,40.8935546875
8232781,35.09521484375
8233420,43.0908203125
8233433,34.11865234375
8233649,35.888671875
8239466,50.84228515625
8245796,33.38623046875
8250463,62.80517578125
8251232,85.14404296875
8252327,43.64013671875
8252340,33.14208984375
8255859,58.59375
8255871,37.59765625
8257825,57.861328125
8257835,39.73388671875
8267429,114.6240234375
8268727,97.5341796875
8268737,46.20361328125
8270632,52.06298828125
8272223,41.1376953125
8272233,41.56494140625
8272679,41.8701171875
8272692,34.60693359375
8273565,93.75
8277000,43.45703125
8277010,36.31591796875
8278281,41.1376953125
8278291,39.97802734375
8290392,52.67333984375
8292155,46.69189453125
8292165,39.48974609375
8293376,53.52783203125
8293389,44.86083984375
8295941,82.763671875
8295953,34.912109375
8299048,54.62646484375
8299058,40.34423828125
8304167,56.7626953125
8304178,36.92626953125
8305551,33.14208984375
8306198,50.4150390625
8309015,47.36328125
8309025,36.0107421875
8309327,75.1953125
8310205,94.3603515625
8313384,43.02978515625
8313863,84.04541015625
8314334,82.33642578125
8332079,99.4873046875
8332089,35.09521484375
8332750,57.43408203125
8338874,49.1943359375
8339613,92.529296875
8340234,100.7080078125
8340246,33.38623046875
8340373,35.70556640625
8341301,37.90283203125
8341475,40.58837890625
8363787,103.3935546875
8363797,38.26904296875
8364260,60.1806640625
8364869,56.82373046875
8374375,61.09619140625
8374386,42.17529296875
8376616,102.294921875
8379214,100.09765625
8380462,102.05078125
8381237,101.9287109375
8381248,38.0859375
8382095,50.537109375
8383271,87.890625
8387594,46.93603515625
8388287,34.48486328125
8389822,46.7529296875
8405508,97.71728515625
8405518,38.57421875
8407333,38.87939453125
8407344,36.07177734375
8408045,88.80615234375
8411180,44.3115234375
8411864,93.07861328125
8411875,33.69140625
8412299,41.3818359375
8413269,38.02490234375
8414194,42.41943359375
8419724,35.33935546875
8433549,111.51123046875
8433559,36.19384765625
8436572,47.7294921875
8437172,83.06884765625
8437939,89.78271484375
8442190,52.490234375
8442734,93.994140625
8443278,90.39306640625
8444302,48.828125
8445977,42.236328125
8445989,41.259765625
8452405,94.23828125
8460341,57.18994140625
8460351,39.73388671875
8464928,55.17578125
8465569,56.0302734375
8468111,51.6357421875
8471584,56.45751953125
8472341,43.88427734375
8474908,41.56494140625
8475671,83.0078125
8475681,39.1845703125
8480211,48.9501953125
8482169,86.36474609375
8483432,50.048828125
8484076,78.79638671875
8484251,42.90771484375
8502761,33.69140625
8506422,69.27490234375
8506433,33.38623046875
8511167,53.955078125
8512992,49.13330078125
8513007,34.1796875
8514228,96.13037109375
8514817,42.05322265625
8515766,50.72021484375
8516148,34.97314453125
8517563,46.69189453125
8517743,36.56005859375
8533017,68.42041015625
8533028,34.85107421875
8533664,36.43798828125
8538297,39.55078125
8538309,33.203125
8539361,39.73388671875
8542654,33.63037109375
8542873,59.4482421875
8546399,61.6455078125
8547707,86.73095703125
8548335,96.13037109375
8552385,48.33984375
8553319,42.1142578125
8557227,46.142578125
8557239,34.3017578125
8561500,87.46337890625
8561512,45.10498046875
8569829,108.0322265625
8569840,35.15625
8574373,93.32275390625
8574383,36.9873046875
8574989,50.47607421875
8576782,51.20849609375
8577082,73.18115234375
8577533,75.8056640625
8577984,82.763671875
8579430,45.0439453125
8579440,35.400390625
8585922,37.2314453125
8591959,55.419921875
8593499,38.87939453125
8596971,60.11962890625
8596982,35.70556640625
8604813,105.04150390625
8604823,39.55078125
8606217,97.900390625
8611271,52.1240234375
8613911,50.59814453125
8613924,36.80419921875
8617309,37.7197265625
8618490,57.4951171875
8618500,38.6962890625
8620164,96.00830078125
8623074,93.75
8623899,49.74365234375
8626256,46.7529296875
8629180,39.61181640625
8631000,46.56982421875
8633055,36.43798828125
8634625,59.50927734375
8635371,43.9453125
8637085,59.38720703125
8637576,88.37890625
8645708,33.63037109375
8652235,116.3330078125
8652792,96.86279296875
8653176,41.19873046875
8654667,37.841796875
8657448,101.806640625
8664758,45.41015625
8666293,43.64013671875
8667685,44.61669921875
8668374,44.5556640625
8668384,37.59765625
8675055,93.32275390625
8675542,58.41064453125
8675552,33.87451171875
8676310,94.54345703125
8676634,64.453125
8677400,33.203125
8677413,35.888671875
8685570,69.091796875
8685581,36.0107421875
8695616,107.666015625
8700893,62.68310546875
8703640,51.20849609375
8703960,49.9267578125
8709054,58.89892578125
8709064,35.400390625
8710535,39.1845703125
8710546,36.68212890625
8711390,93.017578125
8711931,38.9404296875
8718349,52.55126953125
8718359,38.63525390625
8722803,50.048828125
8722815,39.794921875
8726877,47.66845703125
8731472,50.96435546875
8731487,35.58349609375
8733563,40.71044921875
8733574,33.50830078125
8735718,103.6376953125
8738992,57.31201171875
8740535,45.166015625
8744220,56.33544921875
8747792,38.75732421875
8747803,36.92626953125
8750152,96.6796875
8750993,93.07861328125
8751655,34.24072265625
8752113,74.462890625
8752782,77.7587890625
8754772,75.37841796875
8754783,33.38623046875
8767756,34.11865234375
8774138,58.7158203125
8774150,36.07177734375
8778668,46.38671875
8779499,50.1708984375
8780319,51.08642578125
8790115,68.84765625
8793339,44.3115234375
8794707,47.05810546875
8795316,88.37890625
8798133,48.2177734375
8801849,41.80908203125
8805381,57.80029296875
8806138,46.142578125
8806713,93.6279296875
8806997,75.439453125
8808251,45.47119140625
8820488,69.580078125
8820498,33.69140625
8826589,68.54248046875
8827804,43.39599609375
8828658,56.33544921875
8828911,71.2890625
8829451,67.19970703125
8840102,34.5458984375
8847775,46.0205078125
8848507,99.18212890625
8850528,41.8701171875
8850538,38.39111328125
8850747,79.52880859375
8852942,45.34912109375
8858164,44.37255859375
8858174,33.69140625
8860604,41.9921875
8863298,48.583984375
8864741,55.419921875
8865865,42.78564453125
8866397,40.34423828125
8867180,34.11865234375
8869229,50.537109375
8869239,36.80419921875
8879920,69.2138671875
8881090,51.1474609375
8881957,51.513671875
8882658,47.2412109375
8888672,81.298828125
8893225,78.30810546875
8893235,35.64453125
8893867,42.236328125
8896771,48.40087890625
8902396,100.9521484375
8902408,36.92626953125
8903257,89.111328125
8903268,33.26416015625
8907137,95.458984375
8911920,50.78125
8911933,34.1796875
8914272,53.89404296875
8914856,89.53857421875
8919308,48.27880859375
8919671,75.74462890625
8919861,42.48046875
8936763,55.6640625
8936774,37.109375
8937281,54.0771484375
8937294,34.423828125
8938073,73.05908203125
8939466,51.45263671875
8941067,81.97021484375
8941077,33.0810546875
8942134,37.7197265625
8942276,78.2470703125
8943068,49.86572265625
8943081,36.2548828125
8943329,64.3310546875
8963225,63.78173828125
8964789,60.4248046875
8964800,41.015625
8965282,81.298828125
8966636,48.15673828125
8970234,42.05322265625
8975042,49.6826171875
8975052,50.96435546875
8976809,60.546875
8976819,34.85107421875
8978055,38.330078125
8982078,47.18017578125
8988455,95.76416015625
8989976,46.0205078125
8989987,38.51318359375
8992218,50.537109375
8994041,39.00146484375
8994804,97.0458984375
8996135,37.841796875
8996145,38.39111328125
8996989,77.94189453125
8997573,36.56005859375
8998758,78.30810546875
