7799001,0
13631,35.0341796875
134503,39.00146484375
134522,74.27978515625
134552,52.91748046875
134571,26.611328125
134595,83.06884765625
134616,31.6162109375
134639,38.63525390625
134664,27.4658203125
134711,41.80908203125
134745,36.80419921875
134762,39.12353515625
134786,31.18896484375
134803,47.119140625
134844,29.1748046875
134856,29.96826171875
134900,26.30615234375
134915,40.22216796875
135000,42.78564453125
135070,32.89794921875
135151,27.40478515625
135322,36.80419921875
135436,34.11865234375
135546,36.9873046875
135652,39.85595703125
135746,38.0859375
135759,29.296875
135783,26.55029296875
135832,26.55029296875
135858,28.99169921875
135909,31.3720703125
136030,35.58349609375
136130,45.22705078125
136231,37.59765625
136242,28.86962890625
136358,33.87451171875
136435,29.541015625
136450,27.34375
136474,28.6865234375
136542,28.13720703125
136585,31.6162109375
136622,29.1748046875
136712,29.9072265625
136722,26.2451171875
136909,27.2216796875
136922,30.517578125
136952,27.40478515625
137005,28.86962890625
137043,30.94482421875
137155,35.888671875
137290,33.63037109375
137374,33.75244140625
137433,29.9072265625
137445,28.80859375
149727,26.67236328125
159563,26.30615234375
273643,49.25537109375
273667,73.91357421875
273687,72.20458984375
273709,53.03955078125
273724,31.494140625
273747,51.20849609375
273760,69.091796875
273785,26.7333984375
273814,32.28759765625
273829,32.470703125
273846,28.1982421875
273884,36.19384765625
273909,30.517578125
273921,49.01123046875
273978,30.82275390625
274016,29.35791015625
274045,33.203125
274121,42.90771484375
274186,26.55029296875
274229,39.4287109375
274311,29.6630859375
274441,38.14697265625
274502,26.18408203125
274575,26.91650390625
274597,29.23583984375
274706,26.30615234375
274807,38.51318359375
274854,27.7099609375
274869,34.60693359375
274944,38.75732421875
274987,28.74755859375
275061,29.23583984375
275143,43.88427734375
275279,32.470703125
275377,32.04345703125
275393,46.9970703125
275476,27.2216796875
275604,28.38134765625
275681,29.1748046875
275767,39.55078125
275896,26.42822265625
275956,30.09033203125
276000,40.283203125
276104,38.75732421875
276116,27.03857421875
276234,29.296875
276312,29.6630859375
276422,28.13720703125
276447,29.052734375
276671,37.65869140625
276781,27.64892578125
276868,29.11376953125
277142,41.44287109375
308199,29.35791015625
491476,39.24560546875
491489,69.2138671875
491529,66.2841796875
491543,33.203125
491556,28.62548828125
491583,42.96875
491607,35.2783203125
491636,44.0673828125
491659,43.76220703125
491673,28.99169921875
491701,47.79052734375
491735,27.587890625
491757,37.59765625
491777,30.76171875
491816,26.42822265625
491832,31.79931640625
491876,27.64892578125
491928,36.1328125
492121,27.03857421875
492159,29.052734375
492314,28.01513671875
492365,26.67236328125
492446,29.296875
492554,32.65380859375
492609,30.45654296875
492628,30.3955078125
492697,39.0625
492729,29.23583984375
492778,29.4189453125
492837,48.52294921875
492929,26.91650390625
493035,36.865234375
493155,27.4658203125
493246,26.18408203125
493324,37.353515625
493415,27.7099609375
493431,27.64892578125
493554,38.9404296875
493634,30.6396484375
493812,26.611328125
493901,27.587890625
493979,32.3486328125
494084,33.0810546875
494179,38.63525390625
494229,33.69140625
494701,35.2783203125
494936,41.44287109375
495156,26.18408203125
496100,27.40478515625
497506,36.31591796875
508228,27.03857421875
538628,27.64892578125
632274,39.9169921875
663872,45.10498046875
664018,38.330078125
664179,41.9921875
664428,28.50341796875
664680,30.2734375
664953,31.92138671875
665247,36.31591796875
665535,29.72412109375
665838,33.69140625
666194,28.80859375
666585,32.1044921875
667024,30.76171875
667680,32.16552734375
668451,29.1748046875
669207,31.92138671875
670083,33.0810546875
927837,47.119140625
927854,71.71630859375
927868,30.45654296875
927880,64.39208984375
927895,43.02978515625
927923,63.5986328125
927936,33.87451171875
927957,31.67724609375
927972,26.79443359375
928004,53.3447265625
928029,28.01513671875
928053,44.25048828125
928093,29.60205078125
928119,33.14208984375
928172,36.9873046875
928222,36.56005859375
928286,34.423828125
928343,29.541015625
928392,29.11376953125
928433,30.09033203125
928600,34.97314453125
928689,34.11865234375
928759,34.5458984375
928863,33.0810546875
928981,26.30615234375
929142,34.60693359375
929380,41.259765625
929393,26.7333984375
929464,28.80859375
929483,27.587890625
929543,26.91650390625
929565,31.1279296875
929691,31.92138671875
929780,27.89306640625
929872,32.5927734375
929948,26.2451171875
929979,34.24072265625
930007,27.34375
930118,28.564453125
930188,36.62109375
930255,28.50341796875
930329,30.3955078125
930341,28.74755859375
930468,28.99169921875
930512,27.587890625
930599,31.43310546875
930609,43.76220703125
930675,30.33447265625
930721,28.25927734375
930760,33.69140625
930856,27.4658203125
930899,29.72412109375
930991,28.38134765625
931688,31.982421875
1047012,33.75244140625
1053600,33.75244140625
1083497,41.80908203125
1083841,42.236328125
1110549,31.67724609375
1110559,41.56494140625
1110576,60.1806640625
1110607,42.48046875
1110623,78.67431640625
1110640,47.119140625
1110655,58.41064453125
1110687,47.91259765625
1110710,46.69189453125
1110737,36.56005859375
1110759,41.1376953125
1110815,33.63037109375
1110869,37.59765625
1110905,33.935546875
1110950,27.40478515625
1110966,32.470703125
1111111,38.75732421875
1111206,40.58837890625
1111289,35.46142578125
1111354,26.4892578125
1111407,42.1142578125
1111450,28.25927734375
1111508,38.2080078125
1111572,27.16064453125
1111602,38.39111328125
1111684,37.2314453125
1111789,30.57861328125
1111846,38.330078125
1111892,30.2734375
1111962,27.2216796875
1111989,32.77587890625
1112127,37.841796875
1112184,28.25927734375
1112233,31.18896484375
1112250,28.9306640625
1112304,26.30615234375
1112356,31.494140625
1112432,27.28271484375
1112554,40.771484375
1112584,27.34375
1112670,36.43798828125
1112708,29.23583984375
1112777,30.33447265625
1112858,33.447265625
1112935,28.25927734375
1113021,29.6630859375
1113056,31.1279296875
1113153,29.9072265625
1113213,27.099609375
1113310,28.50341796875
1113330,37.04833984375
1113413,33.87451171875
1113816,38.0859375
1115212,27.64892578125
1115832,38.39111328125
1116880,38.39111328125
1245760,39.61181640625
1271021,35.2783203125
1384830,40.34423828125
1386807,34.36279296875
1408102,29.4189453125
1408216,36.80419921875
1409406,39.306640625
1409425,37.4755859375
1409438,54.50439453125
1409450,60.9130859375
1409469,34.0576171875
1409481,78.61328125
1409496,43.45703125
1409509,34.36279296875
1409532,67.19970703125
1409550,28.50341796875
1409566,29.11376953125
1409584,29.72412109375
1409613,48.76708984375
1409675,51.025390625
1409735,31.494140625
1409776,29.60205078125
1409852,34.97314453125
1409977,30.45654296875
1410028,27.2216796875
1410167,26.4892578125
1410246,28.38134765625
1410337,38.9404296875
1410465,32.5927734375
1410548,26.123046875
1410592,34.0576171875
1410713,28.3203125
1410730,33.02001953125
1410825,29.96826171875
1410855,29.6630859375
1410889,28.01513671875
1410921,27.34375
1411026,40.8935546875
1411123,30.029296875
1411237,29.35791015625
1411336,32.71484375
1411411,28.13720703125
1411452,27.099609375
1411536,34.36279296875
1411615,26.55029296875
1411758,34.1796875
1411857,36.865234375
1411876,35.0341796875
1411912,27.83203125
1411964,34.48486328125
1412072,37.65869140625
1412192,26.123046875
1412207,39.9169921875
1412222,27.16064453125
1412399,28.564453125
1412431,27.83203125
1412461,26.123046875
1412635,28.13720703125
1412730,28.076171875
1413006,26.55029296875
1413620,29.9072265625
1529685,41.93115234375
1562630,40.8935546875
1579911,37.841796875
1607185,40.0390625
1621617,30.517578125
1621661,39.1845703125
1621677,51.6357421875
1621703,80.38330078125
1621723,34.11865234375
1621733,51.57470703125
1621751,59.9365234375
1621773,33.203125
1621795,53.466796875
1621814,43.3349609375
1621828,40.0390625
1621839,36.62109375
1621868,27.9541015625
1621883,27.34375
1621941,42.90771484375
1621997,28.01513671875
1622064,26.79443359375
1622084,29.541015625
1622133,30.76171875
1622224,29.296875
1622278,34.66796875
1622375,26.123046875
1622468,48.095703125
1622570,31.06689453125
1622662,30.6396484375
1622762,27.64892578125
1622879,47.79052734375
1622974,36.376953125
1623102,32.65380859375
1623125,29.23583984375
1623226,29.72412109375
1623330,29.84619140625
1623349,28.62548828125
1623468,32.3486328125
1623558,28.6865234375
1623780,33.3251953125
1623909,26.85546875
1623992,28.99169921875
1624034,26.2451171875
1624076,30.82275390625
1624086,38.2080078125
1624172,42.90771484375
1624377,31.3720703125
1624489,27.4658203125
1624541,28.99169921875
1624612,29.84619140625
1624658,29.1748046875
1624724,36.07177734375
1624778,27.28271484375
1625451,29.23583984375
1625472,26.79443359375
1626400,33.87451171875
1646945,26.4892578125
1646979,26.2451171875
1753859,34.912109375
1855916,32.470703125
1875947,37.2314453125
2240415,52.3681640625
2240434,70.556640625
2240457,54.01611328125
2240470,43.39599609375
2240501,59.14306640625
2240513,42.96875
2240535,43.0908203125
2240568,35.5224609375
2240585,30.45654296875
2240606,29.541015625
2240619,50.6591796875
2240668,44.49462890625
2240688,26.611328125
2240777,27.89306640625
2240820,29.78515625
2240889,26.18408203125
2240954,40.771484375
2241034,34.97314453125
2241096,26.9775390625
2241188,28.74755859375
2241275,31.79931640625
2241331,27.9541015625
2241357,32.77587890625
2241448,27.34375
2241549,30.1513671875
2241644,29.4189453125
2241734,36.31591796875
2241848,37.65869140625
2241861,26.42822265625
2241967,35.33935546875
2242113,26.91650390625
2242170,30.21240234375
2242226,31.43310546875
2242260,31.25
2242324,30.6396484375
2242420,27.587890625
2242509,29.1748046875
2242595,40.8935546875
2242660,28.50341796875
2242703,30.517578125
2242824,33.75244140625
2242934,33.8134765625
2242993,28.50341796875
2243113,29.60205078125
2243141,26.79443359375
2243182,31.06689453125
2243325,31.55517578125
2243458,29.84619140625
2243473,28.1982421875
2243503,28.564453125
2243670,37.109375
2243989,29.296875
2248891,30.2734375
2576314,48.64501953125
2581328,41.8701171875
2726125,28.6865234375
2889906,34.60693359375
2921902,27.03857421875
3848041,38.4521484375
4335431,46.20361328125
4361697,38.14697265625
4691075,35.46142578125
4906878,26.91650390625
5313185,37.841796875
5383076,27.4658203125
5519612,52.18505859375
5519637,65.12451171875
5519655,69.3359375
5519669,60.4248046875
5519682,49.9267578125
5519716,28.1982421875
5519746,62.56103515625
5519821,26.611328125
5519836,32.3486328125
5519874,32.1044921875
5519912,28.80859375
5519954,28.62548828125
5519994,28.80859375
5520117,30.2734375
5520241,38.75732421875
5520439,33.38623046875
5520528,30.70068359375
5520606,26.3671875
5520716,39.12353515625
5520778,29.6630859375
5520858,27.28271484375
5520965,30.33447265625
5521036,38.75732421875
5521138,36.7431640625
5521189,29.11376953125
5521315,33.14208984375
5521490,27.64892578125
5521560,29.1748046875
5521593,26.3671875
5521642,31.43310546875
5521730,26.3671875
5521871,32.2265625
5521968,30.21240234375
5522052,27.099609375
5522100,27.9541015625
5522148,28.80859375
5522229,32.3486328125
5522357,32.2265625
5522426,27.28271484375
5522509,32.04345703125
5522629,34.5458984375
5522699,30.517578125
5522796,42.3583984375
5522874,28.076171875
5522925,35.94970703125
5523046,32.470703125
5523167,27.4658203125
5523235,26.611328125
5523331,31.494140625
5523391,33.38623046875
5523609,27.28271484375
5523763,26.91650390625
5523943,44.12841796875
5524676,29.6630859375
5665400,38.02490234375
5666694,35.64453125
6039025,36.56005859375
6491130,31.79931640625
6506617,33.447265625
6765887,37.53662109375
7146129,42.66357421875
7182730,36.62109375
7240583,35.09521484375
7320815,36.2548828125
7320832,38.87939453125
7320847,94.23828125
7320887,69.76318359375
7320908,36.68212890625
7320930,32.04345703125
7320946,33.8134765625
7320973,26.611328125
7320987,34.5458984375
7321033,40.0390625
7321159,27.4658203125
7321170,26.18408203125
7321249,26.85546875
7321287,29.4189453125
7321476,28.13720703125
7321709,30.2734375
7321794,30.33447265625
7321892,30.1513671875
7322092,34.423828125
7322152,34.66796875
7322168,28.9306640625
7322457,26.2451171875
7322637,26.30615234375
7322700,32.470703125
7322730,31.79931640625
7322777,26.55029296875
7322955,31.6162109375
7323201,32.1044921875
7323234,27.28271484375
7323337,26.3671875
7323469,31.67724609375
7323575,29.35791015625
7323839,35.21728515625
7323976,26.30615234375
7323991,36.9873046875
7324102,27.34375
7324150,28.4423828125
7324215,29.1748046875
7324274,31.06689453125
7324415,34.60693359375
7324462,31.31103515625
7324549,29.35791015625
7324669,28.1982421875
7324789,31.1279296875
7324888,29.60205078125
7324950,31.73828125
7325062,31.8603515625
7325375,40.83251953125
7325410,27.587890625
7325668,28.86962890625
7326354,28.99169921875
7327555,26.3671875
7330028,27.28271484375
7331484,26.4892578125
7347673,28.9306640625
7429744,30.76171875
7459004,38.0859375
7470606,28.99169921875
7481367,36.80419921875
7488721,36.31591796875
7491938,37.41455078125
7499026,36.80419921875
7505426,37.78076171875
7507972,39.1845703125
7531192,36.80419921875
7537090,32.958984375
7557102,37.53662109375
7563583,39.6728515625
7580217,34.72900390625
7585291,42.236328125
7595853,34.423828125
7598450,41.19873046875
7611195,40.22216796875
7617822,41.44287109375
7624141,36.68212890625
7630413,33.447265625
7637647,33.75244140625
7647109,39.0625
7657260,29.4189453125
7658185,39.794921875
7673189,36.80419921875
7679193,35.64453125
7685536,36.80419921875
7693608,36.865234375
7751085,37.53662109375
7767582,31.8603515625
7778901,35.888671875
