2999000,0
158029,250.79345703125
208033,254.57763671875
258037,255.9814453125
358045,250.732421875
458053,253.96728515625
608065,251.28173828125
658069,254.94384765625
708073,250.6103515625
758077,251.220703125
808081,250.30517578125
858085,248.59619140625
908089,254.82177734375
1008097,251.77001953125
1058101,250.06103515625
1158109,256.8359375
1208113,256.591796875
1258117,256.04248046875
1308121,251.64794921875
1358125,253.60107421875
1458133,250
1508137,248.84033203125
1558141,253.47900390625
1658149,255.7373046875
1758157,254.7607421875
1858165,250.54931640625
1908169,252.197265625
1958173,250.9765625
2008177,250.732421875
2058181,249.267578125
2158189,248.9013671875
2258197,249.267578125
2358205,256.8359375
2408209,252.01416015625
2447682,30.3955078125
2458213,252.38037109375
2508217,249.69482421875
2558221,247.98583984375
2608225,252.3193359375
2658229,254.45556640625
2808241,250.79345703125
2908249,257.080078125
