7799001,0
33897,22.3388671875
33960,91.796875
33990,23.74267578125
34005,23.92578125
34033,61.1572265625
34046,26.79443359375
34058,41.3818359375
34086,40.8935546875
34100,50.048828125
34120,40.34423828125
34132,49.9267578125
34145,29.1748046875
34175,40.283203125
34187,37.78076171875
34209,22.52197265625
34231,48.2177734375
34246,25.81787109375
34268,21.17919921875
34282,34.7900390625
34310,22.4609375
34321,21.66748046875
34335,21.78955078125
34353,29.72412109375
34428,21.66748046875
34453,22.3388671875
34528,24.658203125
34551,21.6064453125
45142,25.45166015625
45185,76.416015625
45214,49.25537109375
45248,35.94970703125
45274,68.54248046875
45286,48.33984375
45307,28.86962890625
45319,21.42333984375
45339,41.80908203125
45355,35.82763671875
45380,46.9970703125
45404,29.35791015625
45423,33.8134765625
45448,35.58349609375
45472,37.2314453125
45512,24.658203125
45523,20.32470703125
45625,22.52197265625
45667,26.0009765625
45931,21.17919921875
46205,25.20751953125
81689,23.62060546875
81712,72.3876953125
81734,33.99658203125
81748,36.376953125
81778,57.92236328125
81795,61.1572265625
81816,60.85205078125
81834,37.109375
81852,25.2685546875
81864,45.22705078125
81879,26.30615234375
81900,25.390625
81910,21.8505859375
81938,24.7802734375
81959,26.123046875
81985,21.30126953125
82073,22.03369140625
82209,20.8740234375
82526,23.3154296875
82752,21.05712890625
82766,22.15576171875
82823,21.3623046875
83205,22.216796875
83440,20.44677734375
87471,23.13232421875
90012,20.5078125
90143,40.1611328125
90158,82.8857421875
90180,21.8505859375
90219,20.44677734375
90265,23.3154296875
90278,28.3203125
90305,22.39990234375
90341,73.2421875
90368,21.8505859375
90397,25.08544921875
90412,29.84619140625
90430,25.45166015625
90443,41.1376953125
90467,36.19384765625
90491,52.978515625
90511,42.8466796875
90538,45.166015625
90568,26.91650390625
90593,21.484375
90610,21.17919921875
90620,22.27783203125
90680,23.25439453125
90728,20.3857421875
90746,22.8271484375
90779,21.66748046875
90964,26.123046875
91010,23.01025390625
91042,20.93505859375
100916,20.56884765625
100947,34.423828125
100966,77.5146484375
100983,32.77587890625
101016,34.60693359375
101028,56.640625
101072,42.41943359375
101090,42.90771484375
101112,42.54150390625
101123,29.541015625
101144,34.85107421875
101162,21.240234375
101192,31.55517578125
101205,25.81787109375
101229,23.5595703125
101246,22.03369140625
101272,24.96337890625
101293,20.69091796875
101331,22.88818359375
101362,23.86474609375
101415,25.32958984375
101497,20.8740234375
101525,20.56884765625
101561,22.15576171875
101705,23.681640625
106903,21.3623046875
107027,22.4609375
107048,28.50341796875
107059,85.8154296875
107084,23.86474609375
107136,27.2216796875
107158,27.7099609375
107179,53.40576171875
107205,33.87451171875
107219,30.2734375
107240,39.1845703125
107260,53.16162109375
107289,58.28857421875
107299,31.494140625
107327,31.3720703125
107356,26.3671875
107370,29.47998046875
107396,32.3486328125
107422,28.4423828125
107448,29.60205078125
107473,28.86962890625
107495,24.0478515625
107578,22.8271484375
107625,22.88818359375
107837,25.45166015625
107866,21.78955078125
113640,24.10888671875
113683,25.2685546875
113714,70.25146484375
113731,26.7333984375
113779,21.30126953125
113805,64.8193359375
113834,41.8701171875
113850,51.513671875
113861,48.095703125
113876,35.58349609375
113906,46.69189453125
113932,37.04833984375
113964,28.13720703125
113979,23.86474609375
114038,26.4892578125
114088,23.25439453125
114100,25.93994140625
114120,20.93505859375
114284,20.263671875
114355,20.44677734375
122133,20.56884765625
122158,23.49853515625
122173,72.69287109375
122201,22.88818359375
122222,23.25439453125
122248,50.10986328125
122259,37.78076171875
122294,55.35888671875
122314,45.41015625
122326,20.263671875
122354,34.11865234375
122378,41.80908203125
122391,24.4140625
122404,25.57373046875
122414,37.109375
122461,21.30126953125
122481,21.484375
122531,20.32470703125
122561,30.94482421875
122582,23.193359375
122654,23.86474609375
122803,22.76611328125
130902,20.751953125
130922,33.447265625
130932,32.2265625
130953,35.09521484375
130978,70.4345703125
130995,31.79931640625
131013,22.705078125
131047,62.6220703125
131063,66.5283203125
131100,53.466796875
131133,27.52685546875
131148,26.18408203125
131164,32.04345703125
131189,24.7802734375
131212,29.60205078125
131255,20.93505859375
131276,20.8740234375
131321,25.69580078125
131375,22.76611328125
131477,28.076171875
131535,20.56884765625
139909,26.9775390625
139921,73.42529296875
139949,29.1748046875
139964,24.96337890625
139992,61.03515625
140003,41.748046875
140027,24.23095703125
140054,42.54150390625
140072,41.80908203125
140108,23.92578125
140137,24.5361328125
140147,25.5126953125
140162,22.705078125
140201,23.0712890625
140227,20.263671875
140321,27.9541015625
140349,22.705078125
140643,21.05712890625
149206,22.8271484375
149218,27.7099609375
149250,39.48974609375
149282,34.85107421875
149293,37.9638671875
149331,54.13818359375
149362,39.55078125
149380,34.3017578125
149390,36.43798828125
149417,32.53173828125
149455,44.25048828125
149479,26.30615234375
149507,25.0244140625
149521,22.5830078125
149546,26.3671875
149582,28.3203125
150073,22.03369140625
158614,20.44677734375
158676,21.30126953125
158707,74.27978515625
158720,25.81787109375
158744,23.8037109375
158772,34.423828125
158805,51.6357421875
158825,22.705078125
158836,62.31689453125
158853,20.44677734375
158875,30.94482421875
158886,34.97314453125
158903,28.1982421875
158924,34.60693359375
158955,22.15576171875
158991,25.634765625
159076,21.78955078125
159119,20.99609375
159140,22.27783203125
168586,25.0244140625
168626,23.98681640625
168637,76.904296875
168658,28.076171875
168686,31.79931640625
168713,66.89453125
168728,40.83251953125
168745,27.4658203125
168759,31.8603515625
168778,60.85205078125
168796,41.3818359375
168816,31.06689453125
168861,26.42822265625
168894,22.52197265625
168918,28.13720703125
168946,21.42333984375
168975,20.6298828125
168990,22.15576171875
169130,20.8740234375
169289,20.751953125
180629,21.3623046875
180659,20.20263671875
180689,28.62548828125
180732,26.79443359375
180752,23.681640625
180762,71.044921875
180777,44.73876953125
180800,40.1611328125
180826,51.513671875
180844,47.7294921875
180863,23.13232421875
180884,33.75244140625
180894,34.5458984375
180922,33.87451171875
180954,27.89306640625
180984,28.6865234375
192554,22.3388671875
192576,20.6298828125
192607,81.298828125
192625,20.32470703125
192651,23.86474609375
192676,75.37841796875
192712,32.71484375
192736,73.66943359375
192767,25.81787109375
192803,32.89794921875
192831,20.93505859375
192843,21.54541015625
192868,30.029296875
192881,33.99658203125
192906,22.52197265625
192957,21.66748046875
192973,21.1181640625
193012,21.6064453125
193065,25.0244140625
203972,21.17919921875
204023,27.77099609375
204034,30.94482421875
204047,108.154296875
204074,25.08544921875
204084,22.0947265625
204104,25.146484375
204116,49.072265625
204150,27.83203125
204170,39.306640625
204182,44.921875
204210,26.4892578125
204228,32.40966796875
204239,32.8369140625
204288,21.240234375
204315,26.9775390625
204333,24.2919921875
204345,21.78955078125
204461,20.8740234375
216129,20.20263671875
216165,33.87451171875
216182,84.9609375
216222,33.38623046875
216236,20.32470703125
216258,51.26953125
216284,49.072265625
216313,43.212890625
216326,39.0625
216340,40.83251953125
216359,32.16552734375
216376,23.62060546875
216399,36.92626953125
216438,31.92138671875
216456,22.39990234375
216466,25.87890625
216500,21.97265625
216544,24.0478515625
216568,21.240234375
216579,21.91162109375
216639,27.40478515625
229721,20.44677734375
229759,27.52685546875
229772,21.17919921875
229782,106.8115234375
229808,25.634765625
229839,48.4619140625
229850,97.10693359375
229884,31.005859375
229900,35.7666015625
229922,42.6025390625
229937,42.90771484375
229949,32.89794921875
229983,21.17919921875
230001,26.2451171875
230025,26.3671875
230058,28.076171875
230085,24.59716796875
230103,20.3857421875
230164,21.3623046875
244033,21.1181640625
244077,24.84130859375
244096,37.78076171875
244116,32.470703125
244152,41.748046875
244172,62.3779296875
244199,45.59326171875
244230,37.90283203125
244246,34.912109375
244266,41.748046875
244284,37.9638671875
244295,23.74267578125
244313,21.3623046875
244337,25.20751953125
244361,37.04833984375
244388,40.283203125
244451,22.94921875
244533,26.9775390625
257281,21.54541015625
257307,29.72412109375
257330,33.0810546875
257348,31.92138671875
257378,22.5830078125
257391,32.5927734375
257407,67.19970703125
257430,29.35791015625
257449,29.23583984375
257471,48.03466796875
257486,26.611328125
257513,26.91650390625
257527,27.7099609375
257550,26.123046875
257567,21.8505859375
257594,33.26416015625
257607,26.0009765625
257626,24.84130859375
257705,20.3857421875
257720,22.64404296875
277633,22.216796875
277670,22.64404296875
277685,93.505859375
277706,51.7578125
277725,24.59716796875
277741,31.18896484375
277755,84.28955078125
277778,29.84619140625
277796,37.65869140625
277815,24.7802734375
277827,40.95458984375
277855,34.912109375
277867,24.7802734375
277877,26.611328125
277901,31.18896484375
277922,21.240234375
277947,24.23095703125
277975,20.93505859375
277989,25.45166015625
278008,22.216796875
278036,24.7802734375
278065,20.93505859375
278111,20.263671875
278254,37.90283203125
292610,21.6064453125
292627,22.5830078125
292665,87.82958984375
292692,42.17529296875
292718,20.56884765625
292738,59.2041015625
292771,34.423828125
292787,35.5224609375
292801,64.51416015625
292829,32.8369140625
292858,44.61669921875
292885,38.75732421875
292915,44.189453125
292928,29.11376953125
292954,29.47998046875
292989,22.94921875
293000,23.37646484375
293019,22.8271484375
293048,20.93505859375
293148,21.97265625
307935,23.01025390625
307945,87.70751953125
307968,41.015625
308022,54.0771484375
308042,36.865234375
308061,31.25
308076,29.4189453125
308090,39.48974609375
308123,25.69580078125
308136,40.34423828125
308163,40.95458984375
308187,28.99169921875
308215,32.16552734375
308232,38.6962890625
308254,21.484375
308267,27.587890625
308291,30.57861328125
308303,20.751953125
308329,20.69091796875
308339,25.32958984375
308354,24.10888671875
308405,20.69091796875
308433,21.8505859375
308547,23.0712890625
326107,29.052734375
326120,80.6884765625
326161,45.95947265625
326187,61.34033203125
326202,27.77099609375
326234,30.029296875
326253,60.85205078125
326277,27.28271484375
326291,41.015625
326309,42.29736328125
326332,26.30615234375
326357,39.794921875
326381,45.7763671875
326392,25.32958984375
326435,25.146484375
326466,30.6396484375
326505,35.2783203125
326551,20.32470703125
326574,28.564453125
326651,20.8740234375
326803,24.5361328125
379447,26.7333984375
913034,23.98681640625
913087,82.763671875
913097,40.8935546875
913111,23.4375
913169,66.22314453125
913191,47.8515625
913209,41.748046875
913229,46.630859375
913244,40.34423828125
913284,35.82763671875
913294,41.6259765625
913311,21.91162109375
913327,38.63525390625
913349,39.1845703125
913381,24.169921875
913414,33.38623046875
913433,20.751953125
913460,24.658203125
913533,25.08544921875
913564,20.8740234375
913617,24.4140625
913744,23.37646484375
1038858,25.08544921875
1038869,83.8623046875
1038903,20.56884765625
1038933,25.87890625
1038954,57.43408203125
1038978,21.6064453125
1038995,41.015625
1039021,90.8203125
1039036,47.91259765625
1039057,33.63037109375
1039087,37.841796875
1039116,43.9453125
1039131,44.12841796875
1039156,37.90283203125
1039175,34.72900390625
1039186,21.97265625
1039217,27.099609375
1039230,24.169921875
1039295,20.56884765625
1039321,25.08544921875
1039433,21.05712890625
1039453,21.8505859375
1122414,26.67236328125
1122429,31.494140625
1122473,72.08251953125
1122490,25.08544921875
1122512,38.2080078125
1122528,58.89892578125
1122544,57.12890625
1122579,31.3720703125
1122589,41.015625
1122608,38.87939453125
1122626,47.2412109375
1122654,53.64990234375
1122665,58.10546875
1122679,39.73388671875
1122718,26.7333984375
1122734,29.35791015625
1122771,25.20751953125
1122798,20.751953125
1122817,22.4609375
1122863,23.3154296875
1122926,25.57373046875
1123026,20.81298828125
1123051,20.3857421875
1123141,20.93505859375
1123325,20.81298828125
1128415,21.8505859375
1128729,38.14697265625
1128855,74.462890625
1128871,20.93505859375
1128979,61.279296875
1128999,24.5361328125
1129088,22.03369140625
1129104,58.89892578125
1129132,21.6064453125
1129148,27.4658203125
1129194,32.65380859375
1129217,25.08544921875
1129285,33.50830078125
1129320,25.2685546875
1129342,23.98681640625
1129370,25.146484375
1129401,21.97265625
1129434,21.78955078125
1129454,29.9072265625
1129474,20.20263671875
1129532,22.3388671875
1129701,21.17919921875
1129759,20.5078125
1129913,21.78955078125
1129940,20.20263671875
1130013,23.49853515625
1130080,22.52197265625
1130251,21.97265625
1130794,25.08544921875
1238704,20.69091796875
1238779,93.8720703125
1238802,46.08154296875
1238813,47.05810546875
1238839,81.23779296875
1238853,33.8134765625
1238878,39.55078125
1238900,26.79443359375
1238921,43.9453125
1238932,30.8837890625
1238952,48.2177734375
1238968,31.494140625
1239009,33.02001953125
1239055,20.93505859375
1239080,23.62060546875
1239208,25.390625
1239252,20.32470703125
1239278,21.91162109375
1244838,64.0869140625
1244859,20.5078125
1245068,60.546875
1245168,24.169921875
1245189,64.75830078125
1245288,39.0625
1245305,21.6064453125
1245414,36.43798828125
1245520,36.43798828125
1245550,22.03369140625
1245636,23.193359375
1245670,20.32470703125
1245743,26.55029296875
1245875,32.16552734375
1245997,46.7529296875
1246112,25.5126953125
1246137,20.93505859375
1246240,31.31103515625
1246374,41.68701171875
1246534,36.2548828125
1246720,26.4892578125
1540678,25.7568359375
1540699,20.5078125
1540731,81.4208984375
1540750,38.75732421875
1540766,35.21728515625
1540800,53.955078125
1540815,44.98291015625
1540832,46.630859375
1540854,57.55615234375
1540868,42.54150390625
1540890,25.57373046875
1540913,42.66357421875
1540930,44.43359375
1540940,41.68701171875
1540972,28.01513671875
1540995,22.3388671875
1541013,20.93505859375
1541034,20.99609375
1541060,31.55517578125
1541096,26.2451171875
1541119,24.47509765625
1541152,24.658203125
1541164,22.5830078125
1541202,25.2685546875
1541229,21.6064453125
1552716,71.83837890625
1552734,33.5693359375
1552765,27.28271484375
1552780,28.01513671875
1552802,73.73046875
1552829,55.48095703125
1552855,52.1240234375
1552887,48.64501953125
1552906,38.51318359375
1552926,31.43310546875
1552941,26.55029296875
1552960,34.85107421875
1552973,43.02978515625
1553001,20.3857421875
1553024,32.71484375
1553041,25.7568359375
1553075,26.18408203125
1553103,25.08544921875
1553141,26.7333984375
1553178,20.751953125
1553196,22.705078125
1553233,25.5126953125
1553314,21.54541015625
1553380,20.5078125
1553480,20.99609375
1554024,20.32470703125
1641637,22.8271484375
1641650,35.58349609375
1641693,63.96484375
1641714,37.9638671875
1641728,53.28369140625
1641756,52.001953125
1641773,78.0029296875
1641791,44.3115234375
1641807,51.57470703125
1641832,56.884765625
1641856,43.15185546875
1641885,36.1328125
1641909,32.04345703125
1641932,27.16064453125
1641949,36.9873046875
1641976,30.57861328125
1641995,28.86962890625
1642022,23.62060546875
1642073,23.5595703125
1642091,23.92578125
1642158,21.728515625
1642193,22.0947265625
1642275,21.42333984375
1642446,22.216796875
1647984,25.634765625
1648013,68.84765625
1648070,22.76611328125
1648115,61.279296875
1648129,30.09033203125
1648176,36.0107421875
1648194,23.86474609375
1648220,44.73876953125
1648246,26.91650390625
1648279,31.6162109375
1648308,52.8564453125
1648324,31.06689453125
1648351,20.5078125
1648368,25.20751953125
1648390,31.92138671875
1648435,24.658203125
1648462,24.59716796875
1648482,35.888671875
1648520,25.146484375
1648539,22.15576171875
1648617,23.62060546875
1648655,26.7333984375
1648681,21.91162109375
1648726,21.78955078125
1648781,22.03369140625
1648842,25.2685546875
1648920,26.06201171875
1649018,20.81298828125
1650129,21.6064453125
1656963,21.91162109375
1657006,71.2890625
1657022,20.56884765625
1657054,42.8466796875
1657074,21.78955078125
1657084,75.68359375
1657108,35.46142578125
1657124,37.59765625
1657136,43.45703125
1657162,31.06689453125
1657173,48.15673828125
1657199,51.33056640625
1657231,54.62646484375
1657255,22.64404296875
1657279,21.484375
1657323,27.4658203125
1657338,23.681640625
1657360,27.64892578125
1657383,33.02001953125
1657396,22.88818359375
1657427,20.32470703125
1657449,21.30126953125
1657485,23.01025390625
1657515,23.4375
1657530,25.69580078125
1657604,29.052734375
1664214,21.8505859375
1664260,21.42333984375
1664316,68.2373046875
1664334,25.32958984375
1664393,21.78955078125
1664428,65.36865234375
1664452,27.89306640625
1664490,28.13720703125
1664502,50.1708984375
1664533,39.73388671875
1664548,25.634765625
1664566,48.88916015625
1664600,37.04833984375
1664613,33.935546875
1664650,49.4384765625
1664689,25.634765625
1664710,36.2548828125
1664737,34.97314453125
1664766,30.3955078125
1664794,27.52685546875
1664824,22.705078125
1664848,26.85546875
1664863,30.1513671875
1664912,24.90234375
1664936,21.1181640625
1665113,20.99609375
1672142,21.54541015625
1672210,66.95556640625
1672221,34.97314453125
1672269,25.87890625
1672281,22.5830078125
1672297,54.8095703125
1672312,55.72509765625
1672334,33.99658203125
1672368,50.72021484375
1672380,32.28759765625
1672414,53.03955078125
1672432,36.92626953125
1672448,25.87890625
1672473,37.7197265625
1672494,32.958984375
1672514,27.4658203125
1672549,21.8505859375
1672564,31.1279296875
1672587,25.5126953125
1672597,23.92578125
1672631,22.39990234375
1672655,22.39990234375
1672743,25.69580078125
1672873,23.0712890625
1672891,24.169921875
1680103,24.0478515625
1680154,69.88525390625
1680170,44.49462890625
1680199,27.2216796875
1680215,24.90234375
1680245,56.2744140625
1680274,40.34423828125
1680292,32.1044921875
1680314,49.31640625
1680325,51.3916015625
1680354,52.734375
1680365,33.87451171875
1680405,31.67724609375
1680424,26.79443359375
1680449,22.03369140625
1680461,40.52734375
1680490,21.17919921875
1680526,30.45654296875
1680537,22.64404296875
1680626,27.2216796875
1680666,22.4609375
1680813,20.93505859375
1688571,24.0478515625
1688614,20.3857421875
1688665,67.81005859375
1688686,27.7099609375
1688704,20.3857421875
1688720,26.123046875
1688745,46.875
1688771,45.83740234375
1688782,21.8505859375
1688818,47.79052734375
1688834,32.16552734375
1688856,33.5693359375
1688876,20.263671875
1688892,21.97265625
1688923,36.7431640625
1688940,26.611328125
1688974,27.4658203125
1688996,28.4423828125
1689021,35.94970703125
1689041,20.5078125
1689085,20.3857421875
1697345,57.06787109375
1697364,23.86474609375
1697393,22.15576171875
1697439,35.2783203125
1697456,60.48583984375
1697490,21.66748046875
1697522,44.49462890625
1697532,49.8046875
1697564,49.4384765625
1697593,25.634765625
1697628,34.423828125
1697664,30.2734375
1697680,27.28271484375
1697710,35.64453125
1697743,21.54541015625
1697765,37.109375
1697812,21.78955078125
1697838,21.97265625
1697854,24.169921875
1697883,26.30615234375
1697910,23.49853515625
1697937,21.484375
1697976,20.93505859375
1706719,21.484375
1706820,88.2568359375
1706841,35.21728515625
1706897,23.74267578125
1706927,23.74267578125
1706941,82.21435546875
1706979,29.78515625
1707010,43.64013671875
1707022,45.654296875
1707037,37.7197265625
1707062,37.2314453125
1707087,39.1845703125
1707103,22.705078125
1707126,31.982421875
1707142,34.7900390625
1707161,22.03369140625
1707173,23.8037109375
1707185,41.259765625
1707258,34.0576171875
1707285,22.39990234375
1707315,26.91650390625
1707425,21.97265625
1707748,21.97265625
1717467,63.53759765625
1717500,31.73828125
1717517,23.25439453125
1717539,21.66748046875
1717560,26.85546875
1717591,44.49462890625
1717606,36.2548828125
1717635,42.78564453125
1717645,56.5185546875
1717673,62.56103515625
1717708,37.109375
1717725,26.18408203125
1717745,34.0576171875
1717766,29.78515625
1717778,29.96826171875
1717802,38.75732421875
1717828,27.7099609375
1717849,33.63037109375
1717864,20.6298828125
1717892,29.96826171875
1717977,22.64404296875
1728891,21.66748046875
1728951,64.8193359375
1728996,48.828125
1729028,67.138671875
1729044,21.78955078125
1729062,59.4482421875
1729088,52.490234375
1729098,41.93115234375
1729134,43.0908203125
1729151,35.5224609375
1729162,21.91162109375
1729176,21.30126953125
1729204,36.92626953125
1729221,47.9736328125
1729240,23.193359375
1729259,21.05712890625
1729278,21.66748046875
1729292,23.5595703125
1729321,23.5595703125
1729346,20.69091796875
1741386,21.54541015625
1741400,20.8740234375
1741445,78.79638671875
1741471,23.5595703125
1741491,61.767578125
1741510,52.734375
1741538,38.2080078125
1741563,30.029296875
1741579,40.771484375
1741614,47.66845703125
1741626,28.4423828125
1741660,35.82763671875
1741682,45.22705078125
1741699,27.9541015625
1741713,35.21728515625
1741733,25.7568359375
1741756,30.029296875
1741769,28.25927734375
1741791,22.3388671875
1741821,26.30615234375
1741832,29.6630859375
1741856,21.484375
1741873,21.728515625
1741932,26.85546875
1754639,22.94921875
1754666,76.2939453125
1754691,28.01513671875
1754701,27.89306640625
1754732,29.72412109375
1754749,50.59814453125
1754779,32.958984375
1754799,30.82275390625
1754810,64.94140625
1754833,40.1611328125
1754860,21.728515625
1754888,31.1279296875
1754908,24.5361328125
1754936,33.38623046875
1754948,23.37646484375
1754985,24.10888671875
1755012,20.99609375
1755035,22.03369140625
1755056,22.15576171875
1765909,20.81298828125
1765946,21.30126953125
1765970,20.32470703125
1766006,66.162109375
1766043,31.982421875
1766062,21.66748046875
1766083,20.6298828125
1766096,58.16650390625
1766128,49.13330078125
1766155,27.83203125
1766183,30.2734375
1766205,22.705078125
1766221,28.6865234375
1766249,50.72021484375
1766275,33.203125
1766292,26.91650390625
1766330,25.93994140625
1766387,32.53173828125
1766408,21.91162109375
1766436,21.8505859375
1778205,20.44677734375
1778248,20.6298828125
1778286,76.171875
1778321,29.96826171875
1778341,20.56884765625
1778366,57.2509765625
1778383,29.72412109375
1778397,39.24560546875
1778436,45.5322265625
1778463,31.494140625
1778474,21.728515625
1778506,29.052734375
1778537,32.04345703125
1778554,24.59716796875
1778574,25.57373046875
1778629,22.94921875
1778672,22.15576171875
1778687,25.2685546875
1789807,26.3671875
1789833,22.216796875
1789880,22.88818359375
1789922,35.70556640625
1789944,27.77099609375
1789963,20.99609375
1789989,52.55126953125
1790007,53.955078125
1790029,40.8935546875
1790047,23.92578125
1790063,20.20263671875
1790105,22.705078125
1790122,38.39111328125
1790190,35.82763671875
1790221,23.49853515625
1790298,22.705078125
1790353,22.52197265625
1790379,20.3857421875
1790551,20.263671875
1790749,24.71923828125
1803917,20.20263671875
1803945,24.2919921875
1803958,81.54296875
1804004,37.353515625
1804027,36.62109375
1804041,60.72998046875
1804062,25.7568359375
1804083,26.7333984375
1804127,35.21728515625
1804173,24.35302734375
1804201,38.39111328125
1804235,22.3388671875
1804248,25.20751953125
1804301,22.64404296875
1804338,20.93505859375
1804382,20.3857421875
1804597,22.705078125
1804751,37.04833984375
1813951,24.0478515625
1813995,25.69580078125
1814028,65.3076171875
1814041,22.03369140625
1814121,65.673828125
1814139,26.0009765625
1814161,24.35302734375
1814176,23.3154296875
1814210,35.7666015625
1814280,29.78515625
1814301,37.29248046875
1814390,25.20751953125
1814418,25.7568359375
1814461,21.54541015625
1814526,24.35302734375
1814555,20.56884765625
1814573,33.8134765625
1814665,23.49853515625
1814887,31.06689453125
1825513,22.3388671875
1825563,20.263671875
1825602,72.20458984375
1825633,26.91650390625
1825666,44.37255859375
1825694,21.54541015625
1825712,52.734375
1825733,27.587890625
1825784,22.39990234375
1825805,43.8232421875
1825838,24.90234375
1825862,21.42333984375
1825895,32.3486328125
1825926,21.3623046875
1825972,29.4189453125
1825992,30.57861328125
1826124,29.47998046875
1826243,39.794921875
1826424,39.48974609375
1834869,25.5126953125
1834908,23.5595703125
1834946,80.50537109375
1834965,21.78955078125
1835073,55.35888671875
1835112,24.47509765625
1835131,32.04345703125
1835230,45.10498046875
1835342,37.9638671875
1835374,23.62060546875
1835509,45.95947265625
1835664,46.32568359375
1844009,21.1181640625
1844130,25.32958984375
1844148,20.20263671875
1844241,20.8740234375
1844264,64.453125
1844295,25.87890625
1844325,21.1181640625
1844343,22.64404296875
1844387,57.373046875
1844413,20.32470703125
1844474,21.484375
1844509,39.306640625
1844679,37.841796875
1844912,51.81884765625
1859341,24.2919921875
1859423,75.68359375
1859529,60.4248046875
1859608,22.64404296875
1859637,47.36328125
1859727,31.25
1859769,42.29736328125
1859911,33.0810546875
1860156,50.10986328125
1868945,20.99609375
1868962,73.8525390625
1869096,53.8330078125
1869226,21.42333984375
1869243,53.77197265625
1869438,51.26953125
1869450,21.78955078125
1878466,23.37646484375
1878518,20.3857421875
1878594,23.13232421875
1878642,21.6064453125
1878711,72.509765625
1878729,22.27783203125
1878756,22.3388671875
1878881,60.791015625
1878903,23.4375
1879009,26.0009765625
1879028,41.259765625
2535680,20.93505859375
2535715,21.484375
2535748,21.6064453125
2535775,23.0712890625
2535792,96.435546875
2535816,29.296875
2535849,69.39697265625
2535866,23.8037109375
2535885,37.90283203125
2535917,25.57373046875
2535930,45.5322265625
2535944,22.27783203125
2535968,41.50390625
2535983,25.57373046875
2536008,32.3486328125
2536041,33.5693359375
2536056,27.4658203125
2536076,30.21240234375
2536095,20.751953125
2536133,23.98681640625
2536147,21.78955078125
2536222,21.728515625
2580532,21.1181640625
2804680,28.50341796875
2804705,24.4140625
2804741,20.5078125
2804760,30.94482421875
2804797,85.14404296875
2804820,56.15234375
2804838,26.91650390625
2804862,35.2783203125
2804872,41.015625
2804893,52.734375
2804914,36.9873046875
2804934,20.56884765625
2804961,37.59765625
2805008,23.01025390625
2805039,22.64404296875
2805057,23.681640625
2805169,20.6298828125
2805194,22.4609375
2805321,21.05712890625
3207105,21.66748046875
3207153,23.0712890625
3207163,27.587890625
3207199,80.810546875
3207211,37.109375
3207246,48.4619140625
3207268,39.36767578125
3207294,32.71484375
3207308,43.212890625
3207323,34.72900390625
3207357,40.71044921875
3207382,37.04833984375
3207409,28.38134765625
3207420,31.494140625
3207447,23.49853515625
3207476,25.57373046875
3207510,33.38623046875
3207551,22.8271484375
3207611,27.52685546875
3302721,24.71923828125
3302747,84.04541015625
3302763,42.96875
3302792,66.89453125
3302807,79.89501953125
3302828,44.5556640625
3302843,31.8603515625
3302854,54.99267578125
3302885,40.22216796875
3302902,28.1982421875
3302912,40.771484375
3302943,30.3955078125
3302957,34.36279296875
3302968,29.35791015625
3302990,35.09521484375
3303001,37.841796875
3303037,26.3671875
3303059,22.76611328125
3303079,22.64404296875
3303104,24.658203125
3303143,22.4609375
3303270,22.0947265625
3303327,20.3857421875
3303414,21.8505859375
3309200,21.484375
3309482,29.23583984375
3309573,71.10595703125
3309631,32.5927734375
3309679,70.37353515625
3309701,26.55029296875
3309716,27.099609375
3309753,26.611328125
3309779,62.01171875
3309801,22.52197265625
3309837,29.84619140625
3309847,21.05712890625
3309878,44.73876953125
3309895,22.64404296875
3309930,25.146484375
3309952,31.982421875
3309971,37.29248046875
3310001,22.705078125
3310012,20.93505859375
3310062,24.7802734375
3310087,28.564453125
3310112,21.66748046875
3310148,32.28759765625
3310170,29.296875
3310201,21.6064453125
3310211,22.4609375
3310281,23.8037109375
3310331,31.494140625
3310402,21.3623046875
3310436,22.5830078125
3310457,22.5830078125
3310567,20.69091796875
3310637,20.99609375
3310706,20.99609375
3310886,20.5078125
3311195,21.05712890625
3311235,28.62548828125
3314188,23.49853515625
3314366,20.69091796875
3314397,61.58447265625
3314410,27.16064453125
3314483,20.99609375
3314514,20.69091796875
3314578,25.20751953125
3314636,21.6064453125
3314671,26.30615234375
3314701,26.67236328125
3314756,54.13818359375
3314781,33.447265625
3314809,27.03857421875
3314821,22.5830078125
3314847,55.419921875
3314893,22.705078125
3314927,22.27783203125
3314952,52.79541015625
3314976,25.146484375
3315035,21.1181640625
3315066,24.0478515625
3315129,21.91162109375
3315202,20.56884765625
3315218,21.240234375
3315240,22.3388671875
3315337,29.541015625
3315546,20.263671875
3315572,29.47998046875
3318440,20.6298828125
3318611,20.263671875
3318835,22.4609375
3318904,60.9130859375
3319039,20.6298828125
3319060,23.92578125
3319084,63.04931640625
3319132,31.73828125
3319201,47.91259765625
3319224,23.86474609375
3319276,26.3671875
3319310,26.3671875
3319335,29.052734375
3319348,23.0712890625
3319382,23.0712890625
3319456,39.6728515625
3319473,22.216796875
3319608,46.93603515625
3319642,21.91162109375
3319660,20.56884765625
3319801,34.5458984375
3319819,26.85546875
3319851,21.1181640625
3320081,39.794921875
3322898,69.15283203125
3322920,26.55029296875
3322964,27.099609375
3322986,30.82275390625
3323007,21.3623046875
3323039,51.20849609375
3323056,27.40478515625
3323086,40.4052734375
3323115,24.7802734375
3323155,31.494140625
3323188,28.1982421875
3323207,31.92138671875
3323255,34.11865234375
3323279,25.7568359375
3323343,41.6259765625
3323357,37.17041015625
3323395,25.08544921875
3323416,21.54541015625
3323468,27.83203125
3323478,27.9541015625
3323564,41.07666015625
3323582,23.3154296875
3323624,27.89306640625
3323907,24.7802734375
3327860,23.3154296875
3327954,20.263671875
3327978,79.4677734375
3327999,32.8369140625
3328067,26.18408203125
3328077,96.0693359375
3328108,21.1181640625
3328149,37.9638671875
3328166,53.03955078125
3328201,20.93505859375
3328235,23.0712890625
3328247,24.47509765625
3328261,27.2216796875
3328370,20.93505859375
3328384,21.91162109375
3328509,25.0244140625
3328533,23.13232421875
3328546,31.73828125
3328673,20.263671875
3328729,23.193359375
3328773,22.94921875
3329163,27.83203125
3333383,25.5126953125
3333453,76.7822265625
3333482,27.099609375
3333537,53.8330078125
3333552,48.76708984375
3333579,34.36279296875
3333596,34.423828125
3333607,26.91650390625
3333618,25.57373046875
3333642,38.57421875
3333661,26.30615234375
3333687,36.31591796875
3333704,21.42333984375
3333721,23.3154296875
3333811,31.31103515625
3333826,34.36279296875
3333857,23.62060546875
3333884,22.216796875
3333944,21.17919921875
3333963,21.05712890625
3334024,20.44677734375
3334053,27.77099609375
3334110,20.5078125
3334187,22.76611328125
3334388,22.76611328125
3334763,33.38623046875
3339337,27.9541015625
3339363,27.099609375
3339395,64.14794921875
3339431,42.78564453125
3339462,22.27783203125
3339495,46.5087890625
3339510,34.5458984375
3339523,29.11376953125
3339568,29.6630859375
3339630,24.84130859375
3339646,42.78564453125
3339663,23.01025390625
3339730,22.4609375
3339755,25.57373046875
3339799,31.6162109375
3339837,20.32470703125
3339871,23.62060546875
3340014,21.97265625
3340102,20.751953125
3340153,30.45654296875
3340332,36.80419921875
3344393,20.81298828125
3344439,24.47509765625
3344456,71.22802734375
3344473,22.88818359375
3344493,38.9404296875
3344517,23.01025390625
3344543,75.68359375
3344562,26.2451171875
3344632,35.94970703125
3344706,20.44677734375
3344743,32.3486328125
3344826,21.17919921875
3344858,20.81298828125
3344959,20.20263671875
3345058,23.5595703125
3345143,30.21240234375
3345310,24.169921875
3348985,27.2216796875
3349023,65.673828125
3349037,21.728515625
3349126,38.4521484375
3349145,56.09130859375
3349165,45.0439453125
3349182,31.1279296875
3349222,42.54150390625
3349260,21.240234375
3349305,21.3623046875
3349337,35.0341796875
3349398,20.69091796875
3349424,41.8701171875
3349440,31.79931640625
3349519,20.99609375
3349664,21.91162109375
3349824,23.4375
3349966,31.55517578125
3353605,25.5126953125
3353642,68.17626953125
3353654,21.3623046875
3353680,29.84619140625
3353752,58.04443359375
3353776,24.658203125
3353855,32.470703125
3353889,21.17919921875
3353922,41.19873046875
3353941,26.7333984375
3353975,21.78955078125
3354036,20.81298828125
3354156,20.56884765625
3354265,26.0009765625
3354288,21.54541015625
3354476,23.0712890625
3354637,33.63037109375
3354921,21.54541015625
3359907,23.62060546875
3359933,21.30126953125
3359975,80.4443359375
3360002,35.82763671875
3360034,50.048828125
3360056,45.95947265625
3360070,21.3623046875
3360098,44.49462890625
3360134,45.34912109375
3360165,24.658203125
3360213,22.03369140625
3360240,21.8505859375
3360266,22.15576171875
3360336,20.56884765625
3360375,30.21240234375
3360415,25.81787109375
3360466,26.611328125
3360518,21.728515625
3360624,20.6298828125
3360950,21.30126953125
3360971,22.8271484375
3366248,20.81298828125
3366292,21.78955078125
3366312,88.19580078125
3366348,38.87939453125
3366360,36.56005859375
3366390,58.9599609375
3366418,29.541015625
3366445,21.8505859375
3366470,38.2080078125
3366489,25.2685546875
3366539,38.02490234375
3366575,30.3955078125
3366598,21.05712890625
3366637,24.0478515625
3366678,21.484375
3366836,28.01513671875
3366971,24.2919921875
3367033,21.05712890625
3367209,32.3486328125
3372399,20.99609375
3372420,23.8037109375
3372437,61.46240234375
3372476,24.47509765625
3372490,44.12841796875
3372527,56.2744140625
3372549,22.88818359375
3372559,28.80859375
3372588,21.54541015625
3372599,38.9404296875
3372634,25.81787109375
3372675,23.8037109375
3372690,37.53662109375
3372712,21.3623046875
3372771,21.728515625
3372832,30.94482421875
3373095,38.2080078125
3373121,20.8740234375
3373257,48.52294921875
3373457,49.1943359375
3373482,20.8740234375
3378320,23.92578125
3378357,64.14794921875
3378380,21.66748046875
3378407,23.25439453125
3378428,67.138671875
3378469,21.484375
3378516,49.98779296875
3378536,40.95458984375
3378590,20.81298828125
3378628,23.0712890625
3378679,20.81298828125
3378733,30.2734375
3378747,45.7763671875
3378837,30.82275390625
3378969,23.25439453125
3378999,23.3154296875
3379173,25.69580078125
3379201,21.78955078125
3379430,41.748046875
3384718,20.3857421875
3384732,24.71923828125
3384784,83.251953125
3384802,25.2685546875
3384829,26.9775390625
3384858,23.74267578125
3384868,69.76318359375
3384922,26.7333984375
3384973,53.64990234375
3384993,26.06201171875
3385009,34.48486328125
3385036,21.8505859375
3385068,35.7666015625
3385106,20.99609375
3385159,37.2314453125
3385188,28.62548828125
3385259,20.99609375
3385309,27.89306640625
3385661,23.0712890625
3385719,23.74267578125
3385744,41.259765625
3391609,21.30126953125
3391619,27.7099609375
3391667,76.72119140625
3391711,40.46630859375
3391751,66.162109375
3391771,20.8740234375
3391781,31.67724609375
3391810,20.263671875
3391835,41.80908203125
3391858,24.23095703125
3391891,37.109375
3391928,34.11865234375
3391967,22.76611328125
3392034,21.1181640625
3392154,33.3251953125
3392352,32.77587890625
3392445,21.05712890625
3392921,25.146484375
3393059,42.90771484375
3393084,22.64404296875
3399360,72.08251953125
3399370,29.052734375
3399404,22.15576171875
3399429,29.6630859375
3399452,73.2421875
3399527,20.81298828125
3399550,33.447265625
3399598,26.611328125
3399637,23.8037109375
3399658,30.94482421875
3399741,28.86962890625
3399837,27.77099609375
3399860,51.94091796875
3399975,39.61181640625
3400196,36.376953125
3400488,24.169921875
3405601,64.697265625
3405614,33.38623046875
3405646,22.8271484375
3405672,32.04345703125
3405711,59.2041015625
3405735,28.80859375
3405781,20.3857421875
3405825,55.35888671875
3405846,25.146484375
3405866,20.32470703125
3405897,21.30126953125
3405943,22.4609375
3405956,27.2216796875
3406152,36.2548828125
3406173,34.85107421875
3406377,21.66748046875
3406410,41.56494140625
3412396,62.80517578125
3412408,20.8740234375
3412432,26.123046875
3412468,21.6064453125
3412502,53.89404296875
3412520,36.19384765625
3412636,44.61669921875
3412680,26.2451171875
3412756,35.2783203125
3412796,21.3623046875
3412844,20.3857421875
3412883,43.0908203125
3412901,20.20263671875
3413047,41.259765625
3413240,20.751953125
3418226,24.5361328125
3418276,70.4345703125
3418348,36.80419921875
3418390,65.00244140625
3418442,34.36279296875
3418509,28.076171875
3418536,50.59814453125
3418562,24.59716796875
3418607,24.2919921875
3418656,22.3388671875
3418670,53.64990234375
3418747,24.5361328125
3418837,45.41015625
3418926,23.98681640625
3419108,53.64990234375
3419125,21.17919921875
3425145,22.0947265625
3425158,74.21875
3425227,39.55078125
3425283,56.884765625
3425325,29.541015625
3425349,20.99609375
3425406,53.22265625
3425443,21.66748046875
3425514,38.0859375
3425647,63.65966796875
3425677,21.54541015625
3425823,51.69677734375
3433100,21.42333984375
3433152,66.34521484375
3433188,20.5078125
3433212,22.0947265625
3433255,21.97265625
3433282,65.00244140625
3433299,21.66748046875
3433437,44.0673828125
3433458,26.3671875
3433493,26.42822265625
3433549,23.3154296875
3433618,22.27783203125
3433649,58.837890625
3433720,21.17919921875
3433914,24.35302734375
3441501,21.91162109375
3441577,61.70654296875
3441594,25.390625
3441657,31.494140625
3441705,77.57568359375
3441724,24.4140625
3441749,30.029296875
3441853,54.6875
3441875,28.076171875
3441917,20.93505859375
3442049,50.59814453125
3442108,25.32958984375
3448016,24.2919921875
3448167,59.4482421875
3448285,28.50341796875
3448300,22.216796875
3448359,55.908203125
3448373,25.634765625
3448447,21.91162109375
3448463,27.83203125
3448540,22.0947265625
3448588,47.9736328125
3448775,30.6396484375
3455931,21.3623046875
3455969,76.2939453125
3456018,33.0810546875
3456079,20.263671875
3456110,59.08203125
3456130,22.03369140625
3456150,21.54541015625
3456243,57.4951171875
3456307,26.30615234375
3456475,53.28369140625
3464223,20.99609375
3464381,70.73974609375
3464429,21.3623046875
3464496,21.17919921875
3464528,61.34033203125
3464569,28.01513671875
3464739,22.88818359375
3464769,52.91748046875
3472423,21.484375
3472549,21.78955078125
3472596,21.05712890625
3472649,51.69677734375
3472676,46.0205078125
3472742,20.751953125
3472916,64.63623046875
3472945,31.982421875
3483415,23.193359375
3483451,21.8505859375
3483571,58.89892578125
3483588,28.9306640625
3483634,34.3017578125
3483707,66.89453125
3483724,22.3388671875
3483840,20.56884765625
3483868,57.9833984375
3483881,23.49853515625
3483895,21.8505859375
3491242,28.80859375
3491264,61.4013671875
3500398,23.49853515625
3500594,65.85693359375
3500612,24.47509765625
3500667,29.23583984375
3509291,21.42333984375
3509445,68.05419921875
3518489,64.14794921875
3528171,21.484375
3538499,22.76611328125
3538521,21.78955078125
3538694,36.4990234375
3538715,63.5986328125
3551455,20.20263671875
3551629,21.05712890625
3551800,76.904296875
3564735,25.20751953125
3576677,24.2919921875
3576717,20.5078125
3576771,22.15576171875
3576914,61.70654296875
5087460,28.6865234375
