7799001,0
1816,44.189453125
3413,44.98291015625
5376,50.35400390625
7492,51.33056640625
8816,44.3115234375
10234,45.22705078125
11831,41.50390625
14650,48.76708984375
15665,49.072265625
17939,50.84228515625
19579,39.36767578125
21873,45.0439453125
23764,48.4619140625
24922,50.10986328125
27040,45.59326171875
28885,42.236328125
31771,38.87939453125
32935,49.4384765625
34322,39.6728515625
36440,51.3916015625
38241,43.5791015625
39611,43.701171875
41727,48.095703125
42823,50.84228515625
44763,45.71533203125
46395,45.34912109375
48909,54.6875
50915,41.68701171875
53480,46.32568359375
54861,47.4853515625
56871,52.30712890625
57848,39.97802734375
59831,38.818359375
62329,37.4755859375
63424,33.447265625
64850,47.7294921875
67495,51.025390625
69338,40.71044921875
70831,45.0439453125
72269,46.81396484375
74120,40.10009765625
75341,51.45263671875
77816,52.67333984375
79459,47.9736328125
81243,47.607421875
83124,33.87451171875
83657,30.8837890625
85097,44.189453125
86805,40.34423828125
87657,33.02001953125
89454,49.072265625
90758,54.8095703125
92262,44.0673828125
94121,48.88916015625
96959,44.677734375
98929,41.19873046875
100716,48.095703125
101765,45.10498046875
105214,49.86572265625
106208,47.05810546875
109171,42.17529296875
110320,48.4619140625
112731,38.2080078125
115001,37.9638671875
117405,48.03466796875
119355,45.41015625
120478,46.9970703125
122115,48.27880859375
124298,44.86083984375
126726,40.1611328125
127957,32.71484375
129500,43.8232421875
131998,49.31640625
134771,54.8095703125
135831,39.36767578125
137812,38.6962890625
139599,40.46630859375
140706,54.38232421875
142053,42.05322265625
144270,54.26025390625
146568,44.61669921875
148458,44.5556640625
149664,43.5791015625
151580,48.27880859375
153187,47.79052734375
154947,50.29296875
157131,45.2880859375
158729,53.3447265625
160450,33.38623046875
162225,46.142578125
164957,46.44775390625
166518,46.56982421875
168106,43.15185546875
169736,35.46142578125
171903,42.17529296875
174580,55.5419921875
176303,44.7998046875
177831,46.2646484375
179685,45.47119140625
181789,43.02978515625
183834,39.97802734375
184957,48.095703125
186309,36.865234375
187992,50.96435546875
190393,51.513671875
191630,38.0859375
193192,46.7529296875
195243,33.99658203125
196741,46.630859375
199263,44.25048828125
201583,51.08642578125
202843,40.95458984375
204106,45.654296875
205592,40.83251953125
207002,44.3115234375
208288,45.166015625
209318,42.90771484375
211989,46.08154296875
213755,49.01123046875
215393,38.2080078125
216796,38.51318359375
218131,44.3115234375
219629,47.119140625
221597,50.96435546875
222695,49.86572265625
223762,52.001953125
226173,52.55126953125
227943,42.29736328125
229077,40.95458984375
231158,32.958984375
233847,47.7294921875
234561,49.37744140625
236245,53.03955078125
237400,46.142578125
239662,49.13330078125
241627,52.91748046875
242596,52.3681640625
243773,43.15185546875
246278,33.99658203125
248491,45.5322265625
250554,36.4990234375
251909,43.15185546875
253840,36.07177734375
256465,42.66357421875
258048,39.4287109375
259162,52.18505859375
261398,44.37255859375
263438,46.44775390625
266077,39.48974609375
268086,42.66357421875
270542,46.2646484375
272381,47.91259765625
273958,40.8935546875
276277,46.875
277565,38.4521484375
278943,40.771484375
280365,45.8984375
282670,50.59814453125
284300,41.44287109375
285935,40.83251953125
287844,47.9736328125
290275,40.10009765625
291210,44.189453125
292604,41.748046875
295045,45.166015625
296303,39.306640625
298009,44.25048828125
300487,40.0390625
301445,33.0810546875
304330,46.08154296875
306010,42.96875
307001,56.45751953125
309237,55.84716796875
310521,39.24560546875
312050,41.8701171875
314168,39.73388671875
316126,41.8701171875
317204,47.18017578125
318928,47.54638671875
320487,42.96875
322207,32.53173828125
322748,39.61181640625
324169,30.8837890625
324902,39.12353515625
326100,45.41015625
328360,38.6962890625
330030,49.560546875
331780,48.583984375
333343,42.8466796875
335306,40.71044921875
336743,40.22216796875
338662,43.5791015625
341314,51.7578125
342636,38.26904296875
343928,42.90771484375
345707,44.00634765625
348528,39.97802734375
349741,50.048828125
351007,34.3017578125
352971,45.7763671875
354668,48.40087890625
356202,48.095703125
357325,39.36767578125
359298,45.5322265625
363398,40.58837890625
364724,46.2646484375
366700,36.31591796875
368117,41.56494140625
370226,39.73388671875
372116,50.35400390625
373490,50.47607421875
375713,43.15185546875
377072,43.45703125
378535,40.283203125
380867,39.85595703125
382439,39.24560546875
384544,44.98291015625
386769,43.39599609375
388298,45.41015625
390723,46.2646484375
392451,42.41943359375
394445,36.2548828125
396249,44.25048828125
398148,45.34912109375
400062,36.56005859375
401634,51.7578125
403121,43.64013671875
405672,47.42431640625
407085,49.62158203125
408753,47.7294921875
411435,43.5791015625
413645,42.724609375
416059,41.015625
418186,42.78564453125
420217,41.9921875
421677,34.423828125
423981,40.6494140625
425543,49.62158203125
427047,39.0625
428427,44.73876953125
430347,50.048828125
432426,50.9033203125
433651,46.2646484375
435407,46.2646484375
436501,43.88427734375
439460,31.06689453125
440892,38.4521484375
442499,39.4287109375
444942,37.353515625
446314,51.7578125
447543,35.70556640625
449083,44.61669921875
450451,44.25048828125
451893,34.66796875
454622,48.03466796875
456570,52.55126953125
458628,46.93603515625
460135,42.41943359375
461444,46.2646484375
464475,48.76708984375
467433,40.95458984375
469105,55.96923828125
470738,52.490234375
471862,45.34912109375
474208,48.15673828125
476000,49.1943359375
477875,44.12841796875
480120,37.90283203125
482221,30.8837890625
484777,43.64013671875
486482,38.14697265625
487974,41.32080078125
489938,49.072265625
491329,46.630859375
493470,39.6728515625
494846,48.7060546875
498075,42.3583984375
499506,38.57421875
502091,45.47119140625
504270,46.69189453125
506228,48.52294921875
508240,41.32080078125
510041,48.7060546875
512835,43.8232421875
514070,47.9736328125
517180,38.6962890625
518830,44.12841796875
520807,31.982421875
521607,55.908203125
523757,56.57958984375
525538,53.77197265625
528547,51.6357421875
530703,46.7529296875
532156,45.47119140625
533683,45.654296875
535537,51.025390625
536842,57.80029296875
538431,31.67724609375
540487,43.76220703125
542270,58.65478515625
543794,41.19873046875
545369,47.91259765625
547989,39.0625
550226,42.8466796875
552707,48.2177734375
554231,47.18017578125
555529,49.62158203125
557026,37.353515625
559009,48.9501953125
561203,50.1708984375
562361,47.36328125
564702,51.69677734375
566857,54.26025390625
569272,52.42919921875
571080,48.27880859375
573071,41.07666015625
574395,40.34423828125
576860,37.04833984375
578794,49.560546875
580143,45.59326171875
582750,52.490234375
583772,33.935546875
585795,44.49462890625
588061,55.35888671875
589924,36.0107421875
591891,50.59814453125
593935,47.18017578125
596087,36.4990234375
597514,41.9921875
598917,44.0673828125
600405,37.9638671875
602795,42.90771484375
603927,36.19384765625
604467,35.7666015625
605301,43.88427734375
607756,48.828125
609136,49.74365234375
611479,34.60693359375
613254,45.10498046875
615011,51.1474609375
615638,32.65380859375
616978,40.34423828125
619741,62.1337890625
623088,35.7666015625
625420,50.35400390625
626599,43.5791015625
628517,37.04833984375
630091,40.1611328125
632021,53.03955078125
634430,43.15185546875
637393,42.3583984375
639380,43.701171875
639775,48.88916015625
640038,49.6826171875
640363,32.1044921875
640782,54.99267578125
643297,44.49462890625
647101,34.36279296875
649194,42.41943359375
651710,49.37744140625
653339,40.46630859375
655728,49.072265625
657180,43.76220703125
659345,45.8984375
661976,50.23193359375
664006,46.2646484375
665627,44.3115234375
667995,39.00146484375
669666,48.27880859375
671518,46.56982421875
673176,53.3447265625
675226,34.7900390625
677100,51.20849609375
678806,45.41015625
681598,51.81884765625
683798,49.6826171875
686231,51.8798828125
688530,46.0205078125
691702,48.88916015625
693254,55.2978515625
695870,46.9970703125
697026,31.3720703125
697149,45.10498046875
699426,34.66796875
701250,52.91748046875
703420,48.583984375
705882,34.1796875
708397,48.15673828125
711773,52.06298828125
714903,44.189453125
717579,45.83740234375
719257,47.119140625
722517,42.90771484375
724995,49.86572265625
725328,32.71484375
726988,45.7763671875
730018,45.34912109375
733129,41.56494140625
735326,33.14208984375
737614,48.15673828125
739323,41.19873046875
741139,44.86083984375
743372,35.82763671875
745581,41.9921875
748556,39.48974609375
751069,49.4384765625
753596,59.99755859375
755521,53.466796875
757628,51.7578125
760033,52.978515625
762397,47.2412109375
765152,41.015625
768620,39.24560546875
770604,43.701171875
772903,38.51318359375
774414,45.59326171875
775326,33.203125
776318,43.39599609375
778214,34.72900390625
780892,42.78564453125
783054,40.22216796875
785139,39.794921875
787326,31.982421875
789206,55.0537109375
790799,56.0302734375
792837,32.28759765625
793473,46.81396484375
796804,40.6494140625
798792,50.537109375
800320,55.2978515625
802230,36.31591796875
802285,38.818359375
802937,152.83203125
803174,77.08740234375
804125,40.1611328125
805866,48.52294921875
807915,41.259765625
809710,39.12353515625
812583,44.3115234375
814473,50.78125
816963,33.14208984375
819570,51.26953125
821111,39.85595703125
824092,37.4755859375
825250,32.3486328125
825510,57.0068359375
826016,40.52734375
828974,48.2177734375
832639,48.583984375
834582,37.90283203125
837618,155.029296875
837631,38.75732421875
837695,34.60693359375
837734,31.1279296875
837773,34.48486328125
837783,62.07275390625
840657,36.80419921875
842999,51.3916015625
845091,46.875
848619,52.490234375
850530,40.52734375
854595,42.96875
857449,44.921875
859654,42.724609375
862781,50.59814453125
864652,39.4287109375
867253,49.49951171875
869666,36.31591796875
871535,39.12353515625
871627,40.58837890625
871640,167.1142578125
871695,127.3193359375
871708,37.04833984375
871730,39.1845703125
871808,142.27294921875
874179,42.724609375
876416,49.1943359375
879507,47.9736328125
882301,39.4287109375
884706,32.3486328125
885976,50.72021484375
886804,32.2265625
886898,31.6162109375
887101,34.423828125
887134,72.69287109375
887222,34.24072265625
887290,135.25390625
887477,34.3017578125
887657,31.1279296875
891281,45.59326171875
894427,44.3115234375
897479,41.44287109375
899726,48.9501953125
902344,150.146484375
902400,33.0810546875
902562,38.02490234375
903028,35.64453125
903077,51.025390625
907235,38.75732421875
909949,44.189453125
913272,41.32080078125
915483,52.1240234375
917349,31.79931640625
917761,31.982421875
917874,42.1142578125
918014,34.24072265625
918114,36.19384765625
918214,32.89794921875
922291,48.2177734375
924524,37.109375
929492,43.15185546875
929803,34.0576171875
929956,32.16552734375
930315,30.8837890625
934507,48.2177734375
937421,52.30712890625
939785,49.9267578125
941382,32.2265625
941407,30.8837890625
941547,32.958984375
941732,32.53173828125
941941,31.55517578125
945294,38.51318359375
949176,43.27392578125
951263,31.31103515625
951327,33.3251953125
951559,32.53173828125
953310,38.26904296875
957124,47.7294921875
961617,31.25
961746,31.79931640625
961821,168.27392578125
961846,40.46630859375
962080,32.77587890625
965293,37.29248046875
968445,41.3818359375
971564,48.64501953125
972768,30.94482421875
972877,31.67724609375
972962,35.70556640625
973087,33.99658203125
976523,51.81884765625
978622,31.3720703125
980114,35.2783203125
984166,33.3251953125
988468,52.24609375
992580,42.8466796875
994320,35.400390625
994464,33.69140625
994746,43.5791015625
999592,50.78125
1005537,31.8603515625
1005711,152.7099609375
1005722,34.1796875
1005817,40.58837890625
1010562,52.06298828125
1015944,37.65869140625
1017530,30.8837890625
1017613,33.02001953125
1018033,75.439453125
1022845,34.85107421875
1028040,33.8134765625
1029198,32.89794921875
1029351,32.470703125
1029549,30.94482421875
1034038,44.5556640625
1038133,47.4853515625
1043228,31.494140625
1043258,34.48486328125
1043361,34.423828125
1043504,36.80419921875
1043560,32.958984375
1043747,72.75390625
1046781,43.5791015625
1050879,57.4951171875
1053940,46.38671875
1056593,70.3125
1057233,45.95947265625
1061638,41.9921875
1065997,40.4052734375
1069323,40.34423828125
1069406,32.3486328125
1070646,35.400390625
1070789,38.02490234375
1070817,96.6796875
1070940,31.06689453125
1071226,35.46142578125
1072189,33.63037109375
1075394,35.0341796875
1080264,42.3583984375
1083606,49.072265625
1087269,44.49462890625
1089312,75.01220703125
1089392,33.99658203125
1089433,74.76806640625
1089668,147.88818359375
1089816,72.69287109375
1092807,48.583984375
1096819,46.630859375
1104220,47.36328125
1105800,34.1796875
1106032,78.4912109375
1106242,82.3974609375
1110087,53.03955078125
1113715,47.7294921875
1120768,80.810546875
1120804,31.005859375
1121097,83.19091796875
1121252,69.9462890625
1122002,35.58349609375
1127430,46.875
1133435,51.7578125
1140912,49.13330078125
1141524,31.8603515625
1141606,84.716796875
1141643,32.5927734375
1141653,58.28857421875
1142061,70.068359375
1142111,58.77685546875
1142253,31.92138671875
1146958,48.095703125
1148850,37.29248046875
1153302,44.43359375
1158189,43.02978515625
1159494,32.40966796875
1163193,48.2177734375
1165300,37.78076171875
1172321,43.39599609375
1176876,31.494140625
1178548,42.236328125
1182174,40.771484375
1186959,50.59814453125
1193834,43.212890625
1194745,37.90283203125
1198539,38.26904296875
1199606,49.6826171875
1205775,47.4853515625
1211539,40.1611328125
1215491,50.84228515625
1224094,50.59814453125
1227994,49.98779296875
1231866,35.82763671875
1239327,51.69677734375
1244008,50.29296875
1247405,34.24072265625
1254551,46.875
1260463,53.16162109375
1263865,52.18505859375
1268571,53.7109375
1271860,49.13330078125
1279292,42.41943359375
1283628,44.189453125
1290577,42.78564453125
1292852,41.9921875
1297584,50.78125
1301617,34.423828125
1301655,31.494140625
1304663,39.1845703125
1308734,38.330078125
1313480,34.5458984375
1315577,34.66796875
1320204,40.6494140625
1325081,40.46630859375
1330069,50.537109375
1335970,47.7294921875
1338255,45.71533203125
1348097,49.37744140625
1355070,50.84228515625
1358435,31.1279296875
1359620,54.74853515625
1365449,37.9638671875
1367206,31.06689453125
1368448,31.982421875
1378261,40.34423828125
1381913,31.92138671875
1382502,49.13330078125
1390470,42.54150390625
1395407,42.66357421875
1400222,39.4287109375
1407103,47.79052734375
1411260,47.30224609375
1422030,50.29296875
1430337,47.42431640625
1434957,46.81396484375
1438390,38.9404296875
1438966,46.630859375
1450930,49.37744140625
1456742,35.94970703125
1471313,47.18017578125
1487233,45.95947265625
1517092,41.19873046875
1539101,32.04345703125
1539201,32.77587890625
1539778,57.2509765625
1582722,32.16552734375
1582762,36.0107421875
1583362,44.189453125
1610743,41.80908203125
1615322,31.79931640625
1615353,31.005859375
1615371,30.94482421875
1616000,48.64501953125
1625771,36.92626953125
1625820,31.3720703125
1648299,40.83251953125
1651635,31.55517578125
1651658,31.43310546875
1652535,49.98779296875
1667041,36.19384765625
1667074,31.1279296875
1667557,44.73876953125
1681494,32.1044921875
1681504,51.08642578125
1692185,31.67724609375
1692255,31.55517578125
1692281,31.43310546875
1692463,33.5693359375
1700576,37.59765625
1710069,31.31103515625
1710197,35.58349609375
1710818,36.56005859375
1718227,33.447265625
1718360,31.79931640625
1729702,34.5458984375
1729766,36.9873046875
1729797,43.27392578125
1729818,33.0810546875
1729862,37.41455078125
1729883,38.2080078125
1740599,32.28759765625
1740667,36.68212890625
1752584,38.39111328125
1752618,32.04345703125
1753262,52.1240234375
1765164,32.89794921875
1828651,47.2412109375
1859731,51.025390625
1872551,31.92138671875
1939604,47.2412109375
2014651,31.79931640625
2018280,38.39111328125
2115917,31.18896484375
2115938,37.65869140625
2147887,34.11865234375
2147924,52.55126953125
2147975,31.25
2176106,31.06689453125
2176130,45.59326171875
2176157,38.330078125
2210164,31.73828125
2243515,31.06689453125
2243553,31.43310546875
2243602,33.14208984375
2259922,31.6162109375
2259976,35.21728515625
2259994,38.330078125
2282998,37.7197265625
2283020,31.43310546875
2283044,36.56005859375
2283065,39.794921875
2296065,34.912109375
2296085,38.63525390625
2323172,33.26416015625
2323203,37.90283203125
2323214,31.18896484375
2323237,34.423828125
2342410,32.04345703125
2342504,34.7900390625
2342526,31.982421875
2355806,32.3486328125
2377424,33.63037109375
2377627,35.15625
2390676,33.87451171875
2390719,35.70556640625
2390900,34.85107421875
2420754,31.6162109375
2420925,33.63037109375
4272718,62.98828125
4806155,42.54150390625
5171717,46.7529296875
5429023,35.15625
5451292,37.04833984375
5461529,31.982421875
5469014,33.203125
5494820,44.3115234375
5498192,33.935546875
5509632,31.06689453125
5510078,42.29736328125
5510604,35.94970703125
5526693,42.78564453125
5543896,32.1044921875
5552525,32.77587890625
5561627,31.1279296875
5568507,31.005859375
5571454,34.85107421875
5575090,33.203125
5582564,35.94970703125
5591677,31.31103515625
5594379,34.24072265625
5600970,31.06689453125
5612198,30.94482421875
5613729,35.0341796875
5616074,31.31103515625
5621376,32.28759765625
5625508,32.16552734375
5627416,38.26904296875
5628711,31.8603515625
5638127,32.77587890625
5649314,33.69140625
5656697,31.1279296875
5669525,35.09521484375
5680824,41.19873046875
5682498,31.55517578125
5692653,36.19384765625
5710461,36.62109375
5721692,35.64453125
5724147,38.818359375
5726195,33.02001953125
5746580,32.65380859375
5763896,34.0576171875
5794001,31.005859375
5911643,31.3720703125
5911738,34.0576171875
5911817,30.94482421875
5912059,43.5791015625
5965359,31.6162109375
5965378,37.59765625
5965513,31.06689453125
5965541,32.77587890625
5965643,31.31103515625
5965742,41.259765625
5966497,37.353515625
5977403,37.841796875
5980416,31.25
5999631,51.69677734375
6007783,33.203125
6017682,32.65380859375
6017897,32.77587890625
6017949,34.1796875
6018017,30.8837890625
6018953,38.9404296875
6051174,51.20849609375
6059358,33.203125
6059477,36.865234375
6059805,35.09521484375
6059846,31.005859375
6075945,32.89794921875
6083912,32.53173828125
6104852,48.76708984375
6112890,37.53662109375
6143805,31.55517578125
6160084,32.16552734375
6167600,32.77587890625
6174672,32.40966796875
6189395,39.9169921875
6189429,32.958984375
6197614,32.8369140625
6240166,31.005859375
6259085,32.89794921875
6281006,32.89794921875
6281186,31.18896484375
6330136,38.39111328125
6330319,35.400390625
6330467,33.50830078125
6331088,38.39111328125
6414682,31.494140625
6433181,35.58349609375
6527172,47.05810546875
6629007,31.982421875
6658339,31.43310546875
6659419,43.701171875
6812674,32.77587890625
6850445,31.1279296875
6952167,44.49462890625
7050145,32.16552734375
7106849,34.66796875
7150418,31.55517578125
7253544,36.0107421875
7287077,31.43310546875
7345997,31.3720703125
7446308,45.71533203125
7627610,31.18896484375
