7799001,0
156637,68.603515625
200297,79.16259765625
201245,62.31689453125
201394,66.5283203125
230937,61.70654296875
231023,77.45361328125
231144,79.65087890625
231207,64.3310546875
231236,70.98388671875
231361,66.0400390625
231497,78.67431640625
231610,57.43408203125
231728,57.80029296875
231834,62.68310546875
231880,40.52734375
231972,61.09619140625
232059,76.904296875
232208,64.8193359375
293375,59.75341796875
293860,80.38330078125
293934,60.24169921875
294021,80.13916015625
294116,64.5751953125
360602,83.0078125
360665,88.0126953125
360710,67.81005859375
360825,63.53759765625
360883,80.99365234375
360973,85.63232421875
360992,59.14306640625
361019,43.212890625
361138,72.265625
361221,59.9365234375
361307,83.984375
361379,74.462890625
361471,50.537109375
361529,58.04443359375
361558,37.17041015625
361706,32.1044921875
361725,58.4716796875
361787,75.5615234375
361858,76.84326171875
362143,70.49560546875
481939,59.26513671875
481994,65.91796875
482059,78.857421875
482124,74.462890625
482136,39.48974609375
482210,62.1337890625
482249,41.80908203125
482298,64.3310546875
482397,64.63623046875
482489,65.0634765625
482553,69.76318359375
482589,74.462890625
482670,84.04541015625
482751,64.75830078125
482870,64.27001953125
482956,40.58837890625
482969,69.7021484375
483060,56.2744140625
483290,53.16162109375
639614,82.58056640625
654632,61.6455078125
697024,96.3134765625
734593,67.81005859375
734684,65.12451171875
734726,48.2177734375
734741,59.9365234375
734781,72.20458984375
734818,78.30810546875
734857,67.626953125
734882,54.01611328125
734965,67.93212890625
735063,77.81982421875
735154,82.70263671875
735239,69.4580078125
735339,86.7919921875
735447,78.18603515625
735644,65.49072265625
735815,44.37255859375
735944,63.3544921875
802192,87.95166015625
802234,67.93212890625
802273,68.9697265625
802315,63.04931640625
802372,43.0908203125
802517,90.4541015625
802598,59.26513671875
802633,71.4111328125
802662,65.24658203125
802702,82.275390625
802778,61.09619140625
802835,70.37353515625
802873,64.14794921875
802958,53.40576171875
803068,71.2890625
803127,56.640625
803173,59.6923828125
803320,66.5283203125
803405,61.82861328125
803521,65.12451171875
803701,34.11865234375
803816,77.20947265625
803958,62.31689453125
825316,68.9697265625
837234,81.1767578125
837297,60.4248046875
837391,61.21826171875
837432,61.09619140625
837465,48.095703125
837498,68.78662109375
837542,62.98828125
837567,58.349609375
837605,79.28466796875
837650,66.95556640625
837689,56.45751953125
837735,64.63623046875
837792,56.70166015625
837826,70.80078125
837898,60.24169921875
837963,60.60791015625
838001,63.232421875
838081,50.96435546875
838170,71.77734375
838210,64.3310546875
838261,61.34033203125
838385,67.9931640625
838502,69.3359375
838636,65.36865234375
838837,71.10595703125
871319,55.60302734375
871410,76.2939453125
871465,56.15234375
871492,69.9462890625
871527,62.07275390625
871558,54.74853515625
871584,63.1103515625
871647,67.19970703125
871706,52.978515625
871727,69.51904296875
871755,59.99755859375
871787,54.38232421875
871824,55.5419921875
871861,59.02099609375
871914,75.3173828125
871967,69.82421875
871989,59.2041015625
872078,60.24169921875
872095,48.52294921875
872204,74.951171875
872256,61.6455078125
872309,80.26123046875
872365,54.01611328125
872451,74.52392578125
872532,78.9794921875
872599,60.60791015625
872669,79.40673828125
872787,72.998046875
872954,52.3681640625
886495,57.06787109375
886649,66.5283203125
886702,61.1572265625
886749,82.94677734375
886813,68.17626953125
886875,55.0537109375
886895,70.25146484375
886947,67.81005859375
887012,63.78173828125
887061,56.0302734375
887082,51.3916015625
887128,58.349609375
887155,60.60791015625
887176,31.494140625
887241,73.974609375
887259,53.3447265625
887333,61.70654296875
887369,64.88037109375
887440,68.29833984375
887539,75.25634765625
887630,65.61279296875
887733,72.69287109375
887818,65.24658203125
888003,71.77734375
888115,60.97412109375
901978,62.1337890625
902061,83.740234375
902107,74.951171875
902152,70.3125
902195,76.171875
902220,63.8427734375
902258,74.27978515625
902313,76.72119140625
902341,67.19970703125
902382,67.0166015625
902425,70.98388671875
902449,53.64990234375
902524,60.36376953125
902570,65.185546875
902613,65.0634765625
902642,70.61767578125
902713,46.630859375
902761,51.025390625
902847,64.75830078125
902917,53.40576171875
903022,67.56591796875
903040,50.78125
903144,51.6357421875
903364,56.70166015625
917479,82.6416015625
917653,85.44921875
917679,55.5419921875
917720,68.7255859375
917743,61.6455078125
917780,73.42529296875
917818,62.5
917863,72.69287109375
917902,54.6875
917930,70.9228515625
917977,77.69775390625
918011,66.40625
918032,54.99267578125
918098,55.6640625
918116,47.91259765625
918156,47.9736328125
918181,58.65478515625
918265,78.79638671875
918305,59.38720703125
918368,55.11474609375
918426,63.90380859375
918486,60.48583984375
918520,73.6083984375
918615,87.0361328125
918810,76.66015625
918974,68.4814453125
929620,78.18603515625
929709,60.24169921875
929763,73.42529296875
929792,61.70654296875
929851,46.32568359375
929876,47.2412109375
929886,31.494140625
929910,61.46240234375
929950,67.56591796875
929987,52.978515625
930017,78.9794921875
930071,68.7255859375
930092,60.97412109375
930119,47.42431640625
930184,86.181640625
930238,67.3828125
930288,68.90869140625
930322,62.56103515625
930387,60.60791015625
930474,74.76806640625
930538,70.98388671875
930672,76.5380859375
930768,72.021484375
930869,80.26123046875
931034,64.02587890625
940859,74.951171875
940994,63.29345703125
941070,61.82861328125
941115,67.93212890625
941149,60.36376953125
941194,66.89453125
941214,56.5185546875
941253,48.828125
941302,58.7158203125
941337,72.69287109375
941372,69.88525390625
941410,75.01220703125
941508,74.0966796875
941532,53.77197265625
941584,71.77734375
941672,75.8056640625
941710,58.9599609375
941776,61.58447265625
941849,68.2373046875
941935,57.12890625
942049,68.54248046875
942110,73.54736328125
942298,57.4951171875
950503,89.17236328125
950699,89.29443359375
950749,60.85205078125
950938,70.12939453125
950991,71.2890625
951040,74.89013671875
951059,46.7529296875
951087,78.06396484375
951150,60.24169921875
951171,54.19921875
951217,73.18115234375
951284,71.10595703125
951323,64.27001953125
951370,73.6083984375
951438,46.2646484375
951509,58.53271484375
951557,57.0068359375
951635,65.3076171875
951674,67.3828125
951859,57.7392578125
961363,78.7353515625
961472,62.07275390625
961525,58.16650390625
961559,67.2607421875
961593,63.65966796875
961646,79.77294921875
961667,47.66845703125
961727,70.98388671875
961752,63.5986328125
961799,78.55224609375
961846,67.626953125
961864,36.31591796875
961899,56.70166015625
961941,69.7021484375
961985,57.6171875
962060,60.11962890625
962115,63.65966796875
962158,62.5
962200,75.8056640625
962258,65.4296875
962310,54.50439453125
962400,69.76318359375
962485,67.7490234375
972509,85.02197265625
972633,74.462890625
972676,65.3076171875
972706,55.35888671875
972745,61.767578125
972780,43.39599609375
972810,57.6171875
972835,34.0576171875
972861,75.439453125
972913,53.89404296875
972941,58.59375
972995,68.90869140625
973040,64.75830078125
973073,68.84765625
973124,76.11083984375
973142,41.80908203125
973191,65.49072265625
973270,54.50439453125
973294,40.58837890625
973409,58.9599609375
973441,64.3310546875
973601,61.46240234375
983688,55.84716796875
983799,63.3544921875
983817,61.70654296875
983858,73.05908203125
983892,58.837890625
983918,60.72998046875
983964,58.9599609375
983991,64.208984375
984039,64.697265625
984069,71.96044921875
984107,77.69775390625
984167,80.62744140625
984255,70.12939453125
984275,56.884765625
984349,67.9931640625
984411,64.88037109375
984463,66.89453125
984480,47.119140625
984625,80.6884765625
985011,71.35009765625
993853,59.75341796875
993994,78.9794921875
994034,69.4580078125
994100,64.51416015625
994140,55.11474609375
994172,61.58447265625
994202,50.35400390625
994244,72.20458984375
994297,58.2275390625
994327,59.14306640625
994380,59.4482421875
994419,62.19482421875
994528,56.396484375
994571,78.06396484375
994634,63.41552734375
994700,69.7021484375
994784,66.89453125
994914,76.171875
995154,63.90380859375
1005042,75.0732421875
1005247,73.486328125
1005328,77.57568359375
1005343,45.7763671875
1005383,63.3544921875
1005419,70.86181640625
1005440,70.068359375
1005465,59.08203125
1005532,82.1533203125
1005550,37.41455078125
1005613,59.5703125
1005631,46.93603515625
1005689,68.4814453125
1005730,43.51806640625
1005801,72.6318359375
1005836,55.84716796875
1005875,73.974609375
1005961,55.5419921875
1006017,74.40185546875
1006077,42.54150390625
1006151,60.60791015625
1006294,61.82861328125
1006558,54.13818359375
1017247,63.3544921875
1017324,83.984375
1017344,64.5751953125
1017362,53.3447265625
1017407,61.95068359375
1017436,60.1806640625
1017465,63.1103515625
1017510,74.0966796875
1017530,64.697265625
1017585,74.40185546875
1017608,63.41552734375
1017642,57.92236328125
1017698,70.1904296875
1017729,59.38720703125
1017804,74.0966796875
1017846,66.0400390625
1017876,68.05419921875
1017978,70.3125
1018004,60.791015625
1018116,65.61279296875
1018198,66.58935546875
1028642,91.9189453125
1028843,72.1435546875
1028923,89.29443359375
1028968,78.369140625
1029024,73.30322265625
1029055,72.08251953125
1029081,69.15283203125
1029118,55.0537109375
1029155,68.359375
1029196,62.5
1029262,69.88525390625
1029314,73.54736328125
1029356,64.0869140625
1029495,68.66455078125
1029522,50.78125
1029616,74.27978515625
1029729,86.5478515625
1029837,66.83349609375
1030067,69.64111328125
1043068,67.7490234375
1043159,65.73486328125
1043175,53.1005859375
1043213,65.5517578125
1043241,72.44873046875
1043267,60.546875
1043303,60.85205078125
1043337,66.40625
1043367,63.8427734375
1043403,60.60791015625
1043436,65.3076171875
1043497,35.15625
1043534,63.720703125
1043592,60.1806640625
1043647,65.91796875
1043732,76.96533203125
1043775,62.744140625
1043850,61.58447265625
1043901,72.93701171875
1043986,67.5048828125
1044031,68.603515625
1044182,63.720703125
1044410,80.13916015625
1055817,84.41162109375
1055934,30.94482421875
1055988,75.86669921875
1056020,61.8896484375
1056103,56.82373046875
1056146,74.951171875
1056187,52.24609375
1056222,63.5986328125
1056255,61.46240234375
1056284,61.4013671875
1056319,75.5615234375
1056361,72.57080078125
1056396,67.2607421875
1056441,46.7529296875
1056504,80.4443359375
1056569,31.55517578125
1056608,56.15234375
1056674,70.25146484375
1056762,73.3642578125
1056914,71.71630859375
1057175,62.92724609375
1070276,71.2890625
1070414,82.21435546875
1070515,63.90380859375
1070534,52.1240234375
1070606,60.11962890625
1070628,50.29296875
1070662,67.0166015625
1070710,56.2744140625
1070743,50.29296875
1070780,50.84228515625
1070798,40.771484375
1070825,68.9697265625
1070925,65.7958984375
1070950,55.17578125
1071004,68.359375
1071050,54.8095703125
1071103,62.3779296875
1071128,61.279296875
1071236,61.767578125
1071277,67.0166015625
1071396,72.6318359375
1071424,59.75341796875
1071553,73.79150390625
1071852,65.97900390625
1083059,81.11572265625
1088731,61.82861328125
1088878,76.5380859375
1088922,71.044921875
1088941,48.2177734375
1088983,67.19970703125
1089029,48.7060546875
1089064,53.22265625
1089107,71.4111328125
1089135,61.03515625
1089181,71.71630859375
1089207,57.55615234375
1089242,62.744140625
1089295,71.1669921875
1089341,61.21826171875
1089386,74.0966796875
1089440,60.546875
1089488,77.880859375
1089540,54.99267578125
1089595,56.70166015625
1089678,53.64990234375
1089731,67.81005859375
1089805,60.546875
1089925,72.265625
1089956,58.349609375
1090114,54.5654296875
1105143,73.73046875
1105530,82.03125
1105627,81.60400390625
1105648,64.208984375
1105681,69.27490234375
1105730,68.90869140625
1105764,53.3447265625
1105798,68.84765625
1105862,70.3125
1105890,69.27490234375
1105972,61.03515625
1105998,65.36865234375
1106056,86.9140625
1106116,55.35888671875
1106172,58.65478515625
1106219,74.64599609375
1106264,74.0966796875
1106348,63.5986328125
1106409,60.546875
1106586,74.76806640625
1120301,77.33154296875
1120431,85.63232421875
1120513,78.61328125
1120529,60.546875
1120552,50.9033203125
1120605,77.33154296875
1120648,66.22314453125
1120691,65.12451171875
1120740,53.955078125
1120778,60.6689453125
1120826,67.138671875
1120878,82.58056640625
1120904,33.69140625
1120980,56.82373046875
1121027,68.2373046875
1121068,63.04931640625
1121114,65.185546875
1121239,61.03515625
1121264,63.3544921875
1121395,62.1337890625
1121434,65.49072265625
1140937,78.369140625
1141089,74.03564453125
1141177,72.509765625
1141220,63.17138671875
1141270,51.94091796875
1141303,84.28955078125
1141360,62.3779296875
1141382,47.2412109375
1141437,80.50537109375
1141458,54.74853515625
1141509,57.55615234375
1141569,68.29833984375
1141594,64.8193359375
1141633,55.72509765625
1141694,58.28857421875
1141737,48.33984375
1141843,69.4580078125
1141888,46.5087890625
1141991,57.92236328125
1142021,53.52783203125
1142107,70.00732421875
1142212,61.6455078125
1196855,68.05419921875
1197032,73.8525390625
1197363,62.92724609375
1301544,64.14794921875
1301593,85.51025390625
1301630,90.75927734375
1301720,95.8251953125
1381846,87.7685546875
1381892,86.60888671875
1381947,77.69775390625
1438342,78.9794921875
1438385,64.3310546875
1438419,66.71142578125
1438476,55.17578125
1438729,74.52392578125
1539010,61.1572265625
1539079,59.2041015625
1539114,51.81884765625
1539138,70.98388671875
1539179,68.17626953125
1539207,63.1103515625
1539691,63.720703125
1582554,81.23779296875
1582631,75.74462890625
1582683,58.59375
1582726,79.89501953125
1582738,37.17041015625
1582766,98.69384765625
1582843,87.0361328125
1582903,83.8623046875
1583054,68.54248046875
1583152,64.51416015625
1583386,77.392578125
1583651,57.06787109375
1584010,62.92724609375
1615235,72.3876953125
1615276,64.208984375
1615318,74.951171875
1615340,70.00732421875
1615365,77.20947265625
1615420,80.50537109375
1615511,81.35986328125
1615589,60.791015625
1615654,83.1298828125
1615760,75.68359375
1615949,70.98388671875
1616219,64.697265625
1616526,65.4296875
1616735,66.162109375
1617630,60.791015625
1625607,71.22802734375
1625728,69.7021484375
1625775,69.51904296875
1625820,70.80078125
1625854,83.43505859375
1625910,67.0166015625
1625965,70.9228515625
1626111,77.57568359375
1626304,67.44384765625
1626555,73.2421875
1651389,63.65966796875
1651473,62.01171875
1651509,67.138671875
1651551,68.78662109375
1651609,81.787109375
1651625,34.423828125
1651692,61.4013671875
1651715,60.11962890625
1651820,60.97412109375
1651928,60.11962890625
1652037,71.1669921875
1652170,76.11083984375
1652306,63.17138671875
1652559,67.87109375
1666779,77.2705078125
1666854,86.48681640625
1666916,66.2841796875
1666953,73.42529296875
1666990,67.07763671875
1667024,63.3544921875
1667101,68.66455078125
1667149,59.5703125
1667272,85.5712890625
1667398,65.36865234375
1667523,77.392578125
1667640,62.80517578125
1667825,72.3876953125
1681150,71.59423828125
1681199,62.80517578125
1681243,49.4384765625
1681297,33.63037109375
1681327,78.4912109375
1681357,78.4912109375
1681429,72.69287109375
1681456,68.66455078125
1681607,57.80029296875
1681699,64.14794921875
1681960,74.21875
1691683,89.05029296875
1692022,72.509765625
1692064,71.47216796875
1692112,64.75830078125
1692153,66.71142578125
1692229,69.51904296875
1692248,56.33544921875
1692332,59.87548828125
1692401,79.28466796875
1692475,64.208984375
1692610,74.5849609375
1692714,81.1767578125
1692954,72.8759765625
1700210,73.79150390625
1700299,79.28466796875
1700335,82.82470703125
1700391,61.4013671875
1700473,77.08740234375
1700528,75.68359375
1700611,65.0634765625
1700705,58.89892578125
1700857,57.861328125
1709811,84.3505859375
1709865,71.8994140625
1709931,63.4765625
1709982,81.11572265625
1710051,73.42529296875
1710179,62.5
1710232,58.2275390625
1710322,60.9130859375
1710618,67.7490234375
1717925,66.71142578125
1718025,70.80078125
1718049,61.95068359375
1718132,85.14404296875
1718177,60.72998046875
1718215,85.63232421875
1718301,70.86181640625
1718321,53.466796875
1718497,84.716796875
1729572,70.1904296875
1729625,86.24267578125
1729681,76.96533203125
1729743,71.10595703125
1729764,59.5703125
1729856,83.3740234375
1729923,71.71630859375
1730039,60.05859375
1730115,83.1298828125
1730271,63.53759765625
1730461,76.0498046875
1740433,75.439453125
1740521,81.9091796875
1740544,66.162109375
1740617,68.7255859375
1740660,70.25146484375
1740723,67.19970703125
1740803,64.0869140625
1740890,85.38818359375
1741007,67.44384765625
1741190,84.89990234375
1750174,88.68408203125
1752339,79.2236328125
1752446,76.84326171875
1752472,60.60791015625
1752529,38.330078125
1752573,71.2890625
1752619,64.63623046875
1752666,66.95556640625
1752681,54.62646484375
1752758,68.42041015625
1752826,68.17626953125
1760532,82.82470703125
1763706,88.5009765625
1764668,71.044921875
1765050,78.43017578125
1765128,72.265625
1765145,54.5654296875
1765252,78.18603515625
1765360,81.84814453125
1765459,52.8564453125
1771961,79.16259765625
1773117,72.1435546875
1776124,77.392578125
1791789,69.03076171875
1813951,72.08251953125
1829422,77.1484375
1872348,93.3837890625
1872435,90.8203125
1872491,90.33203125
1872531,63.1103515625
1872553,64.88037109375
2018172,80.87158203125
2018226,90.33203125
2018268,62.5
2053916,89.78271484375
2053974,77.81982421875
2054063,69.091796875
2095935,93.505859375
2095979,88.5009765625
2096056,85.693359375
2115784,87.95166015625
2115846,66.7724609375
2115909,84.47265625
2115926,56.7626953125
2147788,80.62744140625
2147824,83.49609375
2147865,59.75341796875
2147902,66.34521484375
2175961,90.4541015625
2176052,77.81982421875
2176085,65.97900390625
2176130,89.29443359375
2211513,67.68798828125
2211562,76.171875
2211592,55.96923828125
2211623,56.5185546875
2211653,83.0078125
2211730,62.98828125
2243403,76.416015625
2243461,85.3271484375
2243495,84.716796875
2243544,69.51904296875
2243672,84.65576171875
2259851,67.3828125
2259899,91.36962890625
2259953,53.22265625
2259981,52.24609375
2282873,74.89013671875
2282926,68.17626953125
2282972,81.48193359375
2282996,49.98779296875
2283031,65.91796875
2283100,63.65966796875
2283288,87.0361328125
2295854,63.17138671875
2295949,85.26611328125
2295991,53.5888671875
2296022,74.3408203125
2296073,75.50048828125
2296142,82.09228515625
2296280,82.09228515625
2323018,74.52392578125
2323077,57.12890625
2323115,51.69677734375
2323162,83.06884765625
2323200,70.9228515625
2323226,71.8994140625
2323330,58.59375
2323443,73.8525390625
2323498,84.89990234375
2323672,60.9130859375
2323851,66.7724609375
2324301,83.8623046875
2342264,69.9462890625
2342346,69.2138671875
2342382,77.392578125
2342445,83.1298828125
2342475,67.87109375
2342503,51.8798828125
2355204,84.04541015625
2355294,80.322265625
2355396,79.1015625
2355436,78.0029296875
2355484,69.39697265625
2355540,68.42041015625
2355612,73.91357421875
2355679,70.1904296875
2355763,85.5712890625
2355989,80.13916015625
2369737,83.67919921875
2370201,85.693359375
2377043,82.82470703125
2377241,80.9326171875
2377308,75.25634765625
2377342,58.59375
2377421,73.79150390625
2377461,58.59375
2377609,67.07763671875
2377759,67.9931640625
2390241,74.70703125
2390435,87.21923828125
2390470,86.3037109375
2390578,73.974609375
2390620,51.33056640625
2390707,60.1806640625
2390793,69.39697265625
2390958,78.4912109375
2391161,68.05419921875
2391348,80.078125
2397742,73.54736328125
2419222,86.7919921875
2419886,86.0595703125
2420492,77.33154296875
2420596,68.603515625
2420643,69.27490234375
2420729,79.2236328125
2420787,76.66015625
2420838,78.55224609375
2420893,63.8427734375
2421021,73.2421875
2432149,68.9697265625
2441172,90.51513671875
2452514,58.2275390625
2462756,80.322265625
2465361,82.45849609375
2491888,62.1337890625
3432093,31.18896484375
4272657,74.5849609375
5492768,75.1953125
5501166,79.16259765625
5508399,81.9091796875
5520227,62.56103515625
5530412,89.90478515625
5535127,92.6513671875
5543906,72.93701171875
5544804,57.18994140625
5561076,94.3603515625
5571467,85.693359375
5572700,80.99365234375
5575103,89.84375
5579289,84.04541015625
5581723,88.37890625
5584596,79.77294921875
5589527,72.998046875
5592231,79.1015625
5605933,85.51025390625
5615330,69.03076171875
5616729,83.3740234375
5620572,80.13916015625
5623398,66.83349609375
5628723,85.0830078125
5636332,63.78173828125
5647638,78.91845703125
5650226,69.03076171875
5652207,78.91845703125
5661138,86.181640625
5664119,87.34130859375
5674783,82.45849609375
5694365,90.6982421875
5695166,66.71142578125
5713609,82.70263671875
5731561,82.763671875
5753089,91.4306640625
5760545,86.36474609375
5776171,75.01220703125
5820647,84.47265625
5824805,67.56591796875
5911372,91.9189453125
5911424,59.99755859375
5911482,77.33154296875
5911497,51.33056640625
5911557,72.75390625
5911579,59.75341796875
5911609,56.5185546875
5911665,77.94189453125
5911697,68.54248046875
5911735,46.2646484375
5911796,63.5986328125
5911861,71.8994140625
5911935,56.33544921875
5911993,56.94580078125
5912088,63.41552734375
5912172,69.15283203125
5912248,68.115234375
5912408,77.7587890625
5912611,66.7724609375
5954426,53.8330078125
5954652,54.931640625
5957948,73.3642578125
5965215,70.9228515625
5965269,71.533203125
5965292,64.14794921875
5965322,74.40185546875
5965349,49.62158203125
5965377,65.85693359375
5965417,74.27978515625
5965449,67.3828125
5965460,44.98291015625
5965481,53.28369140625
5965526,76.23291015625
5965564,47.8515625
5965620,69.7021484375
5965677,67.07763671875
5965712,72.6318359375
5965776,62.19482421875
5965833,59.6923828125
5965919,70.1904296875
5965998,66.83349609375
5966169,56.45751953125
5966292,68.603515625
5966385,59.75341796875
5966518,71.533203125
5977251,66.58935546875
5977318,66.5283203125
5977411,78.55224609375
5977869,58.837890625
5980303,70.12939453125
5987671,77.57568359375
5987745,73.30322265625
5987788,55.72509765625
5987843,69.7021484375
5987886,69.2138671875
5987921,67.87109375
5987963,68.359375
5988000,62.07275390625
5988126,62.01171875
5988171,68.54248046875
5988225,75.25634765625
5988324,67.626953125
5988389,73.54736328125
5988460,65.0634765625
5988594,75.1953125
5988712,55.35888671875
5988883,60.24169921875
5999200,63.3544921875
5999249,67.0166015625
5999290,75.86669921875
5999340,62.68310546875
5999405,57.67822265625
5999431,63.1103515625
5999496,64.63623046875
5999557,61.58447265625
5999591,59.02099609375
5999664,71.35009765625
5999766,68.603515625
5999816,51.08642578125
6000013,55.908203125
6000507,31.43310546875
6007336,81.72607421875
6007388,84.65576171875
6007460,73.79150390625
6007521,77.20947265625
6007617,54.0771484375
6007642,47.18017578125
6007989,67.138671875
6017300,73.6083984375
6017445,76.66015625
6017500,54.99267578125
6017529,66.0400390625
6017558,72.93701171875
6017593,55.23681640625
6017629,77.2705078125
6017663,51.6357421875
6017702,67.5048828125
6017761,68.05419921875
6017794,71.83837890625
6017849,66.0400390625
6017917,62.80517578125
6017978,64.27001953125
6018039,73.79150390625
6018116,67.44384765625
6018215,64.208984375
6018274,54.87060546875
6018393,55.908203125
6018522,54.01611328125
6028212,60.6689453125
6028253,71.533203125
6028289,64.14794921875
6028326,60.302734375
6028388,81.35986328125
6028445,76.5380859375
6028501,55.2978515625
6028564,66.650390625
6028634,70.86181640625
6028735,75.86669921875
6028876,77.0263671875
6029008,50.29296875
6029109,66.162109375
6029189,74.89013671875
6035757,79.40673828125
6035794,71.22802734375
6035892,81.84814453125
6036200,86.12060546875
6041229,66.10107421875
6042366,86.85302734375
6042413,75.13427734375
6042448,52.30712890625
6042482,67.626953125
6042514,68.78662109375
6042555,78.9794921875
6042585,67.44384765625
6042648,65.85693359375
6042688,75.1953125
6042747,70.4345703125
6042815,70.86181640625
6042904,74.76806640625
6042961,52.8564453125
6043038,76.416015625
6043188,73.30322265625
6043369,61.46240234375
6043434,66.5283203125
6052152,72.1435546875
6052220,83.19091796875
6052259,80.99365234375
6052333,73.3642578125
6052404,56.09130859375
6052589,78.79638671875
6052751,56.396484375
6059217,89.2333984375
6059291,83.0078125
6059337,70.37353515625
6059367,76.416015625
6059410,59.26513671875
6059456,74.3408203125
6059486,57.80029296875
6059525,50.84228515625
6059593,52.55126953125
6059668,57.2509765625
6059786,52.8564453125
6059817,48.15673828125
6059922,65.36865234375
6059965,52.06298828125
6060077,72.20458984375
6060255,62.80517578125
6068246,75.37841796875
6068309,75.13427734375
6068333,70.3125
6068379,75.439453125
6068446,76.23291015625
6068489,60.546875
6068522,61.6455078125
6068641,78.67431640625
6068879,71.22802734375
6075565,72.8759765625
6075863,82.763671875
6075903,82.09228515625
6075949,64.697265625
6075980,47.9736328125
6076033,81.60400390625
6076087,66.46728515625
6076126,62.8662109375
6076246,65.673828125
6076339,56.33544921875
6076506,56.45751953125
6076713,59.38720703125
6083539,85.14404296875
6083585,73.8525390625
6083645,62.01171875
6083698,76.7822265625
6083724,57.861328125
6083766,70.49560546875
6083803,53.8330078125
6083867,56.0302734375
6083909,43.64013671875
6084009,63.96484375
6084354,59.75341796875
6091276,80.50537109375
6091345,78.43017578125
6091372,68.2373046875
6091438,76.0498046875
6091481,63.232421875
6091518,64.75830078125
6091604,70.068359375
6091748,71.96044921875
6098497,83.6181640625
6098547,85.63232421875
6098592,49.9267578125
6098652,63.17138671875
6098708,72.57080078125
6098744,56.09130859375
6098834,66.34521484375
6098905,76.72119140625
6099040,77.392578125
6104790,69.2138671875
6104858,79.833984375
6104911,76.904296875
6104977,67.9931640625
6105034,49.4384765625
6105193,78.7353515625
6112414,66.2841796875
6112439,58.4716796875
6112473,77.69775390625
6112506,62.255859375
6112548,61.82861328125
6112596,60.302734375
6112628,49.86572265625
6112716,65.73486328125
6112772,62.19482421875
6112824,74.0966796875
6112948,74.951171875
6113082,73.42529296875
6113226,59.4482421875
6121189,79.28466796875
6121225,59.26513671875
6121274,80.078125
6121299,57.7392578125
6121364,83.984375
6121435,60.05859375
6121476,72.32666015625
6121554,55.72509765625
6128349,83.43505859375
6128404,54.443359375
6128448,70.37353515625
6128524,74.21875
6128580,82.33642578125
6128610,72.021484375
6128725,56.57958984375
6128783,64.208984375
6129039,60.6689453125
6136049,83.984375
6136097,79.04052734375
6136148,59.63134765625
6136224,57.7392578125
6136268,74.40185546875
6136327,64.8193359375
6136358,47.4853515625
6136533,55.0537109375
6143297,80.38330078125
6143592,60.1806640625
6143634,54.87060546875
6143672,74.89013671875
6143717,76.72119140625
6143769,72.44873046875
6143805,68.9697265625
6143849,58.28857421875
6143914,65.12451171875
6143968,65.61279296875
6144017,53.7109375
6144382,75.25634765625
6152531,66.7724609375
6152580,84.8388671875
6152614,83.06884765625
6152645,57.6171875
6152704,82.33642578125
6152752,74.89013671875
6152789,66.10107421875
6152857,70.86181640625
6152953,74.5849609375
6153121,65.4296875
6159936,58.89892578125
6159998,61.767578125
6160014,48.4619140625
6160065,82.94677734375
6160115,57.12890625
6160174,61.46240234375
6160226,77.880859375
6160309,71.2890625
6167302,56.94580078125
6167374,78.06396484375
6167411,60.6689453125
6167435,56.33544921875
6167512,87.890625
6167548,75.86669921875
6167587,66.58935546875
6167720,83.251953125
6167996,79.52880859375
6174553,70.25146484375
6174602,65.85693359375
6174627,59.6923828125
6174666,57.7392578125
6174704,64.3310546875
6174732,61.6455078125
6174781,52.1240234375
6174846,58.77685546875
6174951,51.7578125
6175063,71.044921875
6182232,64.3310546875
6182301,83.251953125
6182338,61.09619140625
6182372,68.4814453125
6182429,61.5234375
6182492,67.87109375
6182542,51.81884765625
6189194,62.19482421875
6189256,67.32177734375
6189303,55.17578125
6189344,69.3359375
6189383,65.36865234375
6189445,77.20947265625
6189485,62.92724609375
6189559,68.9697265625
6189780,70.80078125
6197417,77.2705078125
6197475,55.60302734375
6197519,75.50048828125
6197544,68.4814453125
6197585,69.580078125
6197662,77.94189453125
6197758,65.3076171875
6197820,71.6552734375
6205251,80.810546875
6205314,69.7021484375
6205342,54.6875
6205400,58.89892578125
6205421,48.7060546875
6205495,70.068359375
6205566,63.90380859375
6205606,57.67822265625
6205794,59.38720703125
6214380,88.07373046875
6214483,81.97021484375
6214526,72.32666015625
6222412,82.275390625
6222534,76.416015625
6222644,76.7822265625
6231302,70.3125
6231374,83.251953125
6231412,54.50439453125
6231466,68.17626953125
6231537,79.833984375
6231656,67.93212890625
6231798,54.26025390625
6239853,71.35009765625
6239939,72.1435546875
6239992,81.4208984375
6240036,62.07275390625
6240081,58.4716796875
6240119,77.57568359375
6240163,46.0205078125
6240195,69.15283203125
6240322,70.98388671875
6240372,70.98388671875
6240532,75.0732421875
6240772,64.02587890625
6249618,54.99267578125
6249702,57.18994140625
6249786,58.837890625
6249849,76.7822265625
6249915,59.38720703125
6258671,57.9833984375
6258762,64.02587890625
6258816,76.171875
6258859,57.7392578125
6258883,50.59814453125
6258915,70.61767578125
6258959,57.43408203125
6258993,48.583984375
6259034,58.41064453125
6259072,68.17626953125
6259112,64.63623046875
6259206,69.9462890625
6259246,57.55615234375
6259382,62.92724609375
6259433,64.51416015625
6259584,72.69287109375
6259736,46.44775390625
6259846,62.19482421875
6270078,76.47705078125
6270281,81.54296875
6270358,70.3125
6270441,82.1533203125
6270470,55.23681640625
6280684,91.9189453125
6280757,72.75390625
6280786,76.2939453125
6280849,76.35498046875
6280889,62.68310546875
6280911,66.22314453125
6280945,50.048828125
6280973,57.92236328125
6281051,70.1904296875
6281075,56.70166015625
6281118,55.7861328125
6281190,56.82373046875
6281270,81.1767578125
6281362,72.75390625
6281432,39.6728515625
6281479,53.28369140625
6281547,55.17578125
6281703,69.580078125
6281831,53.955078125
6281973,48.33984375
6299466,83.06884765625
6299543,77.81982421875
6299563,57.7392578125
6299611,76.96533203125
6299665,53.466796875
6299690,61.09619140625
6299718,54.8095703125
6299772,72.998046875
6299845,74.70703125
6299884,54.5654296875
6299941,61.8896484375
6300045,80.62744140625
6300091,62.255859375
6300195,56.640625
6300259,66.162109375
6300331,64.75830078125
6300419,66.10107421875
6300649,59.63134765625
6300720,81.11572265625
6300839,73.79150390625
6301018,56.884765625
6314650,81.48193359375
6315669,73.3642578125
6330033,80.38330078125
6330091,62.68310546875
6330125,76.11083984375
6330157,61.5234375
6330191,55.48095703125
6330234,78.30810546875
6330266,76.72119140625
6330291,55.0537109375
6330349,62.43896484375
6330385,74.951171875
6330425,51.69677734375
6330461,57.06787109375
6330528,76.7822265625
6330602,48.88916015625
6330639,48.7060546875
6330710,63.4765625
6330778,65.7958984375
6330870,81.298828125
6330919,57.4951171875
6331065,76.84326171875
6331285,66.22314453125
6526937,80.078125
7545799,80.9326171875
