7799001,0
4031,50.59814453125
5990,44.0673828125
25879,36.31591796875
47872,29.296875
54774,30.33447265625
60950,42.66357421875
63519,39.9169921875
75890,40.52734375
117253,38.0859375
129632,40.8935546875
130399,99.609375
137234,26.9775390625
172506,32.40966796875
179491,126.46484375
180049,40.95458984375
188595,127.5634765625
192207,28.86962890625
194066,31.982421875
200125,32.5927734375
200226,48.03466796875
200276,37.53662109375
200433,35.46142578125
200703,31.25
200851,39.85595703125
200991,39.9169921875
201168,42.236328125
201210,36.7431640625
201304,45.59326171875
201343,31.31103515625
212237,28.86962890625
231089,36.865234375
231112,27.4658203125
231255,40.83251953125
231921,27.7099609375
232094,28.9306640625
263750,113.4033203125
263783,50.537109375
278096,104.67529296875
278223,38.9404296875
292919,34.97314453125
293105,29.60205078125
293233,26.85546875
293334,29.11376953125
293351,30.029296875
293610,29.052734375
307524,119.62890625
316995,44.5556640625
360797,28.076171875
360892,28.62548828125
360912,33.75244140625
361015,27.40478515625
361714,37.4755859375
361933,31.79931640625
409806,27.89306640625
423851,42.48046875
435315,32.40966796875
469565,27.40478515625
473018,34.1796875
482036,40.71044921875
482173,33.38623046875
482244,41.259765625
482317,40.46630859375
482849,28.86962890625
497128,42.1142578125
502907,34.24072265625
530154,36.92626953125
545755,31.1279296875
549671,43.39599609375
556805,124.0234375
582082,26.85546875
596729,32.958984375
616589,31.005859375
645720,27.40478515625
656930,31.31103515625
661970,26.9775390625
670762,27.40478515625
687029,46.5087890625
718278,39.00146484375
727209,28.99169921875
730932,28.1982421875
731642,27.03857421875
734822,40.4052734375
735011,46.08154296875
735871,30.3955078125
736027,35.21728515625
758245,39.48974609375
763965,47.30224609375
777736,41.32080078125
792963,30.3955078125
802008,40.83251953125
802144,39.55078125
802176,33.8134765625
802189,30.8837890625
802232,45.8984375
802259,27.9541015625
802271,34.36279296875
802289,54.50439453125
802305,34.5458984375
813905,30.82275390625
820357,43.15185546875
828684,37.90283203125
837534,41.3818359375
837652,43.5791015625
837707,31.8603515625
837762,27.2216796875
837827,33.14208984375
837950,45.654296875
838126,29.47998046875
843848,39.12353515625
847136,36.19384765625
855873,31.8603515625
862164,37.841796875
871525,28.38134765625
871683,32.77587890625
871774,35.70556640625
872011,32.65380859375
872272,38.2080078125
886918,32.71484375
887085,43.5791015625
887164,30.6396484375
887271,28.01513671875
887356,27.34375
887401,36.7431640625
902252,47.05810546875
902404,30.33447265625
902425,27.83203125
902591,35.400390625
902664,31.31103515625
902722,29.6630859375
911939,28.74755859375
914282,31.18896484375
917798,30.45654296875
917955,28.564453125
918052,37.9638671875
918075,28.4423828125
918173,33.75244140625
918296,34.72900390625
928094,28.62548828125
929142,29.052734375
929940,27.16064453125
930092,42.236328125
930270,26.91650390625
930299,41.6259765625
939879,26.85546875
941268,29.47998046875
941429,28.01513671875
941528,35.2783203125
941630,40.771484375
941727,52.42919921875
950494,32.77587890625
951104,40.83251953125
951235,45.71533203125
951419,27.40478515625
951453,28.6865234375
951561,35.2783203125
961209,43.701171875
961680,37.59765625
961908,39.73388671875
961986,33.0810546875
962175,36.92626953125
971304,28.50341796875
972836,35.888671875
972946,42.17529296875
973078,26.9775390625
973150,32.8369140625
973525,28.1982421875
982992,33.63037109375
983931,37.109375
984059,31.982421875
984272,31.43310546875
984312,36.62109375
984504,31.67724609375
994219,47.42431640625
994376,44.00634765625
994635,59.9365234375
994700,27.28271484375
994732,31.79931640625
1005162,44.677734375
1005484,39.36767578125
1005600,36.376953125
1005724,31.18896484375
1005764,29.11376953125
1005840,42.05322265625
1006053,44.3115234375
1011232,38.57421875
1017436,38.39111328125
1017556,32.40966796875
1017737,40.6494140625
1017785,33.26416015625
1017893,42.17529296875
1017917,30.33447265625
1029121,40.6494140625
1029232,29.1748046875
1029398,30.1513671875
1039718,34.3017578125
1043264,27.2216796875
1043370,33.26416015625
1043545,31.67724609375
1043559,43.8232421875
1043638,30.45654296875
1043798,39.4287109375
1053897,42.78564453125
1056216,41.50390625
1056347,36.0107421875
1056471,36.9873046875
1056836,31.25
1064478,46.81396484375
1070507,27.2216796875
1070727,27.64892578125
1070817,28.62548828125
1070934,27.587890625
1071143,38.51318359375
1071185,43.64013671875
1088341,29.052734375
1089095,27.099609375
1089208,31.73828125
1089288,40.83251953125
1089298,29.296875
1089405,48.27880859375
1089430,29.84619140625
1089849,36.62109375
1096091,26.85546875
1099821,39.0625
1105771,36.31591796875
1105897,27.52685546875
1105991,31.43310546875
1106284,35.21728515625
1106596,35.46142578125
1111542,33.14208984375
1120661,35.0341796875
1120805,37.353515625
1120891,39.85595703125
1121111,34.3017578125
1125917,33.50830078125
1128372,46.44775390625
1131787,32.89794921875
1138282,36.0107421875
1141333,35.2783203125
1141469,35.7666015625
1141518,38.51318359375
1141617,30.2734375
1141811,46.5087890625
1142063,37.90283203125
1142418,39.36767578125
1161041,28.01513671875
1181361,30.70068359375
1182341,36.19384765625
1187104,39.73388671875
1192449,42.17529296875
1196791,38.39111328125
1197934,28.25927734375
1201965,39.794921875
1209429,38.6962890625
1214897,31.31103515625
1217602,31.6162109375
1222168,36.9873046875
1226756,38.39111328125
1236165,32.5927734375
1239823,40.52734375
1244625,32.77587890625
1262632,32.470703125
1272417,33.02001953125
1281073,43.45703125
1289564,34.912109375
1292140,33.8134765625
1297170,42.96875
1301172,33.935546875
1301429,39.24560546875
1301499,38.818359375
1301523,36.68212890625
1301548,48.88916015625
1301572,35.21728515625
1301607,45.41015625
1301687,32.40966796875
1307902,27.40478515625
1312110,30.3955078125
1316530,28.99169921875
1327521,42.66357421875
1330090,36.1328125
1333840,38.75732421875
1347230,32.8369140625
1348570,36.56005859375
1351069,29.84619140625
1362160,29.23583984375
1381436,33.14208984375
1381719,38.14697265625
1381790,32.28759765625
1381825,35.70556640625
1381853,30.3955078125
1381894,51.025390625
1381915,36.376953125
1381981,36.376953125
1382462,38.75732421875
1396443,35.5224609375
1397646,26.85546875
1400014,42.6025390625
1403985,41.8701171875
1410168,41.259765625
1413191,42.05322265625
1422831,40.0390625
1433310,40.22216796875
1438096,33.38623046875
1438222,41.6259765625
1438284,27.16064453125
1438319,37.29248046875
1438347,33.203125
1438361,41.9921875
1438383,33.3251953125
1438404,31.55517578125
1438421,32.5927734375
1453600,37.53662109375
1453612,30.1513671875
1461976,34.1796875
1468118,36.56005859375
1475025,39.48974609375
1479028,36.0107421875
1484846,30.029296875
1492311,35.33935546875
1498751,33.69140625
1505179,29.84619140625
1521957,35.5224609375
1528668,39.55078125
1531754,27.83203125
1532703,36.56005859375
1533277,27.40478515625
1538873,34.24072265625
1538981,40.771484375
1539043,32.3486328125
1539068,37.59765625
1539088,37.59765625
1539102,34.3017578125
1539131,39.73388671875
1539144,41.32080078125
1539245,117.0654296875
1539376,40.1611328125
1558784,31.43310546875
1564676,33.99658203125
1571013,31.6162109375
1581530,36.43798828125
1582227,30.6396484375
1582470,27.40478515625
1582564,28.076171875
1582620,31.6162109375
1582661,41.80908203125
1582676,27.77099609375
1582727,30.8837890625
1582751,44.3115234375
1582787,28.62548828125
1582800,49.560546875
1582814,32.40966796875
1582919,28.38134765625
1582957,27.2216796875
1601124,36.1328125
1603796,36.68212890625
1606753,39.306640625
1610847,43.8232421875
1614906,35.58349609375
1615133,34.85107421875
1615220,29.052734375
1615246,45.8984375
1615265,35.58349609375
1615276,32.1044921875
1615305,53.28369140625
1615332,46.875
1615367,53.28369140625
1615411,41.80908203125
1615475,132.75146484375
1615527,32.16552734375
1615673,34.3017578125
1615916,30.2734375
1616625,34.36279296875
1625385,32.71484375
1625533,44.677734375
1625611,30.8837890625
1625675,28.25927734375
1625723,28.13720703125
1625735,33.3251953125
1625759,43.212890625
1625798,28.6865234375
1625849,48.15673828125
1625880,29.541015625
1625954,31.6162109375
1625983,36.7431640625
1626001,33.203125
1626149,28.076171875
1635997,29.296875
1636608,44.5556640625
1638937,41.8701171875
1644214,35.5224609375
1646305,34.24072265625
1648503,38.330078125
1648949,33.3251953125
1651054,27.16064453125
1651341,27.28271484375
1651413,27.64892578125
1651467,36.4990234375
1651521,27.099609375
1651556,28.01513671875
1651586,48.64501953125
1651644,26.91650390625
1651670,33.14208984375
1651691,47.36328125
1651787,37.109375
1651835,34.5458984375
1651867,28.076171875
1651970,31.06689453125
1652179,30.94482421875
1652347,39.1845703125
1660408,38.87939453125
1662202,31.73828125
1666756,29.11376953125
1666871,33.203125
1666931,36.80419921875
1666943,27.16064453125
1666980,27.4658203125
1667009,33.87451171875
1667025,42.17529296875
1667055,38.14697265625
1667086,45.654296875
1667120,39.55078125
1667145,27.9541015625
1667286,30.70068359375
1667307,30.82275390625
1667344,36.0107421875
1667429,34.7900390625
1667542,29.78515625
1667665,41.07666015625
1667823,31.31103515625
1668016,35.0341796875
1680567,37.29248046875
1681161,32.1044921875
1681218,30.94482421875
1681254,28.62548828125
1681270,32.04345703125
1681298,31.6162109375
1681311,34.3017578125
1681361,49.74365234375
1681375,31.18896484375
1681423,40.4052734375
1681482,42.96875
1681554,36.0107421875
1681598,34.5458984375
1681668,27.77099609375
1681685,44.49462890625
1681737,31.3720703125
1681909,41.44287109375
1682060,32.28759765625
1691520,38.0859375
1691908,39.48974609375
1692050,31.55517578125
1692086,32.71484375
1692139,36.56005859375
1692151,27.40478515625
1692162,29.72412109375
1692185,36.92626953125
1692214,50.9033203125
1692243,29.4189453125
1692254,38.6962890625
1692324,30.45654296875
1692351,39.61181640625
1692385,43.64013671875
1692436,32.8369140625
1692449,26.9775390625
1692563,40.83251953125
1692707,39.61181640625
1692868,39.794921875
1693069,38.6962890625
1700123,32.1044921875
1700272,32.71484375
1700301,30.70068359375
1700366,46.08154296875
1700423,40.95458984375
1700489,30.57861328125
1700519,37.29248046875
1700539,32.8369140625
1700598,50.29296875
1700629,48.40087890625
1700724,29.60205078125
1700845,42.66357421875
1700950,28.25927734375
1701101,54.443359375
1709453,40.0390625
1709742,40.34423828125
1709867,28.564453125
1709939,41.93115234375
1709986,31.6162109375
1710017,33.75244140625
1710057,36.31591796875
1710089,36.865234375
1710167,37.41455078125
1710283,35.46142578125
1710387,35.58349609375
1710547,30.1513671875
1710787,35.70556640625
1717878,39.0625
1718012,43.51806640625
1718078,28.564453125
1718137,27.587890625
1718186,30.8837890625
1718196,28.9306640625
1718232,43.15185546875
1718244,35.15625
1718304,32.16552734375
1718314,33.69140625
1718341,34.97314453125
1718383,29.4189453125
1718408,42.17529296875
1718487,28.3203125
1718515,28.564453125
1718598,38.57421875
1718874,47.66845703125
1729149,33.935546875
1729517,40.283203125
1729606,36.92626953125
1729674,38.9404296875
1729714,27.2216796875
1729738,37.29248046875
1729769,33.0810546875
1729781,34.36279296875
1729816,55.2978515625
1729845,38.4521484375
1729871,34.7900390625
1729882,34.66796875
1729925,135.3759765625
1729965,43.88427734375
1730024,46.5087890625
1730035,39.36767578125
1730056,31.25
1730167,49.62158203125
1730272,34.1796875
1730292,33.50830078125
1730423,36.4990234375
1740248,36.9873046875
1740417,40.46630859375
1740507,36.376953125
1740581,29.11376953125
1740598,30.82275390625
1740628,41.44287109375
1740655,30.94482421875
1740684,31.18896484375
1740753,48.2177734375
1740816,27.16064453125
1740839,29.11376953125
1740907,40.10009765625
1741017,29.60205078125
1741151,26.9775390625
1741243,30.2734375
1741456,36.0107421875
1744096,27.77099609375
1744912,31.982421875
1745340,27.64892578125
1745920,40.58837890625
1745970,30.09033203125
1752221,43.0908203125
1752383,32.1044921875
1752466,26.91650390625
1752528,31.8603515625
1752540,41.9921875
1752600,46.08154296875
1752646,28.86962890625
1752668,56.396484375
1752678,37.41455078125
1752699,30.33447265625
1752760,34.36279296875
1752820,27.4658203125
1752851,42.3583984375
1752861,40.52734375
1752965,28.01513671875
1753099,33.87451171875
1763697,27.83203125
1763759,40.283203125
1764517,42.1142578125
1764717,45.83740234375
1765022,46.142578125
1765059,28.6865234375
1765126,27.9541015625
1765213,29.47998046875
1765234,27.4658203125
1765281,34.85107421875
1765353,33.447265625
1765435,31.18896484375
1765466,52.79541015625
1765600,28.74755859375
1765747,32.958984375
1779674,28.01513671875
1783908,26.9775390625
1787319,30.6396484375
1788720,34.66796875
1793000,33.75244140625
1799503,28.62548828125
1803329,38.26904296875
1805140,30.76171875
1806751,32.89794921875
1811805,35.58349609375
1813946,28.4423828125
1816306,33.63037109375
1819248,30.76171875
1821112,33.935546875
1825421,33.87451171875
1827984,35.15625
1834315,28.1982421875
1838343,35.2783203125
1841443,31.06689453125
1844337,35.33935546875
1846851,28.38134765625
1847454,31.494140625
1852516,39.61181640625
1853657,38.39111328125
1855291,27.40478515625
1859718,40.71044921875
1860701,35.0341796875
1863012,38.2080078125
1866312,29.72412109375
1870579,33.87451171875
1871531,29.47998046875
1872044,28.13720703125
1872282,28.564453125
1872325,28.01513671875
1872347,44.189453125
1872403,38.14697265625
1872418,29.11376953125
1872444,27.40478515625
1872483,46.56982421875
1872499,39.48974609375
1872515,28.86962890625
1872531,29.84619140625
1872568,28.38134765625
1872602,33.75244140625
1872769,29.541015625
1878495,27.83203125
1881044,41.44287109375
1881439,27.2216796875
1883718,31.18896484375
1886165,32.04345703125
1890417,46.44775390625
1895595,38.4521484375
1896871,30.33447265625
1898018,40.4052734375
1898990,33.50830078125
1901870,40.0390625
1903629,52.001953125
1905265,40.1611328125
1907198,43.51806640625
1908862,35.5224609375
1910139,29.9072265625
1912887,36.56005859375
1914213,46.56982421875
1918811,34.85107421875
1925417,40.58837890625
1927696,35.82763671875
1931947,32.53173828125
1933200,33.5693359375
1934983,39.9169921875
1936162,36.7431640625
1937414,38.0859375
1937841,41.68701171875
1938646,34.85107421875
1939616,28.86962890625
1940131,43.8232421875
1942683,35.64453125
1945598,33.63037109375
1947308,42.90771484375
1949583,29.23583984375
1950503,37.59765625
1952165,40.52734375
1954391,46.69189453125
1955879,35.94970703125
1957870,35.58349609375
1959232,33.8134765625
1961640,45.41015625
1963146,38.51318359375
1963881,30.09033203125
1966246,34.1796875
1968480,44.43359375
1969593,32.16552734375
1971138,27.16064453125
1972245,37.90283203125
1972987,41.32080078125
1974921,37.2314453125
1978266,31.18896484375
1979143,27.7099609375
1981038,38.330078125
1984474,33.935546875
1986002,31.43310546875
1987518,30.82275390625
1989495,36.9873046875
1991772,29.052734375
1993915,37.9638671875
1995763,31.92138671875
1998362,35.94970703125
1999975,34.912109375
2002112,30.33447265625
2005183,40.46630859375
2007246,32.40966796875
2007724,32.3486328125
2010703,35.70556640625
2013259,32.28759765625
2014222,37.65869140625
2017880,40.83251953125
2018026,36.7431640625
2018111,32.3486328125
2018129,27.28271484375
2018151,44.49462890625
2018162,47.18017578125
2018177,32.89794921875
2018209,50.35400390625
2018235,52.55126953125
2018248,57.92236328125
2018282,29.35791015625
2018509,32.89794921875
2025208,38.2080078125
2028381,32.16552734375
2029371,37.9638671875
2031112,36.0107421875
2034135,41.19873046875
2036006,42.17529296875
2039767,36.376953125
2042209,44.49462890625
2046426,39.6728515625
2046500,31.31103515625
2050039,39.55078125
2051432,28.01513671875
2051942,40.22216796875
2053119,29.296875
2053666,37.841796875
2053790,31.67724609375
2053855,54.38232421875
2053877,40.46630859375
2053942,28.99169921875
2053999,28.38134765625
2054228,30.57861328125
2054247,39.0625
2059247,36.376953125
2062304,44.3115234375
2064073,29.60205078125
2065768,27.4658203125
2065780,33.935546875
2067138,37.4755859375
2068094,32.28759765625
2070828,27.099609375
2071747,43.76220703125
2071906,27.099609375
2073552,40.0390625
2077924,38.9404296875
2079708,51.8798828125
2082113,31.18896484375
2084720,42.90771484375
2086318,34.912109375
2089236,30.09033203125
2091034,38.39111328125
2094123,32.16552734375
2095378,34.97314453125
2095574,27.28271484375
2095749,28.9306640625
2095803,40.58837890625
2095861,34.36279296875
2095873,40.283203125
2095921,50.29296875
2095939,27.9541015625
2095962,41.1376953125
2095991,47.79052734375
2096007,38.6962890625
2096029,35.09521484375
2096045,33.75244140625
2096222,35.0341796875
2096236,31.06689453125
2103236,38.330078125
2106425,37.78076171875
2110794,35.2783203125
2113399,43.9453125
2115420,29.541015625
2115683,34.48486328125
2115757,34.72900390625
2115780,27.83203125
2115829,27.7099609375
2115845,32.65380859375
2115872,32.3486328125
2115891,55.0537109375
2115919,43.88427734375
2115942,45.2880859375
2115968,29.96826171875
2126495,38.2080078125
2128012,40.283203125
2130567,32.16552734375
2134089,31.8603515625
2137284,41.32080078125
2137741,36.1328125
2141881,36.0107421875
2142365,38.6962890625
2143813,38.4521484375
2147418,35.82763671875
2147629,34.3017578125
2147695,39.1845703125
2147742,29.541015625
2147766,35.94970703125
2147780,27.64892578125
2147804,50.537109375
2147821,35.82763671875
2147839,54.13818359375
2147850,34.912109375
2147879,31.982421875
2147909,63.04931640625
2152841,42.90771484375
2156253,36.1328125
2162822,45.654296875
2164499,35.64453125
2166698,31.92138671875
2169354,33.14208984375
2170458,38.4521484375
2172425,46.69189453125
2175631,47.2412109375
2175875,42.6025390625
2175899,27.89306640625
2175929,28.3203125
2175943,38.51318359375
2175991,36.7431640625
2176044,41.3818359375
2176059,29.78515625
2176089,43.212890625
2176100,29.296875
2176112,39.73388671875
2176131,26.91650390625
2176165,28.99169921875
2176239,120.361328125
2176264,28.076171875
2176411,35.400390625
2184190,27.2216796875
2188768,36.19384765625
2190120,38.51318359375
2192272,43.15185546875
2196384,27.83203125
2199263,33.02001953125
2205525,41.015625
2210180,32.89794921875
2211048,32.2265625
2211426,30.1513671875
2211486,41.015625
2211523,31.8603515625
2211546,38.57421875
2211573,31.005859375
2211602,35.70556640625
2211615,48.64501953125
2211635,39.9169921875
2211660,50.048828125
2211691,129.94384765625
2211711,33.935546875
2211741,34.11865234375
2211886,28.076171875
2224470,38.14697265625
2225456,39.306640625
2233310,27.9541015625
2235797,39.306640625
2240807,43.39599609375
2242823,35.46142578125
2243151,45.166015625
2243344,38.14697265625
2243361,27.89306640625
2243382,38.4521484375
2243394,28.86962890625
2243421,40.283203125
2243449,50.29296875
2243472,27.03857421875
2243504,56.0302734375
2243518,33.63037109375
2243531,42.3583984375
2243573,28.9306640625
2243761,33.8134765625
2243780,30.70068359375
2243939,28.01513671875
2252165,35.64453125
2256100,30.70068359375
2259441,38.0859375
2259692,40.283203125
2259778,40.34423828125
2259855,40.0390625
2259879,39.24560546875
2259910,28.38134765625
2259934,28.6865234375
2259961,31.92138671875
2259976,50.59814453125
2259998,30.1513671875
2260033,34.60693359375
2260065,117.5537109375
2260171,43.39599609375
2260202,28.13720703125
2260369,28.564453125
2260648,28.74755859375
2268922,36.7431640625
2270690,41.19873046875
2271124,40.83251953125
2271549,38.2080078125
2273659,33.87451171875
2276434,34.72900390625
2280418,32.53173828125
2282424,31.005859375
2282727,41.6259765625
2282824,39.73388671875
2282883,61.58447265625
2282917,40.10009765625
2282946,35.94970703125
2282969,40.0390625
2283010,36.80419921875
2283030,34.48486328125
2283049,32.53173828125
2283062,34.7900390625
2283084,120.361328125
2283113,27.16064453125
2283128,35.64453125
2283234,40.6494140625
2283247,44.00634765625
2283416,42.78564453125
2283552,33.69140625
2291517,38.0859375
2294750,30.2734375
2295463,33.69140625
2295705,29.35791015625
2295747,30.76171875
2295786,28.076171875
2295819,28.99169921875
2295829,28.25927734375
2295848,31.3720703125
2295934,29.11376953125
2295956,38.57421875
2295977,45.71533203125
2296025,29.72412109375
2296064,32.3486328125
2296074,27.587890625
2296100,52.490234375
2296238,50.537109375
2296290,41.56494140625
2296314,41.68701171875
2296436,59.87548828125
2296724,33.203125
2296748,29.84619140625
2305196,29.296875
2308380,33.75244140625
2308867,27.587890625
2308880,44.00634765625
2309090,29.1748046875
2309420,27.03857421875
2313784,47.42431640625
2314091,38.14697265625
2316350,26.91650390625
2316552,38.6962890625
2318955,44.86083984375
2322551,40.71044921875
2322803,32.53173828125
2322959,36.62109375
2323011,30.1513671875
2323031,34.36279296875
2323081,29.23583984375
2323117,35.888671875
2323139,41.80908203125
2323166,31.005859375
2323201,40.71044921875
2323220,32.40966796875
2323230,37.4755859375
2323251,35.70556640625
2323264,117.61474609375
2323307,32.3486328125
2323358,28.4423828125
2323377,55.11474609375
2323400,38.87939453125
2323452,38.63525390625
2323471,34.0576171875
2323578,39.0625
2323691,34.1796875
2323910,32.1044921875
2324199,37.7197265625
2332776,33.02001953125
2333216,32.40966796875
2333841,39.306640625
2337087,56.396484375
2337402,43.9453125
2339048,27.9541015625
2339374,34.912109375
2339797,50.1708984375
2340099,32.16552734375
2341192,33.38623046875
2341636,40.22216796875
2342081,37.59765625
2342252,33.8134765625
2342296,28.4423828125
2342306,28.9306640625
2342354,39.73388671875
2342388,35.33935546875
2342415,29.96826171875
2342432,28.01513671875
2342446,30.33447265625
2342458,35.888671875
2342494,52.42919921875
2342535,29.47998046875
2342592,124.93896484375
2342619,27.7099609375
2342700,39.61181640625
2342783,28.80859375
2342989,35.64453125
2349990,35.09521484375
2350689,47.66845703125
2351705,44.61669921875
2354552,27.7099609375
2354843,37.9638671875
2354912,36.68212890625
2354995,28.50341796875
2355127,35.33935546875
2355238,29.9072265625
2355299,29.11376953125
2355317,31.005859375
2355387,30.45654296875
2355398,37.59765625
2355425,31.55517578125
2355498,57.861328125
2355512,39.12353515625
2355597,39.48974609375
2355608,44.86083984375
2355632,32.28759765625
2355663,105.89599609375
2355763,35.33935546875
2355790,27.77099609375
2355932,29.4189453125
2356133,27.587890625
2362621,28.01513671875
2362839,37.353515625
2364169,36.92626953125
2366488,32.1044921875
2366808,36.92626953125
2367207,28.80859375
2368669,27.89306640625
2368688,44.98291015625
2369662,31.3720703125
2369692,29.1748046875
2369726,30.94482421875
2369904,32.3486328125
2370171,40.95458984375
2370361,27.099609375
2372798,33.935546875
2373111,39.00146484375
2373491,32.470703125
2374978,38.4521484375
2376686,41.56494140625
2376919,31.43310546875
2377005,28.076171875
2377022,33.5693359375
2377098,33.75244140625
2377218,38.14697265625
2377262,27.34375
2377310,32.77587890625
2377343,39.61181640625
2377378,28.74755859375
2377389,35.21728515625
2377424,40.10009765625
2377478,31.6162109375
2377497,26.9775390625
2377600,35.94970703125
2377622,28.38134765625
2377742,31.43310546875
2377810,34.0576171875
2384206,33.87451171875
2384224,34.1796875
2384768,38.14697265625
2385554,32.65380859375
2386623,34.11865234375
2386642,27.64892578125
2388121,32.1044921875
2389093,39.85595703125
2389975,28.6865234375
2389994,50.4150390625
2390225,39.306640625
2390326,34.60693359375
2390450,28.99169921875
2390532,31.18896484375
2390542,32.04345703125
2390576,28.01513671875
2390623,28.80859375
2390677,28.3203125
2390706,36.80419921875
2390729,51.6357421875
2390742,28.74755859375
2390771,30.2734375
2390816,45.2880859375
2390956,29.541015625
2390978,36.92626953125
2391116,35.7666015625
2396586,35.888671875
2397492,26.91650390625
2397509,36.865234375
2397729,28.9306640625
2398249,29.6630859375
2399488,38.51318359375
2399918,29.96826171875
2400155,38.02490234375
2401253,31.8603515625
2401619,30.517578125
2401942,38.330078125
2402149,33.447265625
2402384,32.40966796875
2404600,34.85107421875
2406010,42.29736328125
2406343,35.09521484375
2406365,41.3818359375
2407023,27.77099609375
2408693,37.53662109375
2409549,27.9541015625
2409777,32.2265625
2410301,28.01513671875
2410917,28.38134765625
2410933,39.55078125
2411244,26.85546875
2411307,26.91650390625
2411331,33.99658203125
2412020,34.36279296875
2412368,39.12353515625
2413139,30.76171875
2414182,36.7431640625
2414972,30.1513671875
2415194,36.376953125
2415452,29.84619140625
2415472,40.771484375
2415985,35.82763671875
2416689,33.50830078125
2418349,31.8603515625
2419093,31.79931640625
2419395,45.166015625
2419543,28.99169921875
2419870,36.31591796875
2420345,39.48974609375
2420488,28.6865234375
2420573,29.23583984375
2420615,30.82275390625
2420642,38.02490234375
2420684,29.96826171875
2420718,31.92138671875
2420738,61.5234375
2420783,31.18896484375
2420812,41.259765625
2420835,35.888671875
2420897,34.24072265625
2420925,32.470703125
2420966,36.43798828125
2421119,31.3720703125
2421294,28.99169921875
2421389,33.0810546875
2426255,32.04345703125
2426276,28.9306640625
2426909,29.11376953125
2427800,31.982421875
2428485,39.97802734375
2428501,30.09033203125
2428896,31.92138671875
2429346,34.7900390625
2429712,43.8232421875
2430234,41.3818359375
2430794,30.517578125
2431348,37.9638671875
2431974,40.1611328125
2432304,34.423828125
2432628,31.18896484375
2433454,40.8935546875
2434321,38.330078125
2434468,36.56005859375
2434612,27.587890625
2435603,35.5224609375
2436753,27.9541015625
2437185,34.3017578125
2437560,37.17041015625
2437645,31.67724609375
2438387,33.14208984375
2438881,30.33447265625
2439348,31.3720703125
2440052,43.5791015625
2440604,45.71533203125
2440983,39.9169921875
2441473,32.71484375
2442028,32.77587890625
2443437,32.53173828125
2443969,30.09033203125
2444088,43.76220703125
2444397,32.40966796875
2445759,32.16552734375
2447022,47.66845703125
2447349,32.71484375
2447714,34.72900390625
2447833,37.29248046875
2448341,30.2734375
2449295,32.3486328125
2449941,29.78515625
2450477,30.029296875
2451024,33.26416015625
2451769,33.203125
2452273,30.8837890625
2452817,36.1328125
2453232,39.12353515625
2453778,32.77587890625
2455056,44.61669921875
2455206,31.06689453125
2455222,34.97314453125
2455454,29.23583984375
2456016,30.029296875
2456546,32.53173828125
2457108,38.330078125
2457611,31.18896484375
2458061,28.4423828125
2458337,31.79931640625
2458956,32.1044921875
2459770,41.1376953125
2459852,42.54150390625
2460120,30.76171875
2460563,33.87451171875
2461937,41.259765625
2462500,28.74755859375
2463041,42.90771484375
2463557,29.78515625
2463919,32.71484375
2464647,40.95458984375
2465177,40.52734375
2465757,35.33935546875
2466207,31.31103515625
2466228,39.97802734375
2466754,41.3818359375
2467314,31.982421875
2467891,35.15625
2469138,29.78515625
2470455,33.75244140625
2470964,30.3955078125
2471506,38.87939453125
2472790,32.1044921875
2473014,35.82763671875
2473847,27.099609375
2474397,29.47998046875
2475429,32.04345703125
2475986,29.96826171875
2476739,28.38134765625
2477088,32.8369140625
2477423,35.888671875
2478327,31.005859375
2479307,33.3251953125
2479743,30.45654296875
2480563,33.3251953125
2480606,26.91650390625
2480922,49.01123046875
2482813,34.11865234375
2483300,28.3203125
2484309,34.97314453125
2485226,43.76220703125
2485637,38.330078125
2486135,31.982421875
2486823,28.6865234375
2489064,28.80859375
2489808,44.5556640625
2490805,32.958984375
2491264,28.01513671875
2491750,30.517578125
2493850,32.28759765625
2494222,29.296875
2495285,34.1796875
2495844,38.6962890625
2498460,46.81396484375
2500414,30.029296875
2500546,28.38134765625
2502559,33.26416015625
2502929,35.888671875
2503395,34.48486328125
2503432,28.13720703125
2506138,39.97802734375
2508170,40.34423828125
2508284,51.6357421875
2509485,28.4423828125
2510820,33.203125
2511147,33.5693359375
2511891,40.8935546875
2513281,40.46630859375
2514242,32.470703125
2514459,34.0576171875
2515604,27.099609375
2517033,34.66796875
2517376,27.89306640625
2517390,29.6630859375
2517794,29.84619140625
2520065,28.74755859375
2521547,43.51806640625
2522001,30.94482421875
2524638,42.724609375
2525164,28.86962890625
2526044,27.4658203125
2528747,35.15625
2530247,34.423828125
2530802,46.5087890625
2531320,36.92626953125
2535860,42.05322265625
2536666,38.87939453125
2538069,31.494140625
2542618,40.22216796875
2543068,35.21728515625
2546015,27.4658203125
2546376,32.71484375
2550194,32.04345703125
2550314,31.25
2552459,29.72412109375
2555490,53.3447265625
2556272,36.56005859375
2560568,38.02490234375
2563408,38.9404296875
2563781,36.9873046875
2566196,37.90283203125
2568771,39.4287109375
2569203,31.8603515625
2571882,30.8837890625
2574166,35.70556640625
2575980,31.982421875
2578241,34.48486328125
2579701,34.48486328125
2583006,28.3203125
2584328,30.45654296875
2587502,35.400390625
2592813,49.6826171875
2600202,35.400390625
2600730,41.015625
2601791,41.32080078125
2605284,41.80908203125
2608031,31.6162109375
2611842,36.43798828125
2617708,45.8984375
2622221,36.31591796875
2627220,28.3203125
2627247,27.89306640625
2631337,32.28759765625
2639898,33.203125
2643856,42.05322265625
2649718,31.982421875
2652601,36.56005859375
2656028,32.8369140625
2656335,43.701171875
2660367,27.2216796875
2668122,36.68212890625
2678021,40.71044921875
2683076,30.8837890625
2685154,27.28271484375
2691418,28.3203125
2700330,43.701171875
2710904,35.7666015625
2720476,36.31591796875
2725696,37.65869140625
2727654,34.60693359375
2793252,32.77587890625
2818371,37.17041015625
2876246,40.52734375
3629903,37.41455078125
3754658,39.55078125
3974768,28.62548828125
4292644,31.005859375
4734899,28.25927734375
4735163,36.376953125
5727686,37.109375
5911548,32.470703125
5918707,37.53662109375
5938603,31.92138671875
5965477,29.1748046875
5965627,40.0390625
5965728,29.1748046875
5987950,41.015625
5999421,36.62109375
5999750,35.15625
6007569,41.8701171875
6017611,46.9970703125
6017811,40.1611328125
6028447,44.37255859375
6042575,43.02978515625
6042770,39.0625
6050866,30.33447265625
6059534,38.9404296875
6059912,44.25048828125
6068455,31.3720703125
6076155,32.77587890625
6083719,28.25927734375
6091591,34.11865234375
6098659,31.1279296875
6105061,33.14208984375
6112577,29.541015625
6121304,42.6025390625
6121503,27.03857421875
6128561,39.00146484375
6128823,47.05810546875
6136235,31.73828125
6143845,32.1044921875
6144033,37.4755859375
6152759,28.9306640625
6160105,34.1796875
6164282,28.076171875
6167593,28.13720703125
6174738,36.43798828125
6182486,32.71484375
6189425,31.3720703125
6197649,27.099609375
6205404,35.5224609375
6231573,39.48974609375
6240151,41.80908203125
6240683,30.6396484375
6249895,40.22216796875
6258924,36.7431640625
6259117,40.771484375
6259488,34.11865234375
6280920,27.52685546875
6281045,34.11865234375
6281467,33.87451171875
6299622,30.45654296875
6299844,42.54150390625
6300141,43.51806640625
6330257,30.517578125
6330414,28.01513671875
6330692,29.96826171875
6498322,46.5087890625
6584454,32.65380859375
6717878,49.86572265625
6786400,40.22216796875
6970067,33.50830078125
6977731,35.82763671875
6999319,30.517578125
7006310,46.08154296875
7020114,28.6865234375
7055358,38.51318359375
7094695,33.447265625
7134782,39.9169921875
7141596,31.25
7181285,32.2265625
7187124,39.97802734375
7188279,34.36279296875
7207454,35.94970703125
7222058,38.6962890625
7227587,31.06689453125
7228276,44.7998046875
7236128,48.27880859375
7247992,37.29248046875
7260780,39.9169921875
7264452,37.7197265625
7265607,42.54150390625
7289765,30.09033203125
7294609,31.494140625
7305824,26.91650390625
7313046,44.12841796875
7323120,51.69677734375
7336841,44.49462890625
7340198,33.0810546875
7345243,27.83203125
7355873,27.16064453125
7360339,46.93603515625
7366513,38.26904296875
7377856,43.212890625
7387443,41.9921875
7394558,29.11376953125
7399835,33.5693359375
7420797,47.2412109375
7425853,37.65869140625
7451887,38.4521484375
7477123,27.89306640625
7477829,34.0576171875
7503703,28.1982421875
7533397,108.58154296875
7533422,41.748046875
7538538,40.46630859375
7561359,33.203125
7579580,32.28759765625
7596717,35.0341796875
7631311,34.24072265625
7636167,37.59765625
7653776,42.29736328125
7659078,39.6728515625
7694635,30.82275390625
7713577,29.11376953125
