7799001,0
415218,30.94482421875
503024,34.36279296875
503041,57.18994140625
503055,31.43310546875
503069,36.68212890625
503105,31.005859375
503126,34.912109375
503179,33.14208984375
503202,35.888671875
503226,32.16552734375
503242,31.494140625
503286,30.94482421875
588776,32.71484375
589334,33.38623046875
733185,31.67724609375
733203,38.57421875
733226,77.45361328125
733236,35.70556640625
733252,41.68701171875
733286,48.40087890625
733311,32.89794921875
733329,37.04833984375
733345,56.70166015625
733363,42.66357421875
733422,34.60693359375
733465,31.67724609375
847375,40.4052734375
847387,38.6962890625
847402,48.583984375
847445,54.19921875
847468,48.52294921875
847481,31.25
847491,37.78076171875
847505,38.57421875
847539,34.1796875
847554,32.16552734375
847568,33.3251953125
847643,33.63037109375
847665,40.95458984375
973263,32.3486328125
1061852,31.92138671875
1061876,32.470703125
1061916,37.17041015625
1061934,64.3310546875
1061948,68.42041015625
1061977,47.119140625
1061997,47.7294921875
1062014,36.4990234375
1062031,50.78125
1062052,44.43359375
1062068,38.9404296875
1062087,34.11865234375
1062131,47.66845703125
1062199,37.90283203125
1728693,50.9033203125
1728707,54.62646484375
1728743,54.74853515625
1728761,35.2783203125
1728774,43.3349609375
1728833,31.1279296875
1728862,36.56005859375
1728887,35.33935546875
1818015,31.79931640625
3870542,31.25
3870664,31.55517578125
3870875,37.59765625
3870887,104.4921875
3870897,52.79541015625
3870920,68.66455078125
3870936,38.57421875
3870968,51.08642578125
3870995,31.67724609375
3871006,52.55126953125
3871028,44.86083984375
3871038,36.865234375
3871092,32.3486328125
3871336,36.376953125
3882546,32.5927734375
3882578,39.48974609375
3882670,70.98388671875
3882681,33.935546875
3882724,50.29296875
3882740,39.48974609375
3882764,40.4052734375
3882793,37.65869140625
3882824,36.1328125
3882836,45.0439453125
3882861,35.2783203125
3882878,39.85595703125
3882939,31.3720703125
3883080,33.99658203125
3883207,31.8603515625
3883546,31.18896484375
3883629,39.4287109375
3949166,43.212890625
3949196,75.1953125
3949218,35.400390625
3949233,38.63525390625
3949255,34.423828125
3949272,42.96875
3949354,45.0439453125
3949451,32.16552734375
3949965,30.94482421875
3950060,42.724609375
3950242,33.69140625
3950429,34.3017578125
3965495,41.68701171875
3965521,44.5556640625
3965544,91.61376953125
3965554,48.9501953125
3965591,47.4853515625
3965616,35.7666015625
3965631,36.2548828125
3965647,38.51318359375
3965682,41.56494140625
3965693,37.53662109375
3965726,30.82275390625
3965747,31.6162109375
3965791,34.72900390625
3966112,49.98779296875
3966192,32.40966796875
3966555,35.5224609375
3966675,57.6171875
3977932,69.76318359375
3977949,43.02978515625
3977961,49.74365234375
3977995,35.82763671875
3978008,48.52294921875
3978086,40.22216796875
3978104,33.63037109375
3978150,37.65869140625
3978226,32.8369140625
3978406,35.64453125
3978669,31.3720703125
3989355,87.158203125
3989388,40.0390625
3989401,40.771484375
3989425,35.21728515625
3989441,36.9873046875
3989479,34.24072265625
3989506,36.865234375
3989541,36.56005859375
3989592,31.8603515625
3989646,31.6162109375
3989747,32.53173828125
3989851,32.5927734375
3990095,33.14208984375
4000757,31.79931640625
4000811,32.04345703125
4000831,100.76904296875
4000866,56.21337890625
4000888,46.56982421875
4000904,48.583984375
4000922,41.93115234375
4000942,36.07177734375
4000968,41.56494140625
4001005,46.2646484375
4001037,50.78125
4001143,39.85595703125
4001190,46.56982421875
4001245,31.6162109375
4001290,36.56005859375
4001403,34.0576171875
4001526,38.6962890625
4012310,34.66796875
4012406,37.2314453125
4012421,87.0361328125
4012453,53.22265625
4012465,44.61669921875
4012488,46.2646484375
4012516,46.20361328125
4012546,64.8193359375
4012600,32.65380859375
4012635,34.912109375
4012667,48.583984375
4012719,33.99658203125
4012743,32.53173828125
4012808,34.3017578125
4013005,49.9267578125
4023673,43.02978515625
4023693,91.24755859375
4023705,43.45703125
4023731,36.31591796875
4023745,67.9931640625
4023791,51.45263671875
4023814,37.841796875
4023837,33.3251953125
4023853,44.3115234375
4023879,40.8935546875
4023907,37.04833984375
4023974,34.7900390625
4024008,47.18017578125
4024028,31.982421875
4024075,42.17529296875
4024094,35.2783203125
4024184,45.654296875
4037480,30.76171875
4037557,34.24072265625
4037573,62.01171875
4037618,36.4990234375
4037650,59.2041015625
4037691,62.68310546875
4037706,39.55078125
4037736,41.1376953125
4037749,41.93115234375
4037912,33.50830078125
4037939,30.76171875
4049006,33.50830078125
4049057,91.36962890625
4049175,78.61328125
4049211,32.5927734375
4049238,38.4521484375
4061732,77.7587890625
4061785,33.203125
4061844,30.76171875
4061977,35.15625
4073155,31.31103515625
4073286,31.494140625
4090743,32.53173828125
4090801,34.11865234375
4100257,33.935546875
4109281,30.94482421875
4117301,33.38623046875
4151610,32.2265625
5597476,32.28759765625
6544155,99.2431640625
6544173,65.185546875
6544184,50.72021484375
6544201,45.34912109375
6544228,36.9873046875
6544273,31.67724609375
6544285,31.1279296875
6544311,38.0859375
6544335,31.06689453125
6544394,36.9873046875
6553874,35.2783203125
6553949,31.1279296875
6553983,71.1669921875
6554046,61.82861328125
6554075,35.09521484375
6554108,46.9970703125
6554128,32.1044921875
6554174,32.5927734375
6554197,36.9873046875
6554231,34.5458984375
6554254,41.44287109375
6554294,33.203125
6554329,32.3486328125
6554384,32.40966796875
6554413,32.470703125
6554430,33.38623046875
6554530,33.02001953125
6554791,32.8369140625
6554925,36.2548828125
6619882,67.93212890625
6619900,40.4052734375
6619934,36.9873046875
6619959,34.1796875
6619984,47.91259765625
6620010,40.8935546875
6620047,41.56494140625
6620116,32.1044921875
6620172,36.376953125
6620308,31.18896484375
6620597,32.1044921875
6620778,31.005859375
6620812,52.06298828125
6636230,35.58349609375
6636253,67.626953125
6636267,58.04443359375
6636280,31.25
6636313,56.45751953125
6636350,36.19384765625
6636378,43.5791015625
6636407,48.9501953125
6636443,35.33935546875
6636459,31.1279296875
6636499,40.52734375
6636555,31.67724609375
6637252,41.68701171875
6637375,50.9033203125
6637571,49.01123046875
6650100,33.935546875
6650151,36.92626953125
6650169,33.69140625
6650208,40.95458984375
6650226,34.85107421875
6650252,36.7431640625
6650269,31.25
6650290,36.2548828125
6650310,32.5927734375
6650332,32.04345703125
6650368,35.2783203125
6650394,31.79931640625
6650436,40.1611328125
6650469,33.99658203125
6650640,32.470703125
6650988,33.75244140625
6651150,32.77587890625
6667085,35.70556640625
6667126,31.73828125
6667146,86.0595703125
6667169,35.400390625
6667205,56.396484375
6667237,36.9873046875
6667269,34.97314453125
6667281,45.71533203125
6667317,32.77587890625
6667337,33.75244140625
6667355,31.005859375
6667398,34.7900390625
6667552,44.7998046875
6667894,31.73828125
6667977,32.40966796875
6679685,33.935546875
6679706,31.55517578125
6679741,85.02197265625
6679760,33.14208984375
6679787,51.81884765625
6679804,43.45703125
6679820,32.16552734375
6679844,53.955078125
6679873,42.78564453125
6679897,39.48974609375
6679927,38.39111328125
6679973,30.8837890625
6679986,35.888671875
6680035,34.66796875
6680071,33.935546875
6680142,39.00146484375
6694838,34.66796875
6694872,71.6552734375
6694895,35.58349609375
6694910,68.603515625
6694939,53.466796875
6694957,39.794921875
6694990,47.607421875
6695022,42.90771484375
6695046,35.888671875
6695071,34.36279296875
6695105,35.70556640625
6695135,31.1279296875
6695408,32.40966796875
6695491,31.06689453125
6709345,33.99658203125
6709404,36.376953125
6709418,96.3134765625
6709431,34.11865234375
6709461,53.40576171875
6709479,36.865234375
6709518,33.447265625
6709538,48.095703125
6709561,37.841796875
6709572,38.63525390625
6709600,32.53173828125
6709627,33.02001953125
6709665,31.92138671875
6709713,31.92138671875
6709733,36.31591796875
6709747,32.2265625
6709792,32.40966796875
6709841,33.0810546875
6724698,44.25048828125
6724758,66.71142578125
6724791,49.62158203125
6724807,41.8701171875
6724821,37.841796875
6724853,35.5224609375
6724869,40.34423828125
6724900,60.85205078125
6724938,36.9873046875
6724954,59.2041015625
6725002,34.1796875
6725023,55.96923828125
6725055,41.1376953125
6725075,33.69140625
6725199,31.67724609375
6740495,32.1044921875
6740579,33.14208984375
6740609,72.1435546875
6740696,68.05419921875
6740720,31.06689453125
6740827,40.34423828125
6740908,31.1279296875
6751949,31.982421875
6752003,33.99658203125
6760893,38.26904296875
6771026,38.330078125
6791099,30.8837890625
6833389,31.73828125
