7799001,0
12664,29.4189453125
12677,34.66796875
12722,33.203125
13057,28.6865234375
99664,38.2080078125
99696,29.23583984375
99743,31.55517578125
100032,36.80419921875
100042,31.73828125
101510,28.62548828125
101545,37.41455078125
103539,28.74755859375
104171,31.43310546875
106475,29.1748046875
206374,28.74755859375
206453,30.6396484375
206517,29.47998046875
206688,33.14208984375
206908,31.8603515625
208304,29.78515625
213927,30.8837890625
313924,28.74755859375
313975,30.70068359375
314047,31.67724609375
314073,29.78515625
414383,41.80908203125
414406,30.57861328125
414478,33.87451171875
502902,29.78515625
502999,88.37890625
503019,40.283203125
503048,53.8330078125
503058,109.43603515625
503068,105.40771484375
503098,54.74853515625
503114,52.55126953125
503125,63.232421875
503147,49.01123046875
503164,35.70556640625
503185,29.72412109375
503197,35.888671875
503210,34.36279296875
503225,41.50390625
503269,29.35791015625
503287,34.1796875
503304,37.4755859375
503316,38.9404296875
503377,35.21728515625
503411,29.35791015625
503454,33.02001953125
503528,28.80859375
503611,38.57421875
503685,35.70556640625
588155,32.1044921875
588172,30.029296875
588194,33.0810546875
588209,28.62548828125
588263,30.09033203125
588369,30.8837890625
589350,29.1748046875
589985,29.541015625
595616,29.11376953125
695738,28.9306640625
695800,31.6162109375
695877,36.31591796875
695895,30.09033203125
695924,29.35791015625
696302,29.72412109375
702610,29.35791015625
703485,29.23583984375
703541,30.76171875
733114,29.47998046875
733167,42.17529296875
733196,40.4052734375
733216,45.2880859375
733252,51.513671875
733263,40.0390625
733283,48.9501953125
733303,78.2470703125
733324,35.15625
733350,35.0341796875
733360,34.97314453125
733390,54.19921875
733409,30.70068359375
733426,35.09521484375
733448,54.01611328125
733475,31.31103515625
733505,45.654296875
733539,30.57861328125
733616,34.7900390625
733640,31.25
733690,28.9306640625
734541,29.296875
832936,31.005859375
832948,31.982421875
832981,36.7431640625
832995,31.8603515625
833099,29.60205078125
833326,29.47998046875
834174,28.74755859375
836457,29.052734375
837541,30.029296875
847238,30.8837890625
847267,29.72412109375
847291,29.11376953125
847328,31.18896484375
847344,36.376953125
847370,41.68701171875
847384,69.580078125
847396,36.7431640625
847422,81.9091796875
847447,36.19384765625
847470,59.14306640625
847486,63.29345703125
847503,43.76220703125
847530,43.27392578125
847550,39.1845703125
847567,42.17529296875
847588,41.8701171875
847599,33.935546875
847621,52.8564453125
847677,31.43310546875
847725,28.564453125
847775,33.5693359375
847813,40.52734375
847888,32.470703125
847909,30.09033203125
848219,37.7197265625
973085,31.6162109375
973100,29.60205078125
973209,34.48486328125
973231,31.92138671875
973301,34.11865234375
1061857,40.71044921875
1061873,96.19140625
1061916,31.43310546875
1061951,131.4697265625
1061981,44.43359375
1062000,48.095703125
1062017,32.40966796875
1062028,58.89892578125
1062052,44.86083984375
1062072,39.24560546875
1062083,36.4990234375
1062102,44.86083984375
1062112,42.724609375
1062130,32.77587890625
1062158,29.11376953125
1062234,34.1796875
1062306,53.5888671875
1062406,88.134765625
1062441,30.6396484375
1062451,30.57861328125
1062544,29.72412109375
1338689,29.78515625
1403155,29.296875
1419563,38.4521484375
1687700,106.99462890625
1728618,28.6865234375
1728650,90.39306640625
1728677,38.9404296875
1728708,136.474609375
1728724,77.0263671875
1728743,52.24609375
1728759,49.86572265625
1728778,41.3818359375
1728796,58.837890625
1728833,72.57080078125
1728845,45.22705078125
1728877,43.88427734375
1728902,47.8515625
1728934,43.51806640625
1728946,30.33447265625
1728963,33.99658203125
1728986,29.296875
1729000,39.6728515625
1729040,39.0625
1729090,37.04833984375
1729146,34.423828125
1729270,44.189453125
1729366,28.564453125
2135992,47.05810546875
2345741,70.4345703125
3604383,35.70556640625
3604461,31.6162109375
3604581,31.06689453125
3661603,105.89599609375
3870403,35.21728515625
3870414,29.47998046875
3870485,28.6865234375
3870514,29.296875
3870848,44.86083984375
3870874,37.41455078125
3870903,104.06494140625
3870915,36.0107421875
3870926,85.63232421875
3870944,62.5
3870954,74.5849609375
3870983,66.46728515625
3871001,36.62109375
3871014,39.794921875
3871033,46.142578125
3871047,32.8369140625
3871093,38.4521484375
3871114,34.60693359375
3871144,37.29248046875
3871174,43.39599609375
3871232,30.76171875
3871275,37.17041015625
3871300,31.43310546875
3871350,33.14208984375
3882580,34.7900390625
3882607,42.48046875
3882635,30.57861328125
3882653,109.0087890625
3882670,30.33447265625
3882688,36.4990234375
3882714,135.25390625
3882738,52.79541015625
3882753,64.5751953125
3882792,47.36328125
3882825,61.34033203125
3882847,40.58837890625
3882863,39.0625
3882887,42.236328125
3882940,46.38671875
3882950,36.1328125
3882975,28.9306640625
3883000,37.78076171875
3883025,29.47998046875
3883051,46.56982421875
3883067,34.60693359375
3883085,29.60205078125
3883134,35.888671875
3883165,37.841796875
3883191,28.9306640625
3883231,32.1044921875
3883270,30.45654296875
3883316,41.56494140625
3883373,30.70068359375
3883416,32.1044921875
3883513,33.50830078125
3883582,44.5556640625
3883628,30.3955078125
3883660,40.0390625
3883718,28.80859375
3883731,38.57421875
3883791,43.76220703125
3883866,42.29736328125
3883919,39.6728515625
3883976,32.40966796875
3884099,33.99658203125
3884132,44.00634765625
3949107,29.541015625
3949132,31.55517578125
3949153,46.69189453125
3949183,110.65673828125
3949197,127.74658203125
3949219,63.1103515625
3949229,34.72900390625
3949253,61.95068359375
3949268,37.17041015625
3949287,48.4619140625
3949313,34.66796875
3949324,49.37744140625
3949359,33.50830078125
3949389,50.048828125
3949406,33.26416015625
3949439,36.2548828125
3949455,32.65380859375
3949468,34.11865234375
3949508,31.43310546875
3949524,32.5927734375
3949551,42.29736328125
3949590,32.28759765625
3949669,51.57470703125
3949706,52.91748046875
3949721,30.57861328125
3949744,39.12353515625
3949759,41.80908203125
3949794,32.5927734375
3949875,29.78515625
3949905,34.36279296875
3949951,29.052734375
3950000,30.76171875
3950058,37.65869140625
3950110,32.28759765625
3965421,36.1328125
3965444,34.72900390625
3965499,37.04833984375
3965531,121.52099609375
3965559,69.51904296875
3965581,99.7314453125
3965606,50.4150390625
3965617,59.5703125
3965638,31.92138671875
3965655,63.720703125
3965673,37.04833984375
3965696,50.1708984375
3965726,41.9921875
3965740,36.9873046875
3965762,40.46630859375
3965788,33.8134765625
3965815,41.19873046875
3965837,32.28759765625
3965861,33.5693359375
3965898,30.45654296875
3965921,29.1748046875
3965962,31.1279296875
3965977,30.09033203125
3966032,30.45654296875
3966069,37.353515625
3966087,30.33447265625
3966131,52.1240234375
3966152,34.36279296875
3966190,35.7666015625
3966211,32.77587890625
3966270,28.99169921875
3966287,30.21240234375
3966303,32.2265625
3966364,29.84619140625
3966384,49.8046875
3966509,29.11376953125
3966579,31.3720703125
3966824,29.296875
3967059,29.84619140625
3974272,28.62548828125
3977806,28.74755859375
3977832,37.29248046875
3977843,35.82763671875
3977856,29.47998046875
3977885,57.4951171875
3977914,31.73828125
3977931,31.25
3977944,103.57666015625
3977966,89.4775390625
3977979,40.4052734375
3977997,93.81103515625
3978010,47.91259765625
3978039,50.6591796875
3978055,33.203125
3978085,74.8291015625
3978103,58.28857421875
3978130,51.7578125
3978155,40.8935546875
3978171,40.58837890625
3978212,41.44287109375
3978222,33.87451171875
3978251,36.07177734375
3978290,40.95458984375
3978314,29.47998046875
3978348,46.5087890625
3978397,34.11865234375
3978414,31.8603515625
3978448,45.166015625
3978486,32.958984375
3978507,40.10009765625
3978552,31.43310546875
3978582,34.60693359375
3978601,34.48486328125
3978627,30.8837890625
3978666,31.1279296875
3978692,35.58349609375
3978729,31.73828125
3978775,30.76171875
3978794,36.7431640625
3978834,28.564453125
3978928,32.65380859375
3978997,29.6630859375
3989289,34.97314453125
3989313,32.1044921875
3989334,32.5927734375
3989344,32.53173828125
3989371,106.99462890625
3989391,48.03466796875
3989411,30.21240234375
3989435,78.55224609375
3989454,37.78076171875
3989480,103.1494140625
3989500,40.95458984375
3989534,74.462890625
3989550,47.8515625
3989575,47.54638671875
3989592,49.9267578125
3989621,40.771484375
3989640,36.68212890625
3989666,39.794921875
3989693,32.2265625
3989708,33.3251953125
3989748,32.04345703125
3989773,37.4755859375
3989816,28.9306640625
3989830,32.5927734375
3989850,35.0341796875
3989886,55.72509765625
3989915,32.1044921875
3990001,41.015625
3990031,29.052734375
3990055,30.517578125
3990122,31.8603515625
3990308,31.005859375
4000787,41.8701171875
4000804,33.14208984375
4000843,95.15380859375
4000860,36.1328125
4000891,50.23193359375
4000905,110.65673828125
4000947,29.96826171875
4000965,87.158203125
4000983,35.82763671875
4001011,85.26611328125
4001037,33.8134765625
4001062,55.96923828125
4001078,46.32568359375
4001092,36.68212890625
4001105,43.15185546875
4001143,35.70556640625
4001161,42.17529296875
4001174,44.3115234375
4001219,33.38623046875
4001234,30.2734375
4001259,48.15673828125
4001276,37.17041015625
4001315,31.6162109375
4001342,37.04833984375
4001383,30.8837890625
4001400,33.75244140625
4001425,37.65869140625
4001459,47.36328125
4001569,39.0625
4001605,32.470703125
4001621,31.43310546875
4001649,31.06689453125
4012239,29.541015625
4012312,43.0908203125
4012380,33.3251953125
4012421,29.47998046875
4012437,106.93359375
4012475,43.64013671875
4012498,115.72265625
4012512,92.83447265625
4012535,59.87548828125
4012555,72.93701171875
4012568,68.115234375
4012584,35.21728515625
4012598,70.1904296875
4012629,81.4208984375
4012646,48.828125
4012676,38.9404296875
4012693,48.2177734375
4012714,55.23681640625
4012733,41.9921875
4012754,35.58349609375
4012768,29.78515625
4012811,32.5927734375
4012839,49.49951171875
4012898,61.4013671875
4012958,29.96826171875
4013034,30.57861328125
4023481,31.3720703125
4023501,28.62548828125
4023549,30.8837890625
4023574,39.306640625
4023604,30.1513671875
4023622,35.70556640625
4023650,33.87451171875
4023663,33.50830078125
4023687,31.31103515625
4023707,91.73583984375
4023726,37.78076171875
4023760,37.53662109375
4023792,80.38330078125
4023810,44.677734375
4023822,51.7578125
4023837,34.912109375
4023864,43.701171875
4023876,69.82421875
4023888,59.5703125
4023929,49.37744140625
4023943,29.78515625
4023968,53.1005859375
4023986,66.10107421875
4024024,42.54150390625
4024058,30.3955078125
4024089,36.4990234375
4024107,28.564453125
4024133,28.564453125
4024206,29.84619140625
4024288,29.296875
4037430,33.75244140625
4037454,29.60205078125
4037516,32.1044921875
4037546,35.33935546875
4037566,75.25634765625
4037579,28.74755859375
4037608,31.79931640625
4037619,33.935546875
4037650,92.1630859375
4037665,71.96044921875
4037701,37.841796875
4037727,72.265625
4037745,57.06787109375
4037764,38.6962890625
4037776,66.162109375
4037821,39.00146484375
4037847,40.83251953125
4037903,35.70556640625
4038012,35.888671875
4048723,36.07177734375
4048790,30.21240234375
4048852,29.9072265625
4048995,39.306640625
4049018,29.11376953125
4049097,28.99169921875
4049115,33.38623046875
4049162,37.04833984375
4049264,30.57861328125
4049309,33.14208984375
4049390,30.70068359375
4061564,30.76171875
4061585,32.28759765625
4061605,33.38623046875
4061654,36.9873046875
4061706,34.5458984375
4061718,38.39111328125
4061764,38.4521484375
4061778,29.78515625
4061809,30.45654296875
4061837,31.67724609375
4061875,29.296875
4073096,39.6728515625
4073132,39.36767578125
4073172,40.46630859375
4073227,29.60205078125
4073261,41.19873046875
4073325,30.1513671875
4073354,29.1748046875
4073575,30.517578125
4074047,30.1513671875
4081418,29.1748046875
4081428,35.94970703125
4081467,30.517578125
4081501,28.80859375
4081855,30.76171875
4082651,29.78515625
4090655,29.23583984375
4090692,42.48046875
4090742,38.51318359375
4091087,29.11376953125
4100191,28.62548828125
4100217,30.33447265625
4100236,32.89794921875
4100257,50.23193359375
4100304,31.494140625
4100671,29.296875
4107484,69.4580078125
4109120,33.935546875
4109235,28.9306640625
4109563,29.11376953125
4109824,29.35791015625
4111493,29.296875
4111987,35.46142578125
4117295,40.0390625
4117312,32.71484375
4117345,30.45654296875
4117433,33.3251953125
4117904,29.1748046875
4124501,29.1748046875
4132894,29.35791015625
4132921,37.53662109375
4132953,32.16552734375
4133009,30.2734375
4134020,29.052734375
4142137,28.74755859375
4142214,29.47998046875
4142241,31.06689453125
4151104,29.541015625
4160793,31.43310546875
4160865,30.6396484375
4161064,34.66796875
4161769,36.56005859375
4168238,32.65380859375
4175811,39.9169921875
4175856,30.45654296875
4175884,29.4189453125
4185901,32.1044921875
4193316,36.7431640625
4197340,35.58349609375
4197364,32.28759765625
4197397,29.35791015625
4197420,31.92138671875
4197518,30.76171875
4216786,31.8603515625
4216927,31.005859375
4238029,29.23583984375
4238050,30.3955078125
4238208,28.80859375
4257031,31.18896484375
5027146,30.21240234375
5133706,30.517578125
5535335,32.28759765625
5744740,28.86962890625
6543682,29.9072265625
6543713,39.24560546875
6544123,35.2783203125
6544155,102.47802734375
6544165,50.47607421875
6544192,87.158203125
6544228,60.791015625
6544259,84.89990234375
6544280,39.306640625
6544312,44.61669921875
6544343,32.53173828125
6544362,43.212890625
6544373,38.14697265625
6544393,34.66796875
6544450,49.01123046875
6544527,37.2314453125
6544553,32.71484375
6544567,42.17529296875
6544599,29.6630859375
6544677,31.982421875
6544813,30.09033203125
6553757,35.09521484375
6553921,29.296875
6553943,34.11865234375
6553953,33.02001953125
6553987,34.85107421875
6554009,107.2998046875
6554046,30.3955078125
6554078,127.62451171875
6554098,81.0546875
6554129,111.4501953125
6554143,41.8701171875
6554156,54.443359375
6554171,41.93115234375
6554194,62.31689453125
6554216,55.11474609375
6554250,35.888671875
6554276,33.75244140625
6554286,29.9072265625
6554324,35.82763671875
6554344,35.0341796875
6554377,32.16552734375
6554388,33.38623046875
6554411,40.4052734375
6554435,29.60205078125
6554459,29.84619140625
6554505,35.33935546875
6554515,34.36279296875
6554541,32.958984375
6554577,39.794921875
6554638,39.24560546875
6554743,30.21240234375
6554764,31.55517578125
6554855,29.84619140625
6554881,29.78515625
6555000,38.02490234375
6555054,29.47998046875
6555113,39.61181640625
6555166,29.296875
6555224,35.58349609375
6555263,42.90771484375
6555301,30.33447265625
6555320,36.62109375
6555495,32.53173828125
6555561,31.73828125
6619844,52.24609375
6619865,50.6591796875
6619886,116.88232421875
6619916,94.6044921875
6619929,60.85205078125
6619945,33.3251953125
6619955,29.78515625
6619969,51.45263671875
6619988,32.2265625
6620001,37.109375
6620022,39.73388671875
6620063,38.63525390625
6620100,39.48974609375
6620120,45.41015625
6620155,30.6396484375
6620210,37.7197265625
6620239,48.33984375
6620272,33.75244140625
6620331,52.1240234375
6620343,53.7109375
6620371,38.14697265625
6620420,40.52734375
6620433,34.85107421875
6620477,33.63037109375
6620508,34.97314453125
6620527,35.82763671875
6620564,30.09033203125
6620659,50.048828125
6620772,32.3486328125
6620861,28.62548828125
6620922,31.6162109375
6621476,28.6865234375
6628811,29.35791015625
6636144,37.17041015625
6636202,46.38671875
6636238,109.19189453125
6636269,43.5791015625
6636288,74.3408203125
6636299,87.46337890625
6636325,66.0400390625
6636349,48.583984375
6636360,40.6494140625
6636378,37.9638671875
6636396,36.56005859375
6636411,39.00146484375
6636424,39.48974609375
6636434,37.2314453125
6636474,35.888671875
6636503,39.73388671875
6636516,36.68212890625
6636551,28.74755859375
6636575,42.17529296875
6636600,34.7900390625
6636631,31.73828125
6636647,33.75244140625
6636670,31.55517578125
6636696,36.376953125
6636716,39.1845703125
6636741,34.60693359375
6636765,34.5458984375
6636789,31.1279296875
6636817,38.63525390625
6636889,30.2734375
6636934,29.23583984375
6636985,34.5458984375
6637005,30.57861328125
6637101,28.80859375
6637195,38.330078125
6637218,36.865234375
6637281,43.76220703125
6637326,35.21728515625
6637354,34.5458984375
6637540,42.1142578125
6650012,31.55517578125
6650029,40.52734375
6650061,30.21240234375
6650096,29.47998046875
6650131,34.0576171875
6650175,35.0341796875
6650201,77.81982421875
6650216,29.72412109375
6650233,56.57958984375
6650246,54.6875
6650281,57.18994140625
6650305,36.4990234375
6650322,33.02001953125
6650350,52.55126953125
6650379,31.55517578125
6650390,47.2412109375
6650426,44.7998046875
6650444,36.1328125
6650458,43.15185546875
6650485,28.9306640625
6650511,33.5693359375
6650528,29.72412109375
6650557,36.31591796875
6650569,40.283203125
6650608,33.26416015625
6650649,51.20849609375
6650691,34.24072265625
6650705,52.79541015625
6650751,51.26953125
6650771,28.74755859375
6650821,32.89794921875
6650931,42.66357421875
6650946,28.62548828125
6651023,29.47998046875
6651060,39.4287109375
6651091,29.72412109375
6667028,31.18896484375
6667061,28.62548828125
6667085,28.74755859375
6667127,96.61865234375
6667152,31.92138671875
6667177,118.65234375
6667209,91.796875
6667226,87.34130859375
6667252,51.025390625
6667286,86.0595703125
6667302,41.1376953125
6667328,43.9453125
6667348,38.75732421875
6667358,40.0390625
6667375,29.6630859375
6667392,39.4287109375
6667424,30.09033203125
6667437,48.33984375
6667460,29.541015625
6667478,34.72900390625
6667498,37.109375
6667533,34.60693359375
6667604,28.99169921875
6667628,33.3251953125
6667651,32.1044921875
6667661,29.78515625
6667737,34.3017578125
6667801,33.447265625
6679605,34.72900390625
6679682,29.296875
6679708,28.74755859375
6679720,28.99169921875
6679768,80.322265625
6679790,35.15625
6679812,28.99169921875
6679841,89.17236328125
6679852,50.84228515625
6679876,67.32177734375
6679898,51.57470703125
6679914,62.255859375
6679944,57.4951171875
6679956,44.12841796875
6679971,53.16162109375
6679998,28.99169921875
6680015,63.65966796875
6680046,62.01171875
6680068,36.2548828125
6680094,44.98291015625
6680106,62.92724609375
6680136,38.0859375
6680147,45.0439453125
6680176,30.45654296875
6680200,35.09521484375
6680244,47.607421875
6680268,34.423828125
6680292,29.1748046875
6680320,29.47998046875
6680346,41.56494140625
6680371,40.6494140625
6680459,28.80859375
6680520,29.052734375
6680694,29.96826171875
6694737,28.9306640625
6694798,42.66357421875
6694817,31.73828125
6694859,31.8603515625
6694874,82.70263671875
6694901,29.60205078125
6694921,87.40234375
6694938,108.0322265625
6694965,55.908203125
6694986,49.31640625
6695006,40.6494140625
6695020,38.39111328125
6695031,33.99658203125
6695043,59.326171875
6695058,37.41455078125
6695094,75.50048828125
6695104,51.513671875
6695124,38.330078125
6695145,33.203125
6695155,38.63525390625
6695187,29.84619140625
6695217,36.9873046875
6695251,35.7666015625
6695276,44.73876953125
6695298,36.80419921875
6695311,30.517578125
6695323,30.94482421875
6695344,31.494140625
6695378,32.3486328125
6695419,35.46142578125
6709293,31.3720703125
6709313,29.052734375
6709368,36.92626953125
6709388,28.74755859375
6709420,37.90283203125
6709435,80.322265625
6709456,46.142578125
6709478,43.5791015625
6709510,105.65185546875
6709532,36.376953125
6709547,98.388671875
6709571,64.8193359375
6709606,36.376953125
6709624,57.4951171875
6709647,41.1376953125
6709667,33.935546875
6709685,36.865234375
6709705,37.841796875
6709730,58.77685546875
6709754,39.36767578125
6709778,58.04443359375
6709801,36.865234375
6709824,29.23583984375
6709850,29.60205078125
6724640,33.935546875
6724651,29.052734375
6724672,31.1279296875
6724695,28.62548828125
6724723,31.79931640625
6724749,34.72900390625
6724776,84.89990234375
6724795,45.22705078125
6724823,45.2880859375
6724839,53.8330078125
6724866,76.23291015625
6724896,36.4990234375
6724915,59.14306640625
6724929,35.0341796875
6724947,63.41552734375
6724960,35.2783203125
6724984,34.912109375
6725004,28.564453125
6725018,32.958984375
6725040,35.2783203125
6725072,43.02978515625
6725130,35.94970703125
6725148,30.82275390625
6725195,32.04345703125
6725350,31.494140625
6725405,31.1279296875
6740466,28.99169921875
6740491,28.86962890625
6740508,37.109375
6740536,30.1513671875
6740561,35.64453125
6740593,34.5458984375
6740615,36.1328125
6740634,39.24560546875
6740671,31.79931640625
6740705,80.9326171875
6740722,33.38623046875
6740755,32.1044921875
6740776,34.3017578125
6740799,31.8603515625
6740860,29.23583984375
6740885,32.71484375
6741049,32.71484375
6743973,32.65380859375
6751823,31.18896484375
6751918,32.470703125
6751958,29.23583984375
6751976,29.052734375
6752054,31.8603515625
6752087,29.96826171875
6752198,31.1279296875
6752255,34.7900390625
6760675,31.43310546875
6760787,31.43310546875
6760806,29.6630859375
6760936,30.76171875
6761196,28.99169921875
6761352,32.470703125
6770952,40.34423828125
6770971,28.80859375
6771005,28.86962890625
6771054,47.607421875
6771282,31.25
6771411,38.14697265625
6780051,28.62548828125
6780064,28.9306640625
6790886,31.79931640625
6790989,31.55517578125
6791026,30.70068359375
6791277,29.35791015625
6801232,32.1044921875
6801281,31.494140625
6801302,36.7431640625
6812181,29.84619140625
6823729,29.541015625
6823787,33.5693359375
6823862,29.296875
6823930,29.84619140625
6824001,28.62548828125
6833378,30.2734375
6833409,30.09033203125
6833477,39.6728515625
6833527,30.1513671875
6833891,28.74755859375
6842508,30.1513671875
6842581,35.2783203125
6843188,29.60205078125
6857224,31.06689453125
6857255,39.24560546875
6857443,29.35791015625
6872192,31.43310546875
6912212,28.564453125
6912294,29.6630859375
6912485,30.57861328125
6912558,38.75732421875
6913152,30.029296875
7354831,75.37841796875
7686070,34.85107421875
