11999000,0
22,28.564453125
1242,21.54541015625
12747,20.8740234375
16698,20.8740234375
32385,23.0712890625
41809,21.8505859375
43190,21.17919921875
58861,24.7802734375
65579,31.1279296875
76163,24.96337890625
95473,28.076171875
105935,34.0576171875
107088,24.71923828125
115614,20.01953125
116697,33.75244140625
138615,29.78515625
157886,26.4892578125
167560,29.052734375
181602,29.6630859375
185655,30.2734375
201312,27.77099609375
201370,31.005859375
202533,29.60205078125
203291,25.0244140625
203628,28.564453125
203939,29.296875
204253,26.85546875
204444,25.81787109375
204581,27.77099609375
204902,23.74267578125
205202,27.16064453125
205474,27.7099609375
205540,20.44677734375
205730,24.0478515625
205972,29.78515625
206106,33.02001953125
206435,27.03857421875
206644,27.28271484375
206700,21.240234375
206738,20.99609375
207228,22.216796875
207487,25.7568359375
225490,30.33447265625
242238,26.42822265625
245675,26.611328125
262204,32.71484375
263174,29.296875
274919,27.64892578125
278243,29.47998046875
285192,29.72412109375
296316,26.0009765625
297202,25.93994140625
297309,20.08056640625
302763,22.8271484375
305051,21.66748046875
319224,21.97265625
320737,26.0009765625
334019,22.88818359375
339300,22.52197265625
340258,29.35791015625
340569,26.30615234375
340819,27.77099609375
341048,28.6865234375
341314,27.9541015625
341336,23.13232421875
341603,23.74267578125
341644,25.2685546875
341835,28.4423828125
341996,30.76171875
342261,21.91162109375
342532,29.052734375
342585,21.42333984375
342818,26.67236328125
342919,24.169921875
343140,32.89794921875
343412,38.51318359375
343593,29.4189453125
344095,24.4140625
344195,26.0009765625
360744,28.01513671875
363270,29.6630859375
366973,25.0244140625
371850,29.6630859375
372255,26.7333984375
373854,33.87451171875
376322,25.0244140625
384449,21.66748046875
387183,30.94482421875
388777,20.56884765625
394730,28.076171875
399338,27.28271484375
401530,21.8505859375
402406,33.3251953125
403570,23.98681640625
408528,27.16064453125
408559,23.01025390625
410158,28.076171875
420477,35.82763671875
421807,28.076171875
431882,29.6630859375
433922,23.49853515625
434282,28.99169921875
434453,24.59716796875
434926,28.6865234375
435169,23.74267578125
435294,26.55029296875
435357,24.90234375
435613,25.7568359375
435908,27.03857421875
436122,22.52197265625
436200,20.69091796875
436418,32.958984375
436450,23.62060546875
436726,21.8505859375
436950,36.2548828125
437242,20.93505859375
437627,24.23095703125
437680,27.34375
437717,23.0712890625
438226,23.13232421875
438965,20.6298828125
455308,27.099609375
456602,20.20263671875
457902,23.74267578125
460601,25.93994140625
463584,28.13720703125
469342,22.3388671875
470922,23.86474609375
471051,31.79931640625
471812,28.1982421875
472384,29.84619140625
472857,29.6630859375
472875,21.66748046875
473154,24.4140625
473481,22.94921875
473735,20.6298828125
473819,27.2216796875
474195,22.52197265625
474276,26.123046875
474889,30.1513671875
474943,23.37646484375
475391,23.681640625
475526,24.4140625
476153,20.3857421875
493451,24.90234375
496004,27.587890625
499827,27.9541015625
511437,25.390625
512752,23.62060546875
513840,24.47509765625
517666,30.33447265625
534625,26.67236328125
543893,27.9541015625
553742,26.67236328125
568368,20.263671875
568810,27.83203125
582018,21.42333984375
582282,25.20751953125
599044,32.8369140625
606520,31.18896484375
623919,27.9541015625
629040,33.3251953125
639556,32.53173828125
652365,28.1982421875
660031,30.6396484375
662614,20.263671875
687352,27.7099609375
700000,21.17919921875
703411,24.96337890625
713375,20.44677734375
717775,28.4423828125
729996,28.25927734375
756217,28.50341796875
765385,26.0009765625
775748,30.76171875
777863,27.4658203125
789393,21.66748046875
811737,30.029296875
813224,30.57861328125
831549,21.240234375
834927,24.71923828125
850084,22.5830078125
865757,27.16064453125
866124,30.8837890625
880082,23.193359375
884348,27.83203125
895235,30.33447265625
914309,26.91650390625
918072,19.8974609375
919667,33.8134765625
931664,29.541015625
935943,30.029296875
936922,25.5126953125
937733,29.72412109375
938227,26.42822265625
938518,31.494140625
938752,34.24072265625
939004,30.76171875
939036,20.93505859375
939254,23.49853515625
939506,20.69091796875
939536,22.0947265625
939739,23.13232421875
939788,35.64453125
940012,21.91162109375
940276,34.48486328125
940487,22.64404296875
940950,28.86962890625
941042,22.39990234375
941310,27.03857421875
941327,27.40478515625
941700,35.82763671875
941766,20.8740234375
941931,27.28271484375
942349,21.30126953125
942467,25.146484375
942921,22.03369140625
960476,21.3623046875
960951,25.69580078125
963520,26.67236328125
968064,23.01025390625
974593,29.296875
975833,20.32470703125
979129,28.50341796875
983119,30.029296875
992180,23.193359375
992928,20.93505859375
1005611,23.74267578125
1008571,31.3720703125
1020728,24.59716796875
1026408,26.67236328125
1038762,28.6865234375
1040657,23.86474609375
1040937,30.029296875
1041687,31.6162109375
1042248,21.78955078125
1065435,26.611328125
1074622,27.4658203125
1085633,28.3203125
1089483,25.69580078125
1091468,22.64404296875
1093257,26.123046875
1103526,24.84130859375
1123378,26.611328125
1134370,34.5458984375
1143753,24.71923828125
1155818,21.97265625
1173953,20.20263671875
1184131,32.77587890625
1196398,22.52197265625
1196896,21.54541015625
1231799,34.24072265625
1240852,22.94921875
1260181,27.40478515625
1262324,23.01025390625
1284390,28.076171875
1293757,21.17919921875
1304578,21.97265625
1310282,26.67236328125
1313160,28.99169921875
1313799,26.06201171875
1314196,31.31103515625
1314563,28.25927734375
1314843,27.52685546875
1314961,32.16552734375
1315135,29.11376953125
1315359,27.52685546875
1315453,26.18408203125
1315518,22.0947265625
1315600,28.564453125
1315685,20.32470703125
1315800,28.86962890625
1315874,23.98681640625
1316012,24.169921875
1316207,22.64404296875
1316456,31.55517578125
1316477,33.935546875
1316618,26.9775390625
1316743,23.3154296875
1317020,24.5361328125
1317165,24.169921875
1317322,24.23095703125
1317355,35.0341796875
1317436,21.17919921875
1318172,38.75732421875
1318934,33.203125
1334118,29.6630859375
1337878,25.20751953125
1337980,21.54541015625
1338811,20.6298828125
1345005,21.54541015625
1348190,27.83203125
1350860,25.20751953125
1351540,24.7802734375
1351840,33.203125
1352330,24.47509765625
1353102,26.123046875
1353416,27.9541015625
1353597,29.4189453125
1355155,26.611328125
1355544,22.0947265625
1355994,20.20263671875
1356399,25.87890625
1356731,24.7802734375
1357295,22.216796875
1357683,20.56884765625
1357714,23.37646484375
1358125,20.751953125
1358526,20.44677734375
1374111,25.20751953125
1376791,26.06201171875
1378412,23.0712890625
1384346,27.28271484375
1388141,29.78515625
1392248,23.37646484375
1399793,21.240234375
1400236,25.5126953125
1410566,19.8974609375
1415164,27.83203125
1427148,21.91162109375
1427167,31.6162109375
1443820,28.1982421875
1445275,27.9541015625
1445692,32.3486328125
1448287,24.0478515625
1463772,23.0712890625
1475357,30.6396484375
1482336,21.05712890625
1482377,28.564453125
1487486,30.6396484375
1512634,28.6865234375
1512686,21.30126953125
1538911,31.06689453125
1545105,28.86962890625
1563085,31.31103515625
1567506,26.3671875
1587419,20.69091796875
1598917,29.11376953125
1600019,21.8505859375
1622695,21.05712890625
1623131,26.79443359375
1633446,27.34375
1638698,30.33447265625
1639018,22.15576171875
1653384,28.6865234375
1664177,21.05712890625
1685229,33.02001953125
1695715,29.4189453125
1702823,32.28759765625
1722958,28.50341796875
1737234,34.24072265625
1754201,26.3671875
1769744,22.8271484375
1771397,28.564453125
1772114,27.28271484375
1774818,27.9541015625
1783321,28.076171875
1792084,22.4609375
1794401,32.8369140625
1794603,20.08056640625
1794809,25.5126953125
1795465,32.1044921875
1795503,24.7802734375
1795866,28.1982421875
1796115,26.85546875
1796269,32.53173828125
1796283,28.74755859375
1796459,23.681640625
1796526,36.1328125
1796612,21.97265625
1796679,29.23583984375
1796824,20.3857421875
1797171,24.169921875
1797270,23.681640625
1797362,23.4375
1797542,26.7333984375
1797698,32.04345703125
1797890,45.47119140625
1797939,19.95849609375
1798122,32.04345703125
1798163,22.5830078125
1798458,34.24072265625
1798502,27.4658203125
1798774,23.681640625
1798904,21.42333984375
1798975,35.5224609375
1799267,29.052734375
1799354,36.0107421875
1799589,20.8740234375
1799648,21.05712890625
1799889,22.3388671875
1800047,39.6728515625
1800928,36.9873046875
1800990,21.05712890625
1801354,19.83642578125
1816645,21.728515625
1816693,26.9775390625
1817588,25.2685546875
1818586,26.0009765625
1822845,23.62060546875
1824979,25.0244140625
1827377,23.92578125
1828327,26.123046875
1830143,33.5693359375
1831958,25.634765625
1833151,29.4189453125
1833822,22.5830078125
1834277,24.5361328125
1835259,24.35302734375
1836074,29.1748046875
1836172,23.86474609375
1836747,26.30615234375
1848760,29.1748046875
1851763,26.3671875
1855520,31.67724609375
1861340,26.7333984375
1864893,30.33447265625
1865827,26.123046875
1871271,25.32958984375
1872503,20.20263671875
1874912,28.9306640625
1883758,29.60205078125
1885683,27.28271484375
1887119,28.6865234375
1888427,23.3154296875
1888948,27.40478515625
1889319,28.13720703125
1889987,23.01025390625
1891204,27.77099609375
1891841,29.11376953125
1891882,26.123046875
1892880,24.84130859375
1916416,26.79443359375
1920224,28.74755859375
1923370,22.15576171875
1923387,20.93505859375
1935905,20.69091796875
1939703,27.16064453125
1950420,25.57373046875
1957834,28.01513671875
1971838,26.123046875
1977734,24.47509765625
1977754,20.81298828125
1984234,27.40478515625
1995809,19.83642578125
1997046,41.259765625
1997639,21.8505859375
2009335,21.30126953125
2014306,22.52197265625
2016015,26.7333984375
2029863,25.69580078125
2040595,21.42333984375
2043432,32.28759765625
2058593,28.25927734375
2069746,25.0244140625
2079190,23.681640625
2094839,23.01025390625
2095831,25.32958984375
2136183,30.6396484375
2149082,30.57861328125
2158111,29.23583984375
2158739,23.01025390625
2171997,33.50830078125
2173531,28.38134765625
2176939,23.98681640625
2208699,25.93994140625
2238610,21.484375
2245987,26.91650390625
2251753,26.9775390625
2268167,25.2685546875
2282035,30.57861328125
2284190,30.57861328125
2286911,30.517578125
2290609,20.01953125
2303697,27.64892578125
2312628,30.6396484375
2331607,25.20751953125
2347055,25.87890625
2361184,29.78515625
2361691,25.93994140625
2370589,21.8505859375
2371408,22.03369140625
2374136,22.15576171875
2383941,26.611328125
2389936,20.69091796875
2394699,25.08544921875
2407427,28.50341796875
2408476,20.99609375
2409701,26.06201171875
2419596,27.89306640625
2429546,30.70068359375
2438482,22.8271484375
2441426,27.9541015625
2446160,20.263671875
2446243,27.28271484375
2447323,29.6630859375
2447602,29.35791015625
2448255,29.60205078125
2448471,34.3017578125
2448642,20.20263671875
2448697,28.1982421875
2448799,21.728515625
2449002,35.2783203125
2449229,27.587890625
2449241,38.4521484375
2449252,25.0244140625
2449407,30.76171875
2449605,25.32958984375
2449717,23.0712890625
2449752,22.03369140625
2449982,40.10009765625
2449993,22.0947265625
2450160,29.47998046875
2450472,23.193359375
2450573,38.75732421875
2450635,27.64892578125
2450913,23.13232421875
2451076,43.02978515625
2451146,26.7333984375
2451406,19.95849609375
2451457,38.87939453125
2451491,23.92578125
2451888,31.25
2451907,37.353515625
2451922,22.39990234375
2452387,30.09033203125
2452935,20.99609375
2452996,34.423828125
2453357,20.5078125
2453873,35.2783203125
2454863,35.58349609375
2457178,27.099609375
2468710,27.9541015625
2471825,33.99658203125
2472345,28.80859375
2472974,29.23583984375
2473701,25.69580078125
2474731,21.6064453125
2475214,20.81298828125
2475615,27.89306640625
2475857,20.99609375
2476128,20.01953125
2476465,24.71923828125
2476709,20.3857421875
2477153,20.32470703125
2477422,26.18408203125
2477553,23.62060546875
2478081,27.9541015625
2478146,19.83642578125
2478671,28.13720703125
2492746,31.25
2493538,27.28271484375
2494594,27.099609375
2502177,28.9306640625
2503388,23.13232421875
2505320,21.97265625
2507158,28.38134765625
2508378,26.91650390625
2508883,26.4892578125
2509595,24.96337890625
2509955,27.77099609375
2510000,28.99169921875
2510231,23.8037109375
2510402,22.216796875
2510562,22.94921875
2510939,31.79931640625
2511017,25.32958984375
2511231,21.3623046875
2511303,26.18408203125
2511595,28.62548828125
2511856,23.5595703125
2512079,29.052734375
2512307,24.4140625
2512521,38.0859375
2512601,22.64404296875
2512730,22.705078125
2513314,27.7099609375
2513707,31.55517578125
2514265,19.95849609375
2514958,42.8466796875
2533365,26.30615234375
2537619,27.64892578125
2538372,27.83203125
2543603,29.60205078125
2545429,28.076171875
2546125,25.390625
2546845,26.79443359375
2547538,24.59716796875
2547775,26.3671875
2548023,31.1279296875
2548259,24.90234375
2548492,26.2451171875
2548583,26.79443359375
2548815,20.32470703125
2549002,26.42822265625
2549121,20.01953125
2549320,33.14208984375
2549445,22.27783203125
2549787,26.42822265625
2550075,19.8974609375
2550122,24.2919921875
2550167,36.0107421875
2550310,23.0712890625
2550462,24.96337890625
2550885,23.3154296875
2550900,25.08544921875
2551564,22.705078125
2552013,21.728515625
2572333,20.01953125
2572805,26.4892578125
2579365,27.099609375
2580852,25.57373046875
2591827,28.99169921875
2594075,31.55517578125
2594514,27.28271484375
2609850,25.5126953125
2611603,31.73828125
2620016,30.70068359375
2621316,20.08056640625
2637692,26.79443359375
2644884,23.193359375
2657884,20.56884765625
2668343,29.1748046875
2682052,20.44677734375
2683674,28.74755859375
2710143,29.541015625
2725274,24.90234375
2725938,30.2734375
2772001,29.11376953125
2777910,20.08056640625
2785494,19.95849609375
2792380,26.7333984375
2795057,19.8974609375
2799709,30.82275390625
2809183,25.87890625
2813057,28.38134765625
2828596,28.80859375
2832314,22.8271484375
2834571,29.96826171875
2849310,19.83642578125
2864443,31.6162109375
2875182,31.494140625
2879438,32.3486328125
2882268,28.99169921875
2882701,24.47509765625
2882930,28.74755859375
2883363,25.390625
2897728,25.390625
2910257,31.73828125
2915519,20.69091796875
2926745,31.73828125
2927153,21.91162109375
2928019,28.86962890625
2945239,31.494140625
2946136,30.57861328125
2954251,20.32470703125
2970161,20.32470703125
2971461,31.8603515625
2973621,28.50341796875
3001406,25.390625
3017021,27.9541015625
3027472,30.57861328125
3038054,33.99658203125
3051230,33.63037109375
3057866,27.03857421875
3068538,33.0810546875
3083008,29.296875
3095610,27.4658203125
3101459,27.2216796875
3104876,19.83642578125
3113043,30.82275390625
3119501,20.32470703125
3120071,27.77099609375
3125437,31.18896484375
3142422,30.6396484375
3151291,30.76171875
3166995,30.21240234375
3176498,22.216796875
3180307,29.6630859375
3182366,30.57861328125
3199747,26.123046875
3205642,24.2919921875
3206570,27.28271484375
3220079,22.216796875
3226730,28.74755859375
3236420,20.99609375
3243391,30.21240234375
3245512,24.0478515625
3245904,26.79443359375
3246074,32.8369140625
3246248,22.705078125
3246286,24.10888671875
3246505,31.92138671875
3246645,29.23583984375
3246825,38.87939453125
3246863,25.45166015625
3246946,30.33447265625
3247040,24.59716796875
3247179,24.10888671875
3247334,46.5087890625
3247381,34.66796875
3247481,23.0712890625
3247627,24.2919921875
3247643,36.68212890625
3247780,22.76611328125
3247866,24.59716796875
3247916,20.69091796875
3247968,34.72900390625
3248086,20.3857421875
3248212,23.92578125
3248316,33.69140625
3248619,25.20751953125
3248872,26.55029296875
3248963,34.60693359375
3249086,26.2451171875
3249256,24.90234375
3249405,22.216796875
3249639,35.15625
3249750,26.7333984375
3249896,20.69091796875
3250189,23.0712890625
3250222,28.25927734375
3250686,21.66748046875
3250708,28.6865234375
3251212,26.0009765625
3251626,30.2734375
3252142,32.77587890625
3252895,29.78515625
3253971,21.78955078125
3255061,23.13232421875
3265849,21.42333984375
3267663,21.17919921875
3270773,24.47509765625
3273322,22.705078125
3274374,28.86962890625
3275054,20.99609375
3275568,23.25439453125
3275596,20.56884765625
3275783,29.1748046875
3275990,20.32470703125
3276240,20.32470703125
3276420,23.92578125
3276593,27.40478515625
3276630,21.91162109375
3276840,20.1416015625
3276919,22.216796875
3277296,28.50341796875
3277647,26.55029296875
3278054,34.11865234375
3278200,21.42333984375
3278440,23.37646484375
3279328,20.6298828125
3279431,35.70556640625
3281487,20.5078125
3295317,27.77099609375
3296475,31.43310546875
3298155,28.076171875
3305510,26.91650390625
3308762,32.3486328125
3310575,22.5830078125
3312228,25.81787109375
3313559,24.4140625
3315816,23.62060546875
3322148,21.91162109375
3322306,26.123046875
3324820,28.13720703125
3327264,29.9072265625
3328020,28.076171875
3333682,26.123046875
3337748,30.029296875
3338763,22.15576171875
3344072,26.30615234375
3344455,32.40966796875
3345317,25.93994140625
3347046,27.28271484375
3348492,25.146484375
3352775,26.18408203125
3358427,28.1982421875
3361807,22.52197265625
3366917,23.8037109375
3370677,30.21240234375
3378528,26.79443359375
3380049,30.33447265625
3383070,27.64892578125
3398336,20.32470703125
3399219,32.5927734375
3406080,33.02001953125
3411146,21.17919921875
3414853,19.8974609375
3415421,27.099609375
3421161,31.79931640625
3427399,19.8974609375
3427659,22.03369140625
3438369,26.91650390625
3440515,28.1982421875
3452797,26.7333984375
3460627,21.05712890625
3463558,28.01513671875
3469244,27.89306640625
3473892,20.81298828125
3490569,26.9775390625
3493223,29.541015625
3503137,33.02001953125
3507402,20.08056640625
3508603,27.89306640625
3524163,26.4892578125
3539884,25.7568359375
3547282,29.35791015625
3547514,28.3203125
3576152,20.99609375
3578554,25.81787109375
3587061,26.79443359375
3605131,27.83203125
3605647,31.18896484375
3627337,20.44677734375
3632210,24.59716796875
3655001,30.6396484375
3685195,25.81787109375
3688280,25.0244140625
3698893,23.5595703125
3715089,25.0244140625
3715817,20.6298828125
3728818,28.38134765625
3746024,20.20263671875
3748659,22.39990234375
3762727,22.52197265625
3763924,27.83203125
3773819,23.74267578125
3774369,29.296875
3774832,27.40478515625
3789442,26.18408203125
3802961,24.90234375
3805599,20.263671875
3819051,30.3955078125
3822265,24.0478515625
3822526,20.20263671875
3822958,26.3671875
3839320,28.4423828125
3843225,21.17919921875
3861522,26.3671875
3895747,27.03857421875
3908101,23.92578125
3935707,30.33447265625
3936105,28.1982421875
3937041,27.2216796875
3937243,24.2919921875
3937383,25.5126953125
3937410,20.01953125
3937494,20.1416015625
3937526,28.50341796875
3937690,29.4189453125
3937764,28.4423828125
3937873,26.123046875
3937911,62.07275390625
3938021,20.263671875
3938065,30.3955078125
3938226,28.13720703125
3938268,41.1376953125
3938365,30.45654296875
3938502,23.01025390625
3938651,20.93505859375
3938663,33.99658203125
3938799,21.54541015625
3938963,33.26416015625
3939089,23.01025390625
3939255,35.64453125
3939268,25.32958984375
3939498,32.1044921875
3939521,24.35302734375
3939638,21.3623046875
3939721,22.8271484375
3939887,27.40478515625
3940092,23.5595703125
3940242,22.27783203125
3940322,38.4521484375
3940483,24.5361328125
3940801,28.076171875
3940819,22.39990234375
3941222,24.10888671875
3941545,24.96337890625
3941823,23.98681640625
3942129,20.69091796875
3942572,20.1416015625
3943142,28.74755859375
3943683,28.4423828125
3944591,20.263671875
3957890,26.06201171875
3958679,23.681640625
3963152,24.10888671875
3969433,24.35302734375
3970446,28.86962890625
3970990,27.40478515625
3971288,26.42822265625
3971526,25.20751953125
3971568,24.10888671875
3971713,21.3623046875
3971886,20.99609375
3971970,28.80859375
3972082,20.8740234375
3972227,30.21240234375
3972285,23.193359375
3972505,22.27783203125
3972833,29.47998046875
3972919,39.61181640625
3973078,29.84619140625
3973335,23.37646484375
3973502,33.87451171875
3973540,27.9541015625
3973762,24.35302734375
3973937,32.89794921875
3973957,25.57373046875
3974256,26.79443359375
3974452,28.3203125
3974626,36.4990234375
3974815,26.3671875
3974890,27.34375
3975123,28.86962890625
3975243,22.88818359375
3975465,38.14697265625
3975858,28.80859375
3976122,21.240234375
3976214,25.7568359375
3976550,32.16552734375
3977148,27.9541015625
3977512,23.37646484375
3977593,20.32470703125
3978101,27.16064453125
3996406,29.296875
3997701,26.30615234375
4000785,24.23095703125
4002861,25.57373046875
4004748,25.2685546875
4005094,32.28759765625
4005412,32.77587890625
4005541,22.216796875
4005744,24.658203125
4005819,20.93505859375
4006243,29.6630859375
4006526,22.8271484375
4006752,24.90234375
4006960,27.587890625
4006972,40.4052734375
4007254,27.16064453125
4007427,36.68212890625
4007506,25.7568359375
4007755,22.15576171875
4007878,38.14697265625
4008020,24.0478515625
4008322,51.69677734375
4008636,24.84130859375
4008693,33.63037109375
4009085,32.2265625
4009367,24.47509765625
4009389,26.06201171875
4009812,26.18408203125
4010276,20.32470703125
4010347,36.4990234375
4010770,20.01953125
4010851,33.203125
4011222,37.109375
4011816,28.38134765625
4025778,20.1416015625
4032480,25.390625
4033581,22.4609375
4036056,24.96337890625
4036673,31.25
4036998,23.4375
4037246,27.03857421875
4037430,23.62060546875
4037661,26.7333984375
4037671,23.5595703125
4038020,22.03369140625
4038077,25.146484375
4038506,27.099609375
4038758,24.7802734375
4039079,27.099609375
4039360,20.56884765625
4039668,26.67236328125
4039697,32.71484375
4039982,26.42822265625
4040509,39.85595703125
4040544,24.84130859375
4066187,23.86474609375
4067818,34.48486328125
4068811,23.5595703125
4072645,21.54541015625
4080506,27.9541015625
4090112,30.09033203125
4091923,25.45166015625
4092925,26.55029296875
4094121,27.4658203125
4094972,27.40478515625
4095910,26.42822265625
4103210,28.9306640625
4104261,20.69091796875
4105712,27.83203125
4117212,24.90234375
4125851,26.42822265625
4136237,27.16064453125
4137783,30.33447265625
4159875,22.216796875
4174687,23.37646484375
4180928,24.35302734375
4195851,21.3623046875
4196736,32.77587890625
4207861,19.8974609375
4220044,28.01513671875
4244267,28.38134765625
4245539,31.73828125
4256458,22.39990234375
4256536,32.16552734375
4260417,31.1279296875
4268566,26.2451171875
4278516,24.10888671875
4283650,19.95849609375
4299795,20.99609375
4309161,20.20263671875
4309216,23.98681640625
4319568,25.57373046875
4321902,22.4609375
4355120,24.84130859375
4367197,22.76611328125
4375118,27.099609375
4379022,29.72412109375
4383776,25.93994140625
4398993,20.93505859375
4418311,28.74755859375
4424441,23.8037109375
4436459,26.85546875
4457254,28.86962890625
4457555,29.84619140625
4458885,26.06201171875
4473437,21.66748046875
4497321,20.56884765625
4502895,32.958984375
4508645,29.541015625
4524144,31.1279296875
4527771,19.95849609375
4529593,25.634765625
4536648,25.69580078125
4548091,30.70068359375
4560578,21.1181640625
4562305,29.9072265625
4571405,22.94921875
4579413,26.06201171875
4593206,26.79443359375
4602183,31.06689453125
4602400,22.03369140625
4624759,23.25439453125
4630726,20.1416015625
4646859,28.6865234375
4647259,27.9541015625
4647915,20.3857421875
4663903,26.55029296875
4669118,20.1416015625
4680133,28.3203125
4689182,19.83642578125
4693220,32.958984375
4708184,21.240234375
4710884,27.16064453125
4713764,26.7333984375
4715769,33.3251953125
4736669,33.14208984375
4748372,27.89306640625
4752219,31.494140625
4756898,25.5126953125
4785175,22.216796875
4794968,21.54541015625
4808321,29.11376953125
4810738,28.86962890625
4820955,26.0009765625
4826070,27.52685546875
4858383,21.91162109375
4866951,21.42333984375
4896582,28.076171875
4896978,23.5595703125
4929798,23.5595703125
4930313,25.69580078125
4930774,28.13720703125
4932761,27.03857421875
4941500,25.7568359375
4948083,28.80859375
4952197,21.8505859375
4955845,22.15576171875
4958426,36.9873046875
4964453,22.39990234375
4971319,30.94482421875
5006715,20.263671875
5011714,29.35791015625
5038385,20.69091796875
5055615,31.31103515625
5081299,28.86962890625
5090361,26.18408203125
5092833,24.47509765625
5118916,26.67236328125
5126310,23.62060546875
5130192,23.193359375
5135111,19.8974609375
5135980,28.86962890625
5136684,31.8603515625
5151571,20.5078125
5158040,31.73828125
5169307,28.564453125
5179249,21.17919921875
5187132,20.263671875
5197462,21.3623046875
5202927,27.587890625
5210854,31.31103515625
5224032,22.03369140625
5231483,34.36279296875
5248117,29.052734375
5267715,28.6865234375
5274522,27.77099609375
5284461,21.91162109375
5285370,35.46142578125
5290315,25.93994140625
5295614,20.5078125
5298697,26.123046875
5308033,32.40966796875
5315264,19.83642578125
5318396,31.982421875
5333241,27.587890625
5341506,24.23095703125
5341550,19.83642578125
5353853,28.62548828125
5371859,26.18408203125
5387789,22.39990234375
5393830,26.7333984375
5404814,26.9775390625
5414494,21.240234375
5422218,21.3623046875
5422696,27.9541015625
5443769,20.08056640625
5447017,28.80859375
5450346,30.45654296875
5450863,25.87890625
5458472,24.59716796875
5460910,26.4892578125
5480115,24.59716796875
5485109,27.64892578125
5485452,29.296875
5485988,32.16552734375
5486714,23.98681640625
5487183,31.92138671875
5487196,27.83203125
5487328,25.634765625
5487691,36.43798828125
5487930,40.8935546875
5488080,30.94482421875
5488094,22.94921875
5488231,23.74267578125
5488329,41.68701171875
5488375,22.39990234375
5488499,23.681640625
5488618,26.0009765625
5488672,31.92138671875
5488695,37.41455078125
5488851,20.01953125
5488929,27.64892578125
5488986,26.123046875
5489312,29.23583984375
5489372,21.05712890625
5489519,19.8974609375
5489673,23.62060546875
5489767,35.15625
5489820,21.8505859375
5489995,25.2685546875
5490128,24.4140625
5490174,21.8505859375
5490249,23.01025390625
5490346,21.97265625
5490573,25.87890625
5490828,24.23095703125
5490950,27.34375
5491062,23.193359375
5491196,19.83642578125
5491330,22.8271484375
5491513,22.76611328125
5491643,29.96826171875
5492059,21.54541015625
5492408,28.25927734375
5492824,27.16064453125
5493138,27.83203125
5493374,26.9775390625
5493842,26.55029296875
5494714,26.42822265625
5494764,31.494140625
5495678,31.6162109375
5505136,29.541015625
5506479,25.69580078125
5506769,23.74267578125
5507280,27.9541015625
5507379,20.93505859375
5507584,30.33447265625
5507828,31.1279296875
5508017,24.96337890625
5508106,25.0244140625
5508348,20.44677734375
5508502,23.193359375
5509061,20.01953125
5509102,23.74267578125
5509150,37.7197265625
5509340,22.27783203125
5509649,27.099609375
5509730,21.484375
5509893,30.94482421875
5509947,21.484375
5510290,34.5458984375
5510342,32.5927734375
5510363,21.05712890625
5510688,23.49853515625
5510845,36.68212890625
5511094,27.34375
5511334,31.6162109375
5511590,29.4189453125
5511926,36.92626953125
5512197,24.90234375
5512368,34.36279296875
5512895,31.982421875
5513480,30.8837890625
5514428,29.47998046875
5529220,24.96337890625
5529727,28.01513671875
5530298,25.390625
5538492,23.25439453125
5539847,26.611328125
5540245,26.4892578125
5540496,32.89794921875
5540747,20.8740234375
5540903,27.89306640625
5540936,22.5830078125
5541085,20.93505859375
5541095,27.9541015625
5541236,21.91162109375
5541318,21.30126953125
5541580,21.54541015625
5541594,37.109375
5541819,21.1181640625
5541990,30.1513671875
5542211,27.7099609375
5542451,19.8974609375
5542542,35.64453125
5542753,22.705078125
5543019,24.59716796875
5543037,37.841796875
5543304,22.52197265625
5543402,29.6630859375
5543633,21.8505859375
5543909,54.13818359375
5544366,24.23095703125
5544467,42.05322265625
5544841,39.00146484375
5544907,22.4609375
5544990,22.5830078125
5545264,32.71484375
5545748,33.63037109375
5546238,31.79931640625
5546672,33.63037109375
5547678,34.66796875
5566210,26.67236328125
5566941,22.64404296875
5568697,23.98681640625
5578625,24.90234375
5578800,21.05712890625
5578921,22.15576171875
5579249,28.80859375
5579464,27.9541015625
5579616,22.64404296875
5579762,21.78955078125
5579951,20.99609375
5580018,29.47998046875
5580310,28.13720703125
5580480,29.47998046875
5580521,37.90283203125
5580666,24.59716796875
5580768,20.20263671875
5580835,20.69091796875
5580918,20.20263671875
5581008,21.05712890625
5581234,21.1181640625
5581379,33.99658203125
5581447,24.5361328125
5581656,20.20263671875
5581821,39.36767578125
5581958,24.84130859375
5582206,23.01025390625
5582218,34.1796875
5582479,22.3388671875
5582703,34.48486328125
5583128,35.70556640625
5583291,26.79443359375
5583617,29.23583984375
5584034,37.2314453125
5584605,31.55517578125
5585615,31.6162109375
5602214,22.8271484375
5602970,28.1982421875
5604367,30.70068359375
5609136,30.3955078125
5617137,22.4609375
5617865,22.8271484375
5618360,27.03857421875
5618738,28.564453125
5619021,27.77099609375
5619229,24.35302734375
5619386,20.5078125
5619425,24.47509765625
5619795,30.1513671875
5620066,27.64892578125
5620293,27.40478515625
5620530,24.35302734375
5620723,39.00146484375
5620738,23.62060546875
5620931,25.69580078125
5621019,21.728515625
5621137,25.634765625
5621265,40.10009765625
5621330,25.57373046875
5621626,24.96337890625
5621729,40.71044921875
5621915,21.17919921875
5622113,36.2548828125
5622163,20.56884765625
5622570,54.50439453125
5623058,36.68212890625
5623541,36.19384765625
5624139,39.1845703125
5624160,20.263671875
5624791,28.564453125
5648765,23.01025390625
5650065,30.6396484375
5651743,21.78955078125
5663338,24.169921875
5663470,20.56884765625
5665921,28.25927734375
5666812,22.39990234375
5671471,24.96337890625
5684240,27.89306640625
5685852,20.3857421875
5686991,31.1279296875
5694182,29.1748046875
5707571,26.30615234375
5707896,28.6865234375
5708864,29.35791015625
5708920,23.92578125
5709453,27.52685546875
5709784,28.86962890625
5710008,21.17919921875
5710225,27.40478515625
5710670,24.4140625
5710996,27.587890625
5711237,28.99169921875
5711575,25.5126953125
5711913,27.4658203125
5712253,28.25927734375
5712934,24.71923828125
5713219,21.66748046875
5713298,27.587890625
5713662,28.74755859375
5713786,21.1181640625
5713960,25.45166015625
5714266,25.32958984375
5714417,48.4619140625
5714556,19.83642578125
5714566,29.296875
5714884,33.0810546875
5715080,34.85107421875
5715424,22.8271484375
5715841,35.2783203125
5716444,36.56005859375
5751976,32.2265625
5757272,23.98681640625
5765118,19.83642578125
5773882,26.42822265625
5805336,27.099609375
5814866,27.77099609375
5818472,20.5078125
5840502,29.23583984375
5849493,21.17919921875
5855968,25.32958984375
5890643,21.240234375
5897068,26.9775390625
5905745,21.728515625
5952991,20.20263671875
5956136,31.8603515625
5973025,26.55029296875
5988186,22.216796875
6001781,20.93505859375
6020461,20.44677734375
6032929,20.1416015625
6046584,20.81298828125
6093504,19.95849609375
6107913,21.17919921875
6123143,20.263671875
6128505,25.87890625
6157361,23.193359375
6158552,21.54541015625
6171661,25.69580078125
6176934,26.9775390625
6181534,30.57861328125
6217471,20.01953125
6240424,20.32470703125
6257953,22.216796875
6275297,29.296875
6282663,20.6298828125
6296283,22.15576171875
6308131,23.86474609375
6308364,20.8740234375
6310519,24.169921875
6333210,29.96826171875
6346152,19.8974609375
6353757,31.8603515625
6398174,20.751953125
6407457,26.9775390625
6409251,20.93505859375
6431956,31.31103515625
6433944,28.80859375
6464413,24.658203125
6473179,27.34375
6491921,21.3623046875
6499338,20.32470703125
6525765,26.30615234375
6532235,20.99609375
6570767,28.3203125
6571124,21.54541015625
6571200,31.67724609375
6583251,21.05712890625
6614031,22.88818359375
6646483,22.5830078125
6657553,32.28759765625
6658012,21.91162109375
6686928,31.43310546875
6698787,33.3251953125
6708623,25.7568359375
6725891,19.83642578125
6738535,22.216796875
6749636,26.30615234375
6752562,29.11376953125
6754964,20.01953125
6763749,30.57861328125
6777603,28.4423828125
6805656,24.169921875
6825446,27.7099609375
6842686,21.97265625
6866448,20.32470703125
6884603,20.81298828125
6889144,32.53173828125
6889981,19.83642578125
6911492,25.20751953125
6930555,31.67724609375
6941961,28.13720703125
6965335,27.83203125
6966569,21.8505859375
6968632,22.88818359375
6990920,29.9072265625
7013174,23.01025390625
7029680,28.6865234375
7059604,25.7568359375
7064901,28.076171875
7066878,24.2919921875
7086100,30.2734375
7086518,31.06689453125
7104257,24.84130859375
7132822,29.6630859375
7139213,28.74755859375
7157911,26.123046875
7176681,29.96826171875
7178775,27.77099609375
7200575,34.5458984375
7217976,30.8837890625
7218697,23.25439453125
7219044,28.50341796875
7219310,25.20751953125
7219400,27.587890625
7219583,24.5361328125
7219811,28.25927734375
7219827,24.59716796875
7219934,25.81787109375
7220066,46.0205078125
7220107,38.14697265625
7220241,28.99169921875
7220315,20.6298828125
7220367,30.2734375
7220403,38.02490234375
7220495,21.3623046875
7220608,24.7802734375
7220629,31.8603515625
7220711,22.8271484375
7220739,27.77099609375
7220808,26.611328125
7220918,34.0576171875
7221119,25.57373046875
7221278,20.6298828125
7221383,25.7568359375
7221428,25.5126953125
7221441,20.263671875
7221754,21.54541015625
7221807,25.87890625
7221937,20.3857421875
7222139,20.99609375
7222344,21.240234375
7222560,23.86474609375
7222804,19.83642578125
7223051,23.8037109375
7223342,31.43310546875
7223531,21.484375
7223854,20.3857421875
7224025,21.54541015625
7224210,22.52197265625
7224417,27.34375
7224632,27.52685546875
7224719,22.5830078125
7225054,22.88818359375
7225266,25.634765625
7225600,25.93994140625
7226094,30.517578125
7226338,24.84130859375
7227074,27.34375
7227500,25.5126953125
7227747,31.982421875
7228843,31.73828125
7229321,20.93505859375
7240837,24.5361328125
7241212,26.55029296875
7241435,21.17919921875
7241666,23.193359375
7241809,22.03369140625
7241840,21.42333984375
7242019,21.484375
7242208,24.23095703125
7242265,25.146484375
7242348,37.59765625
7242588,26.123046875
7242868,25.20751953125
7242931,19.83642578125
7243018,36.19384765625
7243106,25.2685546875
7243340,25.45166015625
7243570,22.0947265625
7243736,26.0009765625
7243852,28.80859375
7244124,20.751953125
7244193,36.62109375
7244457,26.4892578125
7244576,32.958984375
7244856,24.84130859375
7244921,29.72412109375
7245231,26.18408203125
7245350,21.78955078125
7245421,26.18408203125
7245622,30.517578125
7246030,23.193359375
7246060,23.5595703125
7246513,28.62548828125
7247105,33.69140625
7247971,30.09033203125
7248705,35.21728515625
7260946,20.08056640625
7261687,29.47998046875
7268880,26.55029296875
7269455,24.169921875
7269779,26.123046875
7269953,31.06689453125
7270011,24.90234375
7270127,24.169921875
7270326,22.88818359375
7270482,24.0478515625
7270522,26.55029296875
7270596,20.6298828125
7270890,30.33447265625
7271217,26.79443359375
7271416,39.24560546875
7271481,25.81787109375
7271778,21.78955078125
7272028,58.16650390625
7272283,30.94482421875
7272546,23.74267578125
7272651,31.79931640625
7272862,23.8037109375
7273100,36.376953125
7273187,24.84130859375
7273540,33.935546875
7273717,27.03857421875
7274067,35.64453125
7274375,25.87890625
7274514,32.2265625
7275073,34.912109375
7275791,33.63037109375
7290722,22.52197265625
7296682,22.64404296875
7303641,22.705078125
7304766,29.541015625
7305249,25.87890625
7305530,31.55517578125
7305701,21.30126953125
7305860,21.728515625
7305988,26.85546875
7306027,23.5595703125
7306407,36.92626953125
7306579,46.38671875
7306695,24.5361328125
7306903,31.79931640625
7307120,32.65380859375
7307198,20.263671875
7307329,58.2275390625
7307491,22.88818359375
7307668,22.94921875
7307721,35.0341796875
7307882,19.8974609375
7308167,20.32470703125
7308189,41.1376953125
7308520,23.13232421875
7308551,36.80419921875
7308830,25.2685546875
7309009,29.296875
7309243,24.35302734375
7309288,27.2216796875
7309725,33.75244140625
7309807,24.35302734375
7310027,20.5078125
7310149,33.50830078125
7310572,36.2548828125
7311058,32.16552734375
7311597,39.55078125
7312436,33.50830078125
7328920,25.45166015625
7341259,26.30615234375
7342135,23.8037109375
7343158,30.76171875
7344159,23.25439453125
7355995,29.9072265625
7358357,24.7802734375
7358874,20.20263671875
7360827,26.4892578125
7363718,28.4423828125
7375653,26.30615234375
7380058,23.98681640625
7381614,31.494140625
7388121,35.46142578125
7403724,28.86962890625
7416542,26.79443359375
7420431,27.52685546875
7427734,30.8837890625
7430592,31.31103515625
7435139,33.3251953125
7445358,19.95849609375
7456941,32.04345703125
7466229,29.11376953125
7466641,27.7099609375
7492530,31.67724609375
7494823,26.7333984375
7505953,28.1982421875
7519678,31.67724609375
7527716,27.64892578125
7532377,25.7568359375
7553592,23.49853515625
7553892,27.77099609375
7554433,25.69580078125
7607121,30.09033203125
7628086,30.6396484375
7637290,28.6865234375
7650729,27.40478515625
7677705,20.751953125
7690854,27.2216796875
7697724,20.8740234375
7703107,24.4140625
7727262,23.86474609375
7744236,20.99609375
7744382,28.13720703125
7744788,26.2451171875
7765486,32.65380859375
7776056,22.5830078125
7778313,31.1279296875
7794719,23.681640625
7804596,32.53173828125
7834123,23.193359375
7834859,20.20263671875
7866791,21.78955078125
7882257,26.91650390625
7894975,35.33935546875
7903499,21.17919921875
7917173,20.93505859375
7926633,23.49853515625
7971042,26.06201171875
7977666,20.99609375
8010918,20.93505859375
8016409,23.37646484375
8023059,27.099609375
8025768,21.1181640625
8048878,20.01953125
8076905,20.751953125
8110157,34.97314453125
8111601,26.67236328125
8112211,25.0244140625
8112494,27.4658203125
8112728,29.9072265625
8112845,23.49853515625
8112858,28.86962890625
8113043,28.3203125
8113233,19.8974609375
8113249,23.62060546875
8113367,26.67236328125
8113421,25.32958984375
8113616,28.1982421875
8113832,48.2177734375
8114020,27.77099609375
8114159,41.80908203125
8114290,22.94921875
8114405,22.8271484375
8114457,36.68212890625
8114578,23.74267578125
8114648,28.9306640625
8114716,30.45654296875
8114824,21.42333984375
8114883,32.8369140625
8114980,20.3857421875
8115148,25.7568359375
8115285,21.05712890625
8115398,21.728515625
8115450,31.92138671875
8115626,20.81298828125
8115713,29.23583984375
8115779,23.8037109375
8116028,24.96337890625
8116244,24.10888671875
8116295,32.65380859375
8116463,21.91162109375
8116496,29.9072265625
8116757,20.93505859375
8116799,28.13720703125
8117054,26.79443359375
8117398,21.05712890625
8117444,21.728515625
8117772,32.28759765625
8117922,21.05712890625
8117965,21.1181640625
8118139,33.02001953125
8118260,22.39990234375
8118597,32.04345703125
8119146,32.2265625
8119760,30.33447265625
8120384,33.99658203125
8120892,21.6064453125
8141237,23.4375
8144132,25.93994140625
8144784,22.64404296875
8145271,28.74755859375
8145424,23.3154296875
8145684,23.681640625
8145884,21.91162109375
8145960,27.34375
8146034,23.0712890625
8146203,22.03369140625
8146304,28.01513671875
8146613,24.5361328125
8146867,27.89306640625
8146957,47.79052734375
8147140,24.47509765625
8147379,24.2919921875
8147566,42.05322265625
8147807,32.28759765625
8148013,35.82763671875
8148039,21.728515625
8148307,24.47509765625
8148425,39.73388671875
8148629,22.705078125
8148776,34.66796875
8148912,22.94921875
8149305,39.55078125
8149324,26.123046875
8149727,34.24072265625
8150113,33.447265625
8150585,36.56005859375
8151118,30.76171875
8151741,30.8837890625
8152421,35.7666015625
8168856,24.71923828125
8169662,27.52685546875
8174063,26.7333984375
8175523,23.92578125
8179037,25.57373046875
8181849,24.35302734375
8187128,27.587890625
8191804,26.42822265625
8194045,31.92138671875
8194787,25.08544921875
8195223,23.74267578125
8196238,25.32958984375
8209228,20.08056640625
8210213,27.28271484375
8211980,22.27783203125
8220289,27.40478515625
8221373,23.681640625
8222364,29.84619140625
8226396,29.60205078125
8236690,27.03857421875
8255403,25.0244140625
8259051,28.564453125
8286110,21.66748046875
8288866,26.67236328125
8297434,26.123046875
8305483,30.70068359375
8316930,27.40478515625
8316983,23.4375
8333453,26.2451171875
8342043,27.16064453125
8345331,25.0244140625
8374347,20.1416015625
8376889,25.81787109375
8401257,20.32470703125
8419208,29.4189453125
8429962,19.83642578125
8433836,27.64892578125
8436518,29.4189453125
8437254,21.240234375
8463739,29.72412109375
8486286,22.39990234375
8508381,21.484375
8508842,20.32470703125
8531377,37.65869140625
8534264,21.728515625
8541637,29.47998046875
8546868,21.54541015625
8558164,22.27783203125
8572348,21.240234375
8603934,22.216796875
8626417,28.74755859375
8641753,24.5361328125
8655315,20.93505859375
8677566,32.1044921875
8677960,25.45166015625
8720115,22.94921875
8732367,21.240234375
8745893,20.263671875
8755629,22.27783203125
8779732,20.263671875
8781453,27.2216796875
8787740,35.888671875
8790132,25.390625
8806321,30.2734375
8807254,19.95849609375
8816713,25.32958984375
8819835,24.10888671875
8833050,32.53173828125
8846513,21.8505859375
8854362,21.97265625
8861511,26.79443359375
8885144,31.3720703125
8886788,25.2685546875
8887374,26.2451171875
8888014,37.2314453125
8888201,32.71484375
8888429,30.33447265625
8888769,29.1748046875
8888953,29.4189453125
8889170,26.123046875
8889240,21.30126953125
8889302,28.1982421875
8889548,22.705078125
8889600,24.4140625
8889648,22.88818359375
8889684,49.74365234375
8889741,20.751953125
8889784,31.67724609375
8889948,24.5361328125
8889969,23.3154296875
8890092,20.56884765625
8890127,39.61181640625
8890158,22.8271484375
8890320,25.146484375
8890392,23.0712890625
8890439,48.2177734375
8890515,27.89306640625
8890609,21.8505859375
8890658,23.4375
8890687,34.5458984375
8890764,21.54541015625
8890903,21.42333984375
8890918,19.83642578125
8890995,32.89794921875
8891116,26.85546875
8891190,27.4658203125
8891269,22.03369140625
8891541,26.611328125
8891584,20.263671875
8891728,21.05712890625
8891798,31.31103515625
8891931,23.86474609375
8892097,31.3720703125
8892122,26.42822265625
8892133,26.91650390625
8892366,21.6064453125
8892697,27.40478515625
8892758,20.81298828125
8892938,20.56884765625
8892962,24.35302734375
8893054,28.564453125
8893318,33.50830078125
8893502,24.59716796875
8893567,21.240234375
8893883,31.1279296875
8894107,23.98681640625
8894174,23.62060546875
8894505,25.57373046875
8894985,35.46142578125
8895464,30.8837890625
8896044,33.14208984375
8896818,37.41455078125
8917249,21.728515625
8918941,28.076171875
8925524,27.099609375
8926329,23.74267578125
8932395,31.79931640625
8935829,26.4892578125
8936214,26.3671875
8937545,22.94921875
8938685,24.71923828125
8939411,26.85546875
8939689,31.18896484375
8939856,21.3623046875
8939983,20.6298828125
8940047,29.6630859375
8940292,20.08056640625
8940318,24.10888671875
8940332,42.78564453125
8940546,26.67236328125
8940725,25.634765625
8940907,28.564453125
8941077,25.7568359375
8941146,32.1044921875
8941247,26.79443359375
8941438,20.751953125
8941541,36.865234375
8941636,28.1982421875
8941841,23.0712890625
8941919,30.517578125
8942064,25.5126953125
8942275,35.0341796875
8942313,21.30126953125
8942532,27.2216796875
8942543,34.1796875
8942877,31.25
8943024,24.4140625
8943169,26.18408203125
8943391,20.99609375
8943560,26.91650390625
8943850,28.1982421875
8944018,22.0947265625
8944341,33.203125
8944687,26.85546875
8944941,19.83642578125
8945166,26.9775390625
8945847,32.65380859375
8978138,24.7802734375
8979815,25.5126953125
8983862,26.611328125
8992051,27.587890625
9006441,29.4189453125
9013057,26.55029296875
9024654,30.6396484375
9025595,20.751953125
9035333,26.4892578125
9042875,26.67236328125
9049893,26.42822265625
9051628,32.1044921875
9061796,24.5361328125
9062087,20.56884765625
9067898,32.16552734375
9098449,26.79443359375
9103869,31.92138671875
9111397,28.62548828125
9143898,21.240234375
9152300,21.78955078125
9153575,27.9541015625
9153912,25.32958984375
9165743,21.240234375
9167161,26.4892578125
9219643,25.87890625
9228336,20.20263671875
9239191,30.76171875
9250880,27.16064453125
9260945,29.4189453125
9289743,21.78955078125
9302356,22.0947265625
9320670,21.91162109375
9354304,24.35302734375
9360082,34.48486328125
9374510,20.751953125
9376721,24.4140625
9397153,20.01953125
9416945,28.38134765625
9424234,28.80859375
9446611,20.93505859375
9447674,31.31103515625
9464692,22.216796875
9467280,29.11376953125
9469642,27.2216796875
9478572,24.5361328125
9478981,23.01025390625
9491871,20.8740234375
9495673,20.32470703125
9529810,20.69091796875
9553639,22.8271484375
9553824,27.83203125
9560782,24.169921875
9572861,21.78955078125
9576465,28.86962890625
9602262,30.517578125
9609547,20.3857421875
9657111,25.93994140625
9657683,21.66748046875
9681872,20.3857421875
9684040,28.74755859375
9704520,28.25927734375
9714756,23.62060546875
9719364,29.47998046875
9729583,23.8037109375
9745103,30.517578125
9764904,26.42822265625
9765529,31.3720703125
9766038,20.08056640625
9777710,34.423828125
9801995,24.4140625
9822635,28.50341796875
9831971,20.20263671875
9840767,30.21240234375
9863459,26.9775390625
9863895,20.263671875
9879263,25.87890625
9908755,25.87890625
9909304,19.8974609375
9918542,22.216796875
9931759,20.32470703125
9941118,34.5458984375
9957681,26.7333984375
9964000,27.16064453125
9964276,28.50341796875
9964623,30.1513671875
9964815,23.62060546875
9964941,24.35302734375
9965076,34.7900390625
9965340,24.35302734375
9965378,39.73388671875
9965488,30.57861328125
9965610,26.18408203125
9965698,36.19384765625
9965725,25.57373046875
9965805,26.91650390625
9965832,23.49853515625
9965934,20.8740234375
9966029,31.55517578125
9966042,23.49853515625
9966109,24.23095703125
9966154,21.1181640625
9966265,20.3857421875
9966278,34.85107421875
9966334,27.34375
9966380,28.1982421875
9966431,23.193359375
9966504,22.76611328125
9966604,22.39990234375
9966627,21.6064453125
9966744,20.69091796875
9966914,20.32470703125
9967106,20.99609375
9967127,29.23583984375
9967202,25.5126953125
9967293,31.005859375
9967324,25.2685546875
9967510,21.97265625
9967537,21.54541015625
9967694,21.54541015625
9967704,24.71923828125
9967749,23.5595703125
9967883,29.84619140625
9968085,24.96337890625
9968115,26.55029296875
9968132,25.20751953125
9968293,22.15576171875
9968408,27.2216796875
9968672,23.8037109375
9969081,20.99609375
9969338,23.5595703125
9969363,25.08544921875
9969589,24.23095703125
9969739,27.099609375
9970019,30.57861328125
9970152,31.005859375
9970452,24.2919921875
9970477,20.3857421875
9970790,28.80859375
9971298,27.9541015625
9971514,27.587890625
9971787,33.447265625
9972345,29.1748046875
9973786,20.263671875
9974198,21.42333984375
9985407,25.57373046875
9985721,24.658203125
9985922,20.20263671875
9986054,32.53173828125
9986118,28.3203125
9986358,22.39990234375
9986599,28.076171875
9986733,25.20751953125
9986753,34.423828125
9987004,20.1416015625
9987035,24.47509765625
9987324,28.62548828125
9987436,39.55078125
9987559,26.06201171875
9987950,28.74755859375
9988059,33.935546875
9988297,33.02001953125
9988523,21.1181640625
9988552,37.53662109375
9988612,25.87890625
9988765,20.3857421875
9988916,29.84619140625
9988933,21.66748046875
9989285,27.7099609375
9989421,32.3486328125
9989755,33.38623046875
9989927,21.728515625
9990232,35.58349609375
9990430,24.0478515625
9990697,28.01513671875
9991424,33.935546875
10011111,32.1044921875
10014325,20.5078125
10020812,29.4189453125
10021492,26.79443359375
10021630,23.0712890625
10021763,21.240234375
10021947,34.912109375
10022075,21.728515625
10022236,22.705078125
10022554,45.41015625
10022832,31.55517578125
10023026,23.0712890625
10023222,33.447265625
10023248,27.099609375
10023333,27.28271484375
10023433,28.1982421875
10023628,30.09033203125
10023714,35.7666015625
10023808,26.18408203125
10024040,21.91162109375
10024146,34.1796875
10024330,20.44677734375
10024480,29.9072265625
10024770,27.2216796875
10025096,26.18408203125
10025128,34.0576171875
10025491,31.92138671875
10025544,23.25439453125
10025556,20.81298828125
10025981,33.26416015625
10026363,35.400390625
10026451,28.3203125
10026985,36.19384765625
10027520,28.3203125
10028889,38.0859375
10057657,24.2919921875
10059094,29.78515625
10066287,28.50341796875
10074036,25.146484375
10078651,30.45654296875
10082045,23.37646484375
10082974,31.494140625
10083230,27.77099609375
10083373,26.42822265625
10083501,23.8037109375
10083620,21.66748046875
10084007,26.0009765625
10084240,30.70068359375
10084437,22.39990234375
10084546,41.50390625
10084602,31.6162109375
10084760,31.1279296875
10084959,24.23095703125
10085034,24.0478515625
10085149,23.8037109375
10085187,39.4287109375
10085359,30.3955078125
10085569,27.2216796875
10085589,41.19873046875
10085741,24.169921875
10085985,26.06201171875
10086059,33.447265625
10086229,25.146484375
10086459,35.15625
10086574,20.44677734375
10086875,36.865234375
10086906,26.0009765625
10087211,34.7900390625
10087387,26.4892578125
10087559,32.8369140625
10087789,21.17919921875
10088045,33.0810546875
10088523,34.85107421875
10089207,33.26416015625
10089660,28.38134765625
10111211,30.517578125
10113128,20.69091796875
10122350,21.17919921875
10125979,24.71923828125
10138180,30.2734375
10150843,27.03857421875
10168284,24.35302734375
10188522,28.99169921875
10207253,32.1044921875
10208116,25.634765625
10214075,26.2451171875
10224746,27.77099609375
10231573,21.240234375
10251753,35.21728515625
10311449,21.1181640625
10324000,28.564453125
10328483,21.1181640625
10352580,31.982421875
10369414,34.24072265625
10375971,21.6064453125
10394574,30.57861328125
10405576,27.2216796875
10412050,19.8974609375
10444653,29.47998046875
10447749,27.4658203125
10468008,28.38134765625
10486138,22.64404296875
10514719,19.8974609375
10516774,26.9775390625
10529655,20.20263671875
10533021,33.447265625
10544342,24.7802734375
10554424,19.83642578125
10555319,19.95849609375
10561078,27.77099609375
10572997,19.8974609375
10609379,21.3623046875
10610191,21.30126953125
10621993,30.1513671875
10627891,20.44677734375
10658924,22.64404296875
10689928,29.11376953125
10702514,20.1416015625
10702615,29.72412109375
10720333,27.28271484375
10727484,22.705078125
10739807,20.5078125
10756258,24.59716796875
10766497,24.90234375
10771035,22.88818359375
10790014,21.05712890625
10800279,29.4189453125
10800513,20.5078125
10813092,20.93505859375
10843416,21.484375
10860149,22.4609375
10900269,20.5078125
10912320,28.80859375
10912512,26.30615234375
10912613,25.57373046875
10912731,25.2685546875
10912815,25.0244140625
10912833,24.4140625
10912922,29.23583984375
10913073,32.8369140625
10913236,34.97314453125
10913362,37.41455078125
10913388,41.44287109375
10913504,33.447265625
10913563,21.484375
10913646,21.6064453125
10913735,40.46630859375
10913759,21.1181640625
10913854,23.74267578125
10913966,23.13232421875
10914070,21.728515625
10914087,32.470703125
10914191,24.0478515625
10914221,28.74755859375
10914309,25.20751953125
10914339,37.4755859375
10914417,23.86474609375
10914428,27.4658203125
10914636,34.0576171875
10914731,21.8505859375
10914851,19.95849609375
10914861,33.69140625
10915072,25.81787109375
10915102,26.67236328125
10915241,20.01953125
10915307,21.728515625
10915374,21.05712890625
10915427,28.9306640625
10915634,23.74267578125
10915656,31.982421875
10915858,24.5361328125
10915899,34.48486328125
10916067,25.93994140625
10916152,31.73828125
10916432,22.216796875
10916689,20.44677734375
10916701,25.0244140625
10916960,26.06201171875
10917249,22.94921875
10917285,24.96337890625
10917653,32.16552734375
10917889,23.01025390625
10918268,38.63525390625
10918716,26.7333984375
10919151,30.70068359375
10919582,29.96826171875
10920897,26.0009765625
10921863,21.1181640625
10942233,22.52197265625
10942416,33.447265625
10942596,26.3671875
10942743,29.35791015625
10942873,21.78955078125
10942968,29.84619140625
10943051,20.6298828125
10943300,29.11376953125
10943350,41.44287109375
10943518,27.03857421875
10943760,30.94482421875
10943945,21.17919921875
10944157,45.83740234375
10944176,25.69580078125
10944395,27.16064453125
10944669,23.92578125
10944692,36.2548828125
10944938,34.1796875
10945145,38.9404296875
10945179,23.3154296875
10945448,38.87939453125
10945828,23.49853515625
10945859,36.4990234375
10946199,38.14697265625
10946515,29.60205078125
10946554,35.21728515625
10946877,35.0341796875
10947195,27.9541015625
10947606,34.36279296875
10947921,35.21728515625
10948515,32.40966796875
10949087,31.005859375
10979037,29.052734375
10982293,21.240234375
10984308,27.2216796875
10985295,20.5078125
10993105,28.6865234375
10999967,27.2216796875
11000848,19.95849609375
11011617,26.67236328125
11014975,29.1748046875
11019623,31.3720703125
11024165,23.37646484375
11028374,23.01025390625
11033661,29.96826171875
11049950,19.83642578125
11061351,24.71923828125
11063076,27.28271484375
11067361,25.08544921875
11068891,25.0244140625
11069115,30.6396484375
11081544,24.71923828125
11100699,29.4189453125
11106429,28.99169921875
11111561,21.17919921875
11118539,27.28271484375
11124421,29.4189453125
11125129,30.09033203125
11145972,19.95849609375
11160356,28.13720703125
11166450,30.57861328125
11167033,31.8603515625
11171111,27.4658203125
11171665,24.2919921875
11192079,31.06689453125
11194968,22.216796875
11232696,25.08544921875
11243716,23.74267578125
11243876,26.06201171875
11260150,24.59716796875
11271953,22.0947265625
11280177,27.83203125
11280818,23.92578125
11281387,32.28759765625
11305685,31.67724609375
11325404,30.517578125
11340776,21.240234375
11364670,28.62548828125
11372891,29.72412109375
11379116,34.3017578125
11390961,27.52685546875
11392006,23.193359375
11392852,34.7900390625
11411085,28.80859375
11412332,23.86474609375
11421408,31.92138671875
11459361,19.83642578125
11462826,26.0009765625
11464622,28.6865234375
11479446,34.5458984375
11481661,22.76611328125
11487415,23.98681640625
11502782,20.20263671875
11512230,27.03857421875
11518790,22.0947265625
11526010,35.64453125
11545680,23.3154296875
11546038,31.06689453125
11564123,27.4658203125
11565085,20.3857421875
11566484,26.9775390625
11567049,26.2451171875
11581383,20.08056640625
11613744,21.3623046875
11614219,23.0712890625
11627516,21.66748046875
11639889,19.95849609375
11642920,30.3955078125
11650160,30.029296875
11656649,20.56884765625
11663829,24.96337890625
11683993,25.2685546875
11684292,21.30126953125
11701829,31.43310546875
11716343,20.6298828125
11716516,29.1748046875
11721310,31.6162109375
11722066,30.029296875
11734748,33.447265625
11757552,27.7099609375
11757897,29.72412109375
11766960,20.6298828125
11775124,29.6630859375
11780442,29.47998046875
11785289,35.0341796875
11787656,21.78955078125
11788223,28.4423828125
11801455,20.81298828125
11810584,26.611328125
11822267,20.99609375
11837804,21.484375
11838234,21.1181640625
11866134,31.25
11872778,22.3388671875
11885445,20.93505859375
11894725,28.25927734375
11900851,20.01953125
11908874,31.31103515625
11922005,22.52197265625
11927174,29.6630859375
11932924,23.62060546875
11943845,20.1416015625
11966974,26.611328125
11980647,21.484375
11984441,27.2216796875
11985811,30.94482421875
11986228,21.30126953125
11986418,33.50830078125
11986550,29.4189453125
11986754,31.1279296875
11986821,22.52197265625
11986893,21.8505859375
11986972,25.2685546875
11987033,20.6298828125
11987297,33.02001953125
11987358,25.146484375
11987457,24.658203125
11987481,42.90771484375
11987587,20.99609375
11987730,22.27783203125
11987813,21.8505859375
11987826,49.31640625
11987838,24.96337890625
11987935,25.146484375
11988025,25.20751953125
11988042,25.20751953125
11988068,33.447265625
11988301,21.3623046875
11988368,32.3486328125
11988459,22.15576171875
11988540,20.1416015625
11988594,21.78955078125
11988704,20.01953125
11988760,28.74755859375
11988825,25.93994140625
11988915,26.3671875
11989037,24.59716796875
11989151,26.30615234375
11989213,20.3857421875
11989375,20.81298828125
11989657,26.123046875
11989823,26.67236328125
11989896,22.64404296875
11990179,24.7802734375
11990241,34.5458984375
11990477,24.0478515625
11990664,27.28271484375
11990741,37.2314453125
11991075,20.08056640625
11991205,26.2451171875
11991397,28.3203125
11991462,20.1416015625
11991675,21.3623046875
11991786,27.28271484375
11992127,30.09033203125
11992248,24.658203125
11992488,23.62060546875
11992781,29.9072265625
11993341,26.06201171875
11993513,20.6298828125
11993910,25.634765625
