11999000,0
46424,19.59228515625
51231,20.81298828125
88557,20.56884765625
93869,18.5546875
106441,19.10400390625
175475,19.287109375
234937,20.1416015625
254717,19.47021484375
277966,18.61572265625
302892,18.85986328125
322736,18.4326171875
359601,22.5830078125
437006,18.798828125
483106,19.95849609375
518553,20.751953125
534009,19.287109375
538256,18.9208984375
543670,19.95849609375
560855,20.1416015625
567405,20.6298828125
708615,19.22607421875
740953,20.08056640625
804959,18.61572265625
815228,20.32470703125
834516,19.22607421875
845375,19.53125
948028,19.95849609375
992778,19.22607421875
999278,20.5078125
1089900,19.71435546875
1128522,18.9208984375
1133862,19.34814453125
1172256,19.10400390625
1192912,19.1650390625
1215601,18.798828125
1224991,20.93505859375
1264710,25.0244140625
1285834,20.751953125
1309378,19.04296875
1325379,19.287109375
1340705,20.01953125
1349390,19.22607421875
1402559,18.73779296875
1453228,18.5546875
1641213,19.71435546875
1673923,18.9208984375
1696816,18.798828125
1713967,19.775390625
1748944,20.69091796875
1780000,20.263671875
1788351,18.798828125
1813321,20.56884765625
1838574,18.5546875
1879398,19.8974609375
1885399,19.22607421875
1914515,18.4326171875
1924709,19.71435546875
1947910,21.30126953125
1979756,19.71435546875
2016971,18.5546875
2034412,20.56884765625
2075599,19.775390625
2100893,20.3857421875
2107758,18.4326171875
2193622,21.3623046875
2246960,18.73779296875
2271287,18.9208984375
2338087,19.775390625
2408956,18.6767578125
2448736,20.08056640625
2461775,18.5546875
2499822,20.01953125
2624143,19.287109375
2644109,18.9208984375
2659064,19.71435546875
2736191,20.32470703125
2813805,20.1416015625
2837121,18.85986328125
2848725,18.9208984375
2877920,21.42333984375
2930208,18.5546875
3044260,18.85986328125
3053558,21.42333984375
3059347,19.10400390625
3066505,18.85986328125
3173374,18.6767578125
3233982,19.287109375
3240270,18.49365234375
3247510,19.34814453125
3292737,18.85986328125
3402731,18.98193359375
3565360,21.05712890625
3655244,18.49365234375
3693954,18.6767578125
3704876,22.27783203125
3735447,19.04296875
3755091,19.59228515625
3937900,20.01953125
3939260,19.775390625
3939506,19.04296875
3973063,18.798828125
4007234,19.10400390625
4072096,18.73779296875
4163711,19.34814453125
4250907,19.04296875
4324200,19.47021484375
4534376,20.8740234375
4664813,19.8974609375
4675133,19.22607421875
4891398,19.10400390625
4993014,18.49365234375
5089168,21.8505859375
5189133,18.73779296875
5214125,20.81298828125
5242184,18.49365234375
5487716,23.25439453125
5488306,19.4091796875
5488548,19.83642578125
5620291,19.04296875
5741821,19.04296875
5983009,20.751953125
6162041,19.775390625
6484774,19.10400390625
6500672,18.49365234375
6614801,20.56884765625
6722136,20.751953125
6753153,20.81298828125
6836255,19.1650390625
7047248,20.20263671875
7179384,20.3857421875
7219600,19.53125
7220163,19.83642578125
7220648,22.64404296875
7220691,18.5546875
7305902,18.4326171875
7357849,19.83642578125
7651948,19.8974609375
7692928,19.775390625
7926683,18.4326171875
7961422,18.798828125
8113502,19.95849609375
8114835,19.04296875
8147037,18.6767578125
8174320,18.49365234375
8197335,18.49365234375
8249428,20.01953125
8335936,18.798828125
8344885,18.98193359375
8390476,19.10400390625
8461249,18.5546875
8620056,19.95849609375
8741315,18.6767578125
8760017,20.20263671875
8849598,19.10400390625
8870719,18.61572265625
8886248,21.05712890625
8889607,18.5546875
8890476,19.34814453125
8962480,19.47021484375
9000569,19.71435546875
9032687,18.73779296875
9049354,20.69091796875
9052750,20.3857421875
9124610,18.798828125
9393672,21.17919921875
9484770,19.59228515625
9533336,20.1416015625
9656411,18.85986328125
9779260,20.32470703125
9779972,19.287109375
9958548,18.73779296875
9963066,21.30126953125
9965294,21.30126953125
9965458,21.30126953125
9965754,18.9208984375
9990042,19.287109375
10018793,18.98193359375
10022515,19.22607421875
10075426,20.08056640625
10085064,23.13232421875
10126229,18.6767578125
10226989,20.20263671875
10333529,19.83642578125
10518768,19.04296875
10525405,18.98193359375
10870820,21.17919921875
10891927,18.5546875
10912916,18.73779296875
10913378,19.83642578125
10913626,20.3857421875
10973792,21.91162109375
11231552,19.59228515625
11256368,19.287109375
11378001,20.751953125
11514546,19.4091796875
11540279,20.01953125
11544677,18.98193359375
11601985,20.32470703125
11637268,18.61572265625
11677090,18.5546875
11848667,21.78955078125
11848773,20.01953125
11937916,18.85986328125
11958222,19.83642578125
11986513,19.287109375
11987270,19.1650390625
11987747,19.1650390625
