11999000,0
3024,26.79443359375
4464,30.6396484375
15543,19.95849609375
22712,25.5126953125
22993,23.13232421875
23185,23.3154296875
23619,20.99609375
42637,20.1416015625
43900,22.88818359375
55809,22.27783203125
57842,26.42822265625
63188,20.01953125
64156,21.728515625
85964,28.4423828125
86205,23.86474609375
95066,30.33447265625
105257,26.4892578125
105398,20.93505859375
107118,26.55029296875
107620,27.587890625
122976,23.62060546875
127675,22.705078125
127836,20.8740234375
155508,26.85546875
159003,26.0009765625
159573,23.01025390625
160167,25.93994140625
164694,25.32958984375
187765,22.64404296875
187921,24.0478515625
205071,20.8740234375
205533,21.728515625
212672,24.96337890625
242519,26.2451171875
244015,22.76611328125
246852,20.69091796875
250508,21.66748046875
251773,20.3857421875
253005,20.93505859375
265758,23.74267578125
266138,22.76611328125
271121,25.390625
286259,24.59716796875
310725,24.71923828125
315437,20.44677734375
315553,20.08056640625
316068,20.56884765625
316148,22.39990234375
321906,20.751953125
322647,24.7802734375
339462,26.30615234375
342878,22.88818359375
349302,28.38134765625
372183,24.10888671875
375658,21.78955078125
377799,24.35302734375
390092,23.13232421875
392625,24.47509765625
397496,20.69091796875
409313,28.076171875
409867,22.64404296875
414219,23.13232421875
418811,23.98681640625
424375,23.13232421875
424585,20.5078125
436392,21.30126953125
437909,20.93505859375
444066,28.4423828125
444211,20.1416015625
462230,22.0947265625
463358,25.5126953125
463567,24.7802734375
474033,21.1181640625
474749,31.92138671875
481009,25.20751953125
510132,22.4609375
511574,27.16064453125
515710,25.634765625
517527,21.78955078125
543633,24.4140625
549156,25.93994140625
553451,22.94921875
560789,27.28271484375
561304,20.08056640625
566337,25.87890625
573750,21.91162109375
573881,19.8974609375
589193,21.05712890625
598090,27.52685546875
601808,19.8974609375
627014,23.13232421875
627243,23.193359375
627489,22.0947265625
649728,28.86962890625
660469,25.45166015625
661468,24.7802734375
678511,29.052734375
679316,22.03369140625
692042,21.1181640625
708600,22.3388671875
709643,23.13232421875
735713,23.01025390625
739444,25.08544921875
741076,23.25439453125
742138,23.01025390625
747609,21.54541015625
758234,23.0712890625
768564,25.87890625
780472,24.59716796875
782603,24.35302734375
783360,21.17919921875
783562,22.0947265625
795667,19.95849609375
815699,28.4423828125
815833,24.7802734375
818009,22.0947265625
820846,26.42822265625
822497,21.78955078125
835887,26.67236328125
847079,21.8505859375
850989,24.47509765625
857469,26.85546875
857627,20.93505859375
865875,20.5078125
879262,27.64892578125
879449,23.49853515625
895969,21.42333984375
897191,24.4140625
903856,27.83203125
923283,23.98681640625
935137,25.08544921875
940159,20.20263671875
941758,21.1181640625
946562,28.9306640625
946706,21.1181640625
947400,26.2451171875
974351,23.3154296875
976944,25.634765625
982051,26.06201171875
991688,20.5078125
999623,30.45654296875
1015323,27.9541015625
1015664,27.34375
1024585,25.69580078125
1040837,23.5595703125
1041390,22.4609375
1042177,28.9306640625
1042362,20.99609375
1043319,22.3388671875
1043813,20.5078125
1044394,26.67236328125
1060162,22.3388671875
1075645,25.81787109375
1075824,22.52197265625
1082734,21.91162109375
1087359,23.98681640625
1087523,19.8974609375
1097600,21.484375
1100541,22.76611328125
1125524,20.56884765625
1126259,21.6064453125
1127445,20.08056640625
1145707,28.3203125
1167411,20.8740234375
1168278,26.55029296875
1170311,20.69091796875
1172574,26.85546875
1173046,22.15576171875
1173266,23.62060546875
1182630,25.390625
1183360,24.0478515625
1201536,21.728515625
1201953,26.18408203125
1218428,20.56884765625
1219119,20.56884765625
1219749,22.39990234375
1221847,26.85546875
1226948,28.25927734375
1227814,20.263671875
1227833,24.96337890625
1227971,20.3857421875
1247935,26.123046875
1261190,24.4140625
1273404,30.3955078125
1275891,25.08544921875
1279350,28.99169921875
1287178,28.4423828125
1300921,25.81787109375
1301529,21.54541015625
1305595,29.96826171875
1322153,26.7333984375
1345102,20.6298828125
1345816,21.1181640625
1350826,27.83203125
1350982,20.5078125
1352259,24.2919921875
1359383,19.8974609375
1363463,25.93994140625
1364022,27.7099609375
1394348,23.193359375
1403833,30.3955078125
1409840,25.32958984375
1410280,22.76611328125
1411042,21.42333984375
1411420,27.587890625
1411827,26.30615234375
1411981,22.4609375
1423194,21.6064453125
1430875,27.77099609375
1431346,19.95849609375
1431533,23.0712890625
1448197,26.85546875
1484035,26.85546875
1485338,21.30126953125
1492313,24.96337890625
1510022,25.87890625
1515328,21.97265625
1515790,24.23095703125
1518429,26.18408203125
1518695,24.96337890625
1521058,20.263671875
1528066,26.611328125
1528651,20.01953125
1563613,22.4609375
1564341,20.08056640625
1565864,22.94921875
1572484,26.55029296875
1572655,20.01953125
1589819,26.79443359375
1605594,24.71923828125
1636036,23.4375
1654563,27.77099609375
1655076,28.13720703125
1655168,27.03857421875
1692880,26.611328125
1706349,28.13720703125
1720513,27.2216796875
1721348,20.5078125
1748483,22.03369140625
1748969,20.08056640625
1757948,25.634765625
1758311,27.16064453125
1774151,21.05712890625
1784199,30.45654296875
1784659,26.4892578125
1784767,20.93505859375
1791543,30.2734375
1797799,21.17919921875
1799048,23.4375
1808411,27.16064453125
1808629,21.6064453125
1809905,22.52197265625
1841780,35.64453125
1841927,21.91162109375
1856642,27.77099609375
1889315,28.1982421875
1895519,20.32470703125
1896104,20.69091796875
1902036,28.9306640625
1902147,20.08056640625
1902168,21.1181640625
1916948,27.89306640625
1917738,20.69091796875
1918225,23.25439453125
1964445,24.96337890625
1974910,23.681640625
1977670,22.0947265625
1988644,22.15576171875
1996726,21.8505859375
2013660,24.169921875
2021116,28.86962890625
2021324,22.76611328125
2021585,21.78955078125
2022533,24.47509765625
2037011,24.84130859375
2037780,21.66748046875
2073769,21.05712890625
2087618,26.91650390625
2090488,26.91650390625
2108067,25.87890625
2158394,21.42333984375
2158966,24.2919921875
2159599,29.47998046875
2164857,30.57861328125
2183303,20.69091796875
2203667,25.69580078125
2215088,30.45654296875
2217061,22.94921875
2217429,23.681640625
2221844,19.95849609375
2237864,29.052734375
2248173,25.81787109375
2258865,26.9775390625
2259342,20.6298828125
2276252,23.62060546875
2289784,23.13232421875
2290517,22.39990234375
2305125,24.23095703125
2327301,20.751953125
2327586,27.16064453125
2332994,28.74755859375
2333421,25.57373046875
2354970,23.86474609375
2355955,22.64404296875
2371340,31.3720703125
2383295,24.23095703125
2386188,29.47998046875
2407156,20.44677734375
2407515,19.95849609375
2442843,23.13232421875
2449459,21.3623046875
2450520,25.146484375
2458926,26.2451171875
2459893,28.13720703125
2460022,23.193359375
2477129,25.390625
2477410,25.69580078125
2478145,20.01953125
2485088,29.35791015625
2485224,21.728515625
2505972,21.6064453125
2509688,20.1416015625
2511787,24.4140625
2520948,30.09033203125
2521167,25.87890625
2536356,20.08056640625
2549995,22.64404296875
2551070,22.39990234375
2554894,27.52685546875
2555068,24.169921875
2555212,20.1416015625
2555897,20.751953125
2593267,33.0810546875
2593461,26.06201171875
2594798,20.6298828125
2595502,27.40478515625
2621460,22.5830078125
2622584,21.728515625
2624424,31.43310546875
2625768,26.42822265625
2643073,23.5595703125
2643923,23.5595703125
2647854,28.9306640625
2648022,25.390625
2659970,22.705078125
2660501,19.8974609375
2694615,22.94921875
2695202,20.8740234375
2710355,30.76171875
2728260,20.99609375
2748413,22.0947265625
2783816,22.03369140625
2784352,23.0712890625
2791509,25.32958984375
2800649,27.77099609375
2817432,24.35302734375
2829580,19.95849609375
2835033,23.98681640625
2835732,23.62060546875
2841134,21.66748046875
2863079,20.93505859375
2877297,23.193359375
2877518,19.95849609375
2877783,21.728515625
2897705,20.44677734375
2904829,19.95849609375
2928474,24.2919921875
2955469,25.7568359375
2966536,22.0947265625
2972174,27.4658203125
2997295,24.71923828125
3015653,23.5595703125
3016143,22.0947265625
3017863,20.5078125
3022886,28.62548828125
3024072,20.56884765625
3039017,27.4658203125
3044511,20.32470703125
3067642,27.16064453125
3072114,22.15576171875
3110829,20.20263671875
3125966,24.84130859375
3126907,24.169921875
3135752,23.98681640625
3148905,20.8740234375
3157737,20.263671875
3173890,26.7333984375
3199886,20.263671875
3210339,22.4609375
3227939,28.86962890625
3247069,20.01953125
3276631,20.6298828125
3278112,20.81298828125
3287462,28.25927734375
3288926,26.123046875
3289115,23.25439453125
3314172,29.35791015625
3314981,22.216796875
3324655,26.123046875
3324806,23.62060546875
3346725,22.88818359375
3347434,21.05712890625
3361136,23.98681640625
3361470,28.1982421875
3361771,26.42822265625
3376273,29.541015625
3376736,20.99609375
3400758,26.0009765625
3414755,23.37646484375
3415096,21.30126953125
3464639,25.0244140625
3465308,20.1416015625
3497329,22.27783203125
3498045,26.123046875
3521021,20.1416015625
3522037,23.681640625
3549239,23.3154296875
3564732,22.94921875
3583982,24.47509765625
3611226,26.3671875
3619999,21.91162109375
3645134,20.44677734375
3656408,22.52197265625
3657319,21.91162109375
3687476,22.64404296875
3687940,20.44677734375
3718970,28.50341796875
3734533,20.6298828125
3774537,22.15576171875
3776118,19.8974609375
3777509,30.33447265625
3793572,24.96337890625
3825733,25.87890625
3847002,21.97265625
3860843,28.564453125
3871158,21.728515625
3894061,21.78955078125
3894490,20.3857421875
3910615,21.54541015625
3926188,24.47509765625
3926738,20.751953125
3935713,23.0712890625
3939012,23.37646484375
3957418,28.6865234375
3959508,21.05712890625
3966680,19.8974609375
3973794,20.20263671875
3987330,33.38623046875
3994616,20.5078125
3995637,23.681640625
3995874,21.1181640625
4006861,19.8974609375
4031283,31.1279296875
4031531,23.193359375
4032712,23.0712890625
4033647,21.30126953125
4038346,24.0478515625
4039228,21.54541015625
4040397,19.8974609375
4048686,26.91650390625
4048861,26.9775390625
4070222,22.216796875
4078895,20.44677734375
4080840,32.89794921875
4081003,24.4140625
4099290,20.6298828125
4124969,23.92578125
4163451,23.98681640625
4195145,20.01953125
4246915,34.24072265625
4272937,32.8369140625
4284681,21.78955078125
4313499,26.91650390625
4345931,28.01513671875
4380517,25.45166015625
4401260,27.40478515625
4412771,21.728515625
4413653,23.92578125
4434681,23.92578125
4435909,21.3623046875
4460792,25.20751953125
4485098,23.62060546875
4510700,21.240234375
4511125,24.2919921875
4542858,26.4892578125
4559957,21.17919921875
4588698,21.8505859375
4604139,26.55029296875
4604695,20.263671875
4624513,29.78515625
4636984,19.8974609375
4679775,25.08544921875
4694792,23.4375
4705170,23.8037109375
4721244,20.1416015625
4748543,24.5361328125
4749495,22.705078125
4762887,25.81787109375
4764307,21.728515625
4778744,25.93994140625
4793961,21.8505859375
4794579,21.1181640625
4823177,20.6298828125
4834887,29.4189453125
4850057,22.0947265625
4850797,26.3671875
4871750,23.681640625
4873944,20.1416015625
4885130,27.587890625
4885269,23.13232421875
4887938,22.0947265625
4897322,20.56884765625
4917498,24.5361328125
4921754,21.42333984375
4945012,21.91162109375
4971191,21.97265625
4974669,20.32470703125
5000903,22.27783203125
5011072,27.89306640625
5011847,22.03369140625
5034939,23.13232421875
5041587,23.25439453125
5047126,22.88818359375
5057724,27.89306640625
5073411,28.62548828125
5093641,22.0947265625
5094522,22.27783203125
5122426,23.01025390625
5134987,20.08056640625
5135484,21.1181640625
5140036,20.3857421875
5161686,25.32958984375
5185057,25.93994140625
5187085,20.08056640625
5193064,24.4140625
5206774,20.3857421875
5219185,21.42333984375
5226215,23.193359375
5226850,20.6298828125
5254837,21.42333984375
5269459,20.93505859375
5272910,25.0244140625
5295924,27.16064453125
5310677,21.91162109375
5311584,24.47509765625
5319979,25.81787109375
5353141,20.32470703125
5368392,20.93505859375
5403646,27.28271484375
5404080,21.42333984375
5421791,23.13232421875
5430481,24.7802734375
5444398,22.3388671875
5457883,27.03857421875
5458472,20.99609375
5473249,25.146484375
5486395,20.3857421875
5488432,21.78955078125
5518779,33.75244140625
5519017,30.09033203125
5519387,21.728515625
5537302,23.98681640625
5558217,21.484375
5566082,22.76611328125
5569538,27.28271484375
5569703,21.42333984375
5580208,21.42333984375
5580908,24.47509765625
5591258,30.76171875
5591558,28.99169921875
5591689,23.5595703125
5605660,24.2919921875
5620373,20.8740234375
5628619,30.70068359375
5629690,25.0244140625
5629841,24.7802734375
5645800,20.99609375
5671473,21.240234375
5672555,21.17919921875
5691779,21.6064453125
5713166,20.20263671875
5715522,20.99609375
5742415,21.78955078125
5758050,27.2216796875
5773606,21.484375
5804490,26.85546875
5845899,29.11376953125
5876479,21.8505859375
5891397,21.30126953125
5900320,22.4609375
5928459,21.97265625
5929857,21.54541015625
5962631,20.81298828125
5987953,22.3388671875
5997609,21.3623046875
5998382,23.62060546875
6012628,22.88818359375
6033310,24.59716796875
6047377,20.263671875
6062779,26.611328125
6063193,24.169921875
6082468,21.78955078125
6110994,26.2451171875
6123611,20.99609375
6146884,25.0244140625
6147321,24.0478515625
6169798,22.88818359375
6192194,24.169921875
6239088,27.77099609375
6269262,29.11376953125
6282826,23.8037109375
6283950,20.751953125
6314639,25.69580078125
6328947,27.40478515625
6329637,25.146484375
6370741,26.3671875
6371281,21.17919921875
6385400,21.78955078125
6407193,20.1416015625
6409209,20.08056640625
6412361,28.13720703125
6412820,30.6396484375
6429519,20.1416015625
6467064,21.78955078125
6496443,22.5830078125
6497138,22.705078125
6498961,19.95849609375
6531356,26.91650390625
6531804,23.193359375
6554009,21.54541015625
6562302,21.42333984375
6577378,25.87890625
6579040,23.49853515625
6591035,20.751953125
6603394,20.8740234375
6632091,25.5126953125
6661524,20.69091796875
6668278,20.93505859375
6677732,20.08056640625
6678559,21.728515625
6688875,22.216796875
6689400,25.45166015625
6722638,23.681640625
6723151,22.216796875
6723322,20.751953125
6740371,21.240234375
6741056,20.263671875
6768643,24.71923828125
6771269,22.52197265625
6798400,29.23583984375
6801385,21.3623046875
6802742,21.3623046875
6823121,20.44677734375
6835518,20.3857421875
6840843,23.92578125
6853827,26.0009765625
6888152,22.4609375
6903731,22.705078125
6904653,26.18408203125
6944139,25.146484375
6959400,30.8837890625
6972038,27.28271484375
6993228,23.98681640625
7034781,24.23095703125
7036737,33.935546875
7061820,22.52197265625
7062453,22.3388671875
7093416,26.06201171875
7116645,20.5078125
7117799,23.01025390625
7152541,20.81298828125
7153294,22.4609375
7180255,20.6298828125
7185342,27.34375
7210532,21.6064453125
7219565,22.03369140625
7223144,22.4609375
7242607,20.01953125
7244581,21.1181640625
7271260,20.8740234375
7271654,23.193359375
7272496,20.99609375
7302632,28.50341796875
7306812,23.49853515625
7307293,24.84130859375
7342951,20.69091796875
7348786,25.2685546875
7349325,21.484375
7384142,26.79443359375
7384757,27.52685546875
7402096,31.8603515625
7417601,23.98681640625
7442266,23.74267578125
7453300,28.01513671875
7470995,29.9072265625
7505695,22.27783203125
7525560,20.01953125
7530072,24.47509765625
7538923,26.7333984375
7539500,28.13720703125
7568937,28.86962890625
7629336,22.3388671875
7639796,25.0244140625
7641203,22.27783203125
7660027,25.87890625
7660625,20.1416015625
7698995,30.94482421875
7700269,20.5078125
7726311,26.18408203125
7759784,23.681640625
7770132,21.1181640625
7787086,21.42333984375
7817354,19.95849609375
7819861,30.2734375
7837742,24.47509765625
7839387,24.84130859375
7852479,27.34375
7853135,21.3623046875
7870597,26.91650390625
7917574,19.8974609375
7918025,23.4375
7953988,31.1279296875
7955596,23.8037109375
7955740,20.56884765625
7955866,20.751953125
7992063,29.11376953125
7992441,20.44677734375
8013807,20.263671875
8047190,26.06201171875
8079863,25.0244140625
8095942,24.7802734375
8113646,21.30126953125
8144721,21.240234375
8145434,24.90234375
8156918,26.611328125
8157049,21.78955078125
8179601,20.8740234375
8193516,22.4609375
8194432,27.28271484375
8202214,27.9541015625
8202330,19.95849609375
8202676,25.93994140625
8204451,19.95849609375
8218773,22.8271484375
8279706,22.705078125
8306715,28.6865234375
8307529,28.13720703125
8320610,21.484375
8360056,22.64404296875
8388897,21.17919921875
8420734,24.169921875
8421345,26.42822265625
8485857,27.77099609375
8511335,22.27783203125
8528246,20.3857421875
8556750,29.1748046875
8557195,24.59716796875
8589853,25.5126953125
8590527,22.0947265625
8609754,29.6630859375
8652176,26.91650390625
8678583,26.9775390625
8679169,22.3388671875
8707124,21.78955078125
8729061,27.83203125
8729788,22.0947265625
8746270,30.8837890625
8771156,21.1181640625
8771707,22.76611328125
8814906,26.67236328125
8829276,26.9775390625
8864546,21.91162109375
8870694,27.89306640625
8871725,24.71923828125
8888771,26.30615234375
8892890,22.03369140625
8931228,29.052734375
8933092,25.7568359375
8966841,24.169921875
8967722,21.97265625
8985512,22.94921875
9001011,24.10888671875
9011973,25.57373046875
9013514,22.4609375
9024863,25.45166015625
9025582,25.32958984375
9040135,28.86962890625
9050454,20.263671875
9087920,23.5595703125
9103159,21.30126953125
9117107,28.076171875
9117815,22.705078125
9181685,34.85107421875
9264627,20.08056640625
9294021,22.216796875
9313264,21.1181640625
9325648,24.169921875
9348830,20.93505859375
9349645,21.54541015625
9373441,31.73828125
9373893,20.93505859375
9415986,23.8037109375
9429775,21.3623046875
9455290,20.56884765625
9495364,20.6298828125
9521071,21.78955078125
9572455,21.1181640625
9592306,24.658203125
9592790,23.13232421875
9622534,30.70068359375
9638033,20.44677734375
9647652,24.90234375
9663149,27.89306640625
9700792,21.42333984375
9715217,32.1044921875
9726538,29.84619140625
9727462,24.96337890625
9740560,26.611328125
9769378,24.23095703125
9779725,27.16064453125
9797593,24.0478515625
9804704,23.13232421875
9806566,21.728515625
9823069,22.216796875
9823604,20.1416015625
9837482,21.728515625
9851493,21.17919921875
9868101,26.30615234375
9885349,25.5126953125
9898218,20.20263671875
9912134,22.27783203125
9916786,22.4609375
9917901,20.93505859375
9920126,20.56884765625
9933474,27.099609375
9934162,28.3203125
9954365,24.96337890625
9954910,22.94921875
9965809,26.123046875
9965932,20.3857421875
9984176,22.94921875
9984803,23.8037109375
9991557,28.1982421875
9991702,27.52685546875
9991844,24.0478515625
9992132,20.81298828125
10022393,24.47509765625
10022900,21.6064453125
10023521,23.193359375
10054128,25.7568359375
10084895,22.5830078125
10085386,22.39990234375
10086596,23.92578125
10140007,28.6865234375
10141169,21.484375
10206869,28.9306640625
10222029,20.93505859375
10222935,21.91162109375
10252193,26.06201171875
10252812,21.6064453125
10323573,28.80859375
10414719,32.2265625
10440453,27.34375
10440837,24.658203125
10486548,24.0478515625
10487052,22.3388671875
10516350,25.634765625
10536832,21.66748046875
10555884,25.0244140625
10559572,22.27783203125
10592006,28.9306640625
10592492,20.93505859375
10607686,21.6064453125
10608352,22.3388671875
10608972,20.751953125
10645680,25.20751953125
10646321,21.05712890625
10668369,21.3623046875
10669262,20.44677734375
10685176,30.6396484375
10704416,26.85546875
10705422,27.52685546875
10784035,24.658203125
10835438,28.1982421875
10884459,20.20263671875
10885308,23.681640625
10911456,21.728515625
10912831,20.44677734375
10919679,22.216796875
10942629,22.94921875
10943268,21.240234375
10983263,22.03369140625
10983893,22.64404296875
10985137,22.4609375
10999864,25.08544921875
11016569,24.23095703125
11032913,20.44677734375
11033498,22.3388671875
11072437,28.50341796875
11107429,21.728515625
11144724,26.91650390625
11164330,21.6064453125
11164774,24.658203125
11176016,22.5830078125
11179939,24.658203125
11180510,21.728515625
11188644,19.95849609375
11196817,20.5078125
11233561,23.5595703125
11236416,25.7568359375
11262087,25.20751953125
11286576,20.751953125
11294528,20.32470703125
11296195,26.0009765625
11301390,21.1181640625
11312333,21.91162109375
11312989,20.01953125
11329353,22.03369140625
11330204,21.6064453125
11350031,24.10888671875
11352181,23.37646484375
11388755,24.71923828125
11419046,25.20751953125
11438647,24.5361328125
11452215,23.8037109375
11471074,25.2685546875
11472088,24.90234375
11487086,27.16064453125
11488549,25.57373046875
11507453,21.240234375
11543187,28.74755859375
11549807,20.20263671875
11571879,25.87890625
11573687,21.728515625
11600854,23.37646484375
11601501,24.0478515625
11649908,23.92578125
11653461,20.32470703125
11684551,31.25
11728794,20.32470703125
11785691,22.0947265625
11812521,20.32470703125
11834644,20.08056640625
11851741,25.390625
11866674,24.7802734375
11882139,28.25927734375
11903676,21.91162109375
11904925,23.62060546875
11920521,21.97265625
11935462,25.93994140625
11963896,33.75244140625
11979689,26.18408203125
11987321,20.81298828125
11987595,20.56884765625
11988767,20.69091796875
11990209,20.81298828125
