7799001,0
4074,18.00537109375
4129,19.47021484375
4170,31.6162109375
4209,33.63037109375
4235,34.3017578125
4269,18.37158203125
4285,25.57373046875
4314,28.9306640625
4326,29.84619140625
4383,23.86474609375
4408,22.03369140625
4439,21.17919921875
4461,20.69091796875
4527,27.099609375
4544,23.25439453125
4642,18.37158203125
4675,17.333984375
4754,17.4560546875
4852,20.751953125
5223,21.30126953125
5296,17.9443359375
5411,18.798828125
5496,17.9443359375
5993,19.1650390625
6191,20.01953125
6488,18.37158203125
6637,22.216796875
6658,22.94921875
37207,18.798828125
37384,18.6767578125
37401,18.24951171875
37420,19.53125
37455,24.2919921875
37465,62.744140625
37484,32.1044921875
37504,19.10400390625
37555,22.94921875
37572,33.8134765625
37595,21.66748046875
37624,20.20263671875
37637,26.0009765625
37668,20.01953125
37678,23.37646484375
37711,23.25439453125
37727,26.611328125
37760,18.06640625
37820,19.8974609375
37831,23.49853515625
37932,18.9208984375
38559,18.98193359375
39740,20.01953125
39885,17.822265625
40018,17.51708984375
40075,18.12744140625
75630,24.169921875
75662,18.12744140625
75692,28.99169921875
75717,44.7998046875
75733,19.47021484375
75781,19.83642578125
75821,52.79541015625
75870,21.6064453125
75910,46.7529296875
75939,27.099609375
75968,17.27294921875
76003,18.73779296875
76064,20.6298828125
76086,19.4091796875
76105,17.822265625
76123,21.97265625
76249,21.91162109375
76457,23.37646484375
76584,18.61572265625
76983,21.3623046875
78026,18.6767578125
78207,27.587890625
120119,17.63916015625
122568,17.822265625
122640,24.0478515625
122660,21.30126953125
122675,19.775390625
122705,20.20263671875
122751,36.80419921875
122761,26.30615234375
122825,18.85986328125
122838,47.36328125
122925,31.55517578125
122954,17.63916015625
122982,22.64404296875
123010,18.49365234375
123052,17.63916015625
123092,20.01953125
123162,19.287109375
123226,19.1650390625
123244,17.88330078125
123261,17.333984375
123333,17.9443359375
123459,18.37158203125
123813,18.49365234375
124251,20.32470703125
124475,22.4609375
125137,17.4560546875
154900,17.578125
154922,17.27294921875
155024,19.34814453125
155042,19.34814453125
155071,39.1845703125
155089,18.9208984375
155100,21.54541015625
155123,26.30615234375
155159,20.20263671875
155194,27.28271484375
155216,19.8974609375
155251,24.71923828125
155291,18.98193359375
155307,23.86474609375
155343,23.62060546875
155390,17.333984375
155418,28.6865234375
155492,24.169921875
155536,19.83642578125
155581,21.1181640625
155671,17.63916015625
155921,19.10400390625
156246,18.12744140625
156546,18.310546875
157071,19.59228515625
157172,21.97265625
180597,17.333984375
195926,18.37158203125
195959,19.04296875
195985,20.3857421875
196014,25.20751953125
196031,42.724609375
196048,38.26904296875
196065,19.22607421875
196091,30.1513671875
196137,33.63037109375
196160,18.6767578125
196188,26.67236328125
196200,24.35302734375
196234,31.494140625
196248,18.6767578125
196307,18.73779296875
196415,17.27294921875
196426,20.99609375
196487,18.49365234375
196524,17.7001953125
196609,17.333984375
196640,20.08056640625
196675,18.85986328125
196858,17.51708984375
197169,19.287109375
197196,19.8974609375
197438,18.24951171875
197966,18.49365234375
198070,20.08056640625
198406,17.578125
198584,23.8037109375
199163,17.578125
242403,25.08544921875
242437,18.12744140625
242467,43.3349609375
242482,54.26025390625
242508,18.9208984375
242551,21.91162109375
242561,22.705078125
242591,23.62060546875
242610,19.59228515625
242649,18.1884765625
242668,17.63916015625
242693,18.98193359375
242731,31.25
242770,19.34814453125
242791,20.263671875
242886,18.06640625
243059,20.3857421875
243151,24.10888671875
243305,17.39501953125
243633,18.1884765625
285647,20.751953125
285662,32.16552734375
285696,17.822265625
285711,39.73388671875
285728,17.822265625
285747,19.83642578125
285777,18.4326171875
285803,31.1279296875
285832,33.50830078125
285844,32.89794921875
285865,20.81298828125
285900,17.333984375
285915,37.41455078125
285948,18.49365234375
285972,24.47509765625
285991,27.52685546875
286022,24.0478515625
286200,18.798828125
286235,24.658203125
286403,17.76123046875
286763,19.287109375
286782,20.32470703125
287137,23.49853515625
287286,19.1650390625
287383,17.63916015625
287459,21.8505859375
321701,18.37158203125
321788,18.6767578125
321816,25.87890625
321837,26.67236328125
321847,19.95849609375
321892,17.39501953125
321904,21.1181640625
321925,25.0244140625
321937,29.1748046875
321961,18.24951171875
322012,22.88818359375
322038,23.98681640625
322052,19.83642578125
322088,21.97265625
322104,27.2216796875
322194,18.12744140625
322261,17.51708984375
322368,18.798828125
322400,17.9443359375
322484,18.73779296875
322555,19.53125
322713,19.04296875
322790,17.27294921875
323113,18.5546875
323489,19.04296875
323746,18.06640625
324114,17.9443359375
324568,17.4560546875
368575,21.05712890625
368600,19.6533203125
368617,27.9541015625
368675,45.166015625
368697,19.53125
368742,21.97265625
368754,19.47021484375
368779,30.3955078125
368818,35.70556640625
368828,32.40966796875
368849,18.798828125
368879,21.54541015625
368939,24.658203125
368987,19.4091796875
369021,19.22607421875
369046,17.333984375
369069,18.49365234375
369126,23.5595703125
369166,18.61572265625
369237,17.9443359375
369274,18.37158203125
369373,17.7001953125
369592,19.04296875
369735,17.39501953125
405842,18.310546875
405909,26.611328125
405945,17.333984375
405966,20.99609375
405991,32.28759765625
406009,24.0478515625
406019,19.22607421875
406062,25.7568359375
406083,19.71435546875
406110,17.76123046875
406148,24.35302734375
406162,47.8515625
406179,26.91650390625
406231,20.56884765625
406276,17.39501953125
406313,19.59228515625
406380,19.775390625
406484,17.76123046875
406497,17.4560546875
406661,25.634765625
406756,19.4091796875
406820,19.53125
406853,17.578125
406893,17.63916015625
406944,17.7001953125
407097,17.39501953125
407202,17.39501953125
407270,19.287109375
407391,25.5126953125
407408,19.4091796875
407745,19.47021484375
408033,22.5830078125
440919,17.578125
441084,19.04296875
441143,21.30126953125
441170,21.66748046875
441194,45.95947265625
441223,47.79052734375
441240,17.9443359375
441287,18.00537109375
441313,34.72900390625
441330,19.04296875
441352,20.5078125
441371,26.79443359375
441419,22.64404296875
441431,31.67724609375
441452,19.775390625
441495,24.71923828125
441506,26.42822265625
441581,22.76611328125
441658,20.69091796875
441806,22.5830078125
441891,17.7001953125
442055,18.1884765625
442181,18.9208984375
442454,17.4560546875
452853,17.9443359375
488062,23.25439453125
488077,20.20263671875
488106,18.37158203125
488129,55.84716796875
488142,17.39501953125
488168,24.4140625
488195,33.8134765625
488214,22.88818359375
488233,28.74755859375
488303,17.88330078125
488356,18.798828125
488366,26.06201171875
488400,39.4287109375
488441,23.49853515625
488454,19.34814453125
488488,22.64404296875
488504,18.798828125
488540,17.63916015625
488565,20.20263671875
488665,19.34814453125
488707,17.4560546875
488823,20.20263671875
488870,18.00537109375
488906,18.49365234375
489002,21.30126953125
489675,19.10400390625
489698,17.822265625
513703,23.01025390625
513714,17.39501953125
513743,24.2919921875
513771,20.81298828125
513801,26.0009765625
513829,37.2314453125
513850,43.51806640625
513935,23.92578125
513945,19.1650390625
514000,28.62548828125
514012,33.8134765625
514044,22.27783203125
514070,22.39990234375
514102,28.3203125
514166,20.751953125
514271,20.93505859375
514316,29.296875
514452,22.15576171875
538996,18.49365234375
546064,19.1650390625
546088,18.61572265625
546163,29.11376953125
546173,36.4990234375
546206,19.10400390625
546250,26.85546875
546301,18.4326171875
546340,35.5224609375
546352,19.04296875
546390,20.44677734375
546454,25.390625
546524,21.17919921875
546640,21.484375
546766,17.63916015625
547143,17.27294921875
579358,19.287109375
579407,18.98193359375
579480,19.287109375
579513,20.1416015625
579540,40.0390625
579571,23.4375
579592,21.240234375
579629,22.5830078125
579653,18.85986328125
579666,37.2314453125
579700,22.3388671875
579747,20.56884765625
579764,27.89306640625
579787,17.27294921875
579832,23.681640625
579865,20.8740234375
579965,19.95849609375
580017,27.77099609375
580127,18.4326171875
580696,17.39501953125
580870,18.24951171875
611001,19.59228515625
611033,22.0947265625
611104,20.01953125
611131,31.18896484375
611156,18.00537109375
611173,20.20263671875
611191,47.54638671875
611236,23.25439453125
611264,27.587890625
611299,23.5595703125
611313,22.4609375
611364,26.0009765625
611384,18.37158203125
611421,21.1181640625
611467,22.88818359375
611513,18.00537109375
611525,23.4375
611555,17.822265625
611699,29.9072265625
611709,23.8037109375
612341,18.6767578125
612368,21.240234375
650890,19.10400390625
651007,18.00537109375
651030,28.01513671875
651052,65.0634765625
651068,25.634765625
651109,28.564453125
651142,20.751953125
651203,29.96826171875
651213,32.65380859375
651245,34.5458984375
651270,17.88330078125
651314,27.64892578125
651332,22.64404296875
651409,32.53173828125
651511,17.27294921875
651545,18.61572265625
651564,20.93505859375
652121,17.63916015625
652310,17.39501953125
652380,19.287109375
673688,18.85986328125
673708,21.17919921875
673718,17.76123046875
673789,22.216796875
673821,18.61572265625
673873,22.4609375
673892,26.9775390625
673909,20.263671875
673937,17.333984375
673985,32.5927734375
674032,17.27294921875
674056,21.6064453125
674082,20.5078125
674281,31.73828125
674342,23.0712890625
674896,17.578125
675117,18.37158203125
707835,21.30126953125
707883,19.83642578125
707918,23.0712890625
707928,19.59228515625
707968,26.611328125
708002,17.51708984375
708048,19.1650390625
708085,27.34375
708107,19.1650390625
708137,38.4521484375
708155,17.578125
708197,18.61572265625
708221,21.42333984375
708259,17.4560546875
708349,29.96826171875
708410,18.798828125
710499,18.12744140625
745314,26.30615234375
745363,19.34814453125
745393,18.24951171875
745423,31.73828125
745437,46.08154296875
745489,23.92578125
745510,25.7568359375
745573,40.8935546875
745637,25.5126953125
745649,22.39990234375
745786,19.59228515625
745803,26.3671875
745879,20.751953125
745902,18.1884765625
746090,17.27294921875
746469,18.1884765625
775901,18.1884765625
776010,17.7001953125
776053,18.798828125
776078,20.44677734375
776127,19.6533203125
776155,23.5595703125
776184,18.798828125
776201,35.2783203125
776231,32.2265625
776261,19.22607421875
776310,17.578125
776388,22.4609375
776640,19.59228515625
776689,20.69091796875
777422,19.04296875
777638,18.1884765625
806912,18.00537109375
806935,19.04296875
806962,18.00537109375
806989,24.658203125
807019,19.4091796875
807114,19.287109375
807149,31.494140625
807163,22.3388671875
807253,18.85986328125
807323,17.39501953125
807361,19.34814453125
807371,33.69140625
807421,21.17919921875
807655,17.51708984375
808216,18.06640625
831280,17.63916015625
845648,18.06640625
845709,18.24951171875
845733,25.45166015625
845795,21.78955078125
845805,30.517578125
845819,20.8740234375
845830,26.67236328125
845894,24.35302734375
845925,30.21240234375
845949,27.77099609375
845966,17.39501953125
845994,20.56884765625
846016,19.04296875
846032,30.94482421875
846085,18.06640625
846104,24.90234375
846136,23.4375
846201,21.05712890625
846292,25.390625
846385,23.5595703125
846671,19.4091796875
846958,18.00537109375
847134,18.798828125
895516,17.76123046875
895638,18.6767578125
895701,25.0244140625
895756,19.775390625
895767,18.98193359375
895792,31.8603515625
895813,22.88818359375
895832,17.63916015625
895878,22.88818359375
895933,21.30126953125
895979,51.3916015625
896001,20.32470703125
896048,28.99169921875
896075,30.517578125
896147,30.70068359375
896208,22.8271484375
896291,26.06201171875
896302,17.333984375
896718,18.4326171875
897153,21.66748046875
897254,19.775390625
930924,17.39501953125
930950,26.7333984375
930963,21.240234375
931032,23.193359375
931064,22.0947265625
931113,24.2919921875
931150,18.61572265625
931185,48.583984375
931195,25.08544921875
931243,17.9443359375
931257,17.7001953125
931328,20.20263671875
931360,19.287109375
931408,30.3955078125
931431,24.4140625
931462,27.52685546875
931478,18.61572265625
931580,27.40478515625
931752,20.56884765625
975303,19.1650390625
975343,19.83642578125
975402,23.74267578125
975426,20.01953125
975453,32.04345703125
975488,27.4658203125
975530,22.3388671875
975544,27.77099609375
975581,21.97265625
975621,30.517578125
975648,18.85986328125
975676,18.4326171875
975711,23.74267578125
975724,35.94970703125
975765,23.5595703125
975788,20.81298828125
975819,18.798828125
975847,17.76123046875
975889,23.681640625
975921,19.8974609375
975946,22.705078125
976012,21.66748046875
976065,18.49365234375
976097,19.1650390625
1010806,20.1416015625
1010850,18.24951171875
1010886,25.7568359375
1010943,19.04296875
1010962,36.2548828125
1011031,36.80419921875
1011076,19.34814453125
1011093,20.20263671875
1011127,25.5126953125
1011144,23.49853515625
1011170,17.4560546875
1011251,17.578125
1011261,21.17919921875
1011284,18.24951171875
1011423,23.0712890625
1011538,20.5078125
1011586,19.775390625
1011779,17.51708984375
1038278,19.775390625
1038367,20.93505859375
1038435,19.34814453125
1038449,19.287109375
1038466,25.0244140625
1038519,19.10400390625
1038571,25.7568359375
1038603,22.4609375
1038651,17.88330078125
1038731,37.65869140625
1038759,33.26416015625
1038788,19.34814453125
1038833,19.95849609375
1038936,17.51708984375
1038951,25.146484375
1073622,19.22607421875
1073697,17.51708984375
1073717,22.03369140625
1073737,20.69091796875
1073770,20.5078125
1073809,27.587890625
1073856,19.10400390625
1073889,17.51708984375
1073935,24.2919921875
1073953,27.28271484375
1073988,18.5546875
1074034,35.21728515625
1074122,18.49365234375
1074159,18.798828125
1074232,30.517578125
1074250,21.728515625
1074311,18.24951171875
1074456,17.51708984375
1075205,20.8740234375
1102458,17.822265625
1102529,18.73779296875
1102553,18.798828125
1102595,21.3623046875
1102711,33.02001953125
1102725,20.751953125
1102792,18.1884765625
1102802,19.53125
1102840,18.1884765625
1102914,30.8837890625
1102967,20.69091796875
1102992,28.6865234375
1103038,22.88818359375
1103056,20.44677734375
1103185,19.59228515625
1103196,21.05712890625
1103464,18.5546875
1103980,17.578125
1138904,18.37158203125
1142098,18.6767578125
1142141,21.6064453125
1142160,26.9775390625
1142252,17.76123046875
1142274,31.18896484375
1142297,20.56884765625
1142368,24.47509765625
1142390,29.47998046875
1142414,47.607421875
1142436,26.79443359375
1142465,21.3623046875
1142525,18.1884765625
1142565,22.03369140625
1142728,21.78955078125
1142757,21.30126953125
1142780,21.240234375
1179473,19.53125
1179539,18.00537109375
1179562,23.49853515625
1179597,25.69580078125
1179611,22.4609375
1179663,18.798828125
1179683,23.62060546875
1179747,27.52685546875
1179760,23.01025390625
1179814,24.658203125
1179838,21.17919921875
1179876,18.4326171875
1179890,22.5830078125
1180004,23.86474609375
1180032,30.94482421875
1180071,18.98193359375
1180111,17.9443359375
1180150,22.27783203125
1180162,18.49365234375
1180479,19.04296875
1218841,19.34814453125
1218949,17.27294921875
1218969,17.9443359375
1219013,22.76611328125
1219044,21.30126953125
1219088,22.3388671875
1219117,34.60693359375
1219132,18.00537109375
1219175,17.51708984375
1219228,23.3154296875
1219238,29.541015625
1219258,22.3388671875
1219305,17.76123046875
1219320,22.76611328125
1219391,19.95849609375
1219433,19.22607421875
1219446,24.35302734375
1219518,17.27294921875
1255798,18.5546875
1255832,20.20263671875
1255918,18.06640625
1255929,29.9072265625
1255963,18.4326171875
1256003,26.67236328125
1256019,22.94921875
1256050,18.24951171875
1256131,40.52734375
1256173,18.06640625
1256185,25.08544921875
1256222,26.7333984375
1256290,20.8740234375
1256501,18.24951171875
1256531,17.76123046875
1256606,17.63916015625
1287123,19.71435546875
1287222,20.1416015625
1287253,18.5546875
1287327,18.12744140625
1287398,27.9541015625
1287413,24.96337890625
1287487,18.37158203125
1287526,20.3857421875
1287555,23.4375
1287589,17.76123046875
1287602,51.69677734375
1287716,18.1884765625
1287749,18.4326171875
1287822,29.35791015625
1287838,18.12744140625
1288034,17.9443359375
1319402,24.47509765625
1319455,18.9208984375
1319475,18.1884765625
1319501,20.69091796875
1319593,24.96337890625
1319667,31.73828125
1319693,30.76171875
1319726,19.95849609375
1319813,20.99609375
1319840,27.40478515625
1319854,19.53125
1319942,19.47021484375
1319977,17.88330078125
1350318,20.8740234375
1350334,20.44677734375
1350391,23.74267578125
1350412,21.54541015625
1350449,18.4326171875
1350486,26.42822265625
1350500,22.3388671875
1350591,18.4326171875
1350608,22.705078125
1350631,18.798828125
1350704,21.91162109375
1350725,22.3388671875
1350744,17.4560546875
1350921,19.04296875
1350948,19.4091796875
1351016,19.1650390625
1394224,19.1650390625
1394306,22.39990234375
1394344,20.93505859375
1394382,20.6298828125
1394401,19.95849609375
1394420,27.52685546875
1394454,20.20263671875
1394477,38.51318359375
1394503,24.7802734375
1394524,24.84130859375
1394569,18.61572265625
1394599,21.91162109375
1394616,17.88330078125
1394627,17.4560546875
1394644,19.83642578125
1394669,21.8505859375
1394768,18.37158203125
1394785,29.052734375
1394803,19.04296875
1394830,17.51708984375
1394936,21.30126953125
1395005,25.81787109375
1395024,19.10400390625
1395147,19.53125
1395332,17.27294921875
1434690,24.10888671875
1434766,23.86474609375
1434796,33.38623046875
1434849,17.7001953125
1434868,20.5078125
1434907,22.94921875
1434965,17.578125
1434979,29.60205078125
1435003,23.74267578125
1435015,19.8974609375
1435040,32.28759765625
1435051,17.822265625
1435097,17.7001953125
1435175,17.51708984375
1435241,18.61572265625
1435293,41.56494140625
1435309,21.42333984375
1435328,21.3623046875
1435416,18.798828125
1435576,18.73779296875
1435728,18.4326171875
1436788,18.6767578125
1436824,17.51708984375
1459304,18.6767578125
1477995,17.9443359375
1478056,20.751953125
1478116,30.3955078125
1478138,18.49365234375
1478192,24.23095703125
1478213,22.3388671875
1478278,18.98193359375
1478302,24.0478515625
1478324,18.61572265625
1478341,38.87939453125
1478358,22.15576171875
1478439,23.49853515625
1478540,27.7099609375
1478562,22.64404296875
1478585,17.63916015625
1478765,17.27294921875
1478964,18.1884765625
1523422,18.61572265625
1523450,18.798828125
1523498,23.193359375
1523509,20.32470703125
1523558,18.9208984375
1523591,17.9443359375
1523619,42.17529296875
1523639,21.728515625
1523696,19.34814453125
1523717,19.34814453125
1523741,18.61572265625
1523804,30.57861328125
1523826,19.95849609375
1523859,26.123046875
1523885,17.578125
1523920,21.6064453125
1523974,24.658203125
1524045,17.39501953125
1524059,17.4560546875
1524263,18.85986328125
1524419,22.216796875
1525298,17.76123046875
1556553,21.54541015625
1556566,17.4560546875
1556579,21.484375
1556622,17.76123046875
1556669,20.5078125
1556691,27.77099609375
1556738,17.578125
1556806,31.494140625
1556877,24.5361328125
1556892,27.83203125
1556909,23.92578125
1556981,21.728515625
1557001,27.2216796875
1557028,31.06689453125
1557281,18.00537109375
1557304,18.73779296875
1589505,19.1650390625
1592735,17.9443359375
1592828,22.52197265625
1592888,18.24951171875
1592934,17.27294921875
1592964,27.34375
1592986,18.98193359375
1593056,19.53125
1593071,25.93994140625
1593103,24.59716796875
1593130,35.58349609375
1593197,19.22607421875
1593262,21.3623046875
1593317,20.1416015625
1593345,23.4375
1593375,17.7001953125
1593426,17.39501953125
1593454,19.10400390625
1593473,37.90283203125
1593645,18.5546875
1625905,19.59228515625
1626036,20.01953125
1626099,21.240234375
1626121,18.49365234375
1626143,18.6767578125
1626184,28.3203125
1626209,21.66748046875
1626301,17.578125
1626320,20.01953125
1626336,37.17041015625
1626357,17.7001953125
1626436,20.8740234375
1626513,19.83642578125
1626674,17.333984375
1626695,19.10400390625
1654984,17.578125
1660994,17.88330078125
1661099,17.88330078125
1661132,18.6767578125
1661183,17.51708984375
1661204,17.9443359375
1661232,19.95849609375
1661290,18.49365234375
1661308,25.7568359375
1661401,29.052734375
1661422,21.54541015625
1661490,22.3388671875
1661544,26.55029296875
1661558,20.93505859375
1661581,19.1650390625
1661636,20.32470703125
1661664,42.1142578125
1700934,17.7001953125
1700995,17.76123046875
1701058,23.74267578125
1701076,18.24951171875
1701170,27.52685546875
1701267,35.888671875
1701285,28.74755859375
1701324,22.52197265625
1701384,22.15576171875
1701407,19.1650390625
1701422,17.4560546875
1701442,30.57861328125
1701525,17.39501953125
1701568,18.310546875
1701617,18.98193359375
1701628,17.27294921875
1701976,19.04296875
1724341,17.27294921875
1746213,19.71435546875
1746254,18.5546875
1746339,17.39501953125
1746368,25.69580078125
1746381,25.57373046875
1746465,23.5595703125
1746480,17.333984375
1746538,39.36767578125
1746556,21.54541015625
1746586,18.98193359375
1746683,19.71435546875
1746704,18.85986328125
1746756,21.728515625
1746782,22.5830078125
1746863,19.22607421875
1746904,25.32958984375
1747000,17.9443359375
1747076,21.30126953125
1779620,17.7001953125
1779640,17.9443359375
1779654,18.37158203125
1779706,22.0947265625
1779787,24.2919921875
1779810,21.17919921875
1779875,30.3955078125
1779947,24.10888671875
1780009,17.333984375
1780051,17.88330078125
1780123,25.57373046875
1780303,19.95849609375
1780409,18.61572265625
1780461,18.00537109375
1780511,20.01953125
1780561,21.42333984375
1820869,19.47021484375
1820909,18.310546875
1820973,20.99609375
1821022,20.32470703125
1821109,28.564453125
1821126,17.578125
1821155,18.06640625
1821202,24.47509765625
1821223,19.287109375
1821303,17.9443359375
1821361,18.24951171875
1821430,40.95458984375
1821451,25.390625
1821563,17.578125
1858161,20.263671875
1858252,18.4326171875
1858276,25.390625
1858322,22.76611328125
1858349,17.63916015625
1858399,20.3857421875
1858450,29.47998046875
1858562,17.822265625
1858589,21.8505859375
1858645,20.44677734375
1858758,39.1845703125
1858803,19.95849609375
1858917,21.17919921875
1890874,18.9208984375
1890915,18.1884765625
1890934,25.0244140625
1891007,20.3857421875
1891051,20.751953125
1891173,17.4560546875
1891207,30.6396484375
1891312,17.333984375
1891432,18.49365234375
1891471,25.2685546875
1891489,27.03857421875
1891502,19.95849609375
1891659,17.27294921875
1891777,21.484375
1937112,19.1650390625
1937162,18.49365234375
1937246,17.822265625
1937325,20.751953125
1937350,18.85986328125
1937389,18.310546875
1937419,17.4560546875
1937491,23.8037109375
1937510,41.50390625
1937525,29.72412109375
1937555,20.263671875
1937591,18.24951171875
1937620,18.12744140625
1937654,17.39501953125
1937758,20.32470703125
1937783,19.47021484375
1937836,22.52197265625
1937953,17.39501953125
1938027,20.56884765625
1938131,19.34814453125
1957037,17.27294921875
1965263,18.5546875
1970441,17.76123046875
1970475,17.822265625
1970491,20.6298828125
1970595,17.7001953125
1970670,19.34814453125
1970708,20.20263671875
1970718,17.578125
1970750,17.88330078125
1970776,23.01025390625
1970807,19.22607421875
1970889,17.27294921875
1970901,17.39501953125
1970962,22.94921875
1971039,17.76123046875
1971125,18.1884765625
1971167,18.73779296875
1971326,19.775390625
1971517,18.310546875
1972230,17.51708984375
2009722,17.4560546875
2009796,17.333984375
2009838,19.4091796875
2009877,18.4326171875
2009934,32.1044921875
2009990,20.99609375
2010128,19.71435546875
2010208,23.86474609375
2010269,28.13720703125
2010534,19.47021484375
2010566,20.69091796875
2010693,18.6767578125
2049041,18.49365234375
2049075,25.08544921875
2049116,21.78955078125
2049164,20.69091796875
2049196,19.53125
2049220,26.9775390625
2049255,27.77099609375
2049273,17.9443359375
2049328,19.59228515625
2049378,20.5078125
2049411,39.85595703125
2049433,17.578125
2049519,23.49853515625
2049639,18.24951171875
2049672,19.775390625
2049766,18.06640625
2049819,19.287109375
2049862,18.12744140625
2089162,18.49365234375
2089238,18.06640625
2089263,23.86474609375
2089334,26.0009765625
2089387,17.4560546875
2089499,18.49365234375
2089527,27.34375
2089555,17.7001953125
2089702,19.10400390625
2089736,18.06640625
2089833,27.587890625
2089854,21.54541015625
2089947,19.4091796875
2090067,17.9443359375
2090290,19.47021484375
2090464,19.95849609375
2120289,25.634765625
2120441,20.08056640625
2120567,17.333984375
2120665,20.8740234375
2120714,18.37158203125
2120726,26.611328125
2120945,17.7001953125
2121055,20.751953125
2121088,19.6533203125
2121132,20.263671875
2121196,18.24951171875
2140159,17.822265625
2159621,20.93505859375
2159871,18.06640625
2159885,17.4560546875
2159944,35.33935546875
2160097,21.05712890625
2160112,20.32470703125
2160369,19.22607421875
2160387,23.92578125
2161584,18.37158203125
2199660,17.9443359375
2199774,21.97265625
2199806,18.61572265625
2199852,18.06640625
2199984,18.49365234375
2200130,24.23095703125
2200195,33.0810546875
2200259,23.681640625
2200344,18.37158203125
2200500,19.04296875
2200706,18.98193359375
2201027,19.1650390625
2232696,23.92578125
2232707,20.1416015625
2232734,17.333984375
2232800,21.78955078125
2232830,17.333984375
2232857,25.2685546875
2232962,17.578125
2232984,21.17919921875
2233064,19.10400390625
2233080,27.16064453125
2233141,18.310546875
2233277,22.0947265625
2233461,22.64404296875
2233481,17.88330078125
2276962,18.798828125
2277044,18.1884765625
2277123,20.1416015625
2277254,19.04296875
2277313,22.27783203125
2277368,21.05712890625
2277519,25.20751953125
2277632,21.42333984375
2277992,19.6533203125
2278037,17.76123046875
2278105,17.51708984375
2310935,20.751953125
2311088,18.6767578125
2311150,17.63916015625
2311306,19.04296875
2311336,20.20263671875
2311354,18.5546875
2311485,18.85986328125
2311512,18.37158203125
2311651,17.51708984375
2311674,18.37158203125
2340327,19.04296875
2347557,18.00537109375
2347728,17.578125
2347763,18.49365234375
2347856,28.99169921875
2347930,24.84130859375
2348128,19.95849609375
2348140,21.66748046875
2348226,21.05712890625
2348447,18.85986328125
2394045,18.85986328125
2394121,18.6767578125
2394210,17.51708984375
2394246,25.87890625
2394265,22.03369140625
2394277,24.71923828125
2394342,45.10498046875
2394369,17.4560546875
2394422,21.30126953125
2394432,20.01953125
2394513,18.12744140625
2394525,19.10400390625
2394549,18.4326171875
2394622,18.798828125
2394667,19.4091796875
2394948,25.634765625
2422100,20.6298828125
2422168,17.63916015625
2422222,20.56884765625
2422481,18.49365234375
2422690,17.578125
2422706,21.1181640625
2422970,18.4326171875
2456595,18.5546875
2456753,18.37158203125
2456822,17.39501953125
2456848,18.5546875
2456974,18.73779296875
2456996,18.9208984375
2457052,17.822265625
2457090,19.53125
2457163,21.1181640625
2457363,18.85986328125
2457780,22.705078125
2480873,18.310546875
2481061,17.39501953125
2481137,24.658203125
2481233,17.333984375
2481317,18.4326171875
2481534,17.27294921875
2481655,30.33447265625
2481694,20.81298828125
2516925,22.8271484375
2517067,17.4560546875
2517109,19.22607421875
2517265,22.88818359375
2517288,24.71923828125
2517404,18.1884765625
2517512,20.263671875
2517818,22.705078125
2551543,17.27294921875
2551719,18.24951171875
2551850,23.13232421875
2551927,17.333984375
2552194,18.61572265625
2552222,23.8037109375
2552405,18.49365234375
2552465,20.263671875
2584189,19.22607421875
2584215,17.578125
2584329,22.0947265625
2584467,22.15576171875
2584562,18.06640625
2584629,18.61572265625
2584782,18.49365234375
2585065,17.578125
2585086,25.45166015625
2585098,20.99609375
2628100,17.333984375
2628268,18.06640625
2628306,24.169921875
2628448,21.484375
2628516,31.25
2628534,20.44677734375
2628554,19.71435546875
2628659,26.55029296875
2628680,27.89306640625
2628764,17.4560546875
2628798,21.54541015625
2628815,21.05712890625
2628950,26.42822265625
2629042,18.37158203125
2629116,17.9443359375
2629203,18.00537109375
2629216,36.376953125
2629270,18.06640625
2629316,22.94921875
2669029,22.52197265625
2669284,20.263671875
2669411,19.04296875
2669493,21.05712890625
2669546,18.00537109375
2669583,18.6767578125
2669808,17.39501953125
2669898,18.98193359375
2670016,18.310546875
2670057,21.728515625
2692621,17.333984375
2701665,18.00537109375
2701983,18.85986328125
2702154,17.39501953125
2702237,19.22607421875
2702348,25.634765625
2703127,18.37158203125
2730265,17.88330078125
2730316,17.4560546875
2730355,18.49365234375
2730406,18.98193359375
2730544,19.4091796875
2730571,25.0244140625
2730743,18.310546875
2730771,32.16552734375
2730783,18.1884765625
2731285,18.12744140625
2731344,25.2685546875
2759200,20.08056640625
2759259,18.49365234375
2759351,18.61572265625
2759376,19.4091796875
2759433,17.76123046875
2759513,25.45166015625
2759537,17.76123046875
2759722,19.6533203125
2789286,19.22607421875
2789317,17.27294921875
2789356,21.17919921875
2789564,21.240234375
2789652,17.76123046875
2789766,18.49365234375
2789902,17.9443359375
2790059,20.263671875
2790155,18.98193359375
2790190,17.333984375
2816762,17.63916015625
2816918,18.00537109375
2816956,20.1416015625
2816985,21.91162109375
2817058,20.01953125
2817139,17.578125
2817357,23.25439453125
2817491,18.85986328125
2818040,20.263671875
2850363,17.27294921875
2850448,18.798828125
2850555,19.83642578125
2850607,19.287109375
2850750,18.9208984375
2850788,27.64892578125
2850829,17.76123046875
2850865,27.64892578125
2850884,20.81298828125
2850980,17.27294921875
2851116,17.822265625
2851139,19.1650390625
2851197,28.9306640625
2851238,18.310546875
2851506,23.74267578125
2851517,20.99609375
2869717,17.51708984375
2901198,22.03369140625
2901286,28.564453125
2901314,18.06640625
2901344,23.25439453125
2901437,24.84130859375
2901557,18.5546875
2901568,34.423828125
2901643,20.99609375
2901660,18.6767578125
2901739,18.9208984375
2901828,21.6064453125
2901858,25.69580078125
2901893,18.00537109375
2901944,20.99609375
2901996,24.5361328125
2902118,18.6767578125
2902149,20.01953125
2902226,17.39501953125
2902404,19.53125
2904574,18.00537109375
2945264,17.39501953125
2945297,22.39990234375
2945383,21.91162109375
2945434,19.71435546875
2945450,29.541015625
2945512,17.88330078125
2945522,20.56884765625
2945564,23.01025390625
2945634,19.71435546875
2945738,18.24951171875
2945758,22.03369140625
2945825,23.74267578125
2945887,21.8505859375
2945931,36.43798828125
2945956,20.32470703125
2946018,17.27294921875
2946030,19.775390625
2946052,18.798828125
2946076,22.39990234375
2946269,22.15576171875
2946428,20.263671875
2986000,18.00537109375
2986034,18.98193359375
2986138,18.798828125
2986233,19.4091796875
2986244,18.9208984375
2986275,19.34814453125
2986335,19.83642578125
2986362,23.5595703125
2986399,18.798828125
2986416,21.91162109375
2986441,42.724609375
2986480,32.8369140625
2986584,19.10400390625
2986659,23.193359375
2986679,30.6396484375
2986707,18.6767578125
2986772,18.00537109375
2986810,17.9443359375
2986851,18.9208984375
2986901,25.57373046875
2986948,18.37158203125
2987092,17.51708984375
2987381,23.62060546875
3025874,17.4560546875
3025982,21.484375
3026039,18.6767578125
3026097,29.9072265625
3026167,19.8974609375
3026245,22.5830078125
3026260,21.42333984375
3026291,42.41943359375
3026361,21.54541015625
3026416,19.10400390625
3026442,25.57373046875
3026461,18.61572265625
3026496,21.42333984375
3026565,21.42333984375
3026634,19.10400390625
3026664,21.1181640625
3026701,21.484375
3060393,17.76123046875
3060423,19.287109375
3060502,19.47021484375
3060527,17.88330078125
3060636,19.8974609375
3060648,18.4326171875
3060681,26.3671875
3060746,18.4326171875
3060776,20.263671875
3060803,21.3623046875
3060826,34.24072265625
3060841,24.71923828125
3060893,20.5078125
3061013,24.71923828125
3061215,23.13232421875
3061266,22.27783203125
3099477,18.6767578125
3099630,20.751953125
3099829,19.53125
3099866,23.98681640625
3099961,19.8974609375
3100026,18.6767578125
3100057,17.27294921875
3100127,20.93505859375
3100486,20.8740234375
3127921,17.51708984375
3139076,20.3857421875
3139220,17.333984375
3139304,18.310546875
3139335,18.5546875
3139371,22.3388671875
3139396,17.63916015625
3139464,17.27294921875
3139497,24.4140625
3139551,18.06640625
3139578,17.333984375
3139632,17.88330078125
3139784,23.37646484375
3139817,17.9443359375
3139836,31.494140625
3139859,27.03857421875
3139942,20.99609375
3139952,18.12744140625
3140040,17.822265625
3140149,19.83642578125
3140186,18.9208984375
3140291,25.57373046875
3140384,23.37646484375
3174511,19.34814453125
3174858,19.34814453125
3174998,17.822265625
3175046,25.08544921875
3175131,18.5546875
3175385,24.96337890625
3208378,18.73779296875
3208393,17.9443359375
3208602,17.7001953125
3208644,17.27294921875
3208666,19.04296875
3208705,17.88330078125
3208717,21.05712890625
3208739,19.1650390625
3208869,18.98193359375
3208921,17.333984375
3208951,18.73779296875
3209100,22.94921875
3244212,18.24951171875
3244267,18.73779296875
3244342,22.15576171875
3244383,29.6630859375
3244402,26.0009765625
3244493,17.9443359375
3244575,21.1181640625
3244650,17.88330078125
3244785,19.1650390625
3244992,23.25439453125
3246609,17.27294921875
3275958,17.51708984375
3275985,17.333984375
3276147,18.24951171875
3276171,19.71435546875
3276203,18.61572265625
3276240,21.30126953125
3276285,17.88330078125
3276356,19.47021484375
3276378,24.96337890625
3276522,20.56884765625
3276533,27.4658203125
3277246,19.53125
3319544,25.93994140625
3319778,22.5830078125
3319852,20.1416015625
3319891,17.822265625
3319957,18.4326171875
3320010,28.80859375
3320027,18.06640625
3320057,18.6767578125
3320220,18.61572265625
3320439,23.3154296875
3359110,18.310546875
3359137,18.73779296875
3359249,18.49365234375
3359342,20.751953125
3359385,35.400390625
3359416,18.06640625
3359484,18.5546875
3359526,41.9921875
3359543,18.4326171875
3359632,19.34814453125
3359851,24.23095703125
3360006,17.4560546875
3388881,17.88330078125
3389129,17.27294921875
3389164,20.3857421875
3389211,19.95849609375
3389264,17.76123046875
3389294,19.47021484375
3389322,20.08056640625
3389365,18.37158203125
3389390,18.12744140625
3389600,17.27294921875
3389793,24.4140625
3422577,18.24951171875
3422634,17.9443359375
3422713,19.71435546875
3422727,17.27294921875
3422931,17.822265625
3423001,18.310546875
3423026,28.99169921875
3423077,17.39501953125
3423306,18.798828125
3423435,26.30615234375
3423763,17.578125
3442469,18.6767578125
3456078,19.8974609375
3456139,17.63916015625
3456161,22.216796875
3456281,21.78955078125
3456310,18.49365234375
3456328,17.4560546875
3456370,21.8505859375
3456583,19.287109375
3456608,31.1279296875
3456685,25.08544921875
3456966,17.63916015625
3493097,20.6298828125
3493299,19.71435546875
3493484,28.13720703125
3493507,18.24951171875
3493520,18.24951171875
3493544,19.34814453125
3493559,22.03369140625
3493690,18.6767578125
3493765,23.74267578125
3493829,38.9404296875
3493839,19.22607421875
3493929,18.00537109375
3493966,17.27294921875
3522702,23.681640625
3522786,17.7001953125
3522877,18.98193359375
3522897,17.9443359375
3523043,18.12744140625
3523066,42.48046875
3523305,17.51708984375
3523419,25.93994140625
3523640,18.85986328125
3564371,20.99609375
3564402,23.01025390625
3564506,25.634765625
3564603,35.94970703125
3564658,28.9306640625
3564684,17.27294921875
3564785,27.03857421875
3564817,17.63916015625
3564830,19.287109375
3564924,19.95849609375
3564962,18.12744140625
3565200,22.5830078125
3594932,18.798828125
3594994,22.705078125
3595028,20.6298828125
3595112,20.32470703125
3595440,20.3857421875
3595454,23.681640625
3596184,23.62060546875
3630200,18.06640625
3630218,19.83642578125
3630282,18.24951171875
3630292,17.822265625
3630379,18.73779296875
3630427,22.88818359375
3630627,26.42822265625
3630648,22.216796875
3630745,22.94921875
3630771,19.775390625
3630832,18.310546875
3630993,26.123046875
3631074,18.61572265625
3631201,20.6298828125
3631356,18.798828125
3631538,17.822265625
3667357,17.51708984375
3667428,17.39501953125
3667471,19.1650390625
3667492,20.5078125
3667543,18.73779296875
3667585,18.06640625
3667612,26.4892578125
3667646,17.822265625
3667741,20.44677734375
3667899,21.42333984375
3668159,19.71435546875
3668201,22.4609375
3701703,18.310546875
3701793,18.310546875
3701826,18.49365234375
3701900,25.2685546875
3702058,20.5078125
3702072,17.4560546875
3702115,17.88330078125
3702340,21.240234375
3702387,20.44677734375
3702715,17.333984375
3747661,18.00537109375
3747838,18.4326171875
3747870,17.4560546875
3747923,20.20263671875
3747939,33.38623046875
3747985,34.912109375
3748030,17.333984375
3748065,21.42333984375
3748159,19.8974609375
3748192,19.95849609375
3748226,31.55517578125
3748236,22.8271484375
3748365,25.32958984375
3748456,19.95849609375
3748573,19.1650390625
3787295,20.01953125
3787308,18.98193359375
3787334,29.052734375
3787347,23.193359375
3787380,18.06640625
3787465,17.9443359375
3787503,26.18408203125
3787555,18.37158203125
3787596,17.4560546875
3787665,19.10400390625
3787767,18.12744140625
3787821,37.9638671875
3787845,19.47021484375
3787885,29.96826171875
3787897,20.3857421875
3788027,18.5546875
3817885,22.8271484375
3817945,20.3857421875
3817985,17.9443359375
3818079,28.3203125
3818092,17.27294921875
3818176,18.73779296875
3818244,20.81298828125
3818282,18.6767578125
3818396,23.74267578125
3818832,22.76611328125
3849265,17.7001953125
3849529,20.44677734375
3849553,25.634765625
3849651,19.1650390625
3849715,18.61572265625
3849766,23.193359375
3849868,20.56884765625
3850074,21.91162109375
3850095,19.83642578125
3850422,18.5546875
3850477,18.73779296875
3891519,20.93505859375
3891695,18.85986328125
3891750,17.51708984375
3891804,34.24072265625
3891820,23.92578125
3891867,29.6630859375
3891913,18.798828125
3891961,22.39990234375
3891986,19.95849609375
3892007,18.5546875
3892020,18.9208984375
3892044,22.0947265625
3892074,27.64892578125
3892104,17.822265625
3892157,21.1181640625
3892178,23.8037109375
3892254,26.611328125
3892327,18.5546875
3892457,18.49365234375
3932082,17.88330078125
3932297,17.27294921875
3932323,19.83642578125
3932415,28.9306640625
3932532,18.9208984375
3932702,50.29296875
3932815,17.63916015625
3932867,22.64404296875
3932891,19.287109375
3933071,19.47021484375
3969804,17.27294921875
3969857,19.1650390625
3969914,17.27294921875
3969949,17.39501953125
3969991,18.37158203125
3970040,32.04345703125
3970054,20.32470703125
3970092,23.86474609375
3970135,19.71435546875
3970170,18.06640625
3970231,37.353515625
3970264,29.35791015625
3970333,32.470703125
3970385,22.39990234375
3970447,18.310546875
3970571,19.10400390625
3970652,18.85986328125
3970767,17.822265625
4017237,17.76123046875
4017252,25.81787109375
4017300,19.287109375
4017368,17.76123046875
4017396,35.94970703125
4017423,17.39501953125
4017476,33.0810546875
4017514,20.32470703125
4017527,17.51708984375
4017541,24.4140625
4017583,17.7001953125
4017610,24.658203125
4017656,28.62548828125
4017668,26.79443359375
4017693,20.99609375
4017712,19.04296875
4017767,18.85986328125
4017829,19.53125
4017852,20.93505859375
4017989,21.30126953125
4017999,21.91162109375
4018102,18.6767578125
4053491,22.52197265625
4053671,18.24951171875
4053687,20.93505859375
4053699,17.333984375
4053789,37.04833984375
4053802,24.7802734375
4053842,21.6064453125
4053865,20.6298828125
4053955,44.49462890625
4053976,19.775390625
4054016,17.9443359375
4054064,19.4091796875
4054148,28.13720703125
4054158,32.3486328125
4054192,19.83642578125
4054278,19.83642578125
4054310,17.51708984375
4091170,18.24951171875
4091267,18.37158203125
4091404,19.10400390625
4091435,18.24951171875
4091467,19.95849609375
4091500,30.2734375
4091620,40.83251953125
4091651,19.287109375
4091697,18.49365234375
4091728,26.30615234375
4091797,20.69091796875
4091807,30.57861328125
4091831,19.287109375
4091931,21.8505859375
4091955,18.9208984375
4092012,20.751953125
4092124,24.10888671875
4129253,17.27294921875
4129487,17.51708984375
4129515,26.0009765625
4129533,19.59228515625
4129582,30.3955078125
4129599,20.32470703125
4129638,26.55029296875
4129708,52.42919921875
4129741,18.00537109375
4129764,22.94921875
4129799,26.85546875
4129842,18.73779296875
4129863,21.1181640625
4129886,19.1650390625
4129927,17.39501953125
4129968,18.798828125
4130031,26.123046875
4178963,17.7001953125
4179116,17.27294921875
4179210,26.3671875
4179246,18.5546875
4179285,24.0478515625
4179296,40.58837890625
4179319,25.0244140625
4179394,17.578125
4179412,52.18505859375
4179435,18.49365234375
4179500,18.61572265625
4179552,18.12744140625
4179582,26.2451171875
4179633,32.28759765625
4179644,19.04296875
4179673,17.578125
4179748,20.08056640625
4179830,17.63916015625
4179888,23.01025390625
4180176,17.39501953125
4180768,20.69091796875
4180786,21.91162109375
4225444,18.4326171875
4225497,18.12744140625
4225619,17.578125
4225669,19.10400390625
4225705,50.4150390625
4225728,23.4375
4225769,17.76123046875
4225797,19.59228515625
4225813,33.26416015625
4225870,22.76611328125
4225902,31.31103515625
4225916,20.263671875
4225964,19.04296875
4226014,24.90234375
4226086,18.00537109375
4226096,24.96337890625
4226129,17.39501953125
4226214,17.27294921875
4226283,20.99609375
4226371,23.4375
4226429,17.822265625
4226457,17.39501953125
4226467,17.51708984375
4227312,17.4560546875
4265979,17.9443359375
4265997,18.06640625
4266081,18.73779296875
4266128,21.8505859375
4266214,24.0478515625
4266264,22.27783203125
4266283,21.1181640625
4266339,21.30126953125
4266354,25.5126953125
4266406,18.6767578125
4266436,23.0712890625
4266451,26.79443359375
4266475,28.74755859375
4266498,39.0625
4266520,29.23583984375
4266542,26.2451171875
4266558,18.73779296875
4266593,26.0009765625
4266639,19.4091796875
4266655,17.76123046875
4266875,17.333984375
4266961,17.4560546875
4266977,23.0712890625
4267176,21.6064453125
4267266,17.51708984375
4267328,21.240234375
4267492,17.9443359375
4267774,19.34814453125
4267970,17.51708984375
4268258,25.69580078125
4268292,19.34814453125
4312348,18.98193359375
4312509,20.44677734375
4312607,18.5546875
4312639,27.77099609375
4312667,22.705078125
4312710,34.423828125
4312727,21.66748046875
4312738,26.0009765625
4312768,18.00537109375
4312792,30.94482421875
4312816,19.95849609375
4312850,39.1845703125
4312886,25.69580078125
4312904,19.22607421875
4312926,20.751953125
4312938,24.4140625
4312959,18.24951171875
4313013,21.6064453125
4313041,23.98681640625
4313075,18.49365234375
4313189,23.25439453125
4313344,21.78955078125
4313419,18.5546875
4313652,17.4560546875
4313813,18.4326171875
4314067,19.8974609375
4358144,23.13232421875
4358169,19.775390625
4358188,18.1884765625
4358275,25.5126953125
4358312,26.55029296875
4358335,25.08544921875
4358379,23.98681640625
4358393,24.7802734375
4358415,33.63037109375
4358438,34.48486328125
4358466,22.705078125
4358490,17.39501953125
4358523,28.4423828125
4358553,17.7001953125
4358593,17.27294921875
4358607,17.51708984375
4358710,18.24951171875
4358781,18.06640625
4358795,19.4091796875
4358933,17.27294921875
4359321,20.56884765625
4359591,18.4326171875
4359845,22.705078125
4401685,19.287109375
4401704,19.83642578125
4401803,21.6064453125
4401863,18.310546875
4401886,19.04296875
4401935,22.88818359375
4401964,31.25
4401976,25.2685546875
4402016,20.8740234375
4402063,20.69091796875
4402079,24.658203125
4402091,29.96826171875
4402106,22.64404296875
4402122,28.01513671875
4402147,24.23095703125
4402182,21.66748046875
4402250,24.71923828125
4402301,24.7802734375
4402335,19.4091796875
4402745,20.81298828125
4402756,35.888671875
4402769,18.9208984375
4402874,19.95849609375
4403466,18.4326171875
4403912,19.10400390625
4404264,19.22607421875
4443262,17.76123046875
4443422,18.24951171875
4443460,17.63916015625
4443481,23.62060546875
4443513,18.6767578125
4443547,19.22607421875
4443561,20.44677734375
4443583,31.3720703125
4443612,18.61572265625
4443665,20.93505859375
4443690,18.00537109375
4443723,34.85107421875
4443756,23.74267578125
4443777,22.0947265625
4443807,22.94921875
4443870,21.91162109375
4443951,27.587890625
4444018,17.88330078125
4444084,18.5546875
4444124,17.333984375
4444240,21.8505859375
4444312,18.9208984375
4444467,17.333984375
4444505,17.27294921875
4444770,19.53125
4445293,17.51708984375
4484471,19.53125
4484583,21.42333984375
4484750,19.04296875
4484765,23.01025390625
4484830,21.1181640625
4484841,19.1650390625
4484869,31.92138671875
4484886,21.66748046875
4484937,31.06689453125
4484961,19.4091796875
4484976,25.634765625
4485002,18.98193359375
4485071,37.41455078125
4485142,18.24951171875
4485230,20.81298828125
4485402,17.51708984375
4485624,20.5078125
4485692,17.27294921875
4485843,18.98193359375
4485986,19.53125
4486080,19.47021484375
4486194,17.88330078125
4486405,19.83642578125
4534827,17.39501953125
4534877,17.822265625
4534903,19.34814453125
4535053,20.8740234375
4535069,20.93505859375
4535105,18.06640625
4535121,18.1884765625
4535161,18.85986328125
4535171,33.38623046875
4535197,41.93115234375
4535212,43.64013671875
4535258,21.240234375
4535274,23.3154296875
4535286,23.13232421875
4535314,28.9306640625
4535324,19.6533203125
4535359,23.25439453125
4535373,20.56884765625
4535407,27.16064453125
4535452,18.6767578125
4535490,21.484375
4535513,23.98681640625
4535585,18.24951171875
4535819,18.61572265625
4536256,18.24951171875
4536304,21.8505859375
4536359,20.1416015625
4536490,18.37158203125
4536596,18.1884765625
4536700,21.42333984375
4575774,22.52197265625
4575802,17.76123046875
4575938,18.00537109375
4575966,19.04296875
4575999,18.310546875
4576031,32.5927734375
4576065,43.0908203125
4576076,22.39990234375
4576100,26.3671875
4576130,23.62060546875
4576144,18.73779296875
4576185,18.5546875
4576205,23.193359375
4576215,34.11865234375
4576288,21.42333984375
4576312,26.123046875
4576379,22.4609375
4576475,18.98193359375
4576589,17.7001953125
4576692,17.51708984375
4576796,22.3388671875
4577002,19.83642578125
4577022,19.53125
4577166,19.95849609375
4577268,18.37158203125
4577494,20.3857421875
4578214,18.1884765625
4623753,25.634765625
4623771,22.4609375
4623784,18.49365234375
4623806,31.79931640625
4623826,30.21240234375
4623848,19.775390625
4623877,30.76171875
4623888,20.8740234375
4623936,41.6259765625
4623965,33.38623046875
4623988,26.06201171875
4624029,25.87890625
4624050,29.296875
4624073,18.6767578125
4624103,21.42333984375
4624148,19.8974609375
4624165,18.85986328125
4624225,18.5546875
4624238,18.798828125
4624378,23.681640625
4624691,22.15576171875
4624824,19.04296875
4624875,18.00537109375
4624899,19.287109375
4625374,17.333984375
4669574,24.71923828125
4669682,17.578125
4669731,20.751953125
4669784,17.7001953125
4669806,33.447265625
4669838,20.93505859375
4669860,22.64404296875
4669911,23.37646484375
4669927,38.57421875
4669970,19.59228515625
4669999,19.04296875
4670037,17.27294921875
4670056,23.86474609375
4670077,26.4892578125
4670149,18.37158203125
4670206,20.751953125
4670273,19.04296875
4670404,17.578125
4670635,17.88330078125
4671235,17.88330078125
4712613,18.73779296875
4712650,26.123046875
4712692,19.04296875
4712712,19.1650390625
4712757,36.68212890625
4712775,17.578125
4712793,29.6630859375
4712829,19.287109375
4712841,37.17041015625
4712859,18.4326171875
4712889,29.541015625
4712917,22.15576171875
4712930,29.23583984375
4712960,23.3154296875
4712977,21.8505859375
4713004,26.79443359375
4713049,28.1982421875
4713075,22.0947265625
4713149,21.3623046875
4713216,19.71435546875
4713293,19.04296875
4713321,18.24951171875
4713439,17.63916015625
4713449,18.85986328125
4713721,18.00537109375
4713995,18.24951171875
4714005,20.44677734375
4714060,17.9443359375
4754917,24.5361328125
4754978,18.61572265625
4755003,18.6767578125
4755029,56.396484375
4755048,24.2919921875
4755085,23.193359375
4755105,20.99609375
4755131,28.50341796875
4755150,22.52197265625
4755176,29.23583984375
4755209,18.9208984375
4755232,29.23583984375
4755244,17.578125
4755288,23.5595703125
4755358,17.7001953125
4755491,21.1181640625
4755512,18.12744140625
4755656,17.76123046875
4755728,19.6533203125
4755775,18.4326171875
4755854,23.25439453125
4755980,19.71435546875
4756087,18.73779296875
4756407,17.39501953125
4756519,17.88330078125
4790991,17.88330078125
4791008,18.798828125
4791064,18.61572265625
4791099,18.5546875
4791121,32.53173828125
4791147,20.8740234375
4791204,17.4560546875
4791227,33.99658203125
4791256,20.81298828125
4791272,39.61181640625
4791291,20.8740234375
4791310,32.65380859375
4791328,21.30126953125
4791339,24.71923828125
4791373,35.0341796875
4791386,21.78955078125
4791416,17.4560546875
4791457,32.89794921875
4791518,19.59228515625
4791594,31.31103515625
4791666,18.12744140625
4791744,24.23095703125
4791786,18.12744140625
4791945,22.94921875
4792377,17.63916015625
4837226,19.34814453125
4837271,20.3857421875
4837400,18.85986328125
4837420,18.00537109375
4837447,40.58837890625
4837504,35.2783203125
4837546,21.484375
4837569,37.7197265625
4837600,26.91650390625
4837630,17.63916015625
4837670,24.71923828125
4837688,23.74267578125
4837725,18.06640625
4837748,28.01513671875
4837786,19.71435546875
4837891,18.00537109375
4838027,17.88330078125
4838170,18.798828125
4838319,18.1884765625
4838422,22.4609375
4838585,19.1650390625
4838877,18.798828125
4838968,17.76123046875
4872413,19.775390625
4872490,19.59228515625
4872511,20.6298828125
4872526,18.1884765625
4872536,20.08056640625
4872582,19.4091796875
4872594,31.67724609375
4872620,35.64453125
4872650,18.37158203125
4872683,28.564453125
4872706,22.76611328125
4872737,41.6259765625
4872768,20.751953125
4872797,36.9873046875
4872832,20.8740234375
4872871,29.60205078125
4872884,20.3857421875
4872948,21.240234375
4872964,17.51708984375
4873108,17.39501953125
4873152,19.83642578125
4873194,18.00537109375
4873247,17.333984375
4873323,26.67236328125
4873474,18.73779296875
4873509,18.98193359375
4873959,19.775390625
4906449,17.76123046875
4907126,19.04296875
4907149,18.24951171875
4907312,19.1650390625
4907351,20.1416015625
4907384,52.18505859375
4907405,17.333984375
4907438,22.3388671875
4907458,22.705078125
4907490,30.94482421875
4907509,20.5078125
4907535,31.1279296875
4907548,38.51318359375
4907565,20.81298828125
4907593,31.005859375
4907638,29.11376953125
4907721,21.17919921875
4907771,18.85986328125
4907830,19.10400390625
4907899,18.37158203125
4907993,17.9443359375
4908635,19.6533203125
4910118,17.7001953125
4956804,19.47021484375
4956895,20.81298828125
4956925,43.701171875
4956960,18.9208984375
4956974,27.77099609375
4957008,21.240234375
4957021,19.4091796875
4957050,30.3955078125
4957063,29.35791015625
4957093,25.87890625
4957122,22.64404296875
4957133,19.53125
4957151,19.6533203125
4957176,21.05712890625
4957215,24.7802734375
4957265,22.88818359375
4957375,18.49365234375
4957426,18.06640625
4957581,17.4560546875
4957611,20.1416015625
4957677,19.22607421875
4993746,18.1884765625
4993785,18.00537109375
4993811,17.578125
4993825,17.39501953125
4993890,47.2412109375
4993927,25.93994140625
4993940,21.66748046875
4993973,19.8974609375
4994015,36.68212890625
4994034,22.64404296875
4994057,30.21240234375
4994078,26.123046875
4994098,20.93505859375
4994124,26.0009765625
4994166,20.32470703125
4994201,20.32470703125
4994220,18.37158203125
4994231,17.63916015625
4994314,24.96337890625
4994384,17.63916015625
4994652,23.49853515625
4994924,18.73779296875
5032183,17.9443359375
5032322,22.03369140625
5032380,19.47021484375
5032416,25.5126953125
5032441,18.73779296875
5032477,21.54541015625
5032495,31.1279296875
5032510,21.91162109375
5032537,18.37158203125
5032565,22.8271484375
5032582,29.296875
5032612,20.6298828125
5032664,21.30126953125
5032688,21.8505859375
5032742,17.63916015625
5032777,20.32470703125
5032884,18.98193359375
5033062,21.66748046875
5033183,18.85986328125
5033326,17.333984375
5033538,17.4560546875
5033681,18.310546875
5067781,17.88330078125
5067867,19.53125
5067903,18.6767578125
5068005,20.99609375
5068017,40.83251953125
5068040,32.89794921875
5068065,30.82275390625
5068104,19.34814453125
5068130,20.6298828125
5068149,32.28759765625
5068164,25.2685546875
5068190,34.11865234375
5068215,18.798828125
5068253,17.9443359375
5068286,28.80859375
5068302,24.10888671875
5068353,18.4326171875
5068415,22.76611328125
5068561,18.49365234375
5068649,17.51708984375
5068759,19.95849609375
5101661,18.310546875
5101681,19.10400390625
5101695,20.81298828125
5101856,19.1650390625
5101892,29.35791015625
5101925,20.08056640625
5101947,22.03369140625
5101963,21.66748046875
5101997,23.37646484375
5102009,46.2646484375
5102035,20.56884765625
5102076,21.240234375
5102100,27.099609375
5102136,21.78955078125
5102167,26.55029296875
5102252,23.681640625
5102270,20.01953125
5102296,17.4560546875
5102521,17.88330078125
5102576,20.69091796875
5102869,17.4560546875
5102888,17.51708984375
5102976,17.76123046875
5103098,29.1748046875
5103157,17.4560546875
5103267,17.333984375
5103741,17.39501953125
5134802,19.10400390625
5134843,17.822265625
5134940,21.1181640625
5134981,18.12744140625
5135046,29.6630859375
5135065,22.94921875
5135089,30.2734375
5135101,36.19384765625
5135159,18.310546875
5135176,17.7001953125
5135200,31.1279296875
5135211,20.5078125
5135234,22.94921875
5135249,21.78955078125
5135285,24.59716796875
5135340,23.681640625
5135387,18.310546875
5135398,19.8974609375
5135441,19.95849609375
5135479,17.822265625
5135711,20.1416015625
5135854,17.51708984375
5135923,17.333984375
5136527,17.7001953125
5136965,21.6064453125
5171235,18.1884765625
5171261,17.88330078125
5171273,22.39990234375
5171324,18.5546875
5171356,30.3955078125
5171386,28.80859375
5171398,18.798828125
5171430,19.34814453125
5171476,21.91162109375
5171499,23.8037109375
5171528,33.203125
5171550,26.79443359375
5171583,17.27294921875
5171620,31.31103515625
5171643,21.05712890625
5171714,24.0478515625
5171768,18.85986328125
5171834,22.705078125
5171907,23.74267578125
5171934,19.53125
5172077,18.9208984375
5172519,18.98193359375
5172713,17.333984375
5173127,17.39501953125
5215721,17.9443359375
5215750,25.81787109375
5215817,20.5078125
5215829,22.52197265625
5215863,18.85986328125
5215909,34.60693359375
5215936,20.81298828125
5215970,17.9443359375
5215984,19.71435546875
5216019,18.5546875
5216032,26.79443359375
5216074,21.1181640625
5216133,17.76123046875
5216143,22.4609375
5216183,22.0947265625
5216226,19.10400390625
5216298,21.97265625
5216418,23.86474609375
5216515,18.49365234375
5216597,20.81298828125
5217245,20.56884765625
5217335,17.76123046875
5266291,23.25439453125
5266399,24.7802734375
5266412,20.56884765625
5266444,24.84130859375
5266455,29.1748046875
5266468,20.08056640625
5266500,19.4091796875
5266517,45.47119140625
5266532,17.578125
5266566,19.53125
5266597,21.97265625
5266618,19.22607421875
5266630,25.0244140625
5266657,19.287109375
5266677,23.5595703125
5266724,17.822265625
5266764,18.00537109375
5266918,20.44677734375
5266950,21.97265625
5267049,18.37158203125
5267159,20.6298828125
5267418,17.7001953125
5267662,20.263671875
5268113,19.47021484375
5268162,18.5546875
5315574,19.8974609375
5315595,19.10400390625
5315664,19.22607421875
5315684,19.04296875
5315712,19.4091796875
5315723,44.3115234375
5315741,21.484375
5315764,19.59228515625
5315777,23.92578125
5315836,26.06201171875
5315869,43.88427734375
5315899,17.4560546875
5315923,24.169921875
5315934,23.74267578125
5315970,18.00537109375
5316017,20.69091796875
5316215,17.51708984375
5316255,18.5546875
5316322,17.9443359375
5316770,17.63916015625
5316882,20.81298828125
5317754,17.9443359375
5317795,17.88330078125
5353245,18.310546875
5353342,21.42333984375
5353403,17.822265625
5353427,19.4091796875
5353444,24.90234375
5353468,20.1416015625
5353485,28.25927734375
5353508,23.681640625
5353534,34.72900390625
5353554,29.23583984375
5353582,18.12744140625
5353595,17.88330078125
5353608,22.0947265625
5353645,20.8740234375
5353661,36.7431640625
5353693,28.01513671875
5353747,20.99609375
5353778,21.484375
5353806,18.12744140625
5353906,19.83642578125
5354254,18.798828125
5354542,18.4326171875
5354584,19.775390625
5354962,18.5546875
5355065,17.27294921875
5355140,17.27294921875
5355983,18.12744140625
5356099,24.35302734375
5388284,18.6767578125
5388392,21.17919921875
5388463,20.263671875
5388507,21.30126953125
5388536,22.0947265625
5388559,20.81298828125
5388594,25.5126953125
5388612,38.39111328125
5388631,32.8369140625
5388654,24.90234375
5388665,32.1044921875
5388727,30.57861328125
5388738,37.53662109375
5388789,20.6298828125
5388801,22.64404296875
5388828,20.44677734375
5388863,19.8974609375
5389174,19.53125
5389377,21.78955078125
5389497,20.5078125
5389725,17.9443359375
5389800,17.333984375
5389851,18.6767578125
5389988,17.4560546875
5390857,18.00537109375
5391157,19.287109375
5440833,19.1650390625
5440857,18.49365234375
5440887,18.1884765625
5440929,72.1435546875
5440948,24.169921875
5440992,33.935546875
5441008,22.88818359375
5441032,18.49365234375
5441073,28.1982421875
5441099,34.85107421875
5441118,32.77587890625
5441132,17.333984375
5441191,17.578125
5441236,20.56884765625
5441262,19.4091796875
5441273,19.47021484375
5441341,19.22607421875
5441355,17.822265625
5441401,19.59228515625
5441460,17.9443359375
5441794,17.39501953125
5441974,17.76123046875
5442066,17.76123046875
5442256,17.63916015625
5442295,17.76123046875
5442546,17.63916015625
5489024,19.10400390625
5489069,17.27294921875
5489179,17.51708984375
5489192,19.71435546875
5489249,32.2265625
5489266,22.64404296875
5489289,20.5078125
5489314,39.12353515625
5489340,26.4892578125
5489365,18.37158203125
5489396,21.17919921875
5489412,18.9208984375
5489450,28.38134765625
5489475,22.94921875
5489503,24.23095703125
5489525,25.0244140625
5489540,29.4189453125
5489632,20.8740234375
5489679,17.39501953125
5489735,17.51708984375
5489827,18.1884765625
5489940,17.76123046875
5490129,17.39501953125
5490140,18.798828125
5490281,18.85986328125
5521367,18.1884765625
5521461,21.240234375
5521518,19.59228515625
5521543,20.93505859375
5521572,18.85986328125
5521618,24.84130859375
5521629,27.89306640625
5521644,19.53125
5521671,25.32958984375
5521694,44.37255859375
5521751,19.34814453125
5521797,18.85986328125
5521829,24.169921875
5521844,18.37158203125
5521887,23.98681640625
5521980,33.447265625
5522071,18.1884765625
5522113,18.49365234375
5522210,17.4560546875
5561427,17.63916015625
5561498,19.34814453125
5561524,18.12744140625
5561604,19.59228515625
5561633,23.25439453125
5561655,38.4521484375
5561691,19.6533203125
5561722,32.958984375
5561741,17.9443359375
5561766,18.00537109375
5561810,17.9443359375
5561828,26.7333984375
5561852,17.822265625
5561914,19.8974609375
5561934,21.42333984375
5561976,22.4609375
5561999,20.56884765625
5562024,26.4892578125
5562058,20.1416015625
5562111,18.12744140625
5562145,23.0712890625
5562172,18.12744140625
5562267,20.93505859375
5562486,18.49365234375
5562637,20.8740234375
5562659,18.37158203125
5598371,29.35791015625
5598408,22.0947265625
5598429,33.26416015625
5598454,39.97802734375
5598483,26.2451171875
5598511,21.78955078125
5598571,19.34814453125
5598587,43.5791015625
5598622,19.71435546875
5598647,18.12744140625
5598682,26.42822265625
5598741,22.3388671875
5598769,18.98193359375
5598792,29.60205078125
5598827,18.12744140625
5598966,22.3388671875
5599001,22.52197265625
5599299,20.20263671875
5599549,18.310546875
5641919,18.61572265625
5641961,19.287109375
5642113,20.751953125
5642125,17.578125
5642200,24.23095703125
5642216,34.72900390625
5642239,41.07666015625
5642264,17.51708984375
5642302,21.1181640625
5642369,20.20263671875
5642383,39.61181640625
5642422,25.0244140625
5642449,29.72412109375
5642501,20.08056640625
5642525,29.11376953125
5642570,21.484375
5642609,19.95849609375
5642688,24.2919921875
5642761,22.4609375
5642855,18.00537109375
5642937,17.63916015625
5642973,19.53125
5643690,17.4560546875
5683197,18.98193359375
5683289,18.98193359375
5683307,20.01953125
5683330,32.71484375
5683365,28.1982421875
5683404,22.3388671875
5683436,40.71044921875
5683452,26.85546875
5683475,29.72412109375
5683567,32.16552734375
5683584,18.5546875
5683603,18.49365234375
5683653,18.61572265625
5683666,19.22607421875
5683707,33.87451171875
5683730,25.08544921875
5683836,25.57373046875
5683925,17.76123046875
5683946,20.263671875
5684136,17.27294921875
5725456,20.44677734375
5725491,18.85986328125
5725530,34.5458984375
5725558,24.71923828125
5725590,24.23095703125
5725623,18.00537109375
5725637,23.5595703125
5725663,28.99169921875
5725682,23.5595703125
5725711,22.94921875
5725740,17.63916015625
5725765,34.72900390625
5725784,37.59765625
5725803,19.6533203125
5725820,22.5830078125
5725857,27.7099609375
5725891,26.2451171875
5725929,20.263671875
5725972,23.01025390625
5726025,17.63916015625
5726063,21.05712890625
5726308,17.7001953125
5728112,19.04296875
5730769,20.3857421875
5759085,22.03369140625
5759129,23.25439453125
5759155,20.3857421875
5759187,22.88818359375
5759208,17.76123046875
5759280,20.56884765625
5759292,27.34375
5759315,21.3623046875
5759331,26.06201171875
5759366,21.728515625
5759431,27.83203125
5759450,17.4560546875
5759531,22.52197265625
5759557,17.39501953125
5759649,25.20751953125
5759780,17.822265625
5759851,19.6533203125
5806347,19.34814453125
5806411,18.00537109375
5806483,18.73779296875
5806507,21.1181640625
5806530,19.775390625
5806548,21.78955078125
5806584,20.69091796875
5806594,33.14208984375
5806610,33.3251953125
5806632,18.24951171875
5806671,18.9208984375
5806699,23.193359375
5806728,27.40478515625
5806738,17.27294921875
5806773,20.56884765625
5806809,18.73779296875
5806860,18.37158203125
5806890,19.1650390625
5806964,19.53125
5807037,22.5830078125
5807102,23.681640625
5807251,19.53125
5807274,17.578125
5832275,22.76611328125
5832423,22.3388671875
5832451,19.53125
5832487,21.78955078125
5832536,20.5078125
5832580,17.27294921875
5832590,50.10986328125
5832613,20.6298828125
5832636,20.01953125
5832670,25.87890625
5832694,17.27294921875
5832707,18.06640625
5832740,18.49365234375
5832794,43.27392578125
5832833,21.17919921875
5832899,22.76611328125
5832914,33.69140625
5832989,19.47021484375
5833013,22.216796875
5833054,20.44677734375
5833183,17.4560546875
5833235,17.63916015625
5872324,18.310546875
5872339,18.24951171875
5872450,19.1650390625
5872487,21.17919921875
5872500,18.6767578125
5872548,37.841796875
5872569,20.32470703125
5872622,29.78515625
5872653,19.8974609375
5872687,33.99658203125
5872723,19.34814453125
5872759,28.50341796875
5872778,34.60693359375
5872859,19.775390625
5872953,18.06640625
5872987,21.78955078125
5873113,27.4658203125
5873243,21.728515625
5908549,19.34814453125
5908628,19.775390625
5908669,23.8037109375
5908690,18.24951171875
5908734,28.3203125
5908745,35.09521484375
5908755,21.240234375
5908808,31.79931640625
5908838,18.98193359375
5908864,22.52197265625
5908878,20.20263671875
5908951,18.310546875
5908961,17.63916015625
5909008,21.240234375
5909119,21.17919921875
5909276,21.240234375
5909294,20.263671875
5949276,18.1884765625
5949879,19.775390625
5956383,17.27294921875
5956514,20.751953125
5956525,26.85546875
5956570,18.37158203125
5956596,27.2216796875
5956630,46.9970703125
5956644,22.94921875
5956667,17.333984375
5956711,22.52197265625
5956737,27.587890625
5956779,23.62060546875
5956819,27.7099609375
5956853,18.798828125
5956875,18.12744140625
5956928,21.78955078125
5956969,18.98193359375
5957134,17.333984375
5957352,17.39501953125
5986056,17.578125
5986115,17.27294921875
5986129,23.0712890625
5986163,21.78955078125
5986239,18.49365234375
5986250,17.51708984375
5986264,40.34423828125
5986293,22.5830078125
5986303,39.97802734375
5986324,23.3154296875
5986343,18.1884765625
5986364,28.13720703125
5986427,25.32958984375
5986450,19.22607421875
5986479,21.240234375
5986512,22.15576171875
5986576,19.10400390625
5986614,24.47509765625
5986665,19.1650390625
5986685,20.263671875
5987200,18.61572265625
5987644,18.310546875
6041915,19.47021484375
6042024,18.00537109375
6042074,18.9208984375
6042099,23.86474609375
6042111,47.18017578125
6042135,28.80859375
6042158,21.1181640625
6042184,23.98681640625
6042218,20.3857421875
6042231,25.0244140625
6042254,24.10888671875
6042288,21.54541015625
6042298,25.20751953125
6042365,19.22607421875
6042401,22.3388671875
6042431,19.83642578125
6042483,17.822265625
6042612,21.66748046875
6042708,17.63916015625
6042725,17.822265625
6042863,19.6533203125
6043638,18.4326171875
6075660,18.49365234375
6075676,19.34814453125
6075720,19.4091796875
6075730,32.8369140625
6075751,19.1650390625
6075798,40.1611328125
6075829,38.63525390625
6075843,24.2919921875
6075867,23.98681640625
6075893,25.93994140625
6075937,20.20263671875
6075992,34.36279296875
6076017,23.13232421875
6076074,19.04296875
6076108,38.51318359375
6076118,22.88818359375
6076178,18.12744140625
6076192,19.04296875
6076241,19.47021484375
6076286,21.78955078125
6076402,21.42333984375
6076601,18.61572265625
6076850,17.822265625
6107371,23.5595703125
6107395,20.6298828125
6107440,19.10400390625
6107492,17.51708984375
6107520,17.4560546875
6107568,18.00537109375
6107588,17.822265625
6107632,46.69189453125
6107642,24.5361328125
6107666,19.287109375
6107685,24.71923828125
6107729,17.333984375
6107748,26.9775390625
6107761,31.3720703125
6107794,24.658203125
6107837,17.39501953125
6107856,34.5458984375
6107950,22.4609375
6108007,17.578125
6108032,19.71435546875
6109656,17.9443359375
6145774,19.71435546875
6153922,19.53125
6153985,19.53125
6154013,25.5126953125
6154038,21.78955078125
6154073,47.30224609375
6154092,24.5361328125
6154122,18.06640625
6154151,17.76123046875
6154168,18.85986328125
6154199,21.3623046875
6154211,33.8134765625
6154237,31.67724609375
6154252,29.4189453125
6154271,17.39501953125
6154305,22.0947265625
6154333,22.8271484375
6154364,25.87890625
6154387,21.66748046875
6154407,26.611328125
6154451,20.3857421875
6154473,17.333984375
6154524,18.12744140625
6154584,20.3857421875
6154665,27.7099609375
6154869,17.4560546875
6155119,18.24951171875
6188867,17.4560546875
6190969,19.4091796875
6191027,22.64404296875
6191099,17.7001953125
6191136,36.56005859375
6191154,17.4560546875
6191182,17.51708984375
6191210,29.96826171875
6191262,19.34814453125
6191280,50.4150390625
6191326,20.08056640625
6191354,24.7802734375
6191382,18.4326171875
6191402,17.88330078125
6191414,32.53173828125
6191445,17.822265625
6191494,18.24951171875
6191522,22.15576171875
6191557,22.705078125
6191586,17.822265625
6191599,18.98193359375
6191769,19.775390625
6193297,18.12744140625
6225251,19.95849609375
6225298,20.6298828125
6225311,17.4560546875
6225357,20.751953125
6225412,26.85546875
6225434,18.6767578125
6225452,19.10400390625
6225492,25.93994140625
6225510,24.4140625
6225535,33.5693359375
6225611,25.32958984375
6225721,30.1513671875
6225765,19.1650390625
6225812,31.005859375
6225830,20.6298828125
6225910,17.578125
6226005,20.01953125
6257191,17.333984375
6257315,19.1650390625
6257347,19.71435546875
6257384,18.49365234375
6257394,20.01953125
6257438,38.63525390625
6257455,30.94482421875
6257475,19.59228515625
6257492,31.982421875
6257517,19.287109375
6257543,18.73779296875
6257577,19.59228515625
6257607,22.39990234375
6257621,38.63525390625
6257665,19.53125
6257690,30.3955078125
6257707,20.6298828125
6257731,18.06640625
6257804,18.98193359375
6257862,19.71435546875
6258143,18.12744140625
6259190,17.7001953125
6293597,20.93505859375
6293731,18.1884765625
6293791,20.81298828125
6293835,30.21240234375
6293845,41.19873046875
6293860,26.06201171875
6293905,42.3583984375
6293924,30.94482421875
6293940,27.77099609375
6293959,22.3388671875
6293997,23.681640625
6294023,22.03369140625
6294046,19.4091796875
6294079,20.44677734375
6294123,24.10888671875
6294237,21.78955078125
6294343,17.27294921875
6294381,19.71435546875
6294462,17.39501953125
6294484,17.63916015625
6294756,20.20263671875
6294770,17.578125
6294944,17.578125
6327392,19.4091796875
6327508,19.34814453125
6327571,18.49365234375
6327615,19.1650390625
6327632,20.69091796875
6327662,33.38623046875
6327683,24.4140625
6327714,42.90771484375
6327748,22.94921875
6327790,17.333984375
6327810,30.70068359375
6327827,19.287109375
6327858,38.9404296875
6327896,17.51708984375
6327918,17.27294921875
6327949,19.95849609375
6327971,25.81787109375
6327992,19.287109375
6328068,24.5361328125
6328219,19.1650390625
6328304,18.73779296875
6328478,18.61572265625
6357240,19.10400390625
6369771,19.8974609375
6369890,18.798828125
6369916,22.76611328125
6369939,20.32470703125
6370000,38.02490234375
6370020,21.8505859375
6370043,17.39501953125
6370075,21.97265625
6370103,42.236328125
6370141,21.240234375
6370164,36.0107421875
6370193,25.2685546875
6370215,17.822265625
6370245,23.37646484375
6370275,21.30126953125
6370331,24.90234375
6370407,21.8505859375
6370424,17.39501953125
6370482,19.59228515625
6370512,19.47021484375
6371036,17.7001953125
6392582,17.578125
6417411,18.798828125
6419525,22.76611328125
6419563,18.37158203125
6419609,29.296875
6419651,49.13330078125
6419677,22.15576171875
6419708,28.01513671875
6419720,22.76611328125
6419741,25.5126953125
6419777,19.47021484375
6419790,26.123046875
6419822,25.634765625
6419844,20.1416015625
6419950,25.20751953125
6419975,17.822265625
6420013,18.5546875
6420035,22.27783203125
6420069,21.1181640625
6420111,19.287109375
6420161,17.9443359375
6454293,18.798828125
6456184,18.5546875
6456247,20.751953125
6456285,21.30126953125
6456308,25.5126953125
6456359,22.216796875
6456383,22.5830078125
6456397,36.0107421875
6456422,20.69091796875
6456467,24.4140625
6456478,27.7099609375
6456503,20.8740234375
6456526,32.1044921875
6456541,25.87890625
6456571,26.06201171875
6456602,20.93505859375
6456639,26.3671875
6456668,25.45166015625
6456705,17.27294921875
6456746,20.32470703125
6456839,19.6533203125
6456905,20.1416015625
6457021,18.4326171875
6486586,17.51708984375
6486671,21.05712890625
6486752,24.4140625
6486806,21.30126953125
6486861,31.55517578125
6486871,23.37646484375
6486901,22.94921875
6486993,28.01513671875
6487011,28.80859375
6487045,25.0244140625
6487088,18.85986328125
6487175,18.6767578125
6487275,19.8974609375
6487323,21.30126953125
6487705,19.59228515625
6488043,18.12744140625
6491309,20.20263671875
6512454,19.10400390625
6512521,21.1181640625
6512573,21.91162109375
6512587,22.3388671875
6512623,19.1650390625
6512653,48.095703125
6512674,23.3154296875
6512702,25.7568359375
6512731,31.494140625
6512745,20.5078125
6512759,22.15576171875
6512784,19.71435546875
6512821,22.76611328125
6512840,21.91162109375
6512852,19.34814453125
6512884,28.1982421875
6512898,19.34814453125
6512917,25.32958984375
6512955,23.01025390625
6512981,18.06640625
6513014,26.7333984375
6513137,21.30126953125
6513202,20.81298828125
6513462,18.12744140625
6513677,18.4326171875
6513935,17.39501953125
6560599,17.578125
6560662,18.5546875
6560704,20.20263671875
6560747,22.64404296875
6560793,17.822265625
6560813,24.7802734375
6560835,22.88818359375
6560870,27.16064453125
6560925,22.52197265625
6560953,43.212890625
6560963,33.50830078125
6560998,18.24951171875
6561027,34.72900390625
6561052,22.03369140625
6561062,23.62060546875
6561090,30.33447265625
6561111,19.287109375
6561176,17.7001953125
6561207,21.54541015625
6561226,18.98193359375
6561263,24.23095703125
6561289,17.7001953125
6561335,17.578125
6561396,18.37158203125
6561573,18.00537109375
6561659,19.22607421875
6561731,17.578125
6562214,17.578125
6576379,20.32470703125
6598075,21.17919921875
6598173,17.63916015625
6598287,20.69091796875
6598336,27.16064453125
6598354,41.68701171875
6598369,29.6630859375
6598412,25.45166015625
6598440,21.91162109375
6598452,34.423828125
6598474,21.05712890625
6598503,18.73779296875
6598528,18.9208984375
6598544,22.705078125
6598576,20.3857421875
6598625,22.216796875
6598656,40.8935546875
6598710,17.333984375
6598750,21.66748046875
6598862,20.3857421875
6598908,17.51708984375
6598930,17.39501953125
6635774,20.56884765625
6635876,18.85986328125
6635952,20.32470703125
6635989,17.578125
6636034,24.4140625
6636061,21.42333984375
6636071,18.12744140625
6636102,33.26416015625
6636130,17.63916015625
6636169,23.62060546875
6636218,23.193359375
6636246,37.841796875
6636257,25.7568359375
6636314,19.53125
6636342,24.0478515625
6636355,34.1796875
6636373,36.31591796875
6636461,17.333984375
6636526,19.4091796875
6636772,17.822265625
6636988,20.81298828125
6673538,18.85986328125
6673633,40.95458984375
6673653,38.9404296875
6673683,32.28759765625
6673699,21.3623046875
6673735,17.88330078125
6673758,24.0478515625
6673780,18.798828125
6673811,26.67236328125
6673929,17.88330078125
6673945,29.296875
6673966,23.193359375
6674028,24.10888671875
6674054,20.69091796875
6674079,17.578125
6674121,18.24951171875
6674182,17.76123046875
6674243,18.1884765625
6674429,20.20263671875
6674484,17.27294921875
6702585,17.76123046875
6714479,20.8740234375
6714489,19.1650390625
6714590,19.8974609375
6714606,18.6767578125
6714663,24.23095703125
6714687,48.27880859375
6714705,17.578125
6714718,24.10888671875
6714778,22.5830078125
6714800,19.10400390625
6714828,25.87890625
6714844,20.751953125
6714855,17.63916015625
6714896,18.24951171875
6714924,19.22607421875
6714943,20.5078125
6714994,24.169921875
6715140,18.6767578125
6715170,22.0947265625
6715271,18.06640625
6715292,22.03369140625
6715382,42.236328125
6715440,17.7001953125
6752789,20.32470703125
6752886,19.34814453125
6752929,19.775390625
6752939,18.24951171875
6752974,57.18994140625
6752993,18.1884765625
6753021,18.24951171875
6753067,18.85986328125
6753087,26.30615234375
6753123,28.6865234375
6753142,17.88330078125
6753173,19.8974609375
6753246,22.4609375
6753289,24.10888671875
6753311,19.04296875
6753349,18.37158203125
6753399,18.61572265625
6753427,21.484375
6753453,19.4091796875
6753511,23.74267578125
6753610,17.4560546875
6753638,18.61572265625
6785793,18.37158203125
6785847,22.4609375
6785865,18.85986328125
6785952,19.53125
6785982,37.65869140625
6786006,35.94970703125
6786019,17.4560546875
6786041,19.83642578125
6786072,18.85986328125
6786103,22.5830078125
6786124,40.71044921875
6786141,18.85986328125
6786152,17.822265625
6786194,23.37646484375
6786207,35.5224609375
6786275,28.38134765625
6786318,19.59228515625
6786353,25.2685546875
6786402,20.5078125
6786429,21.42333984375
6786796,17.88330078125
6830624,18.4326171875
6830715,17.63916015625
6830805,18.5546875
6830824,18.12744140625
6830854,30.21240234375
6830882,45.71533203125
6830900,22.64404296875
6830925,18.4326171875
6830951,19.04296875
6830967,18.98193359375
6830994,36.68212890625
6831013,18.98193359375
6831051,22.27783203125
6831074,43.8232421875
6831087,35.58349609375
6831114,20.751953125
6831141,22.8271484375
6831302,21.42333984375
6831809,19.95849609375
6872939,20.751953125
6872977,19.95849609375
6873004,23.5595703125
6873034,44.921875
6873059,17.7001953125
6873121,25.2685546875
6873137,18.798828125
6873152,18.12744140625
6873182,28.564453125
6873220,29.47998046875
6873230,42.90771484375
6873273,33.63037109375
6873293,18.24951171875
6873318,23.74267578125
6873337,18.49365234375
6873357,24.4140625
6873436,23.681640625
6873524,18.98193359375
6873618,21.97265625
6917144,18.73779296875
6917195,19.6533203125
6917292,28.25927734375
6917302,23.5595703125
6917348,23.193359375
6917408,28.1982421875
6917418,29.541015625
6917444,20.32470703125
6917481,26.2451171875
6917499,25.81787109375
6917523,24.5361328125
6917537,17.39501953125
6917573,21.3623046875
6917616,18.98193359375
6917642,19.8974609375
6917689,19.04296875
6917728,17.9443359375
6917788,17.7001953125
6917856,17.4560546875
6917881,18.310546875
6918082,21.30126953125
6918212,18.310546875
6949388,18.00537109375
6949457,24.59716796875
6949479,21.8505859375
6949490,38.75732421875
6949534,18.1884765625
6949568,19.8974609375
6949587,18.85986328125
6949622,25.93994140625
6949632,21.30126953125
6949689,26.611328125
6949710,22.94921875
6949731,29.052734375
6949752,30.09033203125
6949764,25.45166015625
6949798,20.44677734375
6949819,31.79931640625
6949904,18.310546875
6950224,18.98193359375
6991464,17.4560546875
6991513,17.76123046875
6991573,17.578125
6991599,33.75244140625
6991621,27.9541015625
6991654,28.076171875
6991691,28.1982421875
6991719,29.78515625
6991737,18.73779296875
6991757,38.0859375
6991786,21.3623046875
6991810,22.52197265625
6991856,22.4609375
6991980,17.9443359375
6992044,18.12744140625
6992535,20.69091796875
7016029,17.333984375
7021505,18.5546875
7021621,18.4326171875
7021692,26.3671875
7021721,28.74755859375
7021743,23.86474609375
7021760,41.8701171875
7021776,22.03369140625
7021793,17.9443359375
7021809,23.4375
7021867,25.08544921875
7021897,22.94921875
7021924,18.24951171875
7021973,18.00537109375
7022020,18.00537109375
7022055,25.57373046875
7022092,19.287109375
7022105,18.310546875
7022119,22.88818359375
7022157,25.57373046875
7022385,19.1650390625
7022841,18.24951171875
7027493,18.12744140625
7060043,17.4560546875
7060064,18.6767578125
7060092,22.15576171875
7060127,19.04296875
7060215,35.5224609375
7060231,26.7333984375
7060248,29.78515625
7060292,21.30126953125
7060324,19.775390625
7060352,20.01953125
7060383,39.6728515625
7060412,24.23095703125
7060443,24.4140625
7060459,27.099609375
7060485,25.146484375
7060501,20.44677734375
7060558,19.775390625
7060574,20.6298828125
7060624,19.8974609375
7060723,17.63916015625
7060917,18.61572265625
7061081,17.9443359375
7061188,18.06640625
7100859,17.27294921875
7100904,19.04296875
7100939,19.53125
7101013,19.71435546875
7101031,17.27294921875
7101048,20.20263671875
7101109,33.935546875
7101131,26.06201171875
7101223,32.53173828125
7101256,23.0712890625
7101271,27.9541015625
7101287,29.541015625
7101330,18.37158203125
7101349,17.76123046875
7101386,25.146484375
7101397,18.310546875
7101430,21.42333984375
7101448,18.798828125
7101527,18.61572265625
7101707,18.00537109375
7101749,20.8740234375
7101852,22.3388671875
7101890,18.49365234375
7130624,21.05712890625
7130667,20.3857421875
7130825,17.63916015625
7130846,19.287109375
7130865,18.4326171875
7130887,19.4091796875
7130928,23.37646484375
7130943,46.44775390625
7130963,24.35302734375
7130973,24.47509765625
7131000,17.63916015625
7131035,21.05712890625
7131080,24.96337890625
7131090,24.84130859375
7131125,21.78955078125
7131144,22.0947265625
7131230,21.54541015625
7131248,19.53125
7131265,25.390625
7131295,18.4326171875
7131367,20.56884765625
7131378,20.6298828125
7131404,18.06640625
7131463,18.85986328125
7131495,21.97265625
7131540,18.85986328125
7131574,18.798828125
7155710,18.00537109375
7155734,17.63916015625
7155863,18.9208984375
7155895,31.73828125
7155926,17.333984375
7155948,22.0947265625
7155958,31.92138671875
7156019,19.34814453125
7156035,27.52685546875
7156046,26.9775390625
7156083,25.81787109375
7156122,24.47509765625
7156136,26.123046875
7156160,17.9443359375
7156175,31.494140625
7156217,25.2685546875
7156241,19.10400390625
7156269,19.4091796875
7156299,19.6533203125
7156315,22.94921875
7156439,18.06640625
7156492,19.1650390625
7156529,17.63916015625
7156785,18.73779296875
7157862,17.822265625
7198464,32.40966796875
7198492,20.8740234375
7198518,17.27294921875
7198672,21.66748046875
7198684,29.296875
7198733,34.11865234375
7198761,35.09521484375
7198786,22.27783203125
7198827,20.81298828125
7198837,19.4091796875
7198875,28.4423828125
7198896,20.01953125
7198935,27.099609375
7198970,21.05712890625
7198985,25.0244140625
7199033,32.2265625
7199045,22.03369140625
7199091,18.310546875
7199114,21.6064453125
7199179,22.76611328125
7199194,18.00537109375
7199274,20.751953125
7199305,19.34814453125
7199363,18.5546875
7199389,20.01953125
7199464,22.0947265625
7199591,22.3388671875
7199715,19.83642578125
7200135,20.3857421875
7200242,17.4560546875
7228532,17.39501953125
7232499,17.63916015625
7232537,17.578125
7232554,17.39501953125
7232589,19.4091796875
7232603,18.310546875
7232614,24.35302734375
7232662,19.59228515625
7232690,34.912109375
7232711,28.1982421875
7232737,23.74267578125
7232794,30.45654296875
7232818,18.6767578125
7232840,35.5224609375
7232862,18.5546875
7232885,21.17919921875
7232908,19.83642578125
7232944,23.681640625
7232958,18.310546875
7233013,17.51708984375
7233046,26.91650390625
7233070,20.20263671875
7233118,17.4560546875
7233251,18.798828125
7233503,17.822265625
7233550,17.9443359375
7233809,20.5078125
7233923,18.49365234375
7234070,19.53125
7234287,17.822265625
7234564,21.8505859375
7234956,17.333984375
7255459,20.3857421875
7297344,20.1416015625
7297357,18.06640625
7297470,45.166015625
7297486,25.2685546875
7297507,27.03857421875
7297540,22.52197265625
7297571,24.4140625
7297599,36.07177734375
7297640,24.35302734375
7297668,23.37646484375
7297692,21.42333984375
7297709,28.50341796875
7297736,22.3388671875
7297750,17.822265625
7297797,20.99609375
7297814,22.39990234375
7297832,21.42333984375
7297883,23.37646484375
7297972,17.333984375
7298037,23.3154296875
7298074,18.06640625
7298128,19.10400390625
7298269,18.6767578125
7298468,18.49365234375
7299174,17.51708984375
7299332,21.484375
7331783,19.775390625
7331884,23.3154296875
7331915,17.51708984375
7331999,17.63916015625
7332050,23.86474609375
7332083,31.73828125
7332119,23.74267578125
7332133,28.50341796875
7332157,23.49853515625
7332200,18.1884765625
7332216,28.25927734375
7332239,19.287109375
7332285,18.310546875
7332311,20.69091796875
7332346,31.06689453125
7332358,23.01025390625
7332396,19.95849609375
7332436,19.4091796875
7332447,33.99658203125
7332485,23.98681640625
7332523,22.8271484375
7332565,18.9208984375
7332597,23.74267578125
7332631,19.4091796875
7332745,18.310546875
7332774,19.59228515625
7332888,20.81298828125
7333104,17.76123046875
7364860,23.37646484375
7364898,17.7001953125
7364974,21.66748046875
7365038,45.41015625
7365079,19.04296875
7365103,25.57373046875
7365132,22.39990234375
7365166,36.1328125
7365209,29.96826171875
7365286,21.05712890625
7365299,38.51318359375
7365338,32.53173828125
7365348,17.7001953125
7365382,22.8271484375
7365420,18.4326171875
7365453,18.24951171875
7365521,19.8974609375
7365678,21.05712890625
7365793,20.263671875
7365924,26.06201171875
7366053,17.822265625
7402142,19.04296875
7402309,34.1796875
7402355,19.775390625
7402377,22.88818359375
7402407,31.494140625
7402417,25.7568359375
7402453,18.61572265625
7402480,26.79443359375
7402510,32.5927734375
7402562,31.79931640625
7402593,37.65869140625
7402616,23.5595703125
7402636,20.751953125
7402675,31.79931640625
7402695,18.9208984375
7402728,22.52197265625
7402747,17.578125
7402785,17.7001953125
7402808,21.6064453125
7402859,18.73779296875
7402882,18.61572265625
7402976,23.01025390625
7403072,19.8974609375
7403125,17.63916015625
7403285,18.61572265625
7403386,19.8974609375
7403698,18.4326171875
7403776,18.37158203125
7447310,18.00537109375
7447346,52.1240234375
7447374,19.4091796875
7447444,23.49853515625
7447463,51.69677734375
7447473,27.587890625
7447487,17.88330078125
7447502,17.27294921875
7447528,21.728515625
7447563,27.03857421875
7447574,17.4560546875
7447643,17.7001953125
7447664,20.08056640625
7447725,18.49365234375
7447740,26.0009765625
7447790,18.73779296875
7447867,18.24951171875
7447951,18.4326171875
7448004,17.4560546875
7448081,24.59716796875
7448165,20.56884765625
7448263,20.08056640625
7448348,20.01953125
7448449,17.333984375
7448648,20.01953125
7448778,22.4609375
7482679,19.59228515625
7482789,19.04296875
7482852,17.76123046875
7482873,17.27294921875
7482931,19.4091796875
7482953,18.00537109375
7483002,24.169921875
7483017,21.240234375
7483042,27.64892578125
7483068,19.8974609375
7483085,30.70068359375
7483104,20.01953125
7483142,17.39501953125
7483171,31.79931640625
7483207,22.0947265625
7483230,21.240234375
7483262,28.076171875
7483301,19.47021484375
7483349,20.08056640625
7483373,17.39501953125
7483453,20.5078125
7483513,18.1884765625
7484021,18.1884765625
7484201,17.578125
7485291,18.798828125
7526923,30.1513671875
7526957,17.4560546875
7526995,19.10400390625
7527046,21.78955078125
7527075,32.04345703125
7527091,24.96337890625
7527112,27.77099609375
7527137,25.93994140625
7527156,22.64404296875
7527227,20.751953125
7527250,26.42822265625
7527279,23.37646484375
7527310,20.32470703125
7527353,23.37646484375
7527368,19.10400390625
7527468,18.85986328125
7527497,20.32470703125
7527752,19.775390625
7527932,20.69091796875
7528166,18.49365234375
7566639,20.81298828125
7566723,18.1884765625
7566776,19.04296875
7566815,18.5546875
7566828,22.27783203125
7566892,26.42822265625
7566922,37.4755859375
7566937,23.13232421875
7566953,30.70068359375
7566976,38.87939453125
7566992,19.59228515625
7567037,21.6064453125
7567050,33.0810546875
7567145,19.775390625
7567176,20.81298828125
7567265,21.05712890625
7567364,18.73779296875
7567388,18.98193359375
7567589,19.8974609375
7567675,18.5546875
7568066,18.49365234375
7568266,17.88330078125
7607607,21.66748046875
7607642,21.728515625
7607739,26.2451171875
7607776,38.330078125
7607804,18.61572265625
7607878,19.287109375
7607898,22.94921875
7607910,20.5078125
7607934,35.64453125
7607971,28.3203125
7607993,22.76611328125
7608050,33.3251953125
7608063,20.8740234375
7608122,18.12744140625
7608150,19.71435546875
7608170,20.99609375
7608259,20.01953125
7608327,17.333984375
7608532,18.310546875
7608648,18.798828125
7608770,18.61572265625
7608933,18.9208984375
7609038,19.4091796875
7609398,21.6064453125
7639464,19.1650390625
7639524,20.5078125
7639564,18.24951171875
7639604,19.59228515625
7639614,18.5546875
7639725,17.51708984375
7639743,43.0908203125
7639795,20.5078125
7639822,23.25439453125
7639835,31.25
7639848,19.22607421875
7639891,20.751953125
7639923,38.2080078125
7639947,23.4375
7640022,24.7802734375
7640063,32.65380859375
7640084,23.98681640625
7640153,17.88330078125
7640206,17.7001953125
7640216,27.4658203125
7640290,18.12744140625
7640300,19.59228515625
7640335,20.5078125
7659115,17.822265625
7659266,18.49365234375
7659328,18.6767578125
7659390,22.52197265625
7659410,23.4375
7659484,17.39501953125
7659499,19.6533203125
7659530,29.541015625
7659544,27.52685546875
7659571,20.3857421875
7659596,22.216796875
7659632,18.6767578125
7659658,24.169921875
7659669,26.7333984375
7659701,23.25439453125
7659736,23.37646484375
7659748,23.0712890625
7659779,29.72412109375
7659837,17.4560546875
7659875,19.1650390625
7659940,18.6767578125
7660011,17.88330078125
7660257,17.39501953125
7660464,17.9443359375
7660493,19.95849609375
7660867,22.4609375
7662081,17.578125
7724146,18.37158203125
7724293,19.34814453125
7724336,20.263671875
7724395,23.0712890625
7724429,34.1796875
7724453,26.30615234375
7724471,18.1884765625
7724516,33.02001953125
7724560,27.89306640625
7724586,21.6064453125
7724614,27.9541015625
7724644,27.34375
7724672,18.798828125
7724725,25.69580078125
7724754,18.85986328125
7724789,23.681640625
7724857,17.9443359375
7724917,17.333984375
7725032,21.78955078125
7725153,21.42333984375
7725204,17.51708984375
7725382,20.751953125
7725482,17.578125
7760550,20.08056640625
7760695,18.9208984375
7760744,44.73876953125
7760773,19.71435546875
7760787,23.0712890625
7760815,17.88330078125
7760843,41.19873046875
7760860,30.09033203125
7760880,22.64404296875
7760920,26.85546875
7760951,19.04296875
7760972,31.8603515625
7761014,34.48486328125
7761047,29.23583984375
7761059,25.57373046875
7761121,17.63916015625
7761278,21.42333984375
7761305,25.08544921875
7761431,21.1181640625
7794838,17.76123046875
7794866,18.798828125
7794963,24.35302734375
7794996,18.310546875
7795024,26.9775390625
7795051,32.3486328125
7795066,24.23095703125
7795099,22.216796875
7795115,35.0341796875
7795137,26.42822265625
7795192,21.30126953125
7795222,22.8271484375
7795237,25.390625
7795302,22.8271484375
7795332,24.96337890625
7795369,23.92578125
7795405,20.32470703125
7795424,21.3623046875
7795466,17.39501953125
7795618,22.27783203125
7796215,17.4560546875
