11999000,0
480412,30.09033203125
486086,28.076171875
578274,28.50341796875
578493,27.89306640625
584345,28.13720703125
586292,30.21240234375
615488,27.40478515625
634623,29.11376953125
641865,27.83203125
678426,27.52685546875
683309,27.52685546875
747797,28.50341796875
761451,27.4658203125
811009,27.587890625
831882,27.77099609375
894498,28.62548828125
894784,28.564453125
894856,28.4423828125
894908,28.076171875
895020,28.01513671875
895085,28.076171875
895178,30.8837890625
896509,28.50341796875
3165599,28.6865234375
3165667,28.4423828125
3165947,30.33447265625
3166858,27.4658203125
3189899,27.587890625
3483337,27.34375
3483396,27.9541015625
9232082,28.564453125
10908167,27.52685546875
10908800,27.4658203125
