11999000,0
45911,33.447265625
480013,27.34375
480164,32.5927734375
480278,32.3486328125
486126,28.1982421875
578377,29.96826171875
578496,27.77099609375
634332,26.79443359375
894557,27.77099609375
894721,27.40478515625
894996,31.43310546875
895137,32.04345703125
895554,27.89306640625
895697,27.2216796875
3165564,32.28759765625
3165640,26.7333984375
3483483,35.5224609375
5516060,27.099609375
5516256,34.1796875
7755893,28.3203125
10437979,28.25927734375
10909196,26.67236328125
10919989,29.84619140625
