7799001,0
218476,32.958984375
297323,34.7900390625
1454247,34.423828125
1454934,34.3017578125
1505941,32.71484375
1950607,35.15625
2081277,34.66796875
2294742,33.63037109375
2537148,32.28759765625
2848342,40.46630859375
2943994,34.97314453125
3020960,34.97314453125
3154097,33.0810546875
3255187,50.537109375
4122057,33.38623046875
4651032,32.28759765625
4928611,35.09521484375
5347906,37.2314453125
5619367,37.65869140625
5811694,32.3486328125
6971439,37.29248046875
7216969,36.376953125
7267024,37.04833984375
