7799001,0
1222281,38.2080078125
1222291,96.25244140625
1222316,51.33056640625
1222349,333.49609375
1222369,135.68115234375
1222390,71.47216796875
1222402,142.76123046875
1222419,166.56494140625
1222453,163.57421875
1222470,81.35986328125
1222489,98.388671875
1222501,35.15625
1222520,82.03125
1222533,48.9501953125
1222556,64.8193359375
1222569,67.3828125
1222596,70.37353515625
1222616,61.46240234375
1222628,32.71484375
1222668,100.89111328125
1222681,76.11083984375
1222711,47.91259765625
1222740,69.15283203125
1222757,70.6787109375
1222775,77.94189453125
1222810,55.60302734375
1222832,62.3779296875
1222844,44.921875
1222860,33.3251953125
1222891,75.0732421875
1222906,42.236328125
1222922,36.4990234375
1222954,58.837890625
1222981,99.12109375
1223023,36.2548828125
1223039,74.70703125
1223060,40.8935546875
1223110,37.65869140625
1223147,49.49951171875
1223182,35.0341796875
1223223,44.677734375
1223235,32.89794921875
1223250,35.09521484375
1223291,32.71484375
1223313,35.5224609375
1223394,52.24609375
1223462,42.6025390625
1223526,48.40087890625
1223583,39.12353515625
1223670,56.33544921875
1223792,65.3076171875
1223866,62.92724609375
1223996,63.1103515625
1224006,33.5693359375
1238612,34.7900390625
1350148,38.75732421875
1441981,40.52734375
1655324,123.10791015625
1655407,99.9755859375
1655482,73.1201171875
1693992,126.03759765625
1991169,34.72900390625
2030070,33.26416015625
2030100,71.83837890625
2030125,64.453125
2030140,388.427734375
2030150,181.57958984375
2030167,105.224609375
2030191,156.67724609375
2030210,111.083984375
2030233,142.88330078125
2030250,121.4599609375
2030263,49.98779296875
2030276,109.55810546875
2030311,90.8203125
2030333,68.66455078125
2030350,72.998046875
2030361,53.466796875
2030383,59.2041015625
2030395,70.6787109375
2030420,65.97900390625
2030439,86.5478515625
2030462,42.6025390625
2030486,34.1796875
2030497,89.84375
2030524,69.2138671875
2030554,82.51953125
2030564,68.17626953125
2030580,45.34912109375
2030599,62.01171875
2030617,82.82470703125
2030640,38.330078125
2030650,63.65966796875
2030690,46.93603515625
2030716,58.77685546875
2030732,49.560546875
2030752,70.1904296875
2030768,35.888671875
2030796,35.94970703125
2030815,68.7255859375
2030852,48.76708984375
2030865,64.02587890625
2030905,49.37744140625
2030928,45.654296875
2030959,57.9833984375
2030982,53.7109375
2030997,34.7900390625
2031019,33.02001953125
2031029,34.5458984375
2031090,34.1796875
2031140,41.44287109375
2031193,43.0908203125
2031295,37.4755859375
2031367,41.68701171875
2031423,33.3251953125
2031458,33.99658203125
2031491,47.8515625
2031536,59.2041015625
2031571,48.7060546875
2031606,40.95458984375
2031813,52.978515625
2032092,70.25146484375
2041398,39.61181640625
2041424,35.46142578125
2041450,35.2783203125
2041484,32.77587890625
2041497,42.48046875
2041513,32.89794921875
2041528,43.27392578125
2041558,127.50244140625
2041581,83.6181640625
2041606,226.9287109375
2041617,236.75537109375
2041629,122.9248046875
2041648,69.64111328125
2041668,91.552734375
2041681,41.44287109375
2041698,105.1025390625
2041728,79.16259765625
2041746,135.6201171875
2041763,85.02197265625
2041792,63.65966796875
2041819,99.54833984375
2041845,51.26953125
2041856,74.27978515625
2041874,54.87060546875
2041887,55.23681640625
2041914,61.34033203125
2041938,75.01220703125
2041962,60.6689453125
2041987,71.10595703125
2042008,42.66357421875
2042036,60.48583984375
2042046,76.0498046875
2042066,63.78173828125
2042093,45.5322265625
2042107,50.96435546875
2042133,48.583984375
2042151,62.1337890625
2042175,50.72021484375
2042205,46.93603515625
2042225,61.5234375
2042237,41.015625
2042271,37.9638671875
2042294,49.25537109375
2042316,37.17041015625
2042334,33.26416015625
2042368,50.9033203125
2042385,63.90380859375
2042414,52.734375
2042424,50.10986328125
2042467,38.57421875
2042483,70.86181640625
2042498,54.62646484375
2042508,35.58349609375
2042531,79.9560546875
2042553,62.5
2042582,73.66943359375
2042596,49.62158203125
2042616,34.3017578125
2042641,66.650390625
2042674,48.64501953125
2042707,40.8935546875
2042722,59.814453125
2042758,42.90771484375
2042785,49.31640625
2042818,79.4677734375
2042834,52.79541015625
2042846,35.64453125
2042865,39.55078125
2042924,50.47607421875
2042934,52.001953125
2042948,32.77587890625
2042971,46.5087890625
2043020,47.66845703125
2043055,37.29248046875
2043108,44.0673828125
2043133,34.7900390625
2043159,33.63037109375
2043197,52.001953125
2043248,32.3486328125
2043289,50.84228515625
2043322,42.48046875
2043344,38.2080078125
2043405,39.4287109375
2043428,45.47119140625
2043494,40.0390625
2043547,33.447265625
2043561,45.47119140625
2043637,55.96923828125
2043760,33.14208984375
2043836,44.61669921875
2044103,53.466796875
2044920,33.0810546875
2152264,32.8369140625
2176994,34.5458984375
2177026,34.1796875
2177037,44.0673828125
2177055,37.17041015625
2177090,39.73388671875
2177129,135.498046875
2177145,34.60693359375
2177190,160.70556640625
2177220,236.572265625
2177230,189.88037109375
2177266,242.3095703125
2177281,146.54541015625
2177306,179.0771484375
2177321,52.42919921875
2177331,85.75439453125
2177354,56.884765625
2177367,76.416015625
2177397,81.298828125
2177408,65.4296875
2177426,53.1005859375
2177441,73.974609375
2177454,69.51904296875
2177483,40.6494140625
2177493,91.24755859375
2177516,44.12841796875
2177530,68.4814453125
2177550,40.95458984375
2177570,53.1005859375
2177584,41.32080078125
2177612,42.6025390625
2177630,60.302734375
2177650,50.35400390625
2177674,76.11083984375
2177699,44.189453125
2177709,72.08251953125
2177728,44.189453125
2177757,73.6083984375
2177773,66.22314453125
2177793,45.95947265625
2177805,33.935546875
2177831,58.77685546875
2177849,64.8193359375
2177868,36.7431640625
2177885,53.8330078125
2177915,45.83740234375
2177935,35.400390625
2177945,43.3349609375
2177977,70.49560546875
2178000,45.5322265625
2178028,48.40087890625
2178073,65.4296875
2178095,41.56494140625
2178112,35.7666015625
2178226,40.58837890625
2178261,39.97802734375
2178272,32.470703125
2178321,33.02001953125
2178371,57.80029296875
2178387,32.470703125
2178429,35.46142578125
2178511,37.04833984375
2178562,36.92626953125
2178588,47.05810546875
2178634,44.5556640625
2178668,46.44775390625
2178750,50.72021484375
2178771,34.24072265625
2178891,51.57470703125
2179074,60.48583984375
2179218,60.4248046875
2179632,64.0869140625
2179953,66.22314453125
2235067,33.50830078125
2235095,35.15625
2235115,65.85693359375
2235152,35.94970703125
2235187,54.26025390625
2235224,39.1845703125
2235239,161.4990234375
2235262,55.0537109375
2235282,103.21044921875
2235300,57.67822265625
2235317,211.5478515625
2235346,86.48681640625
2235358,178.7109375
2235383,81.11572265625
2235395,131.40869140625
2235426,121.826171875
2235446,114.31884765625
2235477,87.95166015625
2235491,87.40234375
2235511,48.15673828125
2235527,65.0634765625
2235543,64.63623046875
2235554,45.0439453125
2235579,76.7822265625
2235600,74.951171875
2235612,63.5986328125
2235647,47.119140625
2235667,56.0302734375
2235699,50.23193359375
2235726,45.5322265625
2235746,51.69677734375
2235756,36.92626953125
2235768,47.607421875
2235797,49.49951171875
2235817,48.4619140625
2235830,51.20849609375
2235867,74.70703125
2235892,44.61669921875
2235915,49.6826171875
2235926,46.9970703125
2235959,42.29736328125
2235976,70.49560546875
2236008,73.1201171875
2236019,37.04833984375
2236041,36.865234375
2236061,50.4150390625
2236082,55.2978515625
2236138,38.2080078125
2236160,69.82421875
2236189,46.38671875
2236211,38.26904296875
2236236,35.58349609375
2236262,40.52734375
2236287,35.15625
2236324,36.31591796875
2236366,45.166015625
2236388,36.7431640625
2236410,40.34423828125
2236459,43.45703125
2236492,36.07177734375
2236503,65.24658203125
2236538,39.794921875
2236549,35.0341796875
2236585,35.2783203125
2236624,45.166015625
2236676,55.6640625
2236711,37.7197265625
2236732,39.73388671875
2236762,32.958984375
2236808,48.15673828125
2236895,69.64111328125
2236997,42.1142578125
2237042,63.65966796875
2237164,44.61669921875
2237257,44.61669921875
2237432,60.85205078125
2237583,33.8134765625
2237786,33.14208984375
2237921,32.3486328125
2237933,32.89794921875
2238159,37.9638671875
2247762,32.65380859375
2251971,32.5927734375
2252065,34.60693359375
2252080,44.73876953125
2252119,34.0576171875
2252138,32.5927734375
2252191,49.560546875
2252212,76.72119140625
2252230,36.31591796875
2252263,35.82763671875
2252294,125.3662109375
2252324,85.205078125
2252342,85.99853515625
2252357,148.92578125
2252370,155.6396484375
2252385,68.66455078125
2252404,149.10888671875
2252426,96.3134765625
2252450,66.7724609375
2252466,107.11669921875
2252487,122.55859375
2252517,79.89501953125
2252529,140.80810546875
2252550,60.6689453125
2252567,57.67822265625
2252584,55.5419921875
2252611,56.09130859375
2252626,40.34423828125
2252657,77.7587890625
2252677,45.22705078125
2252709,83.8623046875
2252722,50.47607421875
2252741,57.43408203125
2252772,59.08203125
2252784,34.66796875
2252816,80.87158203125
2252831,58.9599609375
2252851,48.64501953125
2252872,62.8662109375
2252884,60.05859375
2252910,47.2412109375
2252928,75.13427734375
2252960,39.1845703125
2252988,78.79638671875
2253002,39.9169921875
2253034,74.64599609375
2253059,39.48974609375
2253090,43.76220703125
2253108,74.8291015625
2253121,54.6875
2253176,78.55224609375
2253186,54.50439453125
2253209,47.9736328125
2253222,41.07666015625
2253263,38.9404296875
2253279,46.9970703125
2253292,47.8515625
2253326,61.6455078125
2253366,48.828125
2253376,41.93115234375
2253386,32.89794921875
2253425,41.32080078125
2253463,35.82763671875
2253476,35.888671875
2253505,41.68701171875
2253522,43.88427734375
2253549,43.64013671875
2253584,47.36328125
2253625,43.39599609375
2253635,76.96533203125
2253668,45.7763671875
2253723,38.14697265625
2253776,41.6259765625
2253790,36.07177734375
2253809,39.61181640625
2253919,49.25537109375
2253981,40.771484375
2254011,49.98779296875
2254048,38.2080078125
2254070,45.654296875
2254197,38.14697265625
2254425,52.18505859375
2254436,34.1796875
2254507,33.75244140625
2254614,64.27001953125
2255503,33.63037109375
2265891,32.40966796875
2266266,34.0576171875
2266299,37.7197265625
2266382,34.72900390625
2266452,44.189453125
2266483,38.14697265625
2266523,39.1845703125
2266556,57.12890625
2266586,44.61669921875
2266603,32.89794921875
2266629,52.06298828125
2266650,125.91552734375
2266673,205.6884765625
2266690,150.81787109375
2266722,131.34765625
2266733,134.3994140625
2266757,181.7626953125
2266770,104.1259765625
2266802,92.28515625
2266813,79.4677734375
2266836,119.140625
2266858,108.5205078125
2266879,77.63671875
2266891,65.5517578125
2266914,98.6328125
2266937,84.89990234375
2266955,67.0166015625
2266972,70.9228515625
2266998,51.7578125
2267012,55.23681640625
2267033,59.4482421875
2267055,54.62646484375
2267085,57.6171875
2267103,53.52783203125
2267115,51.69677734375
2267137,49.1943359375
2267154,64.51416015625
2267186,81.0546875
2267216,69.2138671875
2267233,46.9970703125
2267266,51.3916015625
2267279,75.62255859375
2267308,48.27880859375
2267335,88.31787109375
2267351,53.7109375
2267388,57.4951171875
2267400,38.0859375
2267425,35.15625
2267463,39.55078125
2267486,42.96875
2267499,44.49462890625
2267526,35.21728515625
2267542,33.63037109375
2267561,60.4248046875
2267571,42.17529296875
2267598,65.185546875
2267608,41.50390625
2267644,39.61181640625
2267669,33.02001953125
2267693,55.419921875
2267713,33.75244140625
2267747,50.23193359375
2267769,35.400390625
2267822,36.19384765625
2267862,50.35400390625
2267929,33.63037109375
2267948,66.71142578125
2267996,40.52734375
2268035,37.53662109375
2268057,40.771484375
2268171,47.05810546875
2268222,45.654296875
2268301,39.00146484375
2268370,39.97802734375
2268411,50.4150390625
2268466,34.24072265625
2268651,43.27392578125
2268926,33.203125
2268977,33.26416015625
2268993,33.63037109375
2269127,32.65380859375
2269211,36.31591796875
2269260,57.2509765625
2269601,35.21728515625
2281635,36.865234375
2281654,36.376953125
2281671,39.0625
2281691,56.884765625
2281721,38.63525390625
2281746,41.80908203125
2281763,36.80419921875
2281783,81.23779296875
2281797,42.6025390625
2281819,51.26953125
2281843,70.86181640625
2281870,205.9326171875
2281886,154.11376953125
2281919,174.1943359375
2281951,87.5244140625
2281974,166.07666015625
2281989,68.17626953125
2282017,126.8310546875
2282033,57.80029296875
2282059,137.6953125
2282078,62.6220703125
2282088,67.626953125
2282107,60.48583984375
2282117,43.3349609375
2282137,61.70654296875
2282164,83.43505859375
2282179,91.30859375
2282200,60.9130859375
2282211,68.2373046875
2282240,42.3583984375
2282258,44.12841796875
2282276,76.2939453125
2282306,71.77734375
2282325,71.2890625
2282356,76.5380859375
2282380,59.14306640625
2282410,33.69140625
2282426,38.0859375
2282452,50.4150390625
2282474,47.30224609375
2282515,42.90771484375
2282538,39.85595703125
2282549,75.37841796875
2282579,37.4755859375
2282598,33.99658203125
2282613,40.771484375
2282636,49.560546875
2282675,46.69189453125
2282685,36.80419921875
2282721,34.7900390625
2282731,48.4619140625
2282755,39.55078125
2282786,61.03515625
2282814,36.7431640625
2282832,63.17138671875
2282845,36.7431640625
2282883,52.79541015625
2282906,38.63525390625
2282952,40.34423828125
2282974,35.400390625
2282995,40.10009765625
2283020,48.64501953125
2283061,36.2548828125
2283106,34.423828125
2283169,64.02587890625
2283208,34.912109375
2283238,51.7578125
2283349,35.15625
2283524,46.81396484375
2283654,41.3818359375
2283738,56.45751953125
2283767,34.3017578125
2284010,59.50927734375
2285563,41.80908203125
2293866,32.5927734375
2294365,76.171875
2294376,45.166015625
2294404,42.78564453125
2294459,52.490234375
2294482,39.48974609375
2294503,36.31591796875
2294513,35.94970703125
2294529,112.73193359375
2294540,109.43603515625
2294563,155.8837890625
2294592,124.69482421875
2294608,103.1494140625
2294619,121.7041015625
2294631,102.294921875
2294660,110.16845703125
2294692,102.23388671875
2294710,184.814453125
2294733,82.21435546875
2294749,80.9326171875
2294770,100.28076171875
2294789,102.4169921875
2294819,60.1806640625
2294833,108.58154296875
2294856,72.75390625
2294866,45.166015625
2294877,62.1337890625
2294907,81.787109375
2294917,41.015625
2294940,53.8330078125
2294960,75.01220703125
2294991,58.10546875
2295016,47.66845703125
2295029,55.60302734375
2295042,57.31201171875
2295063,46.630859375
2295087,55.11474609375
2295114,35.82763671875
2295137,48.52294921875
2295153,52.67333984375
2295168,47.05810546875
2295200,43.45703125
2295222,42.17529296875
2295236,38.818359375
2295263,54.19921875
2295287,74.27978515625
2295323,44.5556640625
2295335,41.3818359375
2295386,44.12841796875
2295406,46.20361328125
2295459,36.2548828125
2295471,38.51318359375
2295529,46.142578125
2295584,63.1103515625
2295685,47.91259765625
2295773,48.4619140625
2295805,63.1103515625
2295825,34.60693359375
2295902,37.53662109375
2295940,62.56103515625
2296037,38.818359375
2296119,52.42919921875
2296408,35.58349609375
2296486,71.8994140625
2296993,33.8134765625
2297192,36.31591796875
2305127,39.1845703125
2309781,32.89794921875
2309816,35.82763671875
2309837,32.40966796875
2309851,42.41943359375
2309877,51.513671875
2309945,39.00146484375
2309972,37.65869140625
2309987,68.359375
2310007,36.865234375
2310026,150.390625
2310060,133.60595703125
2310087,196.044921875
2310109,71.2890625
2310126,117.5537109375
2310137,95.947265625
2310172,97.16796875
2310197,85.26611328125
2310207,120.60546875
2310222,58.837890625
2310232,93.017578125
2310253,61.4013671875
2310273,104.98046875
2310302,84.04541015625
2310323,54.87060546875
2310334,76.7822265625
2310356,76.5380859375
2310366,42.66357421875
2310393,65.3076171875
2310410,47.91259765625
2310436,61.34033203125
2310446,38.9404296875
2310456,44.25048828125
2310492,34.48486328125
2310520,70.12939453125
2310537,39.97802734375
2310566,61.34033203125
2310577,60.36376953125
2310602,37.109375
2310644,85.44921875
2310657,47.42431640625
2310673,41.44287109375
2310691,34.912109375
2310705,37.59765625
2310738,45.654296875
2310791,57.06787109375
2310848,49.4384765625
2310859,38.4521484375
2310900,56.2744140625
2310913,52.3681640625
2310992,36.7431640625
2311070,52.734375
2311144,44.0673828125
2311194,47.91259765625
2311293,58.10546875
2311455,40.52734375
2311522,55.84716796875
2312506,35.70556640625
2320620,38.75732421875
2321751,38.4521484375
2322105,34.24072265625
2322429,34.66796875
2324658,38.14697265625
2324675,35.94970703125
2324703,35.70556640625
2324734,47.2412109375
2324753,43.27392578125
2324769,70.556640625
2324794,52.490234375
2324807,54.19921875
2324825,35.64453125
2324839,135.1318359375
2324856,98.5107421875
2324870,118.408203125
2324881,162.9638671875
2324916,126.0986328125
2324932,184.814453125
2324952,139.34326171875
2324971,109.2529296875
2324998,87.58544921875
2325022,68.115234375
2325033,149.0478515625
2325057,60.72998046875
2325078,89.7216796875
2325103,112.60986328125
2325124,60.85205078125
2325134,70.98388671875
2325148,56.7626953125
2325162,51.69677734375
2325187,69.580078125
2325197,122.00927734375
2325225,61.4013671875
2325241,60.60791015625
2325270,63.232421875
2325297,58.10546875
2325327,36.43798828125
2325351,65.4296875
2325375,51.69677734375
2325412,77.08740234375
2325425,64.27001953125
2325453,53.3447265625
2325464,52.3681640625
2325521,47.18017578125
2325550,44.98291015625
2325561,32.958984375
2325590,35.82763671875
2325613,47.79052734375
2325653,54.0771484375
2325702,53.40576171875
2325714,34.11865234375
2325732,32.71484375
2325766,36.07177734375
2325864,63.41552734375
2325883,46.20361328125
2325927,41.44287109375
2326055,40.0390625
2326309,73.3642578125
2338620,36.7431640625
2338679,35.5224609375
2338875,44.677734375
2338903,47.91259765625
2338926,36.92626953125
2338965,33.203125
2338987,110.7177734375
2339028,54.3212890625
2339047,45.83740234375
2339067,119.93408203125
2339086,53.03955078125
2339108,65.36865234375
2339130,150.7568359375
2339161,166.9921875
2339184,81.35986328125
2339204,89.29443359375
2339236,139.46533203125
2339252,78.91845703125
2339268,90.14892578125
2339291,88.43994140625
2339306,45.654296875
2339336,126.5869140625
2339353,127.44140625
2339368,32.71484375
2339385,49.560546875
2339398,72.57080078125
2339409,34.912109375
2339429,80.2001953125
2339454,87.46337890625
2339477,87.70751953125
2339503,32.28759765625
2339522,70.37353515625
2339562,47.36328125
2339589,54.26025390625
2339613,44.00634765625
2339635,45.2880859375
2339659,47.05810546875
2339689,44.7998046875
2339715,72.6318359375
2339849,37.4755859375
2339897,45.47119140625
2340020,32.65380859375
2355998,33.63037109375
2356026,34.66796875
2356080,32.53173828125
2356103,46.69189453125
2356122,33.203125
2356168,32.71484375
2356204,45.10498046875
2356221,142.333984375
2356239,65.673828125
2356259,62.43896484375
2356271,33.50830078125
2356294,41.748046875
2356324,51.8798828125
2356336,106.75048828125
2356356,44.25048828125
2356381,145.56884765625
2356405,53.1005859375
2356425,62.19482421875
2356450,145.56884765625
2356470,179.6875
2356491,109.31396484375
2356524,121.58203125
2356538,58.10546875
2356565,138.48876953125
2356583,126.28173828125
2356605,89.66064453125
2356623,90.087890625
2356653,91.00341796875
2356675,49.6826171875
2356702,50.84228515625
2356727,50.537109375
2356751,95.88623046875
2356765,136.5966796875
2356793,41.9921875
2356817,42.6025390625
2356837,51.08642578125
2356877,62.1337890625
2356921,64.5751953125
2356941,34.48486328125
2356973,47.42431640625
2356992,34.97314453125
2357045,64.453125
2357140,36.19384765625
2357356,43.51806640625
2357387,32.89794921875
2359198,45.8984375
2370870,37.2314453125
2370936,35.33935546875
2371074,41.93115234375
2371131,34.60693359375
2371156,54.50439453125
2371202,41.9921875
2371238,124.32861328125
2371255,50.96435546875
2371286,79.16259765625
2371296,68.84765625
2371317,89.4775390625
2371336,91.85791015625
2371361,52.001953125
2371378,102.60009765625
2371393,42.05322265625
2371436,118.896484375
2371449,83.67919921875
2371508,46.630859375
2371521,40.8935546875
2371544,66.5283203125
2371560,32.470703125
2371584,33.0810546875
2371600,87.0361328125
2371620,46.0205078125
2371671,52.6123046875
2371690,56.70166015625
2371708,39.55078125
2371726,33.203125
2371803,51.69677734375
2371849,37.78076171875
2371953,44.73876953125
2371974,49.8046875
2372121,45.2880859375
2372334,65.185546875
2372752,62.3779296875
2501703,35.0341796875
2549202,34.423828125
2648344,34.36279296875
3021668,35.94970703125
3021704,37.65869140625
3021739,40.71044921875
3021774,36.9873046875
3021834,136.3525390625
3021869,32.28759765625
3021892,35.46142578125
3021941,112.85400390625
3022011,101.1962890625
3022077,34.7900390625
3022092,61.70654296875
3022108,35.15625
3022159,34.66796875
3022363,34.66796875
3022402,37.4755859375
3022458,50.1708984375
3022496,32.28759765625
3022528,58.04443359375
3022554,43.3349609375
3022583,75.37841796875
3022595,47.79052734375
3022626,73.66943359375
3022643,95.0927734375
3022669,46.5087890625
3022683,114.8681640625
3022705,45.8984375
3022731,188.90380859375
3022753,75.68359375
3022783,207.33642578125
3022794,130.92041015625
3022820,148.5595703125
3022831,87.82958984375
3022857,127.62451171875
3022870,73.91357421875
3022906,107.11669921875
3022933,75.86669921875
3022948,68.359375
3022972,70.12939453125
3022996,54.74853515625
3023014,57.43408203125
3023025,138.7939453125
3023054,47.9736328125
3023080,67.56591796875
3023109,76.7822265625
3023124,32.40966796875
3023139,75.74462890625
3023157,67.5048828125
3023175,56.09130859375
3023209,45.22705078125
3023234,42.05322265625
3023262,55.23681640625
3023280,50.048828125
3023306,42.54150390625
3023320,39.00146484375
3023346,46.2646484375
3023366,56.5185546875
3023383,35.5224609375
3023396,44.921875
3023413,39.36767578125
3023440,44.3115234375
3023468,40.10009765625
3023497,72.3876953125
3023508,38.2080078125
3023533,41.07666015625
3023551,33.87451171875
3023579,32.53173828125
3023597,46.20361328125
3023639,42.78564453125
3023680,36.56005859375
3023690,44.00634765625
3023721,50.96435546875
3023745,45.41015625
3023773,39.48974609375
3023802,32.77587890625
3023821,36.56005859375
3023896,49.25537109375
3023921,38.02490234375
3023967,50.78125
3024050,48.27880859375
3033748,34.36279296875
3039458,33.63037109375
3104633,34.1796875
3578976,33.203125
3579001,60.36376953125
3579014,56.70166015625
3579042,45.166015625
3579057,134.09423828125
3579077,85.63232421875
3579087,328.30810546875
3579103,182.31201171875
3579137,203.67431640625
3579148,54.5654296875
3579182,128.662109375
3579195,117.67578125
3579218,69.15283203125
3579241,97.96142578125
3579254,157.470703125
3579276,76.7822265625
3579300,49.1943359375
3579311,37.2314453125
3579330,73.486328125
3579346,46.81396484375
3579358,33.63037109375
3579369,113.46435546875
3579387,59.9365234375
3579401,38.9404296875
3579412,61.8896484375
3579425,78.0029296875
3579457,67.626953125
3579475,91.4306640625
3579488,35.21728515625
3579505,77.2705078125
3579544,85.75439453125
3579556,42.96875
3579573,36.07177734375
3579590,69.76318359375
3579620,95.52001953125
3579666,87.7685546875
3579681,38.39111328125
3579698,32.28759765625
3579709,35.46142578125
3579732,41.93115234375
3579748,53.466796875
3579762,63.53759765625
3579774,57.0068359375
3579794,39.1845703125
3579819,51.69677734375
3579841,48.76708984375
3579868,68.42041015625
3579884,39.61181640625
3579915,45.5322265625
3579941,35.5224609375
3579957,36.1328125
3579983,35.46142578125
3580002,50.59814453125
3580025,35.09521484375
3580036,36.92626953125
3580082,50.59814453125
3580095,39.306640625
3580112,33.02001953125
3580139,33.5693359375
3580166,37.841796875
3580211,42.236328125
3580222,34.60693359375
3580268,34.3017578125
3580280,34.72900390625
3580313,33.8134765625
3580378,39.97802734375
3580459,49.8046875
3580558,43.02978515625
3580569,55.17578125
3580736,50.47607421875
3590321,35.82763671875
3591438,37.78076171875
3704700,34.48486328125
4272542,35.82763671875
4272604,127.44140625
4272636,33.99658203125
4272671,121.7041015625
4272734,103.3935546875
4272779,34.85107421875
4272792,67.9931640625
4272841,34.24072265625
4272856,44.25048828125
4272922,40.22216796875
4272939,33.14208984375
4272955,32.3486328125
4272988,33.3251953125
4273016,118.95751953125
4273043,83.8623046875
4273075,75.13427734375
4273097,150.390625
4273122,240.3564453125
4273142,37.41455078125
4273158,155.33447265625
4273173,59.50927734375
4273187,115.17333984375
4273203,116.76025390625
4273224,105.89599609375
4273242,165.6494140625
4273258,134.8876953125
4273275,81.72607421875
4273302,103.94287109375
4273312,86.0595703125
4273328,63.232421875
4273341,74.40185546875
4273355,95.15380859375
4273368,120.9716796875
4273401,92.6513671875
4273423,75.68359375
4273450,110.16845703125
4273460,52.978515625
4273497,69.88525390625
4273516,53.3447265625
4273547,69.64111328125
4273570,37.90283203125
4273593,68.115234375
4273605,44.98291015625
4273637,96.6796875
4273648,34.1796875
4273661,47.607421875
4273693,35.2783203125
4273732,62.92724609375
4273749,35.400390625
4273774,91.6748046875
4273805,39.36767578125
4273838,42.41943359375
4273849,54.50439453125
4273874,37.4755859375
4273904,51.26953125
4273922,54.19921875
4273949,44.5556640625
4273988,41.50390625
4274029,33.69140625
4274055,35.58349609375
4274092,34.85107421875
4274119,37.53662109375
4274141,39.9169921875
4274159,36.07177734375
4274173,34.24072265625
4274193,46.7529296875
4274224,34.85107421875
4274244,36.07177734375
4274351,49.072265625
4274410,42.8466796875
4274491,51.513671875
4274571,40.34423828125
4274611,49.74365234375
4274864,64.88037109375
4287929,32.77587890625
4699264,36.0107421875
4699281,67.68798828125
4699305,121.7041015625
4699318,188.29345703125
4699337,146.54541015625
4699364,259.765625
4699377,113.28125
4699392,48.828125
4699410,91.00341796875
4699443,140.2587890625
4699471,149.4140625
4699484,47.2412109375
4699503,94.23828125
4699525,104.67529296875
4699540,40.46630859375
4699554,57.861328125
4699594,56.2744140625
4699612,72.20458984375
4699628,80.62744140625
4699649,72.20458984375
4699664,104.67529296875
4699694,63.96484375
4699714,48.7060546875
4699724,73.79150390625
4699752,60.11962890625
4699782,70.25146484375
4699802,64.0869140625
4699819,66.89453125
4699852,68.9697265625
4699863,52.42919921875
4699876,40.95458984375
4699904,64.94140625
4699932,69.580078125
4699959,53.40576171875
4699969,53.40576171875
4699987,51.513671875
4700014,38.4521484375
4700035,53.03955078125
4700049,42.29736328125
4700059,41.07666015625
4700091,64.697265625
4700134,59.87548828125
4700161,39.55078125
4700172,42.29736328125
4700214,41.9921875
4700242,49.49951171875
4700252,50.29296875
4700294,34.48486328125
4700368,35.2783203125
4700389,33.0810546875
4700428,38.4521484375
4700482,42.41943359375
4700516,44.61669921875
4700570,61.1572265625
4700590,40.83251953125
4700644,61.8896484375
4700706,41.8701171875
4700758,36.7431640625
4700872,43.5791015625
4700947,34.1796875
4700997,34.5458984375
4701028,50.72021484375
4701070,41.9921875
4701182,57.80029296875
4701696,61.279296875
4717888,33.3251953125
4718924,32.89794921875
4829008,33.38623046875
4829023,60.1806640625
4829048,68.29833984375
4829069,172.2412109375
4829083,38.330078125
4829101,147.39990234375
4829128,175.35400390625
4829142,123.59619140625
4829179,199.0966796875
4829200,93.56689453125
4829230,147.4609375
4829248,75.0732421875
4829266,101.50146484375
4829283,94.78759765625
4829301,78.55224609375
4829318,76.2939453125
4829340,49.9267578125
4829357,76.84326171875
4829374,48.03466796875
4829394,79.345703125
4829420,61.767578125
4829430,63.41552734375
4829462,66.162109375
4829479,68.05419921875
4829494,102.60009765625
4829509,75.0732421875
4829528,52.490234375
4829559,70.12939453125
4829582,63.96484375
4829603,39.85595703125
4829629,74.21875
4829652,65.12451171875
4829677,63.78173828125
4829708,56.0302734375
4829733,38.39111328125
4829755,61.1572265625
4829766,34.0576171875
4829788,57.0068359375
4829815,57.4951171875
4829838,68.4814453125
4829857,35.7666015625
4829867,49.4384765625
4829880,32.28759765625
4829905,70.068359375
4829919,51.3916015625
4829956,36.80419921875
4829979,35.82763671875
4830000,34.97314453125
4830027,62.19482421875
4830063,33.26416015625
4830083,50.84228515625
4830111,42.29736328125
4830166,39.9169921875
4830177,34.72900390625
4830213,36.56005859375
4830316,32.53173828125
4830338,36.56005859375
4830402,37.59765625
4830429,36.07177734375
4830454,36.865234375
4830494,34.1796875
4830509,33.75244140625
4830538,67.7490234375
4830566,34.1796875
4830584,32.65380859375
4830597,36.1328125
4830652,43.45703125
4830769,74.27978515625
4830844,49.9267578125
4830968,51.57470703125
4831180,56.7626953125
4831286,34.72900390625
4831372,54.8095703125
4831721,58.7158203125
4842690,35.888671875
4902530,32.40966796875
4902554,35.70556640625
4902585,35.5224609375
4902643,34.3017578125
4902656,32.40966796875
4902684,43.02978515625
4902705,127.0751953125
4902724,43.212890625
4902740,33.0810546875
4902752,37.90283203125
4902764,122.61962890625
4902779,245.42236328125
4902800,74.40185546875
4902815,83.6181640625
4902834,204.65087890625
4902851,92.22412109375
4902878,103.6376953125
4902894,94.7265625
4902916,109.0087890625
4902926,70.3125
4902942,50.47607421875
4902960,130.4931640625
4902986,64.8193359375
4902997,41.9921875
4903023,55.908203125
4903052,82.6416015625
4903073,57.43408203125
4903099,43.9453125
4903113,72.8759765625
4903126,36.62109375
4903156,88.80615234375
4903169,62.80517578125
4903197,60.60791015625
4903210,39.306640625
4903234,72.3876953125
4903251,61.58447265625
4903282,60.9130859375
4903302,46.20361328125
4903314,61.8896484375
4903336,32.40966796875
4903346,63.78173828125
4903367,34.66796875
4903392,46.9970703125
4903414,49.560546875
4903426,53.03955078125
4903472,77.0263671875
4903486,39.48974609375
4903504,32.77587890625
4903556,63.53759765625
4903573,50.72021484375
4903615,41.259765625
4903658,84.47265625
4903672,49.86572265625
4903718,38.51318359375
4903733,47.2412109375
4903748,33.447265625
4903770,53.77197265625
4903798,57.80029296875
4903825,34.72900390625
4903852,42.724609375
4903877,44.86083984375
4903912,43.212890625
4903949,42.66357421875
4903992,68.05419921875
4904013,33.203125
4904075,35.2783203125
4904106,46.142578125
4904160,39.61181640625
4904196,37.78076171875
4904208,32.3486328125
4904249,35.33935546875
4904279,45.22705078125
4904332,42.236328125
4904500,59.14306640625
4904573,50.96435546875
4904672,43.3349609375
4904741,44.43359375
4905019,53.89404296875
4905029,33.75244140625
4905238,49.31640625
4905250,32.89794921875
4905652,52.18505859375
4923661,32.28759765625
4923771,39.6728515625
4923882,48.583984375
4923910,70.12939453125
4923925,40.34423828125
4923957,33.3251953125
4923971,57.31201171875
4923983,45.5322265625
4924004,148.86474609375
4924036,109.19189453125
4924050,61.82861328125
4924065,38.330078125
4924083,142.9443359375
4924097,235.16845703125
4924130,67.5048828125
4924144,143.310546875
4924164,170.0439453125
4924185,89.41650390625
4924212,105.28564453125
4924229,102.35595703125
4924243,68.9697265625
4924264,75.86669921875
4924298,69.39697265625
4924311,57.06787109375
4924326,52.30712890625
4924348,72.1435546875
4924365,62.98828125
4924386,76.0498046875
4924398,48.52294921875
4924418,48.15673828125
4924434,54.50439453125
4924446,71.83837890625
4924473,42.41943359375
4924502,37.59765625
4924517,36.62109375
4924538,80.9326171875
4924563,55.5419921875
4924579,76.47705078125
4924610,59.4482421875
4924636,46.630859375
4924655,42.3583984375
4924671,42.724609375
4924697,62.5
4924710,35.7666015625
4924743,49.31640625
4924776,58.16650390625
4924805,53.77197265625
4924838,62.07275390625
4924869,53.64990234375
4924888,35.94970703125
4924905,69.4580078125
4924918,37.7197265625
4924945,34.36279296875
4924984,85.51025390625
4924994,34.3017578125
4925023,44.37255859375
4925047,48.15673828125
4925076,54.0771484375
4925111,37.04833984375
4925132,74.40185546875
4925163,50.537109375
4925183,32.3486328125
4925196,36.43798828125
4925242,49.4384765625
4925261,72.1435546875
4925301,32.958984375
4925321,34.48486328125
4925333,56.33544921875
4925377,33.69140625
4925408,46.32568359375
4925418,83.6181640625
4925493,69.2138671875
4925504,42.724609375
4925534,44.12841796875
4925563,34.24072265625
4925581,41.6259765625
4925624,42.8466796875
4925648,33.02001953125
4925676,39.85595703125
4925739,35.64453125
4925752,36.9873046875
4925865,35.888671875
4925880,36.865234375
4925924,49.1943359375
4926032,39.6728515625
4926098,43.9453125
4926233,47.2412109375
4926303,56.884765625
4926315,37.53662109375
4926418,53.955078125
4926761,37.2314453125
4926925,32.53173828125
4927016,39.24560546875
4927051,57.18994140625
4927725,40.8935546875
4940019,43.45703125
4940044,46.875
4940121,53.64990234375
4940136,48.64501953125
4940151,45.10498046875
4940225,52.79541015625
4940245,69.39697265625
4940262,105.712890625
4940275,235.83984375
4940318,150.08544921875
4940329,74.8291015625
4940343,96.0693359375
4940357,100.03662109375
4940379,93.44482421875
4940407,107.97119140625
4940430,126.77001953125
4940451,78.79638671875
4940467,100.9521484375
4940489,88.8671875
4940515,83.06884765625
4940537,91.1865234375
4940561,84.53369140625
4940581,54.13818359375
4940614,65.97900390625
4940636,41.748046875
4940665,79.77294921875
4940697,42.96875
4940714,82.6416015625
4940744,50.78125
4940763,60.1806640625
4940784,44.43359375
4940815,67.44384765625
4940825,36.376953125
4940852,74.0966796875
4940873,59.63134765625
4940904,44.00634765625
4940937,56.70166015625
4940963,77.57568359375
4940977,32.8369140625
4940996,33.203125
4941008,63.1103515625
4941019,49.98779296875
4941049,36.9873046875
4941072,32.28759765625
4941082,55.2978515625
4941123,32.8369140625
4941153,70.00732421875
4941201,37.29248046875
4941229,36.31591796875
4941255,58.7158203125
4941276,59.2041015625
4941304,53.955078125
4941356,40.4052734375
4941388,34.423828125
4941415,62.07275390625
4941447,56.396484375
4941485,36.2548828125
4941500,44.25048828125
4941522,37.53662109375
4941578,37.59765625
4941607,72.998046875
4941628,34.36279296875
4941699,39.55078125
4941718,52.1240234375
4941733,40.771484375
4941766,38.51318359375
4941797,47.7294921875
4941826,37.841796875
4941841,32.65380859375
4941877,33.0810546875
4941895,44.677734375
4941992,48.88916015625
4942088,42.724609375
4942174,34.72900390625
4942211,43.64013671875
4942230,36.68212890625
4942441,40.58837890625
4942538,62.6220703125
4942678,51.69677734375
4942893,38.75732421875
4943444,40.4052734375
4943821,45.2880859375
4943922,32.958984375
4944233,32.28759765625
4946808,33.99658203125
4953846,33.02001953125
4954027,33.87451171875
4954065,35.21728515625
4954096,36.0107421875
4954113,35.2783203125
4954124,38.9404296875
4954157,46.142578125
4954171,37.29248046875
4954209,57.67822265625
4954222,162.353515625
4954254,187.56103515625
4954275,103.02734375
4954291,50.9033203125
4954301,152.7099609375
4954323,35.46142578125
4954339,55.0537109375
4954362,122.61962890625
4954377,85.44921875
4954404,94.05517578125
4954428,74.8291015625
4954456,79.9560546875
4954467,38.87939453125
4954483,72.81494140625
4954502,39.61181640625
4954523,58.837890625
4954539,46.81396484375
4954557,84.16748046875
4954586,118.0419921875
4954603,60.36376953125
4954633,76.72119140625
4954649,53.28369140625
4954670,91.36962890625
4954697,55.84716796875
4954717,107.91015625
4954730,65.73486328125
4954756,49.6826171875
4954783,40.1611328125
4954814,41.8701171875
4954840,103.08837890625
4954856,51.94091796875
4954868,47.54638671875
4954892,49.6826171875
4954923,82.51953125
4954945,43.15185546875
4954971,73.05908203125
4954995,33.26416015625
4955033,65.673828125
4955053,64.51416015625
4955063,36.80419921875
4955111,54.8095703125
4955129,44.37255859375
4955143,34.1796875
4955177,36.07177734375
4955207,40.10009765625
4955224,39.0625
4955275,50.72021484375
4955299,46.56982421875
4955336,57.43408203125
4955398,45.41015625
4955408,46.7529296875
4955444,35.0341796875
4955472,37.17041015625
4955508,47.66845703125
4955558,32.470703125
4955611,42.8466796875
4955674,40.46630859375
4955686,43.15185546875
4955753,48.40087890625
4955853,42.48046875
4955893,37.04833984375
4955988,54.87060546875
4956084,33.02001953125
4956145,54.74853515625
4956348,57.92236328125
4956433,45.10498046875
4956600,33.50830078125
4965826,40.771484375
4965840,37.78076171875
4965874,49.9267578125
4965947,39.4287109375
4965959,37.841796875
4965973,36.7431640625
4966005,105.77392578125
4966027,119.32373046875
4966044,70.00732421875
4966065,168.15185546875
4966089,93.81103515625
4966104,86.85302734375
4966132,110.9619140625
4966143,165.1611328125
4966167,62.07275390625
4966198,113.037109375
4966227,101.13525390625
4966244,104.18701171875
4966268,57.43408203125
4966281,51.6357421875
4966291,84.9609375
4966321,76.0498046875
4966336,61.4013671875
4966354,48.7060546875
4966374,74.3408203125
4966392,49.13330078125
4966418,53.8330078125
4966435,50.6591796875
4966465,58.65478515625
4966476,48.583984375
4966497,39.36767578125
4966528,60.97412109375
4966539,73.66943359375
4966562,50.6591796875
4966589,38.51318359375
4966622,32.28759765625
4966647,52.18505859375
4966675,90.88134765625
4966696,38.26904296875
4966729,32.28759765625
4966745,38.75732421875
4966766,34.423828125
4966776,33.87451171875
4966823,34.66796875
4966858,34.48486328125
4966883,42.6025390625
4966909,47.7294921875
4966943,40.283203125
4966957,53.22265625
4967024,37.04833984375
4967066,34.1796875
4967097,63.53759765625
4967119,35.82763671875
4967228,42.41943359375
4967241,36.19384765625
4967286,56.70166015625
4967362,36.92626953125
4967396,43.9453125
4967530,38.26904296875
4969106,32.65380859375
4977923,33.8134765625
4977945,34.97314453125
4977977,33.3251953125
4978013,36.19384765625
4978051,49.74365234375
4978061,34.60693359375
4978101,42.17529296875
4978128,42.54150390625
4978140,87.2802734375
4978162,52.978515625
4978187,168.51806640625
4978209,67.7490234375
4978220,262.02392578125
4978246,78.18603515625
4978263,123.59619140625
4978274,143.85986328125
4978292,63.96484375
4978316,140.7470703125
4978343,88.07373046875
4978366,118.71337890625
4978384,54.931640625
4978407,105.77392578125
4978417,146.30126953125
4978438,81.4208984375
4978459,71.044921875
4978479,89.53857421875
4978502,78.125
4978521,49.25537109375
4978549,97.2900390625
4978572,58.2275390625
4978589,40.283203125
4978606,65.12451171875
4978628,81.60400390625
4978651,33.203125
4978669,35.15625
4978701,76.96533203125
4978719,49.072265625
4978733,50.72021484375
4978752,48.4619140625
4978764,37.17041015625
4978792,39.00146484375
4978805,61.70654296875
4978839,37.109375
4978862,50.537109375
4978902,48.76708984375
4978915,68.29833984375
4978950,45.41015625
4978988,59.75341796875
4979003,42.1142578125
4979030,33.8134765625
4979092,38.4521484375
4979102,56.884765625
4979133,33.75244140625
4979213,35.2783203125
4979228,61.6455078125
4979263,67.626953125
4979338,36.9873046875
4979362,34.3017578125
4979428,36.0107421875
4979480,65.00244140625
4979611,34.36279296875
4979641,33.87451171875
4979774,41.9921875
4979784,69.51904296875
4990332,38.818359375
4990356,55.5419921875
4990374,43.64013671875
4990399,47.4853515625
4990443,33.69140625
4990453,54.8095703125
4990483,40.4052734375
4990498,38.2080078125
4990519,57.12890625
4990534,139.16015625
4990557,74.03564453125
4990575,111.51123046875
4990589,115.90576171875
4990600,101.9287109375
4990623,155.8837890625
4990638,77.94189453125
4990656,87.7685546875
4990682,163.63525390625
4990710,136.77978515625
4990735,118.95751953125
4990755,123.4130859375
4990783,89.05029296875
4990800,58.16650390625
4990820,123.6572265625
4990840,87.40234375
4990851,37.78076171875
4990882,64.27001953125
4990902,52.3681640625
4990921,54.443359375
4990951,108.94775390625
4990964,60.546875
4990985,57.6171875
4991013,75.01220703125
4991027,53.52783203125
4991043,44.00634765625
4991073,51.33056640625
4991090,64.3310546875
4991108,43.45703125
4991135,70.9228515625
4991147,50.1708984375
4991165,34.48486328125
4991187,34.97314453125
4991221,32.89794921875
4991243,32.65380859375
4991267,51.20849609375
4991337,36.2548828125
4991361,54.19921875
4991446,34.97314453125
4991470,35.64453125
4991494,61.58447265625
4991516,34.60693359375
4991590,33.50830078125
4991908,33.5693359375
5008034,32.470703125
5008136,43.64013671875
5008188,42.17529296875
5008223,33.02001953125
5008238,123.1689453125
5008270,87.0361328125
5008294,138.671875
5008321,135.009765625
5008346,165.10009765625
5008383,233.70361328125
5008406,74.0966796875
5008424,109.55810546875
5008441,155.45654296875
5008456,61.5234375
5008473,111.38916015625
5008492,100.5859375
5008508,70.37353515625
5008530,82.09228515625
5008550,52.42919921875
5008577,99.4873046875
5008590,35.33935546875
5008612,86.85302734375
5008629,51.45263671875
5008669,123.71826171875
5008700,52.978515625
5008716,91.24755859375
5008746,60.6689453125
5008778,35.21728515625
5008795,47.05810546875
5008820,38.51318359375
5008854,62.92724609375
5008878,97.900390625
5008923,33.63037109375
5008940,35.2783203125
5008962,50.59814453125
5008983,61.03515625
5009031,65.5517578125
5009042,61.03515625
5009069,36.92626953125
5009125,36.56005859375
5009143,69.82421875
5009178,33.8134765625
5009243,35.2783203125
5009349,33.99658203125
5009511,34.3017578125
5025454,34.423828125
5025486,33.447265625
5025634,40.1611328125
5025777,41.07666015625
5025799,44.921875
5025815,40.83251953125
5025845,42.96875
5025872,66.40625
5025897,56.15234375
5025910,161.9873046875
5025936,35.46142578125
5025975,48.2177734375
5025996,124.81689453125
5026012,174.01123046875
5026039,55.48095703125
5026066,37.65869140625
5026101,148.92578125
5026120,62.1337890625
5026147,94.7265625
5026159,71.22802734375
5026189,86.97509765625
5026211,76.11083984375
5026241,93.994140625
5026307,82.58056640625
5026333,79.58984375
5026362,50.72021484375
5026403,37.109375
5026430,38.0859375
5026457,70.9228515625
5026489,49.49951171875
5026532,34.60693359375
5026584,76.84326171875
5026602,54.8095703125
5026662,41.44287109375
5026778,57.9833984375
5026990,62.01171875
5027309,70.00732421875
5065938,34.7900390625
5065976,57.4951171875
5065993,50.29296875
5066024,123.22998046875
5066036,44.98291015625
5066048,32.470703125
5066086,45.654296875
5066099,58.2275390625
5066109,93.1396484375
5066132,37.41455078125
5066146,42.48046875
5066176,51.20849609375
5066190,45.2880859375
5066202,83.19091796875
5066224,63.1103515625
5066245,81.54296875
5066264,46.69189453125
5066297,147.5830078125
5066333,87.2802734375
5066371,70.556640625
5066396,97.10693359375
5066491,73.05908203125
5066501,57.18994140625
5066553,32.89794921875
5066604,55.0537109375
5066647,51.94091796875
5066685,48.76708984375
5066699,33.5693359375
5066730,40.95458984375
5066763,49.4384765625
5066868,45.2880859375
5067052,62.92724609375
5067341,71.96044921875
5222080,33.75244140625
5305818,33.14208984375
5514826,34.48486328125
5977792,36.19384765625
5977820,45.2880859375
5977845,50.35400390625
5977859,32.89794921875
5977888,400.81787109375
5977899,276.79443359375
5977917,205.2001953125
5977937,76.0498046875
5977947,181.0302734375
5977970,114.3798828125
5977983,34.97314453125
5977993,155.1513671875
5978021,74.0966796875
5978043,100.2197265625
5978056,37.90283203125
5978070,87.95166015625
5978091,91.12548828125
5978109,74.3408203125
5978119,78.0029296875
5978149,64.3310546875
5978162,35.2783203125
5978191,116.3330078125
5978204,85.51025390625
5978237,70.6787109375
5978253,65.73486328125
5978273,72.998046875
5978286,35.21728515625
5978307,55.11474609375
5978329,75.74462890625
5978344,46.9970703125
5978360,42.41943359375
5978379,76.5380859375
5978401,42.96875
5978419,35.2783203125
5978435,56.94580078125
5978470,75.74462890625
5978484,34.60693359375
5978495,74.64599609375
5978529,71.044921875
5978550,51.6357421875
5978569,55.60302734375
5978582,48.64501953125
5978615,32.470703125
5978629,59.4482421875
5978653,77.33154296875
5978683,33.935546875
5978709,60.6689453125
5978723,38.51318359375
5978773,45.34912109375
5978809,66.162109375
5978866,46.69189453125
5978887,41.44287109375
5978925,36.56005859375
5978947,33.75244140625
5979007,33.87451171875
5979032,40.0390625
5979043,36.56005859375
5979068,49.01123046875
5979112,46.7529296875
5979122,35.400390625
5979185,39.00146484375
5979203,40.83251953125
5979236,41.44287109375
5979293,46.20361328125
5979327,52.18505859375
5979363,51.69677734375
5979384,35.400390625
5979425,51.33056640625
5979487,37.59765625
5979534,55.35888671875
5979762,33.38623046875
5979855,33.02001953125
5979895,62.68310546875
5979905,33.87451171875
5979956,34.423828125
5980147,65.00244140625
5991515,33.203125
6949989,145.32470703125
7429422,57.6171875
7429433,58.59375
7429453,36.19384765625
7429468,230.1025390625
7429486,118.83544921875
7429501,162.7197265625
7429523,89.41650390625
7429547,116.69921875
7429557,62.255859375
7429570,90.14892578125
7429594,80.01708984375
7429607,46.5087890625
7429618,100.03662109375
7429631,78.30810546875
7429655,111.81640625
7429666,41.32080078125
7429676,54.99267578125
7429695,48.15673828125
7429708,45.34912109375
7429719,69.580078125
7429736,60.1806640625
7429761,91.85791015625
7429785,50.6591796875
7429809,110.3515625
7429829,65.12451171875
7429844,76.11083984375
7429856,41.8701171875
7429872,70.80078125
7429892,39.794921875
7429917,40.1611328125
7429932,48.2177734375
7429962,41.6259765625
7429972,69.9462890625
7429995,44.25048828125
7430020,81.4208984375
7430030,35.0341796875
7430046,73.1201171875
7430063,57.6171875
7430076,45.10498046875
7430092,45.71533203125
7430110,70.73974609375
7430120,38.14697265625
7430143,35.15625
7430167,60.36376953125
7430205,53.3447265625
7430230,48.52294921875
7430271,107.421875
7430287,43.51806640625
7430299,52.978515625
7430393,32.40966796875
7430418,46.9970703125
7430436,53.52783203125
7430460,32.40966796875
7430472,32.77587890625
7430502,54.26025390625
7430537,42.05322265625
7430588,44.12841796875
7430654,48.4619140625
7430668,39.794921875
7430710,33.63037109375
7430749,35.2783203125
7430778,46.9970703125
7430790,32.8369140625
7430820,43.45703125
7430838,37.109375
7430871,39.6728515625
7430899,43.9453125
7430951,35.15625
7430967,48.4619140625
7431019,57.18994140625
7431126,54.87060546875
7431197,42.48046875
7431336,51.025390625
7431398,38.57421875
7431539,47.05810546875
7431629,54.13818359375
7431787,53.955078125
7432042,59.2041015625
7434443,35.94970703125
7442098,33.99658203125
7442138,45.0439453125
7442220,33.26416015625
7442247,35.15625
7442290,37.2314453125
7442321,48.2177734375
7442337,63.4765625
7442366,122.86376953125
7442391,98.14453125
7442402,224.2431640625
7442425,98.08349609375
7442443,85.51025390625
7442453,91.064453125
7442464,104.736328125
7442483,117.3095703125
7442508,77.45361328125
7442532,57.0068359375
7442552,90.6982421875
7442563,91.73583984375
7442582,87.7685546875
7442604,133.23974609375
7442629,59.14306640625
7442644,73.18115234375
7442666,82.09228515625
7442688,68.9697265625
7442703,69.2138671875
7442728,71.96044921875
7442758,61.82861328125
7442779,42.78564453125
7442807,77.880859375
7442822,55.23681640625
7442859,40.6494140625
7442879,44.12841796875
7442909,72.57080078125
7442920,49.1943359375
7442946,61.6455078125
7442972,55.17578125
7443003,45.2880859375
7443018,42.6025390625
7443041,69.4580078125
7443065,47.4853515625
7443094,38.02490234375
7443114,59.50927734375
7443131,52.8564453125
7443157,65.61279296875
7443171,49.86572265625
7443194,52.06298828125
7443223,59.4482421875
7443252,42.8466796875
7443268,45.59326171875
7443295,63.53759765625
7443306,39.24560546875
7443327,43.45703125
7443343,48.9501953125
7443353,44.73876953125
7443372,52.18505859375
7443396,51.025390625
7443423,44.25048828125
7443436,64.88037109375
7443465,55.908203125
7443479,43.0908203125
7443506,51.7578125
7443530,91.1865234375
7443549,38.2080078125
7443579,41.50390625
7443591,35.09521484375
7443625,54.26025390625
7443651,64.51416015625
7443692,47.607421875
7443722,50.537109375
7443754,35.5224609375
7443764,36.1328125
7443775,44.00634765625
7443807,32.8369140625
7443845,39.61181640625
7443864,42.48046875
7443897,40.95458984375
7443947,34.5458984375
7443978,62.255859375
7443993,40.4052734375
7444022,47.7294921875
7444076,41.32080078125
7444119,32.958984375
7444156,37.29248046875
7444188,46.142578125
7444256,44.921875
7444277,40.0390625
7444293,37.78076171875
7444328,34.0576171875
7444347,41.93115234375
7444412,70.80078125
7444431,44.49462890625
7444457,44.49462890625
7444512,32.958984375
7444532,38.87939453125
7444560,41.259765625
7444614,41.3818359375
7444669,43.76220703125
7444739,35.09521484375
7444758,34.72900390625
7444813,40.58837890625
7444827,38.75732421875
7444895,35.400390625
7444969,44.189453125
7444979,44.12841796875
7445095,35.58349609375
7445254,56.884765625
7445284,32.53173828125
7445335,36.9873046875
7445495,50.23193359375
7445822,58.65478515625
7446153,55.7861328125
7566975,42.78564453125
7567017,43.27392578125
7567037,43.5791015625
7567052,146.66748046875
7567076,40.10009765625
7567109,59.99755859375
7567127,49.8046875
7567144,45.59326171875
7567159,80.74951171875
7567173,136.474609375
7567191,161.7431640625
7567216,147.88818359375
7567251,127.38037109375
7567266,94.05517578125
7567295,72.998046875
7567309,131.2255859375
7567329,76.72119140625
7567357,77.5146484375
7567377,85.3271484375
7567401,81.787109375
7567419,99.7314453125
7567442,58.2275390625
7567455,67.81005859375
7567502,87.646484375
7567534,54.50439453125
7567548,43.39599609375
7567569,46.69189453125
7567580,72.509765625
7567609,53.77197265625
7567631,72.998046875
7567647,46.875
7567664,33.38623046875
7567693,79.28466796875
7567704,32.470703125
7567731,61.03515625
7567752,91.1865234375
7567768,47.66845703125
7567798,39.73388671875
7567818,70.61767578125
7567852,48.52294921875
7567872,33.14208984375
7567915,47.79052734375
7567945,66.83349609375
7567983,37.78076171875
7568014,52.18505859375
7568034,45.47119140625
7568078,40.95458984375
7568097,34.11865234375
7568118,41.6259765625
7568142,60.97412109375
7568257,37.7197265625
7568268,35.70556640625
7568306,53.8330078125
7568319,39.36767578125
7568356,37.78076171875
7568446,45.22705078125
7568487,33.14208984375
7568528,34.3017578125
7568572,32.77587890625
7568624,45.59326171875
7568649,34.72900390625
7568679,44.49462890625
7568756,32.8369140625
7568845,48.4619140625
7569006,46.0205078125
7569107,33.8134765625
7569141,36.9873046875
7569204,52.30712890625
7569346,40.8935546875
7569437,51.7578125
7569572,44.7998046875
7569771,48.2177734375
7569940,50.048828125
7570215,66.34521484375
7570226,36.9873046875
7570520,55.23681640625
7570706,65.3076171875
7570987,64.27001953125
7573088,33.63037109375
7584742,32.65380859375
7614976,37.9638671875
7616857,41.19873046875
7628443,33.02001953125
7628525,52.24609375
7628554,37.90283203125
7628575,40.46630859375
7628589,58.7158203125
7628603,53.77197265625
7628616,137.451171875
7628632,148.49853515625
7628646,220.0927734375
7628660,66.58935546875
7628679,227.05078125
7628713,108.58154296875
7628734,184.38720703125
7628753,61.5234375
7628771,75.8056640625
7628791,128.41796875
7628801,106.8115234375
7628829,52.978515625
7628841,76.904296875
7628862,70.25146484375
7628880,49.13330078125
7628890,50.1708984375
7628900,52.8564453125
7628912,69.7021484375
7628935,54.26025390625
7628957,38.57421875
7628968,47.607421875
7628978,76.7822265625
7629003,79.04052734375
7629020,56.70166015625
7629042,55.11474609375
7629063,61.95068359375
7629076,53.955078125
7629116,55.7861328125
7629143,48.095703125
7629159,61.58447265625
7629181,64.39208984375
7629192,42.236328125
7629219,54.38232421875
7629236,58.77685546875
7629253,41.07666015625
7629286,73.79150390625
7629303,78.9794921875
7629330,71.533203125
7629351,60.4248046875
7629364,33.447265625
7629401,71.71630859375
7629423,44.73876953125
7629444,41.44287109375
7629475,52.1240234375
7629488,59.9365234375
7629509,39.85595703125
7629524,37.59765625
7629552,86.669921875
7629577,33.02001953125
7629603,51.8798828125
7629623,40.10009765625
7629672,32.470703125
7629687,41.015625
7629712,52.3681640625
7629755,50.10986328125
7629779,46.38671875
7629807,44.0673828125
7629838,80.50537109375
7629877,39.794921875
7629903,33.26416015625
7629938,36.19384765625
7629985,47.66845703125
7630041,39.73388671875
7630065,46.81396484375
7630084,33.63037109375
7630153,35.5224609375
7630169,49.1943359375
7630232,41.259765625
7630283,33.26416015625
7630338,37.109375
7630349,35.0341796875
7630417,37.29248046875
7630489,59.9365234375
7630553,32.28759765625
7630571,39.85595703125
7630677,42.48046875
7630773,39.85595703125
7630812,33.14208984375
7630873,34.5458984375
7630895,51.025390625
7630960,48.828125
7631135,50.10986328125
7631299,65.00244140625
7631517,35.70556640625
7631540,50.4150390625
7631584,34.11865234375
7631812,56.70166015625
7632058,33.0810546875
7632788,38.75732421875
7634143,35.64453125
7637572,34.7900390625
7652317,35.64453125
7652346,50.47607421875
7652386,36.865234375
7652403,51.26953125
7652429,47.79052734375
7652457,46.7529296875
7652468,32.28759765625
7652510,50.6591796875
7652521,131.65283203125
7652545,65.36865234375
7652567,59.50927734375
7652579,166.015625
7652609,204.04052734375
7652636,84.228515625
7652655,122.74169921875
7652677,119.44580078125
7652692,74.21875
7652708,134.765625
7652723,64.88037109375
7652748,80.810546875
7652766,83.80126953125
7652790,50.84228515625
7652803,62.8662109375
7652815,77.81982421875
7652827,81.787109375
7652852,63.3544921875
7652879,73.2421875
7652902,60.05859375
7652937,71.10595703125
7652961,38.0859375
7652986,34.423828125
7653020,65.185546875
7653039,60.36376953125
7653055,38.63525390625
7653073,46.9970703125
7653085,63.4765625
7653122,69.03076171875
7653144,45.34912109375
7653162,52.1240234375
7653187,42.1142578125
7653201,106.4453125
7653218,50.4150390625
7653244,69.4580078125
7653257,49.01123046875
7653284,77.2705078125
7653323,54.931640625
7653355,79.9560546875
7653365,54.3212890625
7653389,52.24609375
7653417,55.7861328125
7653435,35.15625
7653457,69.27490234375
7653478,50.78125
7653508,50.6591796875
7653523,46.9970703125
7653541,48.27880859375
7653555,34.3017578125
7653587,58.53271484375
7653605,39.9169921875
7653619,34.72900390625
7653647,44.3115234375
7653663,38.87939453125
7653695,46.9970703125
7653710,33.0810546875
7653739,50.35400390625
7653755,33.935546875
7653796,37.65869140625
7653811,48.33984375
7653861,61.82861328125
7653878,33.38623046875
7653921,34.11865234375
7653996,40.46630859375
7654045,37.53662109375
7654082,41.32080078125
7654099,34.0576171875
7654137,44.189453125
7654163,36.80419921875
7654199,41.56494140625
7654238,40.46630859375
7654306,39.55078125
7654320,34.11865234375
7654362,33.99658203125
7654399,32.77587890625
7654420,36.92626953125
7654501,38.87939453125
7654529,41.748046875
7654569,41.6259765625
7654617,41.32080078125
7654763,45.7763671875
7654832,44.7998046875
7654906,47.607421875
7655013,50.048828125
7655167,50.6591796875
7655326,36.2548828125
7655421,45.22705078125
7655772,54.62646484375
7655782,39.55078125
7670235,34.0576171875
7670283,32.65380859375
7670310,36.56005859375
7670343,32.40966796875
7670364,36.31591796875
7670391,38.9404296875
7670412,35.21728515625
7670431,36.56005859375
7670454,71.2890625
7670468,57.861328125
7670500,86.24267578125
7670512,98.32763671875
7670532,170.59326171875
7670547,71.1669921875
7670567,163.39111328125
7670585,127.685546875
7670595,119.62890625
7670623,74.0966796875
7670643,75.50048828125
7670659,81.1767578125
7670686,85.693359375
7670722,81.4208984375
7670738,81.9091796875
7670776,146.30126953125
7670800,83.984375
7670817,64.3310546875
7670850,54.50439453125
7670872,57.06787109375
7670886,45.59326171875
7670919,49.25537109375
7670934,48.52294921875
7670952,63.78173828125
7670969,44.73876953125
7670989,66.40625
7671011,34.24072265625
7671038,73.18115234375
7671058,52.06298828125
7671079,57.80029296875
7671095,33.5693359375
7671117,39.1845703125
7671131,35.33935546875
7671155,49.86572265625
7671171,60.97412109375
7671185,33.99658203125
7671218,38.87939453125
7671231,41.68701171875
7671266,55.72509765625
7671285,49.62158203125
7671296,34.0576171875
7671326,79.28466796875
7671347,59.4482421875
7671358,50.4150390625
7671382,47.4853515625
7671402,56.396484375
7671425,58.53271484375
7671437,44.3115234375
7671459,40.46630859375
7671472,35.46142578125
7671483,32.470703125
7671512,38.4521484375
7671534,40.1611328125
7671552,41.748046875
7671573,34.11865234375
7671605,39.61181640625
7671615,65.24658203125
7671629,36.7431640625
7671665,37.90283203125
7671701,84.65576171875
7671749,38.02490234375
7671759,39.1845703125
7671792,48.88916015625
7671812,32.8369140625
7671876,34.423828125
7671939,43.212890625
7671990,35.2783203125
7672063,41.68701171875
7672101,37.90283203125
7672181,44.25048828125
7672285,33.935546875
7672297,47.66845703125
7672410,47.18017578125
7672527,44.98291015625
7672795,54.99267578125
7672941,49.01123046875
7673151,33.8134765625
7673570,54.6875
7673696,38.2080078125
7674639,34.36279296875
7681057,37.53662109375
7686355,40.34423828125
7686405,37.17041015625
7686424,53.955078125
7686439,63.232421875
7686471,47.9736328125
7686498,104.55322265625
7686517,201.84326171875
7686535,67.3828125
7686551,152.099609375
7686570,64.51416015625
7686586,120.2392578125
7686597,182.9833984375
7686627,103.57666015625
7686659,68.05419921875
7686681,58.41064453125
7686700,76.35498046875
7686728,73.05908203125
7686741,59.63134765625
7686779,45.59326171875
7686792,99.91455078125
7686825,65.7958984375
7686839,50.10986328125
7686854,33.69140625
7686865,34.423828125
7686877,74.5849609375
7686896,60.791015625
7686908,56.09130859375
7686938,58.9599609375
7686952,59.26513671875
7686971,32.8369140625
7686999,61.46240234375
7687010,40.6494140625
7687036,54.3212890625
7687053,32.53173828125
7687086,66.22314453125
7687100,52.91748046875
7687127,44.49462890625
7687155,58.4716796875
7687165,45.166015625
7687201,32.89794921875
7687231,49.49951171875
7687251,61.279296875
7687267,33.447265625
7687306,46.32568359375
7687319,90.8203125
7687337,34.72900390625
7687362,37.78076171875
7687386,63.1103515625
7687421,33.02001953125
7687436,65.91796875
7687478,32.71484375
7687504,44.00634765625
7687523,36.1328125
7687555,33.87451171875
7687587,38.51318359375
7687600,61.03515625
7687629,32.65380859375
7687659,46.38671875
7687701,36.9873046875
7687728,44.677734375
7687810,51.26953125
7687842,33.87451171875
7687953,33.50830078125
7687986,48.27880859375
7688109,40.771484375
7688255,54.19921875
7688346,40.0390625
7688410,41.015625
7688565,47.9736328125
7688704,41.748046875
7688736,55.96923828125
7688749,33.5693359375
7689103,35.2783203125
7689291,36.43798828125
7689477,36.7431640625
7690070,34.60693359375
7690548,44.7998046875
7690799,46.38671875
7700261,36.0107421875
7700385,76.2939453125
7700412,48.2177734375
7700444,47.18017578125
7700476,45.47119140625
7700502,113.46435546875
7700517,124.0234375
7700536,155.70068359375
7700555,75.74462890625
7700581,107.23876953125
7700609,148.4375
7700622,77.33154296875
7700650,101.6845703125
7700660,129.2724609375
7700677,38.63525390625
7700693,52.67333984375
7700717,95.64208984375
7700727,61.95068359375
7700739,130.06591796875
7700772,75.8056640625
7700797,66.650390625
7700813,75.8056640625
7700827,59.6923828125
7700847,57.43408203125
7700860,85.87646484375
7700895,50.4150390625
7700915,87.09716796875
7700930,35.94970703125
7700946,51.26953125
7700971,59.50927734375
7700995,67.32177734375
7701029,34.72900390625
7701045,77.880859375
7701057,66.10107421875
7701071,49.25537109375
7701104,42.78564453125
7701116,47.54638671875
7701143,49.49951171875
7701169,52.490234375
7701184,34.36279296875
7701210,57.31201171875
7701234,43.5791015625
7701273,33.935546875
7701284,51.6357421875
7701313,49.9267578125
7701339,53.7109375
7701360,35.400390625
7701423,36.0107421875
7701434,50.96435546875
7701482,46.38671875
7701502,42.724609375
7701569,45.83740234375
7701590,36.68212890625
7701749,37.353515625
7701765,42.41943359375
7701871,42.724609375
7701924,74.15771484375
7701990,35.46142578125
7702269,43.27392578125
7702419,52.42919921875
7702436,37.9638671875
7703997,32.65380859375
7715135,36.31591796875
7715172,48.7060546875
7715200,48.583984375
7715221,43.45703125
7715249,46.38671875
7715259,61.4013671875
7715282,122.98583984375
7715303,95.21484375
7715326,55.7861328125
7715336,32.65380859375
7715347,221.0693359375
7715368,88.43994140625
7715394,90.39306640625
7715422,85.02197265625
7715444,125.8544921875
7715470,113.58642578125
7715480,128.0517578125
7715510,91.12548828125
7715533,56.94580078125
7715550,58.9599609375
7715574,77.33154296875
7715593,51.025390625
7715616,94.8486328125
7715634,35.888671875
7715666,81.9091796875
7715680,64.02587890625
7715700,71.71630859375
7715726,76.5380859375
7715742,42.90771484375
7715775,86.24267578125
7715805,38.818359375
7715816,33.0810546875
7715835,53.03955078125
7715856,53.7109375
7715874,42.05322265625
7715910,42.96875
7715920,38.39111328125
7715959,55.48095703125
7715980,47.91259765625
7716002,58.41064453125
7716035,40.46630859375
7716056,72.6318359375
7716067,38.330078125
7716086,35.0341796875
7716122,59.08203125
7716139,34.60693359375
7716186,52.001953125
7716231,46.9970703125
7716293,46.875
7716318,38.330078125
7716367,38.63525390625
7716444,51.57470703125
7716510,36.07177734375
7716550,36.62109375
7716654,46.38671875
7716791,32.470703125
7716963,62.744140625
7717121,39.794921875
7717507,37.65869140625
7733378,33.0810546875
7733451,39.794921875
7733663,35.09521484375
7733697,37.41455078125
7733765,32.470703125
7733785,47.607421875
7733798,80.9326171875
7733813,54.50439453125
7733840,33.3251953125
7733868,120.42236328125
7733896,102.84423828125
7733914,111.4501953125
7733927,105.65185546875
7733942,146.1181640625
7733970,84.228515625
7733984,46.0205078125
7734001,210.44921875
7734022,88.43994140625
7734050,74.27978515625
7734066,117.98095703125
7734090,192.19970703125
7734108,57.18994140625
7734118,52.1240234375
7734151,108.2763671875
7734176,121.4599609375
7734204,69.7021484375
7734233,85.8154296875
7734245,42.05322265625
7734268,104.4921875
7734299,80.62744140625
7734318,93.26171875
7734346,86.85302734375
7734356,36.865234375
7734375,76.0498046875
7734401,34.60693359375
7734411,60.1806640625
7734429,35.2783203125
7734442,46.630859375
7734470,47.119140625
7734486,117.7978515625
7734513,59.4482421875
7734551,38.51318359375
7734587,53.89404296875
7734624,41.3818359375
7734650,50.537109375
7734699,39.61181640625
7734732,65.85693359375
7734795,43.39599609375
7734874,34.3017578125
7734888,68.2373046875
7735023,45.83740234375
7735040,61.70654296875
7735286,73.486328125
7735326,33.02001953125
7735819,41.32080078125
7764897,34.85107421875
7765097,37.65869140625
7765128,36.2548828125
7765151,32.3486328125
7765163,51.26953125
7765195,34.97314453125
7765218,142.51708984375
7765234,54.26025390625
7765257,154.47998046875
7765290,75.8056640625
7765313,145.5078125
7765327,105.40771484375
7765356,186.21826171875
7765387,88.8671875
7765403,95.458984375
7765416,81.60400390625
7765428,64.3310546875
7765445,152.2216796875
7765455,165.6494140625
7765483,95.64208984375
7765494,60.1806640625
7765520,109.31396484375
7765541,152.77099609375
7765555,113.6474609375
7765584,76.0498046875
7765606,40.22216796875
7765634,105.16357421875
7765650,51.8798828125
7765681,115.17333984375
7765693,65.85693359375
7765706,92.59033203125
7765745,96.923828125
7765765,52.06298828125
7765789,77.5146484375
7765803,38.75732421875
7765830,60.36376953125
7765852,40.71044921875
7765874,65.97900390625
7765893,68.05419921875
7765905,58.10546875
7765930,65.91796875
7765980,33.99658203125
7765996,43.88427734375
7766016,91.6748046875
7766032,59.814453125
7766110,77.5146484375
7766151,33.935546875
7766205,39.6728515625
7766222,50.9033203125
7766235,32.65380859375
7766263,36.4990234375
7766330,62.31689453125
7766424,58.7158203125
7766805,42.48046875
7767584,33.14208984375
