11999000,0
3827,32.04345703125
13671,32.3486328125
26702,31.982421875
37857,34.5458984375
100339,33.447265625
108647,36.07177734375
118019,34.1796875
125094,36.68212890625
149773,38.2080078125
181316,33.203125
191019,31.982421875
207391,31.92138671875
219056,36.43798828125
235844,35.33935546875
251676,32.77587890625
294105,37.90283203125
310322,39.24560546875
323287,31.8603515625
336757,33.0810546875
342831,38.330078125
360291,33.87451171875
366986,37.04833984375
387095,32.53173828125
394602,32.16552734375
418452,32.53173828125
429040,32.2265625
439481,31.8603515625
449977,34.97314453125
460125,31.67724609375
472662,34.5458984375
477878,32.71484375
494423,34.7900390625
505150,34.97314453125
526854,38.75732421875
552064,31.73828125
563899,37.04833984375
608764,35.70556640625
630507,38.87939453125
638030,31.73828125
646496,33.63037109375
668983,33.50830078125
683494,32.71484375
698778,36.68212890625
709172,34.97314453125
728659,32.470703125
742548,35.400390625
755878,34.72900390625
780539,34.60693359375
790448,31.67724609375
797618,36.07177734375
821992,33.63037109375
836273,32.65380859375
841232,32.8369140625
853468,38.39111328125
861738,32.89794921875
866950,33.02001953125
875872,32.8369140625
885106,34.423828125
892341,34.3017578125
916392,33.14208984375
918706,35.94970703125
946396,32.1044921875
963147,34.85107421875
978647,32.28759765625
1001798,31.8603515625
1011076,32.8369140625
1020532,39.1845703125
1027515,32.470703125
1058264,32.1044921875
1069226,39.12353515625
1076013,31.73828125
1099947,34.5458984375
1121886,32.40966796875
1142035,32.71484375
1160079,33.203125
1177193,35.33935546875
1181656,33.99658203125
1204832,34.912109375
1223602,32.28759765625
1233686,31.8603515625
1246268,31.67724609375
1280147,32.71484375
1284654,33.5693359375
1291957,37.29248046875
1320442,33.87451171875
1343009,32.2265625
1357955,38.63525390625
1370401,36.0107421875
1383742,32.89794921875
1394015,31.982421875
1419966,32.40966796875
1431488,34.36279296875
1448169,33.935546875
1461730,33.5693359375
1483365,35.888671875
1497802,32.2265625
1510486,33.26416015625
1524389,36.0107421875
1525711,33.63037109375
1567802,35.33935546875
1572174,33.203125
1588791,32.28759765625
1596839,32.8369140625
1600946,33.14208984375
1601505,35.58349609375
1601917,31.67724609375
1604017,32.53173828125
1633149,35.09521484375
1643178,33.38623046875
1656531,36.9873046875
1668569,32.2265625
1698863,33.0810546875
1713715,36.92626953125
1730949,35.58349609375
1787606,32.65380859375
1805570,35.5224609375
1815761,31.79931640625
1828038,39.12353515625
1834201,35.400390625
1850098,42.48046875
1856203,33.3251953125
1878228,36.376953125
1889607,33.447265625
1911206,36.865234375
1947605,33.26416015625
1963354,34.11865234375
1977350,33.203125
1997599,36.0107421875
1999042,35.46142578125
2023771,34.36279296875
2093830,33.02001953125
2129587,33.447265625
2143303,38.87939453125
2163254,33.935546875
2170479,32.77587890625
2182441,31.67724609375
2199238,37.29248046875
2208579,37.17041015625
2221702,34.60693359375
2232207,32.04345703125
2242121,39.73388671875
2284893,32.71484375
2311334,36.19384765625
2324013,33.87451171875
2347204,34.912109375
2369811,32.77587890625
2396728,38.818359375
2449424,35.70556640625
2479438,33.5693359375
2501574,35.21728515625
2526837,34.72900390625
2549661,35.09521484375
2564633,32.470703125
2656142,37.53662109375
2660874,34.48486328125
2678777,32.3486328125
2702966,34.66796875
2722278,33.0810546875
2776808,32.65380859375
2809172,33.50830078125
2829378,38.0859375
2840839,35.400390625
2871066,35.94970703125
2886242,38.0859375
2895261,34.66796875
2926758,37.90283203125
2944921,35.888671875
2967261,35.70556640625
2970496,31.67724609375
2982663,32.5927734375
3010694,38.14697265625
3047831,34.1796875
3068505,35.888671875
3102410,35.70556640625
3129221,37.2314453125
3130640,42.29736328125
3151850,40.46630859375
3152257,34.11865234375
3152554,34.5458984375
3153091,32.2265625
3182224,34.36279296875
3182536,31.982421875
3182858,31.8603515625
3184325,32.8369140625
3247613,32.53173828125
3248164,32.77587890625
3299753,34.1796875
3300780,31.8603515625
3552038,31.67724609375
3609655,31.92138671875
3626548,33.26416015625
3658067,35.09521484375
3680166,38.0859375
3708140,33.26416015625
3787996,33.63037109375
3837399,40.283203125
3852137,43.45703125
3877408,35.58349609375
3887381,34.912109375
3962380,37.78076171875
3976435,31.92138671875
4020771,38.02490234375
4062335,31.67724609375
4063200,36.9873046875
4063475,34.48486328125
4063658,33.87451171875
4083867,41.8701171875
4098354,32.71484375
4099178,36.2548828125
4099478,32.16552734375
4099951,32.3486328125
4129134,36.62109375
4130012,32.77587890625
4130292,33.447265625
4297530,41.68701171875
4321337,35.70556640625
4348628,36.62109375
4395483,36.56005859375
4429352,34.1796875
4447977,33.26416015625
4557493,32.470703125
4562538,34.912109375
4563650,37.7197265625
4564256,38.14697265625
4564734,32.5927734375
4564977,35.33935546875
4584140,39.6728515625
4584845,33.447265625
4585141,35.5224609375
4585438,32.2265625
4585741,33.935546875
4587329,39.48974609375
4617721,34.97314453125
4618181,31.67724609375
4644652,34.11865234375
4645544,34.423828125
4646076,32.8369140625
4646494,32.5927734375
4697497,32.04345703125
4698330,37.90283203125
4698827,31.982421875
4699099,37.4755859375
4747637,32.5927734375
4821845,34.0576171875
4850088,33.5693359375
4869012,41.6259765625
4932770,36.9873046875
5034448,34.72900390625
5037146,37.841796875
5054975,32.2265625
5069002,36.865234375
5122811,36.80419921875
5146763,33.203125
5147921,36.62109375
5148313,35.21728515625
5148625,33.447265625
5179918,33.26416015625
5181220,38.0859375
5181535,32.53173828125
5181724,34.3017578125
5213324,40.0390625
5213825,34.3017578125
5214180,34.0576171875
5215197,31.8603515625
5215783,34.85107421875
5254063,32.77587890625
5257149,36.07177734375
5257778,46.20361328125
5258094,32.71484375
5258375,36.4990234375
5300724,39.00146484375
5397329,33.99658203125
5489124,33.99658203125
5511459,35.2783203125
5512965,34.0576171875
5542708,32.16552734375
5544275,34.1796875
5545907,41.93115234375
5601733,33.203125
5633186,38.75732421875
5659180,36.1328125
5702868,41.1376953125
5705674,36.2548828125
5707649,37.90283203125
5708111,37.04833984375
5708411,33.99658203125
5764110,32.3486328125
5764400,35.09521484375
5764622,32.77587890625
5803723,32.8369140625
5804127,33.447265625
5804636,32.28759765625
5805013,31.73828125
5832946,39.36767578125
5833708,35.09521484375
5834594,32.8369140625
5860460,33.0810546875
5862738,36.4990234375
5863396,38.330078125
5863758,33.38623046875
5864048,33.447265625
5891357,33.935546875
5932298,32.53173828125
5933569,33.3251953125
5962788,35.33935546875
5963560,34.1796875
5963862,32.28759765625
6000277,32.8369140625
6000787,37.17041015625
6001077,33.87451171875
6047604,34.0576171875
6048245,34.97314453125
6048495,37.2314453125
6086370,40.83251953125
6086769,34.66796875
6087104,33.203125
6087838,31.67724609375
6123592,31.73828125
6123920,38.6962890625
6124183,31.8603515625
6175790,35.46142578125
6176193,43.88427734375
6176431,31.67724609375
6178581,32.16552734375
6241212,39.0625
6241541,36.0107421875
6242449,32.16552734375
6297232,32.77587890625
6298774,36.0107421875
6299125,34.60693359375
6299366,31.982421875
6354881,34.3017578125
6374944,41.1376953125
6428408,33.14208984375
6429146,36.7431640625
6429647,38.330078125
6429960,32.53173828125
6430187,33.0810546875
6475298,32.40966796875
6475607,36.80419921875
6516560,33.50830078125
6529491,34.3017578125
6530057,35.2783203125
6532042,35.94970703125
6563324,36.56005859375
6577628,31.982421875
6578045,31.67724609375
6578309,33.63037109375
6578854,31.67724609375
6579062,34.423828125
6603641,39.24560546875
6604670,35.58349609375
6605441,32.5927734375
6649066,35.33935546875
6658820,33.50830078125
6659160,33.26416015625
6659418,33.8134765625
6660202,31.73828125
6683331,37.04833984375
6684181,43.701171875
6684665,34.85107421875
6686850,34.0576171875
6717958,33.87451171875
6718372,32.65380859375
6718608,33.3251953125
6719061,32.71484375
6753781,35.5224609375
6755140,32.16552734375
6755463,31.79931640625
6755830,33.87451171875
6783346,32.2265625
6799006,34.11865234375
6799557,37.9638671875
6799861,32.3486328125
6800121,41.1376953125
6800358,38.0859375
6800616,31.8603515625
6801206,31.67724609375
6830516,34.5458984375
6850847,32.40966796875
6851648,32.16552734375
6852364,36.92626953125
6852589,32.28759765625
6854542,36.07177734375
6896487,32.89794921875
6897550,39.00146484375
6899020,34.60693359375
6899558,31.8603515625
6940885,38.2080078125
6941441,38.2080078125
6941678,36.2548828125
6941906,36.43798828125
6944119,31.67724609375
6976968,43.27392578125
7011403,34.5458984375
7012112,36.7431640625
7012385,38.57421875
7013005,32.470703125
7053311,38.0859375
7054011,35.5224609375
7054375,37.9638671875
7054840,35.46142578125
7056538,35.7666015625
7088841,39.85595703125
7089748,37.04833984375
7089992,34.912109375
7090261,34.5458984375
7090516,32.5927734375
7117718,32.71484375
7128324,36.07177734375
7128937,37.7197265625
7130869,34.3017578125
7156505,33.87451171875
7182350,34.423828125
7185007,33.0810546875
7212978,34.1796875
7214999,35.09521484375
7216088,36.1328125
7216431,36.2548828125
7218612,35.21728515625
7242878,35.94970703125
7244039,34.66796875
7244541,36.19384765625
7245421,35.7666015625
7294035,34.72900390625
7332336,36.19384765625
7333062,32.89794921875
7333340,34.60693359375
7333578,32.71484375
7333813,36.07177734375
7359330,36.31591796875
7359967,33.69140625
7360508,37.841796875
7360784,31.79931640625
7362107,33.8134765625
7362695,36.80419921875
7384508,32.958984375
7400469,37.17041015625
7412878,39.9169921875
7413413,40.22216796875
7413640,35.82763671875
7413912,31.67724609375
7454935,32.77587890625
7455537,32.8369140625
7455902,33.935546875
7456763,34.7900390625
7493659,39.306640625
7494468,33.5693359375
7495019,36.56005859375
7495268,32.53173828125
7496368,34.66796875
7519625,37.41455078125
7532871,36.92626953125
7533309,34.66796875
7533569,34.423828125
7533878,35.46142578125
7560391,32.77587890625
7562040,32.1044921875
7562768,35.21728515625
7563110,33.3251953125
7563631,33.5693359375
7586623,33.69140625
7587817,34.60693359375
7588169,34.66796875
7588840,33.87451171875
7614753,31.73828125
7615467,35.82763671875
7615809,32.71484375
7616690,35.7666015625
7617381,32.958984375
7640772,35.888671875
7659480,32.89794921875
7660019,33.14208984375
7660321,36.62109375
7660605,31.8603515625
7660889,32.04345703125
7661161,36.0107421875
7661841,31.982421875
7663358,32.958984375
7702905,38.6962890625
7704303,37.04833984375
7704919,41.259765625
7705395,31.982421875
7705908,32.04345703125
7754245,35.09521484375
7756021,33.75244140625
7756235,39.6728515625
7785100,35.82763671875
7785806,35.58349609375
7815714,35.94970703125
7817431,31.8603515625
7817747,36.376953125
7842037,39.48974609375
7858630,33.69140625
7859825,36.1328125
7895939,39.1845703125
7896631,37.90283203125
7896886,32.71484375
7897118,33.5693359375
7897371,33.447265625
7946483,35.21728515625
7947854,35.09521484375
7948508,33.75244140625
7950847,32.77587890625
7977359,35.400390625
7978523,31.92138671875
7979089,34.72900390625
7979454,38.4521484375
8013039,33.50830078125
8014114,31.8603515625
8014476,33.3251953125
8014784,33.50830078125
8016842,35.400390625
8050957,35.888671875
8051658,39.6728515625
8052030,33.3251953125
8052241,34.423828125
8052525,32.2265625
8098406,42.48046875
8101388,33.38623046875
8101666,32.89794921875
8101871,32.3486328125
8134210,34.85107421875
8146368,36.07177734375
8167743,34.5458984375
8187186,31.79931640625
8216971,34.24072265625
8217856,32.71484375
8234120,36.9873046875
8267568,38.4521484375
8284030,39.97802734375
8306553,34.24072265625
8315501,36.92626953125
8317892,37.41455078125
8330342,33.203125
8333173,34.66796875
8342441,40.0390625
8352062,32.1044921875
8360189,31.8603515625
8368740,32.71484375
8382741,35.21728515625
8397659,32.53173828125
8408361,40.10009765625
8416508,33.8134765625
8432786,33.87451171875
8438813,33.8134765625
8460079,40.46630859375
8462598,39.24560546875
8477174,41.19873046875
8485449,37.109375
8494810,33.87451171875
8505624,36.68212890625
8509888,32.65380859375
8525311,32.40966796875
8536654,37.353515625
8551904,34.5458984375
8556259,33.8134765625
8565164,34.1796875
8567134,32.04345703125
8580725,33.38623046875
8600261,33.203125
8619037,39.73388671875
8620288,33.50830078125
8620577,33.50830078125
8639226,34.66796875
8641828,31.8603515625
8643360,32.16552734375
8643660,37.2314453125
8644626,32.5927734375
8645085,32.16552734375
8663741,31.982421875
8666114,34.7900390625
8666461,33.75244140625
8667092,31.92138671875
8667879,35.5224609375
8668454,31.8603515625
8695176,39.55078125
8696243,32.1044921875
8698800,31.67724609375
8723936,36.9873046875
8724479,35.09521484375
8753555,35.70556640625
8753903,32.89794921875
8754155,32.16552734375
8754434,33.63037109375
8778530,32.04345703125
8780243,36.56005859375
8780561,32.3486328125
8780816,34.24072265625
8808543,32.958984375
8809044,32.1044921875
8833427,34.36279296875
8834352,34.0576171875
8834822,33.50830078125
8835101,33.5693359375
8835998,33.14208984375
8866920,32.28759765625
8867803,32.71484375
8868219,38.4521484375
8904470,38.02490234375
8904910,34.36279296875
8905200,34.66796875
8905429,36.07177734375
8905681,33.935546875
8941757,31.8603515625
8942269,33.8134765625
8942731,34.11865234375
8943025,32.53173828125
8971201,35.33935546875
8971865,33.02001953125
8972168,36.7431640625
8972428,32.89794921875
8973272,31.73828125
8974458,32.89794921875
8997209,32.53173828125
9014432,36.07177734375
9014689,32.77587890625
9015178,31.79931640625
9016949,34.3017578125
9051012,36.9873046875
9099145,37.7197265625
9115321,34.60693359375
9133826,35.400390625
9144814,34.60693359375
9159240,38.26904296875
9165017,51.513671875
9167111,38.6962890625
9179399,36.865234375
9196106,35.15625
9224314,33.50830078125
9241592,33.0810546875
9258050,34.0576171875
9267636,36.68212890625
9282914,34.912109375
9310118,32.8369140625
9320244,34.24072265625
9324457,31.982421875
9330648,33.99658203125
9337088,35.94970703125
9340602,32.8369140625
9359205,32.89794921875
9367272,31.92138671875
9373041,35.46142578125
9394331,32.89794921875
9406406,34.72900390625
9410471,36.80419921875
9418680,32.16552734375
9423038,33.935546875
9433421,39.306640625
9439416,37.17041015625
9448402,38.51318359375
9451211,32.04345703125
9465872,34.7900390625
9470889,32.5927734375
9479501,31.73828125
9483854,36.4990234375
9486113,35.46142578125
9497822,35.33935546875
9517203,33.203125
9523873,36.4990234375
9533729,31.67724609375
9539446,32.8369140625
9548766,35.0341796875
9556907,39.61181640625
9562304,33.0810546875
9573775,32.71484375
9575849,32.89794921875
9590082,32.958984375
9595247,35.70556640625
9605064,37.90283203125
9609580,35.0341796875
9618666,33.447265625
9622743,33.02001953125
9627430,34.1796875
9630344,36.376953125
9630793,41.9921875
9633619,34.0576171875
9650795,31.92138671875
9655582,31.92138671875
9658837,32.53173828125
9659294,33.5693359375
9659628,32.28759765625
9688836,33.447265625
9689894,36.43798828125
9690241,32.958984375
9690536,32.77587890625
9711383,37.4755859375
9721259,32.470703125
9721799,32.470703125
9747881,34.24072265625
9750434,33.69140625
9750848,34.48486328125
9751667,33.87451171875
9753360,32.958984375
9771351,36.62109375
9783515,35.46142578125
9813170,33.5693359375
9819915,34.60693359375
9820550,33.0810546875
9823253,33.26416015625
9858659,32.04345703125
9860778,36.2548828125
9862113,33.87451171875
9862403,35.64453125
9863870,31.92138671875
9902404,36.1328125
9908838,33.0810546875
9910645,42.3583984375
9927055,33.69140625
9960750,32.3486328125
9989367,32.53173828125
9997593,34.72900390625
10010194,38.330078125
10030998,32.16552734375
10038452,35.64453125
10070589,36.80419921875
10076209,34.912109375
10083090,43.3349609375
10097398,33.87451171875
10143323,34.7900390625
10145525,32.77587890625
10160075,32.16552734375
10162860,31.67724609375
10181106,37.353515625
10195672,42.236328125
10217907,34.24072265625
10220936,35.0341796875
10232549,37.53662109375
10244131,32.3486328125
10265527,32.16552734375
10278282,33.87451171875
10290735,33.50830078125
10293643,35.09521484375
10301515,36.92626953125
10310490,36.43798828125
10314983,32.89794921875
10317455,39.4287109375
10327637,31.92138671875
10332808,37.841796875
10341945,36.62109375
10346277,37.59765625
10369884,33.69140625
10394596,33.99658203125
10403637,32.5927734375
10410307,34.48486328125
10419742,31.79931640625
10426538,31.79931640625
10428630,36.68212890625
10440322,36.9873046875
10446338,31.79931640625
10452240,34.72900390625
10462609,34.48486328125
10467763,32.958984375
10474058,40.1611328125
10478141,32.65380859375
10479969,34.912109375
10480310,39.9169921875
10480566,31.73828125
10503578,33.5693359375
10505349,32.28759765625
10505686,36.68212890625
10527312,34.1796875
10531430,33.0810546875
10533103,32.3486328125
10552623,36.0107421875
10566284,33.3251953125
10566702,32.28759765625
10566992,32.2265625
10589222,31.73828125
10597316,35.64453125
10597733,35.82763671875
10620157,32.28759765625
10621723,38.39111328125
10622669,34.66796875
10647790,32.89794921875
10651887,34.11865234375
10659174,32.65380859375
10661437,38.6962890625
10662589,31.92138671875
10663248,32.89794921875
10697737,32.3486328125
10713694,37.29248046875
10716017,33.5693359375
10716635,31.92138671875
10716839,33.5693359375
10739379,32.2265625
10748802,36.56005859375
10750031,33.14208984375
10788062,32.77587890625
10789009,32.8369140625
10824989,32.2265625
10838403,32.28759765625
10839663,32.16552734375
10840100,32.04345703125
10840323,32.71484375
10881513,36.0107421875
10883750,36.19384765625
10902838,41.1376953125
10966756,33.203125
11002983,39.12353515625
11029594,37.29248046875
11043699,31.67724609375
11056902,34.48486328125
11064574,33.02001953125
11083956,39.9169921875
11114502,32.28759765625
11132284,34.24072265625
11153726,33.38623046875
11169678,32.2265625
11175541,33.87451171875
11190325,34.36279296875
11197596,34.3017578125
11217130,37.53662109375
11222673,34.24072265625
11232424,37.04833984375
11237286,34.66796875
11245072,35.15625
11258856,34.3017578125
11286394,36.865234375
11298127,32.2265625
11311281,34.1796875
11328793,34.85107421875
11345012,33.38623046875
11359663,40.58837890625
11367915,37.9638671875
11372674,34.3017578125
11377054,36.19384765625
11380865,32.3486328125
11397914,42.1142578125
11411168,35.21728515625
11421174,35.400390625
11432879,34.72900390625
11437422,31.92138671875
11442855,36.9873046875
11450107,32.71484375
11454060,37.78076171875
11457331,32.40966796875
11463838,37.29248046875
11470721,39.61181640625
11478907,33.5693359375
11489673,33.0810546875
11495103,34.11865234375
11502364,34.912109375
11512384,32.28759765625
11528607,32.04345703125
11540162,32.2265625
11545807,32.958984375
11553555,39.55078125
11556976,39.61181640625
11569562,37.90283203125
11579355,31.67724609375
11596109,32.28759765625
11603511,34.24072265625
11608964,32.1044921875
11611126,31.8603515625
11620677,38.330078125
11628387,33.75244140625
11635835,33.63037109375
11640995,33.50830078125
11644512,35.82763671875
11663181,33.69140625
11667234,34.0576171875
11680820,32.04345703125
11681343,33.75244140625
11692115,32.958984375
11708074,32.5927734375
11713377,32.3486328125
11714431,33.87451171875
11715716,38.2080078125
11716378,33.203125
11738744,32.77587890625
11741320,37.41455078125
11741724,33.5693359375
11741972,33.87451171875
11744861,32.8369140625
11771292,31.982421875
11771670,38.63525390625
11798463,35.2783203125
11810591,35.400390625
11810902,46.2646484375
11811145,31.79931640625
11840829,31.73828125
11877595,40.95458984375
11895580,31.92138671875
11912211,33.02001953125
11945636,39.0625
11992980,39.73388671875
