11999000,0
3287,35.5224609375
3307,33.14208984375
14836,40.10009765625
23921,34.5458984375
24804,41.80908203125
24953,32.71484375
25512,36.31591796875
36894,36.376953125
46187,43.45703125
50742,37.78076171875
52600,35.82763671875
63871,35.33935546875
65495,31.982421875
78482,33.02001953125
78521,39.85595703125
79178,36.1328125
80589,32.53173828125
96757,34.3017578125
98076,39.4287109375
105918,34.85107421875
107626,37.53662109375
109440,34.11865234375
118583,41.19873046875
124456,35.21728515625
140457,35.2783203125
148298,42.54150390625
151220,41.19873046875
152223,35.33935546875
157694,34.97314453125
161338,32.470703125
167208,33.3251953125
181144,37.109375
185974,44.3115234375
189806,31.982421875
201301,37.78076171875
203483,42.17529296875
212172,33.203125
214232,44.00634765625
222509,35.0341796875
224124,44.43359375
227662,37.90283203125
237330,31.982421875
249454,35.70556640625
252248,44.43359375
257642,46.44775390625
260223,35.21728515625
273051,36.1328125
276885,46.2646484375
277497,33.26416015625
277730,32.71484375
286830,36.19384765625
288111,38.26904296875
299671,35.400390625
304136,36.62109375
319632,37.78076171875
321127,41.50390625
328407,38.2080078125
334715,40.83251953125
345402,43.27392578125
351929,35.94970703125
352049,41.44287109375
353221,33.8134765625
360558,38.14697265625
369124,34.72900390625
373330,32.65380859375
376563,37.7197265625
378400,43.3349609375
382849,45.41015625
391306,33.935546875
399356,35.0341796875
407735,36.865234375
423308,36.19384765625
425542,33.69140625
427270,36.62109375
443057,35.33935546875
446380,40.46630859375
446665,37.4755859375
447561,33.69140625
458679,33.26416015625
464995,38.2080078125
473635,36.4990234375
474990,39.73388671875
481687,41.93115234375
484443,39.36767578125
492718,32.3486328125
498807,34.72900390625
508336,34.97314453125
513405,37.841796875
523924,37.17041015625
532021,35.94970703125
532580,38.57421875
536201,34.85107421875
554173,42.54150390625
555731,44.00634765625
568680,39.1845703125
580836,43.3349609375
581169,33.99658203125
581725,35.15625
582339,37.109375
591580,51.33056640625
594379,38.51318359375
602646,40.0390625
604649,36.7431640625
605933,39.61181640625
624686,37.9638671875
626730,45.2880859375
627239,42.05322265625
636612,39.4287109375
639799,33.14208984375
649431,36.865234375
650719,44.677734375
651170,40.0390625
653090,36.68212890625
670290,39.48974609375
680388,34.97314453125
694731,36.68212890625
696605,34.36279296875
698712,42.1142578125
699063,44.189453125
715966,42.3583984375
718192,35.70556640625
731553,36.0107421875
736655,33.203125
739531,32.16552734375
755690,36.1328125
764998,36.0107421875
767282,39.85595703125
770693,33.38623046875
779054,35.64453125
781170,36.2548828125
787097,46.142578125
787436,42.05322265625
788944,34.912109375
797309,39.61181640625
798416,35.33935546875
799953,35.64453125
811259,35.70556640625
823796,34.36279296875
829469,35.46142578125
831615,34.0576171875
842122,34.1796875
865937,40.58837890625
875352,39.306640625
881816,35.888671875
891078,37.7197265625
894821,36.4990234375
902421,40.95458984375
908711,37.353515625
922025,37.841796875
928339,36.7431640625
939369,40.52734375
944636,42.29736328125
946923,44.37255859375
947384,38.818359375
948154,33.63037109375
984270,35.21728515625
986405,39.0625
1001807,37.9638671875
1012058,36.1328125
1028632,39.85595703125
1035691,38.26904296875
1039837,31.982421875
1047254,37.41455078125
1059746,35.46142578125
1067434,39.0625
1071087,41.259765625
1081057,38.57421875
1087346,49.49951171875
1087957,44.25048828125
1089355,39.1845703125
1098178,39.24560546875
1104683,33.50830078125
1116868,33.02001953125
1118040,41.44287109375
1124672,36.80419921875
1133431,37.109375
1140245,35.21728515625
1150918,38.57421875
1152725,37.53662109375
1160054,35.0341796875
1175160,40.46630859375
1179979,41.1376953125
1184597,48.2177734375
1185153,47.30224609375
1185229,36.56005859375
1190502,48.2177734375
1203471,34.5458984375
1215302,33.8134765625
1224247,37.2314453125
1230894,42.54150390625
1235153,35.94970703125
1236766,46.32568359375
1237185,44.0673828125
1237677,35.400390625
1237863,37.7197265625
1250516,32.2265625
1260984,38.39111328125
1263442,33.63037109375
1268013,37.41455078125
1270893,42.3583984375
1289891,54.87060546875
1290145,37.90283203125
1290317,50.537109375
1290727,39.24560546875
1295419,38.4521484375
1300372,36.4990234375
1303108,33.26416015625
1314710,51.025390625
1315178,48.4619140625
1323776,35.0341796875
1327182,32.958984375
1338977,33.935546875
1342338,40.10009765625
1355481,32.1044921875
1357466,42.78564453125
1358072,38.6962890625
1359771,33.87451171875
1370498,34.36279296875
1379295,40.10009765625
1385946,32.28759765625
1393820,34.60693359375
1395653,43.3349609375
1401626,53.3447265625
1401952,38.75732421875
1419704,34.72900390625
1423593,41.259765625
1434106,39.794921875
1444068,33.69140625
1447613,35.0341796875
1447748,56.21337890625
1448830,49.072265625
1449425,38.51318359375
1452903,34.66796875
1467597,41.8701171875
1481168,38.6962890625
1487866,33.38623046875
1488871,48.03466796875
1488921,38.51318359375
1489167,43.45703125
1505572,33.99658203125
1508066,40.58837890625
1518414,38.330078125
1525784,56.70166015625
1525886,36.1328125
1526099,40.46630859375
1526176,36.56005859375
1526383,36.07177734375
1526466,37.109375
1526695,32.89794921875
1526747,34.24072265625
1527002,32.28759765625
1527069,35.82763671875
1527488,34.3017578125
1527903,33.203125
1528422,35.400390625
1550707,36.68212890625
1554087,33.26416015625
1562352,33.8134765625
1569992,42.05322265625
1574183,35.33935546875
1584501,44.0673828125
1584575,41.9921875
1584935,39.00146484375
1585533,35.70556640625
1586145,32.3486328125
1598739,36.19384765625
1601320,34.7900390625
1601822,47.66845703125
1601919,36.0107421875
1602201,36.92626953125
1602339,33.14208984375
1602585,42.54150390625
1602859,37.7197265625
1603001,35.0341796875
1603270,36.92626953125
1617499,48.2177734375
1630782,36.19384765625
1635216,37.2314453125
1641344,38.39111328125
1648686,53.40576171875
1649033,37.04833984375
1649781,46.0205078125
1649955,37.78076171875
1662112,35.46142578125
1667993,32.958984375
1682967,45.2880859375
1686130,41.6259765625
1695637,34.72900390625
1702539,36.92626953125
1714834,35.58349609375
1717996,56.57958984375
1718467,46.5087890625
1718862,34.72900390625
1720419,31.982421875
1737882,44.98291015625
1754748,40.6494140625
1756576,50.537109375
1769732,33.63037109375
1770613,40.52734375
1772714,47.8515625
1773097,46.32568359375
1773602,35.5224609375
1789931,42.3583984375
1798024,38.63525390625
1807103,50.23193359375
1807166,34.7900390625
1808155,46.875
1814607,41.3818359375
1823464,36.865234375
1825672,34.85107421875
1845702,42.54150390625
1854222,36.19384765625
1865029,42.48046875
1870365,39.4287109375
1879663,36.92626953125
1887919,37.9638671875
1893103,32.3486328125
1900853,36.4990234375
1915451,49.98779296875
1916033,40.6494140625
1916779,41.6259765625
1917096,32.77587890625
1929829,35.64453125
1950577,32.2265625
1953218,41.1376953125
1961145,42.236328125
1963117,51.57470703125
1963723,45.83740234375
1965272,39.306640625
1969455,34.66796875
1972443,33.935546875
1984191,39.1845703125
1995659,47.9736328125
1996054,40.83251953125
1996250,37.7197265625
1996660,42.05322265625
2005153,37.2314453125
2011520,38.87939453125
2023652,38.02490234375
2025164,38.330078125
2038296,42.3583984375
2040893,51.69677734375
2041354,53.1005859375
2041946,41.44287109375
2042626,38.330078125
2056283,36.19384765625
2069445,34.36279296875
2082402,36.92626953125
2086104,35.33935546875
2098826,43.51806640625
2106069,53.22265625
2119419,39.6728515625
2131292,40.283203125
2144991,38.26904296875
2150967,55.17578125
2151370,43.212890625
2152034,37.90283203125
2163115,34.0576171875
2167378,39.55078125
2172490,33.5693359375
2181738,40.34423828125
2185440,37.841796875
2196105,43.9453125
2196353,51.6357421875
2196843,51.20849609375
2197312,36.92626953125
2215784,39.55078125
2222415,37.65869140625
2227020,38.6962890625
2232182,38.4521484375
2240204,50.72021484375
2240713,53.52783203125
2241320,45.71533203125
2245490,37.353515625
2253876,40.4052734375
2264344,34.24072265625
2269071,55.6640625
2269930,47.91259765625
2271071,36.80419921875
2275371,39.1845703125
2277562,36.376953125
2285003,40.8935546875
2290721,32.53173828125
2296647,36.62109375
2307234,37.90283203125
2313173,35.400390625
2326737,35.58349609375
2333309,34.60693359375
2340025,44.189453125
2342240,39.6728515625
2344010,52.1240234375
2344033,45.22705078125
2344475,49.98779296875
2345048,36.62109375
2346698,41.015625
2352627,45.10498046875
2355011,47.91259765625
2366775,41.56494140625
2379058,40.58837890625
2385402,37.2314453125
2390316,41.32080078125
2392013,36.07177734375
2400431,52.1240234375
2400904,43.3349609375
2401500,41.56494140625
2407481,33.75244140625
2420325,38.39111328125
2428029,37.29248046875
2430366,48.15673828125
2430929,51.08642578125
2433339,37.841796875
2440321,40.283203125
2452826,41.1376953125
2459842,37.59765625
2463162,32.958984375
2474125,34.66796875
2479200,48.7060546875
2479305,44.5556640625
2479841,50.47607421875
2480296,36.1328125
2480515,47.05810546875
2489628,40.95458984375
2499194,35.46142578125
2505580,42.29736328125
2513722,34.7900390625
2526393,40.10009765625
2530204,37.29248046875
2549179,41.44287109375
2554219,38.2080078125
2568892,44.00634765625
2576659,43.64013671875
2577351,43.39599609375
2577794,37.4755859375
2586908,37.9638671875
2597196,43.76220703125
2605449,40.71044921875
2614567,40.6494140625
2616957,31.982421875
2624669,38.14697265625
2629577,36.68212890625
2639756,34.48486328125
2656559,43.51806640625
2661818,46.44775390625
2661905,33.99658203125
2662218,52.978515625
2662651,44.677734375
2663037,43.88427734375
2671930,46.08154296875
2683729,35.82763671875
2693077,42.1142578125
2700049,37.29248046875
2703324,50.29296875
2708151,35.7666015625
2721584,42.48046875
2721830,46.2646484375
2722397,42.66357421875
2734697,35.82763671875
2753265,39.0625
2757908,36.07177734375
2764656,44.677734375
2765254,54.6875
2765695,39.12353515625
2768705,41.44287109375
2779110,39.73388671875
2783847,42.6025390625
2798438,43.8232421875
2803517,36.92626953125
2816285,40.4052734375
2823644,42.78564453125
2834910,53.16162109375
2835407,49.31640625
2835638,33.26416015625
2835948,38.14697265625
2842750,33.87451171875
2847855,41.259765625
2857430,35.64453125
2870546,33.203125
2876385,32.958984375
2887412,37.78076171875
2895192,45.41015625
2900577,51.08642578125
2901211,43.701171875
2901485,46.2646484375
2902565,48.40087890625
2912805,39.48974609375
2926166,39.55078125
2930402,36.43798828125
2943235,32.1044921875
2952867,41.259765625
2963369,42.3583984375
2965611,38.26904296875
2965690,46.9970703125
2966180,50.96435546875
2966792,38.818359375
2966847,42.48046875
2983090,32.28759765625
2992230,41.259765625
3000711,52.06298828125
3005389,38.75732421875
3009652,44.677734375
3011625,32.5927734375
3011782,45.22705078125
3022194,41.015625
3028681,41.1376953125
3034052,44.49462890625
3046238,33.935546875
3050827,38.14697265625
3054650,47.91259765625
3073320,42.8466796875
3087143,37.53662109375
3088669,49.37744140625
3105461,34.11865234375
3109669,41.07666015625
3126424,35.888671875
3126853,49.13330078125
3129694,40.8935546875
3130259,39.55078125
3130676,32.40966796875
3130777,47.30224609375
3130809,38.2080078125
3130897,45.2880859375
3131022,35.7666015625
3131101,36.0107421875
3131289,42.90771484375
3131700,47.9736328125
3132571,35.2783203125
3133741,40.6494140625
3134156,34.72900390625
3135286,42.724609375
3149717,35.888671875
3150700,32.16552734375
3150877,36.62109375
3151697,38.330078125
3151873,37.04833984375
3152027,39.55078125
3152431,36.9873046875
3152866,39.85595703125
3153182,32.1044921875
3153311,32.2265625
3153542,35.09521484375
3153939,39.0625
3154317,39.36767578125
3156471,35.82763671875
3175229,45.47119140625
3175918,35.7666015625
3178367,33.935546875
3179906,41.8701171875
3180004,42.724609375
3181312,36.9873046875
3181717,41.9921875
3182308,42.3583984375
3183138,38.57421875
3183484,35.21728515625
3183910,35.5224609375
3185594,32.470703125
3207679,37.4755859375
3209415,48.64501953125
3209770,37.04833984375
3209856,38.818359375
3210136,48.095703125
3210295,44.49462890625
3210479,49.01123046875
3210564,35.09521484375
3210618,36.92626953125
3231834,34.912109375
3239009,53.955078125
3240478,46.7529296875
3246332,41.259765625
3247701,61.1572265625
3247766,38.2080078125
3248010,50.9033203125
3248133,44.7998046875
3248306,38.51318359375
3248376,34.97314453125
3248659,34.5458984375
3248878,34.7900390625
3249218,34.24072265625
3249530,35.2783203125
3250331,35.82763671875
3250789,37.17041015625
3263645,51.513671875
3282654,51.33056640625
3284327,50.72021484375
3284871,42.78564453125
3286746,36.92626953125
3298335,35.7666015625
3299281,35.94970703125
3299468,47.66845703125
3299910,39.61181640625
3299960,36.92626953125
3299970,32.16552734375
3300357,61.1572265625
3300582,32.16552734375
3300649,46.0205078125
3300671,40.34423828125
3300897,46.44775390625
3300933,35.15625
3301503,34.24072265625
3301957,33.3251953125
3302328,32.04345703125
3302908,32.470703125
3302973,32.04345703125
3303450,37.9638671875
3323486,36.07177734375
3349926,39.6728515625
3370020,36.92626953125
3396512,39.73388671875
3430267,38.57421875
3463340,32.53173828125
3479012,44.00634765625
3489735,35.21728515625
3494923,52.79541015625
3508442,39.4287109375
3518081,38.4521484375
3530734,46.69189453125
3544270,37.17041015625
3573430,37.53662109375
3581633,34.423828125
3590235,35.21728515625
3591592,51.33056640625
3596234,41.68701171875
3608117,34.5458984375
3612860,49.1943359375
3653249,40.52734375
3659419,42.17529296875
3671686,46.2646484375
3680728,32.40966796875
3681501,49.1943359375
3682391,60.05859375
3682906,47.8515625
3683053,36.1328125
3683789,37.7197265625
3701963,39.85595703125
3706277,37.9638671875
3716798,39.794921875
3718909,62.255859375
3728215,36.68212890625
3733870,34.912109375
3740962,39.4287109375
3751164,34.5458984375
3754983,47.66845703125
3771624,39.00146484375
3783475,38.26904296875
3787593,42.17529296875
3801953,37.17041015625
3808749,36.1328125
3812405,37.29248046875
3812603,45.654296875
3817081,32.470703125
3818137,34.36279296875
3830280,32.28759765625
3839496,35.64453125
3845898,43.212890625
3849054,43.45703125
3860000,37.65869140625
3863881,35.64453125
3867779,46.69189453125
3876006,37.65869140625
3885260,39.00146484375
3894680,37.41455078125
3902591,42.90771484375
3925117,45.166015625
3929154,36.7431640625
3933299,38.26904296875
3945929,35.400390625
3957572,38.26904296875
3962279,45.34912109375
3979547,45.0439453125
3984600,36.2548828125
4002494,38.02490234375
4009683,37.841796875
4018418,37.41455078125
4033241,39.794921875
4034267,34.72900390625
4038055,41.259765625
4042359,32.53173828125
4062320,39.4287109375
4062602,44.0673828125
4062947,40.283203125
4063015,39.306640625
4063422,55.0537109375
4063585,35.33935546875
4063707,63.232421875
4063887,34.7900390625
4064095,40.6494140625
4064139,35.82763671875
4064313,39.0625
4066789,32.71484375
4067167,33.5693359375
4067690,33.87451171875
4071548,32.1044921875
4079951,36.1328125
4081545,36.07177734375
4081619,31.982421875
4082173,37.841796875
4082546,36.80419921875
4083470,32.16552734375
4093005,32.71484375
4094447,37.59765625
4097193,35.64453125
4098903,34.11865234375
4098919,40.34423828125
4099286,36.376953125
4099471,39.48974609375
4099837,36.19384765625
4099847,33.935546875
4100173,38.26904296875
4101258,34.24072265625
4101753,36.19384765625
4102159,37.4755859375
4122923,39.24560546875
4124784,40.6494140625
4126929,40.0390625
4127048,38.6962890625
4127432,35.09521484375
4127990,35.09521484375
4128574,35.400390625
4129342,34.423828125
4130363,43.02978515625
4130675,41.56494140625
4131349,32.04345703125
4131452,34.3017578125
4131782,47.05810546875
4134078,33.5693359375
4151313,35.09521484375
4156394,34.5458984375
4167502,34.24072265625
4170684,45.8984375
4170981,35.2783203125
4179875,36.7431640625
4183444,38.6962890625
4193757,34.60693359375
4194237,39.4287109375
4210015,36.2548828125
4226261,49.1943359375
4226577,43.212890625
4245615,38.39111328125
4256657,38.51318359375
4271455,47.42431640625
4299721,38.818359375
4320116,34.60693359375
4320297,47.8515625
4320895,51.33056640625
4321425,37.17041015625
4350416,33.0810546875
4353942,37.90283203125
4373165,37.65869140625
4382994,34.60693359375
4395729,33.69140625
4416574,32.5927734375
4426350,43.39599609375
4448624,36.56005859375
4451786,40.22216796875
4464941,36.4990234375
4467404,51.33056640625
4476356,50.72021484375
4492488,39.4287109375
4500446,36.1328125
4518606,38.0859375
4529816,37.29248046875
4534665,37.04833984375
4535178,42.6025390625
4548075,39.97802734375
4562274,37.59765625
4563217,51.33056640625
4563242,37.4755859375
4563863,45.41015625
4564177,37.65869140625
4564396,40.1611328125
4564487,38.9404296875
4564586,36.07177734375
4564832,42.41943359375
4565107,38.39111328125
4565193,40.34423828125
4580081,37.17041015625
4582314,36.07177734375
4582432,32.470703125
4583433,44.3115234375
4583559,32.958984375
4584182,40.34423828125
4584814,38.75732421875
4585044,32.40966796875
4585264,34.5458984375
4585595,32.71484375
4585874,32.2265625
4586335,36.865234375
4588117,35.7666015625
4602295,43.51806640625
4605101,32.5927734375
4605243,47.607421875
4607304,35.33935546875
4616623,34.60693359375
4617246,36.80419921875
4617833,40.8935546875
4618363,34.423828125
4618722,47.66845703125
4619007,36.31591796875
4619108,33.38623046875
4619344,39.48974609375
4619692,33.935546875
4619752,36.62109375
4621120,33.50830078125
4621169,33.203125
4635252,37.109375
4641891,39.4287109375
4643625,45.95947265625
4644379,40.71044921875
4644581,39.36767578125
4645273,33.99658203125
4645319,35.21728515625
4646067,45.71533203125
4646079,44.12841796875
4646386,38.6962890625
4646470,40.71044921875
4646534,34.11865234375
4646857,36.56005859375
4648798,34.423828125
4671605,42.66357421875
4677156,43.9453125
4678158,38.14697265625
4697998,48.583984375
4698214,49.62158203125
4698510,39.85595703125
4698948,41.32080078125
4698984,32.89794921875
4699228,43.15185546875
4699296,39.0625
4699506,41.50390625
4699651,36.0107421875
4699731,39.0625
4699979,33.69140625
4700306,36.92626953125
4700767,36.62109375
4701232,32.77587890625
4701713,32.40966796875
4744357,42.17529296875
4745847,33.26416015625
4746019,42.66357421875
4768749,42.41943359375
4789474,36.0107421875
4824069,52.24609375
4876267,37.109375
4883261,47.607421875
4883511,32.53173828125
4899691,45.5322265625
4915301,34.7900390625
4921945,37.17041015625
4923247,47.7294921875
4929093,51.08642578125
4960158,42.48046875
4967308,36.0107421875
4978842,38.26904296875
4998952,38.26904296875
5004285,51.7578125
5019046,34.3017578125
5035638,45.22705078125
5036530,44.86083984375
5055891,35.82763671875
5060587,37.59765625
5066297,41.07666015625
5069639,52.18505859375
5080490,33.02001953125
5089290,50.6591796875
5089672,50.29296875
5090301,45.34912109375
5090329,34.24072265625
5093927,40.1611328125
5126922,39.00146484375
5128162,44.677734375
5137970,33.69140625
5146525,43.0908203125
5147990,44.189453125
5148277,34.1796875
5148289,33.935546875
5148464,45.654296875
5148767,45.5322265625
5148814,32.71484375
5148985,35.2783203125
5149121,45.34912109375
5149184,32.5927734375
5149362,39.4287109375
5149402,38.63525390625
5149620,35.15625
5149892,33.63037109375
5150418,32.77587890625
5150696,33.75244140625
5150836,32.28759765625
5151074,32.53173828125
5151816,33.38623046875
5152740,39.00146484375
5153248,32.53173828125
5161666,35.46142578125
5165916,41.015625
5167213,48.095703125
5167763,36.80419921875
5167850,33.935546875
5168264,37.65869140625
5168547,32.16552734375
5179785,40.771484375
5180719,43.45703125
5181228,47.79052734375
5181362,54.0771484375
5181564,35.46142578125
5181837,38.26904296875
5182122,41.56494140625
5182348,32.1044921875
5182385,34.85107421875
5182454,38.4521484375
5183497,36.07177734375
5185023,34.11865234375
5202676,39.4287109375
5206038,47.05810546875
5206233,34.72900390625
5210801,47.66845703125
5211257,41.50390625
5211884,38.63525390625
5211965,38.39111328125
5214272,33.447265625
5214307,36.43798828125
5214330,45.34912109375
5214675,42.41943359375
5214719,33.02001953125
5215019,41.93115234375
5215717,37.9638671875
5216118,36.1328125
5216511,33.63037109375
5216876,32.40966796875
5218481,32.04345703125
5248292,43.45703125
5252451,50.1708984375
5256120,40.95458984375
5256665,35.94970703125
5257132,39.36767578125
5257157,34.7900390625
5257922,41.80908203125
5258114,32.2265625
5258223,37.841796875
5258502,34.11865234375
5258546,32.8369140625
5258853,41.259765625
5259198,36.68212890625
5259498,38.63525390625
5259815,33.50830078125
5260635,34.66796875
5261788,32.2265625
5282433,42.236328125
5283253,39.85595703125
5297734,45.47119140625
5299222,38.2080078125
5331245,34.66796875
5360660,42.41943359375
5366617,39.55078125
5397341,54.74853515625
5398269,46.93603515625
5398725,36.19384765625
5398929,40.6494140625
5469487,47.54638671875
5489216,40.22216796875
5512015,45.0439453125
5512034,37.53662109375
5542822,36.07177734375
5543184,52.1240234375
5544804,37.41455078125
5545936,33.38623046875
5546360,47.8515625
5579335,34.60693359375
5601358,32.8369140625
5632309,38.26904296875
5647512,35.82763671875
5660321,47.18017578125
5661645,49.9267578125
5663297,40.46630859375
5680402,40.22216796875
5684117,39.24560546875
5690031,34.423828125
5703927,51.57470703125
5704437,41.93115234375
5704564,40.58837890625
5708025,37.2314453125
5708357,36.1328125
5708377,42.41943359375
5708580,40.95458984375
5708694,37.29248046875
5708980,42.1142578125
5709218,47.30224609375
5709266,34.7900390625
5709424,36.2548828125
5709530,34.5458984375
5709681,36.07177734375
5709920,32.77587890625
5710253,35.21728515625
5711294,37.04833984375
5711752,41.68701171875
5712250,35.70556640625
5723365,33.14208984375
5726295,44.73876953125
5726923,44.7998046875
5727062,33.8134765625
5728099,42.66357421875
5741945,35.70556640625
5743250,41.1376953125
5743529,33.447265625
5751003,44.25048828125
5758129,40.71044921875
5760736,38.75732421875
5762619,38.57421875
5764044,48.27880859375
5764163,33.3251953125
5764381,32.28759765625
5764501,35.46142578125
5764530,39.12353515625
5764782,36.2548828125
5765357,34.72900390625
5765678,33.5693359375
5766126,33.02001953125
5766777,44.189453125
5767191,33.935546875
5767811,36.4990234375
5788042,34.912109375
5788105,42.05322265625
5789003,34.97314453125
5789660,36.43798828125
5790446,37.4755859375
5790472,36.19384765625
5802467,39.36767578125
5803054,38.6962890625
5803477,33.87451171875
5804066,36.07177734375
5804087,39.12353515625
5804454,38.87939453125
5804474,40.22216796875
5804809,41.1376953125
5804859,39.73388671875
5805111,33.3251953125
5806219,33.447265625
5807164,45.47119140625
5827052,41.748046875
5831380,48.76708984375
5831667,42.236328125
5832998,34.3017578125
5833361,40.95458984375
5833530,43.0908203125
5833927,45.22705078125
5833997,46.08154296875
5834397,51.025390625
5834742,62.3779296875
5835099,42.54150390625
5835148,35.33935546875
5835577,34.36279296875
5836010,33.0810546875
5837242,34.36279296875
5859927,44.5556640625
5862209,45.7763671875
5862728,37.59765625
5862817,36.7431640625
5863207,33.0810546875
5863376,57.31201171875
5863721,34.24072265625
5863828,36.19384765625
5864255,42.41943359375
5865071,41.9921875
5865491,34.66796875
5866068,33.87451171875
5887785,50.9033203125
5888780,48.03466796875
5888962,35.7666015625
5890126,36.865234375
5890276,31.982421875
5917167,41.80908203125
5918073,35.7666015625
5930971,40.22216796875
5933741,43.02978515625
5933932,37.65869140625
5934148,44.3115234375
5934326,34.60693359375
5934394,32.71484375
5934447,37.109375
5934809,43.0908203125
5935117,35.2783203125
5935163,36.1328125
5935340,32.1044921875
5935641,41.19873046875
5935963,39.00146484375
5936384,32.2265625
5957041,48.15673828125
5962109,43.5791015625
5962630,65.49072265625
5963260,35.888671875
5963331,33.99658203125
5963940,38.63525390625
5964142,36.31591796875
5964368,44.5556640625
5964618,39.0625
5964868,34.24072265625
5965023,40.71044921875
5965482,33.99658203125
5965929,32.40966796875
6000132,48.7060546875
6000184,35.15625
6000574,33.50830078125
6000723,38.39111328125
6000925,33.447265625
6001065,43.3349609375
6001394,36.2548828125
6001715,34.85107421875
6002043,36.9873046875
6002711,34.1796875
6003280,32.71484375
6004110,44.25048828125
6024740,41.32080078125
6026698,36.43798828125
6046697,50.29296875
6047039,47.54638671875
6047491,41.56494140625
6047582,39.0625
6047956,51.08642578125
6048007,37.7197265625
6048372,37.29248046875
6048686,34.7900390625
6048830,36.9873046875
6049009,34.1796875
6049293,36.92626953125
6049598,34.60693359375
6049961,33.3251953125
6050934,35.2783203125
6085114,41.56494140625
6086006,39.9169921875
6086171,33.0810546875
6086570,42.90771484375
6086726,39.00146484375
6087071,32.65380859375
6087184,41.748046875
6087382,36.31591796875
6087523,37.65869140625
6087733,34.3017578125
6087878,37.17041015625
6088043,33.447265625
6089141,37.9638671875
6089619,32.3486328125
6090247,36.0107421875
6108205,45.10498046875
6108649,52.18505859375
6121464,49.62158203125
6121586,34.1796875
6121918,42.17529296875
6122263,36.92626953125
6122747,37.59765625
6123741,39.24560546875
6123916,41.32080078125
6124250,43.3349609375
6124291,32.16552734375
6124562,41.56494140625
6124675,37.04833984375
6125370,43.8232421875
6125733,36.07177734375
6126207,34.912109375
6126800,35.82763671875
6149152,35.94970703125
6149853,38.75732421875
6174565,38.2080078125
6174744,53.03955078125
6175651,38.75732421875
6176117,46.0205078125
6176185,33.447265625
6176559,41.015625
6176704,33.935546875
6176881,42.48046875
6177170,32.8369140625
6177486,37.78076171875
6177721,36.865234375
6178171,37.78076171875
6178610,41.015625
6206665,47.119140625
6222666,40.52734375
6223508,45.59326171875
6223538,38.14697265625
6224048,39.794921875
6239463,50.10986328125
6239543,46.5087890625
6241278,46.875
6241367,48.828125
6241708,38.14697265625
6241981,33.3251953125
6242062,43.64013671875
6242266,33.87451171875
6242434,36.19384765625
6242732,38.4521484375
6242888,39.6728515625
6243165,33.203125
6243237,36.7431640625
6244402,33.69140625
6244855,39.794921875
6268684,50.84228515625
6282913,42.6025390625
6283119,43.8232421875
6283976,38.330078125
6284147,43.27392578125
6297176,35.09521484375
6297759,41.93115234375
6298405,44.3115234375
6298433,38.818359375
6298945,51.94091796875
6299119,36.865234375
6299301,40.771484375
6299463,39.4287109375
6299669,39.73388671875
6299760,44.37255859375
6299979,36.31591796875
6300655,34.5458984375
6301008,39.1845703125
6301109,33.02001953125
6301483,34.66796875
6301549,36.56005859375
6327156,46.08154296875
6327404,39.794921875
6338729,43.76220703125
6340162,44.677734375
6354930,41.50390625
6355403,40.71044921875
6355930,36.2548828125
6355994,38.63525390625
6374934,54.13818359375
6379066,35.7666015625
6428026,50.1708984375
6428487,48.88916015625
6428780,41.6259765625
6428994,43.15185546875
6429184,35.94970703125
6429463,43.51806640625
6429694,51.6357421875
6429996,39.85595703125
6430026,41.3818359375
6430221,33.8134765625
6430288,41.07666015625
6430377,34.3017578125
6430551,38.9404296875
6430829,36.62109375
6430847,39.00146484375
6431141,34.423828125
6431461,37.78076171875
6431777,35.58349609375
6432183,45.0439453125
6432572,33.75244140625
6432615,31.982421875
6433059,34.11865234375
6433682,33.3251953125
6453952,36.19384765625
6455605,41.9921875
6463326,41.32080078125
6463621,42.41943359375
6473201,34.72900390625
6473745,41.44287109375
6474298,42.724609375
6474425,32.89794921875
6475035,40.83251953125
6475304,41.3818359375
6475512,34.1796875
6475809,39.794921875
6476167,34.66796875
6476443,36.19384765625
6476768,38.63525390625
6476781,32.71484375
6477114,33.8134765625
6477534,38.6962890625
6477929,41.80908203125
6502581,35.70556640625
6503547,40.95458984375
6507312,32.04345703125
6517176,40.46630859375
6518190,43.39599609375
6518697,41.748046875
6525783,42.8466796875
6529902,36.43798828125
6530027,47.54638671875
6530460,36.4990234375
6530514,44.37255859375
6530917,41.50390625
6530953,46.32568359375
6531203,42.90771484375
6531222,33.3251953125
6531463,44.73876953125
6532128,33.203125
6532598,32.04345703125
6533036,41.44287109375
6533839,34.1796875
6558507,42.29736328125
6560006,43.212890625
6563369,40.0390625
6575604,40.283203125
6575740,47.8515625
6576773,48.15673828125
6577144,37.04833984375
6577425,40.0390625
6577944,58.59375
6578512,43.45703125
6578545,33.63037109375
6578605,34.1796875
6578775,38.57421875
6579124,32.53173828125
6579429,37.2314453125
6579748,35.82763671875
6580517,41.1376953125
6581013,36.31591796875
6581763,32.8369140625
6601980,35.82763671875
6602145,32.53173828125
6602858,36.865234375
6603296,36.2548828125
6603415,35.15625
6604189,36.865234375
6604208,43.15185546875
6604491,37.109375
6604636,32.77587890625
6604931,34.912109375
6604990,33.8134765625
6605038,32.65380859375
6605362,52.42919921875
6605745,43.3349609375
6606228,34.66796875
6606684,40.283203125
6631157,39.794921875
6632651,49.560546875
6633213,41.8701171875
6634151,35.21728515625
6656833,47.8515625
6657762,45.41015625
6659128,42.41943359375
6659288,51.1474609375
6659523,44.3115234375
6659693,34.36279296875
6659762,33.14208984375
6660004,37.353515625
6660241,39.306640625
6660504,34.66796875
6660791,33.69140625
6661210,36.9873046875
6661603,36.92626953125
6662024,36.0107421875
6662723,33.447265625
6682812,38.818359375
6683291,53.1005859375
6684079,34.48486328125
6684179,32.1044921875
6684482,40.71044921875
6684966,39.6728515625
6685003,32.53173828125
6685032,40.283203125
6685517,36.56005859375
6685602,35.82763671875
6685916,32.53173828125
6686344,36.31591796875
6687045,34.24072265625
6687168,38.02490234375
6716858,42.41943359375
6717527,38.2080078125
6717926,32.16552734375
6718039,34.1796875
6718483,40.771484375
6718674,37.59765625
6718879,34.11865234375
6718970,32.5927734375
6719233,34.66796875
6719331,33.69140625
6719699,32.77587890625
6719853,37.4755859375
6720661,34.36279296875
6721123,37.2314453125
6721190,33.99658203125
6751180,42.6025390625
6752607,47.66845703125
6753646,45.59326171875
6754240,37.53662109375
6754265,36.7431640625
6754642,40.52734375
6755083,35.46142578125
6755170,32.2265625
6755723,35.400390625
6755821,40.22216796875
6756068,34.36279296875
6756198,32.5927734375
6756453,37.41455078125
6756834,32.40966796875
6757163,33.203125
6758153,40.771484375
6784762,50.9033203125
6784849,32.65380859375
6786082,44.98291015625
6799122,46.142578125
6799262,44.7998046875
6799721,41.9921875
6799742,32.77587890625
6800101,35.64453125
6800181,33.38623046875
6800400,39.55078125
6800602,32.5927734375
6800738,37.109375
6800881,33.935546875
6800994,41.1376953125
6801374,37.78076171875
6801654,33.8134765625
6802056,32.53173828125
6802521,33.50830078125
6829545,42.05322265625
6830063,38.818359375
6830172,35.5224609375
6830528,33.8134765625
6831134,45.59326171875
6831788,35.33935546875
6850625,36.68212890625
6851165,38.02490234375
6851407,34.5458984375
6851696,44.12841796875
6851962,38.2080078125
6852268,45.22705078125
6852393,43.9453125
6852751,32.2265625
6853031,36.62109375
6853309,34.0576171875
6853614,31.982421875
6853670,39.0625
6854018,39.85595703125
6854464,36.865234375
6855001,33.3251953125
6878037,41.259765625
6895382,47.7294921875
6895781,36.0107421875
6897295,39.48974609375
6897338,38.39111328125
6897852,57.12890625
6898026,33.203125
6898441,43.51806640625
6898496,36.62109375
6898790,36.62109375
6899121,35.82763671875
6899462,38.330078125
6899887,35.70556640625
6900252,47.119140625
6900758,37.59765625
6921880,40.10009765625
6922241,42.8466796875
6931938,38.0859375
6931978,35.2783203125
6940917,36.62109375
6941131,38.26904296875
6941357,49.9267578125
6941693,39.00146484375
6941775,40.10009765625
6942165,45.654296875
6942236,41.50390625
6942557,39.24560546875
6942839,46.0205078125
6943208,32.28759765625
6943572,33.75244140625
6943671,33.935546875
6944016,35.09521484375
6944372,34.912109375
6965255,42.236328125
6973956,38.6962890625
6974166,37.2314453125
6979474,33.26416015625
6980831,37.353515625
7008761,47.91259765625
7009683,51.69677734375
7010282,40.58837890625
7011616,38.2080078125
7012108,41.56494140625
7012252,34.72900390625
7012487,35.2783203125
7012707,34.3017578125
7012765,42.3583984375
7013073,35.400390625
7013163,34.11865234375
7013620,38.0859375
7013965,38.39111328125
7014378,47.91259765625
7014833,34.66796875
7015395,37.78076171875
7015608,32.5927734375
7035950,38.0859375
7036557,34.97314453125
7036603,45.47119140625
7037196,31.982421875
7049294,47.36328125
7052163,42.90771484375
7052872,32.2265625
7053662,38.6962890625
7053836,43.701171875
7054231,50.9033203125
7054255,36.31591796875
7054662,40.58837890625
7054722,51.81884765625
7054971,34.36279296875
7055268,35.7666015625
7055577,32.958984375
7056313,34.24072265625
7056725,39.0625
7082896,41.8701171875
7083367,33.69140625
7083391,36.2548828125
7089335,39.24560546875
7089456,42.96875
7089860,35.46142578125
7089885,38.14697265625
7090230,34.36279296875
7090270,42.1142578125
7090585,43.88427734375
7090954,37.65869140625
7091339,37.353515625
7091444,34.0576171875
7091715,37.59765625
7092055,35.15625
7092575,40.6494140625
7113087,38.6962890625
7113409,43.8232421875
7126875,53.89404296875
7127337,34.0576171875
7127756,37.109375
7128028,33.50830078125
7128988,35.888671875
7129021,33.0810546875
7129335,35.58349609375
7129404,43.76220703125
7129660,38.330078125
7130015,38.9404296875
7130137,32.65380859375
7130368,38.9404296875
7130596,34.3017578125
7130699,34.1796875
7131123,35.21728515625
7131538,38.818359375
7132138,39.12353515625
7157263,44.7998046875
7157689,35.82763671875
7157717,39.6728515625
7158190,36.56005859375
7158788,36.80419921875
7169577,38.51318359375
7184097,47.79052734375
7184694,34.36279296875
7184866,36.0107421875
7185643,41.56494140625
7185747,35.21728515625
7198832,33.69140625
7212201,45.654296875
7212798,42.66357421875
7213382,34.72900390625
7214189,35.400390625
7216311,33.69140625
7216350,32.71484375
7216583,41.50390625
7216672,44.12841796875
7216932,41.32080078125
7217050,38.51318359375
7217188,35.2783203125
7217381,32.3486328125
7217468,34.0576171875
7217540,31.982421875
7218069,32.8369140625
7218231,43.45703125
7218396,37.9638671875
7218737,35.0341796875
7219181,40.1611328125
7219511,35.400390625
7219943,33.26416015625
7240461,42.17529296875
7241485,36.92626953125
7242527,39.1845703125
7243626,42.1142578125
7244192,42.41943359375
7244312,42.29736328125
7244621,41.9921875
7244830,35.46142578125
7245191,36.31591796875
7245511,32.8369140625
7245561,36.0107421875
7245923,33.203125
7245938,37.841796875
7246425,35.58349609375
7246892,33.69140625
7247345,33.8134765625
7253046,47.79052734375
7274416,49.9267578125
7274993,42.48046875
7277855,42.41943359375
7281176,35.33935546875
7292335,39.55078125
7293384,33.14208984375
7293839,44.3115234375
7294278,43.9453125
7294574,36.1328125
7294750,37.4755859375
7295001,36.62109375
7295165,34.48486328125
7295314,34.1796875
7295535,38.330078125
7295898,40.0390625
7296242,32.53173828125
7317525,40.8935546875
7317637,43.212890625
7319727,32.8369140625
7321233,41.68701171875
7331771,45.10498046875
7332886,38.39111328125
7333144,43.02978515625
7333465,38.0859375
7333548,47.2412109375
7333847,39.794921875
7333905,37.90283203125
7334609,42.54150390625
7335000,36.68212890625
7335541,38.39111328125
7357424,40.283203125
7358743,34.24072265625
7358982,36.2548828125
7359545,40.58837890625
7360139,40.283203125
7360318,33.8134765625
7360643,42.54150390625
7360803,33.69140625
7361045,43.39599609375
7361308,34.24072265625
7361468,39.306640625
7361681,34.912109375
7361782,32.3486328125
7362186,40.10009765625
7384072,35.70556640625
7384176,43.8232421875
7384913,36.1328125
7385321,39.24560546875
7385931,33.87451171875
7386223,39.794921875
7386866,39.0625
7389249,43.5791015625
7403626,41.6259765625
7411039,39.12353515625
7411307,41.8701171875
7412663,35.33935546875
7412982,44.677734375
7413047,43.39599609375
7413557,38.14697265625
7413590,34.5458984375
7413985,35.58349609375
7414021,43.9453125
7414293,33.0810546875
7414626,33.203125
7416001,34.48486328125
7437404,43.5791015625
7440597,40.6494140625
7452093,46.81396484375
7452196,37.841796875
7454438,47.36328125
7455164,36.0107421875
7455404,52.30712890625
7455666,33.50830078125
7455802,32.04345703125
7456158,33.26416015625
7456185,53.89404296875
7456545,36.865234375
7456936,32.28759765625
7457322,32.470703125
7457408,35.400390625
7457833,45.10498046875
7458351,38.330078125
7480207,40.58837890625
7480347,38.6962890625
7493200,35.21728515625
7493483,41.07666015625
7493953,32.40966796875
7494265,34.0576171875
7494376,41.68701171875
7494830,35.888671875
7495174,39.306640625
7495232,33.75244140625
7495488,42.8466796875
7495590,32.53173828125
7495684,35.58349609375
7496253,33.203125
7518174,33.5693359375
7518648,43.8232421875
7521295,44.25048828125
7530593,42.41943359375
7532109,39.97802734375
7532636,40.1611328125
7532915,33.935546875
7533016,37.41455078125
7533442,33.69140625
7533566,33.50830078125
7533760,33.75244140625
7533845,42.724609375
7533875,34.72900390625
7534109,38.4521484375
7534447,33.935546875
7534746,36.9873046875
7535173,33.02001953125
7536184,38.330078125
7554095,40.34423828125
7560387,44.5556640625
7560972,41.32080078125
7561706,36.43798828125
7561857,33.87451171875
7562357,38.63525390625
7562587,36.865234375
7563068,36.92626953125
7563385,38.39111328125
7563709,33.5693359375
7563733,37.841796875
7564618,34.66796875
7565078,33.87451171875
7585233,38.0859375
7585501,33.3251953125
7586865,39.6728515625
7586997,39.306640625
7587520,40.6494140625
7587648,39.97802734375
7587983,33.99658203125
7588252,32.04345703125
7588546,35.21728515625
7588687,35.94970703125
7588972,35.70556640625
7589053,41.6259765625
7613557,47.119140625
7614299,40.771484375
7614801,37.59765625
7614967,38.87939453125
7615224,40.1611328125
7615480,42.6025390625
7615873,47.42431640625
7615987,32.8369140625
7616252,33.63037109375
7616598,33.38623046875
7616985,36.31591796875
7617563,39.9169921875
7618703,32.40966796875
7638924,36.68212890625
7639389,42.66357421875
7641250,34.97314453125
7658082,44.37255859375
7658709,40.58837890625
7659304,42.48046875
7659538,35.21728515625
7660031,32.470703125
7660422,42.78564453125
7660680,35.888671875
7660971,37.90283203125
7660988,44.73876953125
7661302,36.7431640625
7662126,32.8369140625
7663510,31.982421875
7687009,46.5087890625
7687605,39.85595703125
7688383,36.376953125
7704066,43.0908203125
7704190,41.1376953125
7704409,32.16552734375
7704711,41.93115234375
7704863,40.58837890625
7705091,48.52294921875
7705210,35.7666015625
7705364,34.912109375
7705632,33.50830078125
7705950,32.71484375
7706272,32.958984375
7706626,33.935546875
7707037,31.982421875
7707547,32.470703125
7707614,34.0576171875
7727877,44.98291015625
7739763,44.25048828125
7740638,40.52734375
7741645,46.69189453125
7754606,39.306640625
7754704,44.677734375
7755567,37.7197265625
7755671,39.9169921875
7755950,35.15625
7756059,41.80908203125
7756394,31.982421875
7756419,41.1376953125
7756735,32.5927734375
7757060,35.2783203125
7757353,40.83251953125
7757722,37.78076171875
7783337,39.85595703125
7784340,40.46630859375
7784422,40.1611328125
7784886,33.87451171875
7785225,33.50830078125
7785260,41.93115234375
7785618,36.865234375
7785718,36.07177734375
7786046,35.15625
7786060,39.12353515625
7786300,33.99658203125
7786657,32.3486328125
7787084,33.75244140625
7788365,37.109375
7815188,33.63037109375
7815865,40.283203125
7816568,39.9169921875
7816975,37.17041015625
7817051,35.70556640625
7817497,35.888671875
7817542,33.0810546875
7817854,35.400390625
7818293,42.78564453125
7818684,34.1796875
7819043,33.203125
7819494,41.50390625
7820024,35.46142578125
7841384,41.07666015625
7841549,36.80419921875
7844394,40.22216796875
7844671,38.330078125
7846157,38.75732421875
7846861,36.0107421875
7857378,35.400390625
7859533,32.16552734375
7859549,34.5458984375
7860031,47.30224609375
7860041,32.3486328125
7860404,39.36767578125
7860751,35.09521484375
7861079,47.30224609375
7861382,42.17529296875
7861830,38.6962890625
7862617,31.982421875
7881882,43.27392578125
7894312,44.677734375
7894549,37.17041015625
7895389,41.44287109375
7895693,38.9404296875
7896036,37.17041015625
7896458,34.60693359375
7896633,33.38623046875
7896841,37.65869140625
7897090,36.68212890625
7897160,33.75244140625
7897496,46.32568359375
7897932,42.48046875
7898293,33.5693359375
7898677,37.9638671875
7922999,43.76220703125
7927307,39.6728515625
7942377,35.0341796875
7942503,35.09521484375
7946964,34.5458984375
7947152,37.9638671875
7947735,36.43798828125
7947758,34.0576171875
7947902,34.1796875
7948123,35.15625
7948385,35.15625
7948658,34.3017578125
7948678,37.53662109375
7948935,32.71484375
7949854,35.94970703125
7950233,37.841796875
7974632,46.9970703125
7975215,40.1611328125
7975231,36.2548828125
7978444,38.57421875
7978756,36.4990234375
7979119,36.19384765625
7979246,37.7197265625
7979278,34.85107421875
7979474,38.6962890625
7979857,35.21728515625
7980264,46.08154296875
7980756,33.447265625
7981221,37.29248046875
7981933,32.71484375
8008494,36.31591796875
8012318,35.2783203125
8012539,35.33935546875
8013057,35.15625
8013125,39.0625
8013702,35.82763671875
8014060,40.6494140625
8014380,40.83251953125
8014562,34.423828125
8014763,41.19873046875
8015140,33.50830078125
8015186,33.0810546875
8015603,35.21728515625
8016740,37.65869140625
8036207,38.4521484375
8048776,40.46630859375
8050916,38.02490234375
8051314,42.66357421875
8051462,34.5458984375
8051909,40.34423828125
8051953,34.48486328125
8051974,47.9736328125
8052286,32.470703125
8052437,38.4521484375
8052539,34.1796875
8052897,34.7900390625
8053229,33.38623046875
8053645,33.0810546875
8054028,35.0341796875
8054434,42.05322265625
8078532,39.55078125
8078631,35.7666015625
8082893,42.54150390625
8083701,41.015625
8084582,46.81396484375
8085212,36.865234375
8098549,34.36279296875
8099604,42.66357421875
8099697,36.2548828125
8100489,36.92626953125
8100684,43.51806640625
8101035,35.0341796875
8101082,32.2265625
8101508,34.60693359375
8101967,34.11865234375
8102364,34.60693359375
8102672,33.0810546875
8102783,44.73876953125
8103826,35.15625
8124719,43.45703125
8133613,44.98291015625
8147407,40.6494140625
8156616,40.10009765625
8166523,34.0576171875
8167602,45.34912109375
8168231,40.34423828125
8169341,42.05322265625
8185926,37.29248046875
8188969,33.26416015625
8201855,45.5322265625
8216651,43.51806640625
8217360,36.865234375
8217496,41.9921875
8218150,40.83251953125
8221548,33.0810546875
8236516,39.48974609375
8239321,41.8701171875
8240647,44.12841796875
8241795,41.07666015625
8259245,34.85107421875
8261790,38.02490234375
8271784,42.90771484375
8292552,42.17529296875
8293003,37.53662109375
8302662,33.63037109375
8303539,33.75244140625
8307330,41.44287109375
8317669,32.89794921875
8323573,35.46142578125
8332435,46.630859375
8333205,33.0810546875
8349673,34.3017578125
8360497,49.25537109375
8360685,45.654296875
8361179,43.39599609375
8361670,37.59765625
8362341,33.02001953125
8376521,38.0859375
8385088,40.4052734375
8386349,42.48046875
8387134,39.61181640625
8402869,39.794921875
8414454,38.39111328125
8416427,41.44287109375
8420204,38.02490234375
8439923,42.78564453125
8445642,48.33984375
8445728,44.43359375
8448813,37.7197265625
8455421,35.5224609375
8461565,40.1611328125
8468236,33.69140625
8474672,37.7197265625
8481748,35.64453125
8484971,47.54638671875
8485602,41.44287109375
8486085,38.330078125
8489525,44.73876953125
8497628,37.109375
8508115,34.1796875
8510361,47.54638671875
8510970,39.1845703125
8511410,33.5693359375
8522734,37.59765625
8538060,42.78564453125
8539746,46.38671875
8540921,42.6025390625
8541536,40.8935546875
8560713,35.2783203125
8563000,35.2783203125
8567514,44.43359375
8568248,43.701171875
8568725,40.4052734375
8568791,39.4287109375
8574021,37.65869140625
8581944,41.3818359375
8586142,41.44287109375
8595792,51.26953125
8596509,51.3916015625
8599463,38.330078125
8599810,46.875
8599961,34.7900390625
8600200,49.62158203125
8600231,33.3251953125
8600489,39.4287109375
8600818,47.2412109375
8601463,32.16552734375
8601980,38.39111328125
8602238,37.17041015625
8602908,35.5224609375
8603719,33.02001953125
8615865,39.24560546875
8617754,37.59765625
8618754,38.330078125
8619799,38.87939453125
8619819,35.70556640625
8637665,38.6962890625
8638455,37.109375
8640828,40.46630859375
8640858,42.78564453125
8642495,35.2783203125
8643172,46.5087890625
8643643,32.40966796875
8643757,31.982421875
8644556,36.4990234375
8645435,35.64453125
8661475,41.8701171875
8662799,33.0810546875
8662844,40.34423828125
8664696,34.60693359375
8665328,32.5927734375
8665838,39.55078125
8666086,38.39111328125
8666412,40.46630859375
8667469,37.04833984375
8685447,35.400390625
8685735,35.400390625
8687519,43.3349609375
8697246,37.353515625
8697456,49.98779296875
8697953,35.09521484375
8698040,40.83251953125
8698337,42.48046875
8698664,32.89794921875
8699024,32.65380859375
8699337,38.57421875
8699657,35.400390625
8720728,38.26904296875
8723579,41.50390625
8723775,43.88427734375
8723908,33.02001953125
8724235,38.87939453125
8724384,32.71484375
8724519,33.203125
8724852,55.0537109375
8725233,32.3486328125
8725573,31.982421875
8740251,42.724609375
8751040,42.90771484375
8753313,40.71044921875
8753429,33.99658203125
8753834,37.78076171875
8754051,42.66357421875
8754187,41.6259765625
8754394,39.97802734375
8754621,32.3486328125
8754729,32.3486328125
8755055,35.94970703125
8755426,40.771484375
8755802,37.65869140625
8756773,32.5927734375
8779371,42.48046875
8779614,38.330078125
8780067,42.96875
8780227,44.677734375
8780426,34.3017578125
8780870,38.14697265625
8781258,39.97802734375
8781610,32.53173828125
8781987,37.04833984375
8782473,35.7666015625
8782979,38.75732421875
8783113,32.3486328125
8783797,37.78076171875
8807697,41.19873046875
8808305,39.6728515625
8808657,35.46142578125
8809089,33.447265625
8809151,42.05322265625
8809580,39.61181640625
8810035,36.07177734375
8810238,36.68212890625
8810651,38.9404296875
8812002,40.83251953125
8831735,42.90771484375
8834295,45.0439453125
8834406,36.80419921875
8834912,41.32080078125
8835291,48.095703125
8835430,33.50830078125
8835677,35.58349609375
8836032,34.1796875
8836069,34.72900390625
8836520,34.11865234375
8837149,32.65380859375
8838074,32.8369140625
8865012,33.14208984375
8867478,41.68701171875
8867623,34.36279296875
8868244,34.72900390625
8868299,45.5322265625
8868698,39.6728515625
8869009,39.794921875
8869812,37.9638671875
8870196,32.8369140625
8870655,33.0810546875
8871466,33.203125
8904020,35.33935546875
8904282,45.10498046875
8904615,33.935546875
8905002,48.095703125
8905179,52.42919921875
8905462,33.0810546875
8905835,34.3017578125
8905949,35.15625
8905987,34.60693359375
8906160,36.62109375
8906507,38.75732421875
8906807,35.7666015625
8907580,32.65380859375
8941080,48.40087890625
8941904,49.25537109375
8942278,36.1328125
8942466,32.5927734375
8942766,43.701171875
8943003,33.75244140625
8943209,37.17041015625
8943358,37.109375
8943471,36.9873046875
8943693,35.33935546875
8943800,36.1328125
8944103,47.2412109375
8944446,39.48974609375
8945090,34.7900390625
8970382,42.724609375
8970810,35.5224609375
8971039,38.818359375
8971537,33.935546875
8971641,43.45703125
8972077,34.97314453125
8972503,32.65380859375
8972719,32.28759765625
8972838,32.958984375
8973193,36.7431640625
8973551,40.71044921875
8973931,34.72900390625
8974427,40.10009765625
9013763,48.88916015625
9014024,39.4287109375
9014204,39.1845703125
9014488,43.39599609375
9014548,33.203125
9014840,62.255859375
9015117,40.46630859375
9015401,37.9638671875
9015683,40.46630859375
9016002,32.28759765625
9016323,32.16552734375
9016688,36.1328125
9041147,35.64453125
9052613,47.30224609375
9059449,33.69140625
9134120,43.212890625
9166602,49.8046875
9166650,35.0341796875
9167571,49.8046875
9168131,38.02490234375
9168497,46.56982421875
9169972,44.189453125
9195636,36.68212890625
9196680,32.28759765625
9204412,43.5791015625
9229715,44.00634765625
9298220,40.0390625
9298615,48.40087890625
9343483,34.423828125
9355641,34.1796875
9362555,42.3583984375
9381511,36.2548828125
9381595,49.13330078125
9391134,36.9873046875
9396254,48.33984375
9409813,42.90771484375
9418107,49.9267578125
9422755,38.0859375
9452291,32.16552734375
9452710,41.259765625
9473836,39.794921875
9483068,32.89794921875
9484349,50.4150390625
9485011,43.0908203125
9505871,46.08154296875
9524416,33.0810546875
9528084,39.36767578125
9552045,39.6728515625
9570089,36.4990234375
9576314,41.68701171875
9576494,32.2265625
9579585,43.02978515625
9579868,38.57421875
9595139,35.15625
9601884,36.9873046875
9615987,37.841796875
9628382,47.2412109375
9628471,33.447265625
9629018,41.56494140625
9629565,45.22705078125
9629990,37.65869140625
9630764,34.36279296875
9630826,50.048828125
9631083,35.58349609375
9631260,40.34423828125
9631289,38.39111328125
9631522,35.46142578125
9631758,42.8466796875
9632776,34.5458984375
9633180,32.470703125
9633817,34.7900390625
9648369,42.96875
9649522,33.447265625
9649985,39.24560546875
9650941,32.04345703125
9659171,39.55078125
9659433,46.08154296875
9659618,33.5693359375
9659845,37.109375
9659951,32.65380859375
9660261,36.31591796875
9660544,36.9873046875
9660856,38.9404296875
9661637,35.21728515625
9662162,32.04345703125
9677147,33.75244140625
9678888,37.53662109375
9679356,36.62109375
9681292,35.94970703125
9687846,45.95947265625
9688873,34.24072265625
9689099,36.2548828125
9689338,32.3486328125
9689827,36.43798828125
9690090,33.63037109375
9690384,39.6728515625
9690470,35.400390625
9691436,32.470703125
9691938,36.9873046875
9692660,42.724609375
9693083,36.0107421875
9709435,43.5791015625
9712831,32.53173828125
9721477,36.2548828125
9721888,37.7197265625
9722032,45.5322265625
9722218,35.46142578125
9722432,33.26416015625
9722816,32.8369140625
9722868,35.888671875
9723251,32.40966796875
9746606,32.28759765625
9747923,37.841796875
9749134,34.5458984375
9750012,39.306640625
9750531,41.3818359375
9750665,37.2314453125
9750935,39.48974609375
9751013,32.28759765625
9751031,39.6728515625
9751407,33.99658203125
9751771,37.78076171875
9751986,37.7197265625
9752647,33.3251953125
9753545,33.63037109375
9771065,39.73388671875
9781578,36.0107421875
9782266,41.015625
9783371,38.818359375
9783958,38.75732421875
9783998,36.376953125
9784349,32.71484375
9784497,35.2783203125
9784686,33.0810546875
9785052,40.4052734375
9785361,37.7197265625
9785663,35.94970703125
9786680,35.2783203125
9810532,39.12353515625
9811659,37.04833984375
9812266,34.24072265625
9820064,39.61181640625
9820159,43.39599609375
9820525,32.77587890625
9820549,37.841796875
9820873,33.0810546875
9821191,41.93115234375
9821228,33.38623046875
9821541,36.19384765625
9821919,34.72900390625
9822239,32.71484375
9822472,34.912109375
9848261,39.9169921875
9859584,48.15673828125
9860564,41.3818359375
9860607,37.109375
9861124,34.912109375
9862085,42.236328125
9862486,40.58837890625
9862607,32.04345703125
9862768,36.80419921875
9863515,36.62109375
9863874,40.4052734375
9864246,35.70556640625
9864745,36.1328125
9889070,42.48046875
9895183,36.2548828125
9915448,36.56005859375
9926663,42.96875
9926773,39.12353515625
9927499,39.9169921875
9955913,37.7197265625
10040850,32.958984375
10069671,37.78076171875
10100426,35.46142578125
10110693,42.90771484375
10118740,35.2783203125
10134764,32.16552734375
10143869,37.17041015625
10144557,54.74853515625
10163110,43.9453125
10179160,45.7763671875
10181324,33.447265625
10196327,49.6826171875
10196500,33.63037109375
10198017,37.78076171875
10220754,40.22216796875
10221287,50.78125
10221389,38.26904296875
10231515,35.33935546875
10244355,37.353515625
10248579,35.82763671875
10254840,41.32080078125
10255226,41.44287109375
10257603,32.3486328125
10270651,37.65869140625
10277047,41.80908203125
10313521,49.98779296875
10314040,40.0390625
10314111,41.748046875
10315042,34.11865234375
10317866,38.75732421875
10336102,51.08642578125
10354381,43.64013671875
10362116,38.02490234375
10367205,35.58349609375
10374955,42.41943359375
10376595,37.841796875
10387733,36.7431640625
10394626,35.21728515625
10407801,46.630859375
10408017,49.74365234375
10408685,35.46142578125
10420597,36.0107421875
10427460,33.14208984375
10428985,41.56494140625
10431681,33.935546875
10439637,39.1845703125
10441897,36.68212890625
10442073,37.353515625
10460493,33.5693359375
10477147,34.60693359375
10477267,42.236328125
10478961,37.04833984375
10479293,39.1845703125
10479871,40.10009765625
10480311,36.1328125
10480593,33.38623046875
10480680,39.6728515625
10480753,33.75244140625
10480874,32.3486328125
10481104,49.31640625
10481760,33.63037109375
10482006,36.376953125
10482493,33.50830078125
10482797,36.31591796875
10483123,32.2265625
10483873,34.85107421875
10484240,34.97314453125
10484789,35.2783203125
10496642,32.8369140625
10504913,34.66796875
10505531,36.1328125
10505721,37.04833984375
10506101,33.3251953125
10506597,40.34423828125
10506946,34.912109375
10507380,34.66796875
10507794,43.0908203125
10522099,33.447265625
10526853,34.912109375
10531156,37.109375
10531637,34.5458984375
10531967,35.64453125
10532034,35.0341796875
10532048,37.17041015625
10532451,40.6494140625
10532804,34.48486328125
10533170,35.82763671875
10533514,32.5927734375
10533973,35.33935546875
10535109,35.58349609375
10550982,36.2548828125
10551546,34.24072265625
10554991,36.376953125
10556075,39.00146484375
10556844,32.28759765625
10566655,34.1796875
10566896,44.37255859375
10567194,51.3916015625
10567846,33.8134765625
10567870,42.6025390625
10568186,33.14208984375
10568571,35.46142578125
10568957,37.841796875
10569491,39.97802734375
10587172,39.36767578125
10589109,34.24072265625
10596399,37.841796875
10596435,39.306640625
10596877,32.958984375
10597721,37.90283203125
10598082,33.447265625
10598390,37.41455078125
10598656,34.60693359375
10598988,32.470703125
10599656,37.9638671875
10600110,33.0810546875
10600864,32.5927734375
10617918,37.841796875
10620082,32.77587890625
10621830,34.60693359375
10622567,36.07177734375
10622968,40.71044921875
10623445,38.39111328125
10623692,34.85107421875
10623847,34.11865234375
10624318,36.68212890625
10625561,39.00146484375
10642686,41.6259765625
10642730,34.912109375
10648139,35.7666015625
10658631,32.53173828125
10659090,34.60693359375
10661719,39.12353515625
10662421,36.376953125
10662511,35.5224609375
10662843,35.21728515625
10663134,45.71533203125
10663340,32.77587890625
10663650,37.04833984375
10663821,38.02490234375
10664257,39.24560546875
10664629,32.77587890625
10665090,36.9873046875
10685349,32.8369140625
10694735,39.36767578125
10695431,43.701171875
10713147,36.80419921875
10713356,34.85107421875
10715726,32.5927734375
10715813,37.78076171875
10716395,35.21728515625
10716719,44.61669921875
10717070,39.1845703125
10717567,33.0810546875
10717929,37.109375
10718275,34.72900390625
10719114,36.07177734375
10719532,32.65380859375
10737609,40.46630859375
10748053,38.02490234375
10749341,33.87451171875
10749788,36.92626953125
10750249,32.16552734375
10750636,42.17529296875
10750995,38.2080078125
10751302,44.25048828125
10751547,35.7666015625
10751878,34.3017578125
10752228,35.58349609375
10752598,40.52734375
10760611,37.65869140625
10772856,43.02978515625
10775042,37.90283203125
10778082,35.70556640625
10785623,39.306640625
10785949,32.3486328125
10788751,44.0673828125
10788938,39.0625
10789188,33.26416015625
10789537,35.70556640625
10789788,32.40966796875
10789836,41.93115234375
10790560,34.1796875
10790987,31.982421875
10791471,33.5693359375
10810616,35.0341796875
10812930,35.21728515625
10825532,36.9873046875
10826369,37.353515625
10826992,32.3486328125
10827049,39.1845703125
10839283,38.57421875
10839909,40.58837890625
10840333,33.69140625
10840384,44.677734375
10840620,33.69140625
10840653,36.865234375
10840936,40.283203125
10841067,37.53662109375
10841204,37.353515625
10841504,32.89794921875
10841810,37.78076171875
10842450,35.09521484375
10842859,37.65869140625
10863561,37.841796875
10871760,34.97314453125
10880622,37.59765625
10900543,34.66796875
10918377,35.82763671875
10919576,33.5693359375
10934230,37.59765625
10951542,35.7666015625
10979201,38.0859375
10984843,33.38623046875
10991178,35.7666015625
10995165,42.66357421875
10996377,34.423828125
11012859,34.36279296875
11045661,40.34423828125
11046284,40.71044921875
11046346,38.57421875
11055364,38.75732421875
11066698,40.52734375
11077168,38.818359375
11082293,35.46142578125
11083998,34.7900390625
11084523,35.94970703125
11091990,43.212890625
11106653,36.2548828125
11109244,36.4990234375
11118889,41.50390625
11123659,37.90283203125
11132293,34.72900390625
11139260,35.70556640625
11158365,33.8134765625
11158680,37.841796875
11159230,38.330078125
11168976,36.92626953125
11174404,33.75244140625
11179308,33.3251953125
11185886,35.0341796875
11189267,43.701171875
11194086,32.04345703125
11213080,44.7998046875
11222743,37.41455078125
11226048,38.9404296875
11231914,33.203125
11233048,39.306640625
11234455,41.32080078125
11234619,34.66796875
11246097,33.14208984375
11254130,39.24560546875
11261868,38.9404296875
11264533,37.4755859375
11268158,37.78076171875
11282107,39.306640625
11282949,33.935546875
11284110,31.982421875
11290685,33.99658203125
11300317,40.52734375
11300705,39.794921875
11301116,35.888671875
11304507,35.09521484375
11314129,37.41455078125
11318732,32.28759765625
11325942,38.9404296875
11334321,35.0341796875
11339286,33.14208984375
11342529,37.29248046875
11352854,40.58837890625
11352902,35.46142578125
11360569,32.53173828125
11362369,46.630859375
11362995,36.4990234375
11374279,41.19873046875
11374793,40.58837890625
11375348,40.771484375
11379740,34.97314453125
11382714,40.10009765625
11389556,32.28759765625
11399359,38.14697265625
11399516,36.19384765625
11405486,32.2265625
11415019,44.00634765625
11416630,35.7666015625
11425510,34.5458984375
11433412,36.1328125
11437533,41.6259765625
11438408,40.283203125
11439125,36.0107421875
11454598,40.771484375
11454833,36.19384765625
11463423,41.93115234375
11467344,35.33935546875
11470046,44.5556640625
11470179,39.00146484375
11480758,35.94970703125
11483281,34.912109375
11485211,34.85107421875
11485753,43.39599609375
11494753,32.16552734375
11500023,43.5791015625
11501199,47.54638671875
11510139,36.43798828125
11515826,40.22216796875
11516270,36.56005859375
11516886,32.53173828125
11521941,32.958984375
11530298,37.7197265625
11535292,36.56005859375
11541983,41.80908203125
11542570,35.70556640625
11543496,37.9638671875
11549728,36.2548828125
11560660,38.9404296875
11561082,34.912109375
11579312,37.65869140625
11579353,40.83251953125
11579848,32.65380859375
11588995,33.02001953125
11600151,42.05322265625
11603075,36.9873046875
11603871,32.77587890625
11604314,37.2314453125
11622503,37.41455078125
11624044,42.236328125
11633194,32.2265625
11634670,38.14697265625
11635106,42.6025390625
11644816,33.8134765625
11645672,46.69189453125
11653647,37.9638671875
11656383,32.71484375
11660275,39.61181640625
11666669,43.88427734375
11667570,33.38623046875
11668594,41.93115234375
11678908,39.9169921875
11680408,36.07177734375
11680666,37.29248046875
11681479,43.5791015625
11681508,42.05322265625
11681818,36.31591796875
11681866,36.7431640625
11682091,34.1796875
11682243,34.912109375
11682439,33.14208984375
11684215,33.14208984375
11684499,34.60693359375
11705969,34.36279296875
11706835,41.9921875
11707532,32.2265625
11715100,52.978515625
11715683,35.0341796875
11715825,35.5224609375
11716456,36.0107421875
11716848,32.1044921875
11718307,33.69140625
11730582,42.54150390625
11732586,33.75244140625
11740654,44.189453125
11741313,37.841796875
11742047,34.5458984375
11742606,41.3818359375
11743076,38.63525390625
11744495,36.7431640625
11759171,35.33935546875
11760581,40.58837890625
11769155,32.3486328125
11770417,36.68212890625
11771197,33.203125
11771386,39.85595703125
11772180,38.75732421875
11772413,41.07666015625
11772532,33.5693359375
11772868,40.46630859375
11773687,32.1044921875
11774164,33.447265625
11774739,32.1044921875
11787858,34.1796875
11787925,36.68212890625
11789812,33.75244140625
11799743,41.44287109375
11799801,33.02001953125
11800731,39.48974609375
11800876,38.4521484375
11809368,33.75244140625
11810748,38.14697265625
11810847,36.4990234375
11811248,41.50390625
11811510,32.28759765625
11811543,36.56005859375
11812250,34.60693359375
11812605,37.353515625
11812965,40.771484375
11829619,36.2548828125
11831295,33.8134765625
11832324,33.69140625
11839358,36.07177734375
11840795,34.912109375
11852716,36.19384765625
11853622,36.7431640625
11863565,33.935546875
11867942,34.72900390625
11878277,36.92626953125
11878673,33.50830078125
11885885,41.56494140625
11891677,38.9404296875
11900883,33.99658203125
11918883,32.16552734375
11924578,34.85107421875
11932083,43.5791015625
11936830,32.65380859375
11945910,36.43798828125
11947915,39.97802734375
11948824,38.39111328125
11960163,35.58349609375
11974889,35.2783203125
11975610,39.48974609375
11975769,33.26416015625
11983706,37.90283203125
