11999000,0
28807,33.87451171875
35674,36.7431640625
55126,33.935546875
80944,38.87939453125
99048,34.7900390625
110962,33.3251953125
120076,35.94970703125
145295,34.1796875
154231,34.66796875
177082,36.92626953125
189410,33.69140625
208917,39.61181640625
257145,35.33935546875
278141,33.935546875
294000,34.85107421875
349437,36.0107421875
408795,33.3251953125
450728,33.8134765625
502856,33.63037109375
506437,33.69140625
685156,36.7431640625
759164,38.818359375
815037,38.14697265625
867227,35.46142578125
1042847,38.87939453125
1142458,37.841796875
1524796,33.50830078125
1525432,34.7900390625
1525662,39.36767578125
1600907,35.70556640625
1601699,33.38623046875
1602060,35.5224609375
1602839,33.8134765625
1604071,34.423828125
2967974,35.5224609375
3130425,34.5458984375
3130768,41.56494140625
3131009,47.30224609375
3152066,38.6962890625
3152407,33.38623046875
3152503,35.64453125
3154048,33.26416015625
3155056,34.97314453125
3155801,34.11865234375
3181663,36.9873046875
3182103,34.36279296875
3182287,34.5458984375
3247462,41.6259765625
3247726,66.162109375
3247896,36.7431640625
3248222,42.41943359375
3300002,35.09521484375
3300080,42.96875
3300411,40.1611328125
3303515,33.38623046875
3947112,33.50830078125
4019984,35.33935546875
4063043,37.90283203125
4063304,53.16162109375
4063370,38.0859375
4063480,36.80419921875
4069448,33.26416015625
4098986,33.87451171875
4099222,35.2783203125
4099563,39.794921875
4103265,33.447265625
4129823,34.24072265625
4130762,43.701171875
4564204,36.68212890625
4564579,37.04833984375
4564686,39.0625
4565011,42.90771484375
4565139,40.58837890625
4568665,33.63037109375
4584407,34.72900390625
4584694,36.80419921875
4585115,40.46630859375
4617927,33.87451171875
4617976,33.50830078125
4645802,35.2783203125
4646271,34.5458984375
4646515,41.07666015625
4678059,35.70556640625
4698525,42.48046875
4698752,44.7998046875
4698950,36.0107421875
4699259,33.99658203125
5017297,34.912109375
5107645,33.69140625
5147973,40.95458984375
5148329,45.7763671875
5148377,35.15625
5148554,40.34423828125
5148639,37.65869140625
5148932,56.82373046875
5151837,33.935546875
5181134,42.41943359375
5181336,34.97314453125
5181498,38.87939453125
5181802,33.69140625
5213799,33.26416015625
5214406,41.56494140625
5214582,39.48974609375
5257708,43.701171875
5257889,41.3818359375
5258054,37.9638671875
5258206,33.99658203125
5258377,33.8134765625
5258692,34.36279296875
5260733,34.60693359375
5261103,39.12353515625
5707598,36.43798828125
5707766,34.11865234375
5707978,35.33935546875
5708168,38.63525390625
5708280,33.26416015625
5708535,39.4287109375
5712548,33.8134765625
5763739,33.8134765625
5764008,43.0908203125
5764169,39.0625
5764369,35.2783203125
5804080,38.2080078125
5804241,46.44775390625
5804311,39.0625
5804553,38.51318359375
5833578,36.4990234375
5834065,54.6875
5834426,40.71044921875
5863167,33.935546875
5863424,50.537109375
5863655,34.423828125
5933758,33.5693359375
5933981,37.29248046875
5934064,36.865234375
5934186,37.41455078125
5934406,36.1328125
5934624,37.109375
5963700,38.51318359375
5963883,35.82763671875
6000482,37.53662109375
6000766,38.818359375
6000944,38.9404296875
6001104,33.87451171875
6001270,33.8134765625
6001458,37.7197265625
6047608,35.46142578125
6047873,38.02490234375
6048043,35.64453125
6086524,38.0859375
6086744,35.82763671875
6087094,39.36767578125
6087420,37.90283203125
6123512,44.49462890625
6123767,38.2080078125
6124524,38.87939453125
6125656,34.72900390625
6175812,35.5224609375
6175859,42.05322265625
6176322,36.43798828125
6176913,35.0341796875
6241088,34.85107421875
6241392,39.24560546875
6244669,35.21728515625
6298514,41.8701171875
6299081,60.72998046875
6299461,35.5224609375
6299774,33.3251953125
6429131,34.1796875
6429350,36.0107421875
6429481,39.1845703125
6429679,38.330078125
6429798,38.14697265625
6429850,34.0576171875
6429999,33.99658203125
6430472,34.24072265625
6475248,38.26904296875
6475489,35.82763671875
6475840,33.75244140625
6476025,37.841796875
6476211,35.82763671875
6529950,33.63037109375
6530173,34.0576171875
6531038,35.888671875
6577870,36.62109375
6578133,35.58349609375
6578767,34.912109375
6603758,36.4990234375
6604122,34.1796875
6604371,41.32080078125
6604814,35.21728515625
6605921,39.0625
6658312,33.69140625
6658723,35.5224609375
6659035,38.57421875
6659361,34.5458984375
6659389,35.888671875
6659901,41.3818359375
6660289,34.97314453125
6682436,37.41455078125
6683934,36.0107421875
6684357,38.39111328125
6685291,34.0576171875
6716481,34.1796875
6718153,37.109375
6718408,41.50390625
6718505,35.15625
6718598,43.212890625
6718758,34.24072265625
6719273,34.66796875
6755307,42.48046875
6755487,36.2548828125
6755710,35.400390625
6755931,33.3251953125
6797723,35.2783203125
6798691,33.3251953125
6799273,34.36279296875
6799305,38.75732421875
6799537,34.48486328125
6800157,35.5224609375
6851350,37.29248046875
6851818,36.0107421875
6852030,33.99658203125
6852254,34.912109375
6852446,33.69140625
6897740,37.841796875
6898007,46.32568359375
6898342,35.09521484375
6899031,33.63037109375
6941457,34.60693359375
7010463,34.0576171875
7011745,34.36279296875
7012001,46.20361328125
7012178,38.63525390625
7012502,34.11865234375
7012692,35.82763671875
7053865,40.4052734375
7054036,34.60693359375
7054299,35.33935546875
7054390,38.51318359375
7054784,38.818359375
7089044,37.78076171875
7089596,38.57421875
7089650,33.26416015625
7089970,38.6962890625
7091496,34.0576171875
7128535,48.828125
7128839,34.11865234375
7129433,34.5458984375
7129800,36.19384765625
7215426,33.8134765625
7216073,37.17041015625
7216105,34.48486328125
7216310,33.99658203125
7216488,38.26904296875
7244042,33.3251953125
7244219,33.69140625
7244888,38.02490234375
7245086,34.0576171875
7245319,34.24072265625
7273472,35.09521484375
7291363,35.33935546875
7294201,35.400390625
7294540,35.21728515625
7294723,36.7431640625
7295118,49.072265625
7333350,36.62109375
7333533,38.14697265625
7334051,34.423828125
7359949,38.0859375
7360493,42.54150390625
7412880,35.70556640625
7413196,35.888671875
7413964,40.83251953125
7455271,37.7197265625
7456738,37.353515625
7494221,37.65869140625
7494522,38.818359375
7494747,34.60693359375
7532877,33.3251953125
7533125,39.12353515625
7533799,40.34423828125
7533985,38.2080078125
7562122,38.6962890625
7562272,34.11865234375
7562865,35.400390625
7564811,33.26416015625
7586939,34.0576171875
7587837,35.0341796875
7589102,33.5693359375
7614844,38.818359375
7615296,36.2548828125
7615750,35.7666015625
7615988,35.64453125
7616642,34.7900390625
7617826,33.3251953125
7659965,37.59765625
7660186,34.72900390625
7660393,34.97314453125
7704350,48.03466796875
7704777,40.1611328125
7705189,35.64453125
7705264,35.82763671875
7705566,38.2080078125
7706458,38.4521484375
7755340,37.17041015625
7755609,37.53662109375
7755750,34.0576171875
7755983,33.99658203125
7756918,35.46142578125
7784953,38.75732421875
7786059,33.69140625
7786242,35.82763671875
7815031,37.04833984375
7817007,44.73876953125
7817577,38.2080078125
7817786,34.97314453125
7859523,38.6962890625
7859870,38.818359375
7860311,33.75244140625
7895957,39.12353515625
7896244,36.62109375
7896437,35.400390625
7896690,34.0576171875
7896995,34.11865234375
7947346,45.47119140625
7947516,37.7197265625
7947630,44.12841796875
7947836,36.43798828125
7948401,34.11865234375
7978543,45.10498046875
7978855,36.865234375
7979128,39.4287109375
8013145,33.38623046875
8014365,33.99658203125
8014562,36.376953125
8014769,36.7431640625
8052225,38.14697265625
8099853,34.97314453125
8100672,36.0107421875
8101024,34.0576171875
8101476,35.58349609375
8101685,38.26904296875
8218343,34.11865234375
8331082,40.52734375
8416386,35.58349609375
8446984,39.55078125
8463730,35.5224609375
8510502,38.6962890625
8528244,36.80419921875
8583415,35.09521484375
8597796,34.72900390625
8599057,42.1142578125
8599417,36.56005859375
8599590,41.07666015625
8600369,34.0576171875
8618871,35.64453125
8619511,35.64453125
8619805,40.71044921875
8620621,35.15625
8642637,35.64453125
8643265,38.2080078125
8643634,37.41455078125
8665189,36.865234375
8666287,33.50830078125
8667648,34.60693359375
8668600,35.15625
8696721,38.51318359375
8697072,35.888671875
8723769,35.58349609375
8724586,34.1796875
8725396,34.3017578125
8753945,33.63037109375
8754589,36.56005859375
8780215,33.26416015625
8780685,35.400390625
8781070,36.07177734375
8808554,34.48486328125
8808904,47.607421875
8809147,38.75732421875
8811430,34.7900390625
8834139,38.75732421875
8834438,39.48974609375
8834677,33.99658203125
8834897,35.15625
8835358,33.87451171875
8868155,37.29248046875
8868670,34.48486328125
8868868,35.2783203125
8869804,35.46142578125
8904594,34.36279296875
8904766,40.4052734375
8904940,34.97314453125
8905155,35.2783203125
8905348,33.69140625
8907357,34.3017578125
8942323,44.0673828125
8942534,39.73388671875
8942762,38.26904296875
8942991,34.423828125
8944144,45.71533203125
8945961,35.888671875
8971428,45.95947265625
8972390,34.7900390625
9014197,38.818359375
9014420,33.87451171875
9014636,39.24560546875
9382609,35.70556640625
9450977,39.48974609375
9560631,33.447265625
9563173,38.87939453125
9576536,34.1796875
9578267,35.21728515625
9595907,43.76220703125
9619684,36.07177734375
9630770,33.50830078125
9630872,37.109375
9636616,36.92626953125
9659056,33.87451171875
9659356,36.2548828125
9659899,36.376953125
9689904,33.8134765625
9690162,34.48486328125
9690359,36.376953125
9721415,38.87939453125
9721647,39.12353515625
9721694,34.1796875
9722002,35.33935546875
9722280,37.04833984375
9722687,33.5693359375
9722895,35.0341796875
9750560,39.1845703125
9750866,35.58349609375
9751059,33.8134765625
9783367,40.771484375
9783578,37.109375
9784145,35.94970703125
9819929,33.3251953125
9820311,37.17041015625
9820482,35.5224609375
9820645,37.59765625
9861917,35.64453125
9862018,33.935546875
9862159,33.75244140625
9862409,42.90771484375
9862597,35.0341796875
9864548,33.99658203125
10147397,35.64453125
10197008,41.3818359375
10197071,36.43798828125
10220735,34.48486328125
10304249,38.02490234375
10316805,39.73388671875
10319462,35.82763671875
10426229,40.283203125
10444401,37.41455078125
10477395,33.5693359375
10479573,36.80419921875
10480357,38.02490234375
10480514,51.8798828125
10480805,34.85107421875
10505195,34.11865234375
10505440,33.38623046875
10507396,34.97314453125
10531812,36.31591796875
10532247,35.82763671875
10532783,38.6962890625
10532977,38.6962890625
10566406,36.4990234375
10566669,35.70556640625
10566802,36.92626953125
10566850,33.75244140625
10567172,34.36279296875
10597328,38.4521484375
10597606,33.63037109375
10597800,38.02490234375
10597984,35.70556640625
10600709,33.5693359375
10622024,37.29248046875
10622313,35.21728515625
10622532,35.70556640625
10622763,36.4990234375
10662123,40.58837890625
10662739,43.88427734375
10662946,33.8134765625
10663129,34.24072265625
10715943,35.888671875
10716211,33.99658203125
10717035,35.15625
10750149,39.306640625
10750662,34.11865234375
10750875,34.97314453125
10751070,43.76220703125
10752858,34.5458984375
10753506,33.5693359375
10788374,33.26416015625
10788694,33.3251953125
10789749,33.26416015625
10789956,37.17041015625
10790230,34.48486328125
10839800,44.677734375
10840089,35.64453125
11371221,36.1328125
11443443,38.39111328125
11469334,33.935546875
11558394,35.2783203125
11612986,33.69140625
11681164,43.212890625
11681449,39.85595703125
11681621,34.97314453125
11714855,36.9873046875
11715312,40.10009765625
11715508,41.9921875
11741599,43.212890625
11741808,33.75244140625
11771228,34.3017578125
11771309,34.24072265625
11771456,36.19384765625
11810318,35.46142578125
11810572,34.3017578125
11810750,33.69140625
11810914,33.63037109375
