7799001,0
1222331,27.2216796875
1222347,29.052734375
1222375,39.4287109375
1222407,72.81494140625
1222421,30.6396484375
1222438,32.77587890625
1222454,59.2041015625
1222471,39.73388671875
1222503,28.564453125
1222538,26.06201171875
1222548,30.33447265625
1222573,29.60205078125
1222592,26.79443359375
1222772,26.7333984375
1222866,29.296875
1222900,26.7333984375
1222967,31.43310546875
1223595,26.123046875
2030139,36.19384765625
2030160,29.296875
2030182,47.54638671875
2030194,79.2236328125
2030221,39.00146484375
2030249,63.29345703125
2030281,30.21240234375
2030293,44.0673828125
2030321,34.1796875
2030368,26.85546875
2030404,26.611328125
2030418,31.06689453125
2030456,30.6396484375
2030512,28.9306640625
2041520,28.4423828125
2041562,27.7099609375
2041589,37.17041015625
2041611,57.4951171875
2041656,38.818359375
2041667,27.099609375
2041677,47.42431640625
2041715,29.6630859375
2041752,60.24169921875
2041775,30.029296875
2041791,27.16064453125
2041837,27.64892578125
2042134,30.70068359375
2042444,28.4423828125
2042456,35.2783203125
2042675,33.8134765625
2043007,29.84619140625
2177232,31.494140625
2177274,73.54736328125
2177292,39.0625
2177319,55.419921875
2177334,27.64892578125
2177360,40.1611328125
2177386,29.47998046875
2177402,33.0810546875
2177463,30.94482421875
2177539,30.33447265625
2177617,26.123046875
2177726,31.1279296875
2177790,26.79443359375
2177936,26.3671875
2177971,26.7333984375
2178435,28.076171875
2235347,35.2783203125
2235365,62.19482421875
2235382,29.96826171875
2235397,36.376953125
2235412,46.7529296875
2235430,39.48974609375
2235449,35.46142578125
2235483,26.30615234375
2235508,26.4892578125
2235531,28.74755859375
2235583,36.56005859375
2235615,26.06201171875
2235686,26.123046875
2235717,29.9072265625
2235899,26.123046875
2235999,28.86962890625
2236643,26.91650390625
2252386,26.91650390625
2252428,41.32080078125
2252455,26.91650390625
2252493,34.1796875
2252506,48.03466796875
2252544,33.203125
2252554,34.66796875
2252574,28.80859375
2252597,29.11376953125
2252619,26.123046875
2252684,29.23583984375
2252703,26.18408203125
2252794,27.64892578125
2252816,27.40478515625
2266723,29.296875
2266749,51.08642578125
2266780,36.92626953125
2266795,26.67236328125
2266821,40.71044921875
2266847,30.94482421875
2266869,32.89794921875
2266895,31.18896484375
2266937,26.0009765625
2266975,44.49462890625
2267004,28.3203125
2267177,28.076171875
2267275,27.2216796875
2267408,25.93994140625
2281931,32.5927734375
2281949,57.80029296875
2282009,26.30615234375
2282025,58.28857421875
2282057,28.25927734375
2282079,31.79931640625
2282096,28.564453125
2282115,27.83203125
2282134,26.30615234375
2282151,29.1748046875
2282194,30.45654296875
2282509,27.9541015625
2294549,30.82275390625
2294572,69.51904296875
2294593,38.26904296875
2294642,26.79443359375
2294668,41.8701171875
2294706,32.71484375
2294720,27.28271484375
2294798,26.55029296875
2294817,31.92138671875
2294951,29.96826171875
2295354,28.01513671875
2310023,30.70068359375
2310045,27.52685546875
2310080,67.9931640625
2310107,29.84619140625
2310127,32.28759765625
2310152,33.87451171875
2310164,35.33935546875
2310178,47.66845703125
2310212,26.67236328125
2310243,59.14306640625
2310272,36.2548828125
2310337,27.9541015625
2310384,28.62548828125
2310457,27.7099609375
2310616,27.03857421875
2310690,26.123046875
2310862,31.18896484375
2324721,27.9541015625
2324803,48.095703125
2324839,37.7197265625
2324936,26.9775390625
2324954,33.69140625
2324973,39.306640625
2325059,33.447265625
2325071,31.43310546875
2325259,28.62548828125
2325977,26.3671875
2339167,50.048828125
2339190,27.83203125
2339248,32.16552734375
2339261,35.7666015625
2339336,45.47119140625
2339351,30.029296875
2339432,27.03857421875
2339532,29.84619140625
2339699,28.3203125
2356431,45.22705078125
2356460,45.2880859375
2356518,25.93994140625
2356580,26.2451171875
2356605,34.66796875
2356652,26.79443359375
2357019,26.2451171875
2371254,29.296875
2371411,34.66796875
2371849,28.564453125
2865914,26.2451171875
3022674,27.2216796875
3022692,28.50341796875
3022792,40.52734375
3022817,32.2265625
3022841,39.36767578125
3022857,55.7861328125
3022885,64.63623046875
3022909,27.83203125
3022930,59.38720703125
3022958,28.6865234375
3023002,42.29736328125
3023015,30.029296875
3023041,28.74755859375
3023260,34.85107421875
3023339,30.57861328125
3023442,30.6396484375
3023736,26.7333984375
3579070,26.55029296875
3579105,41.32080078125
3579134,49.25537109375
3579144,88.2568359375
3579186,45.41015625
3579208,58.41064453125
3579224,40.22216796875
3579254,43.8232421875
3579281,32.16552734375
3579322,30.09033203125
3579337,39.794921875
3579385,29.6630859375
3579433,32.89794921875
3579533,26.2451171875
4272580,30.2734375
4272669,30.8837890625
4273105,27.7099609375
4273179,47.66845703125
4273202,59.5703125
4273220,27.587890625
4273243,27.2216796875
4273261,35.33935546875
4273274,70.00732421875
4273308,35.09521484375
4273346,40.8935546875
4273369,26.85546875
4273409,26.4892578125
4273422,30.82275390625
4273450,27.03857421875
4273488,31.25
4273561,28.13720703125
4273822,29.296875
4274181,26.91650390625
4699366,30.6396484375
4699401,67.2607421875
4699414,33.14208984375
4699443,35.94970703125
4699469,33.02001953125
4699513,29.296875
4699531,26.79443359375
4699554,30.029296875
4699646,28.564453125
4699675,29.72412109375
4699721,26.0009765625
4699795,29.78515625
4699891,26.06201171875
4700192,26.3671875
4700684,26.30615234375
4829012,27.64892578125
4829051,33.87451171875
4829112,32.470703125
4829134,79.4677734375
4829160,54.74853515625
4829188,68.78662109375
4829199,34.7900390625
4829238,30.029296875
4829275,31.31103515625
4829310,33.75244140625
4829322,32.53173828125
4829746,30.517578125
4830287,27.16064453125
4902808,26.611328125
4902823,39.0625
4902839,60.24169921875
4902856,54.3212890625
4902883,38.63525390625
4902900,33.935546875
4902932,50.6591796875
4902969,32.3486328125
4903015,34.36279296875
4903127,26.85546875
4903372,28.25927734375
4903546,28.80859375
4903716,27.9541015625
4903747,27.64892578125
4924087,26.3671875
4924119,34.5458984375
4924129,74.70703125
4924166,27.4658203125
4924191,41.93115234375
4924211,26.85546875
4924223,33.8134765625
4924248,30.94482421875
4924303,29.4189453125
4924338,27.28271484375
4924667,26.30615234375
4940312,38.6962890625
4940337,70.6787109375
4940349,37.4755859375
4940373,28.13720703125
4940391,38.51318359375
4940405,40.4052734375
4940422,26.91650390625
4940441,32.53173828125
4940459,39.794921875
4940498,35.70556640625
4940546,28.1982421875
4940562,28.80859375
4940576,29.1748046875
4940757,26.30615234375
4940910,26.123046875
4941138,28.38134765625
4954227,34.3017578125
4954257,42.05322265625
4954269,29.6630859375
4954291,27.9541015625
4954316,41.6259765625
4954338,26.18408203125
4954362,45.10498046875
4954390,33.38623046875
4954402,28.564453125
4954460,25.93994140625
4954512,27.89306640625
4954546,28.86962890625
4954573,26.123046875
4954686,26.30615234375
4954720,35.64453125
4954730,28.9306640625
4954787,27.89306640625
4955748,30.45654296875
4965765,26.55029296875
4966117,33.447265625
4966157,29.47998046875
4966207,29.4189453125
4966238,37.9638671875
4966259,28.1982421875
4966279,30.517578125
4966324,30.33447265625
4966397,26.18408203125
4966558,26.42822265625
4978206,38.39111328125
4978292,29.11376953125
4978307,28.50341796875
4978344,27.9541015625
4978389,27.7099609375
4978418,26.30615234375
4978544,37.17041015625
4990346,26.42822265625
4990549,43.9453125
4990593,26.18408203125
4990695,28.62548828125
4990755,26.85546875
4990784,26.7333984375
5008285,30.70068359375
5008345,26.42822265625
5008364,28.9306640625
5008385,49.6826171875
5008418,27.40478515625
5008447,26.55029296875
5008480,40.283203125
5008561,27.83203125
5008588,43.39599609375
5008677,27.9541015625
5008741,26.9775390625
5008764,27.7099609375
5025969,27.2216796875
5026090,30.94482421875
5026212,32.16552734375
5066193,28.076171875
5066306,32.89794921875
5977863,26.85546875
5977876,25.93994140625
5977929,31.982421875
5977948,29.6630859375
5977965,62.92724609375
5977983,26.4892578125
5978004,30.45654296875
5978033,30.2734375
5978058,43.701171875
5978084,30.6396484375
5978121,29.541015625
5978168,31.8603515625
5978209,29.23583984375
5978228,27.03857421875
5978250,26.123046875
5978291,26.79443359375
5978461,28.25927734375
5978768,26.2451171875
7429431,29.4189453125
7429483,31.55517578125
7429502,32.28759765625
7429534,44.12841796875
7429547,63.90380859375
7429565,35.2783203125
7429591,50.4150390625
7429616,30.94482421875
7429635,26.2451171875
7429661,31.06689453125
7429691,27.587890625
7429705,31.8603515625
7429772,27.03857421875
7429936,28.13720703125
7430022,26.30615234375
7430128,29.11376953125
7430363,26.3671875
7430384,28.50341796875
7430549,27.2216796875
7442242,26.4892578125
7442324,32.04345703125
7442346,37.53662109375
7442370,52.8564453125
7442386,46.875
7442403,31.55517578125
7442436,28.38134765625
7442454,37.53662109375
7442477,32.71484375
7442502,30.94482421875
7442521,29.78515625
7442536,33.3251953125
7442662,28.01513671875
7442687,26.123046875
7442771,28.74755859375
7442883,26.79443359375
7443122,32.5927734375
7567034,29.1748046875
7567059,27.89306640625
7567159,32.16552734375
7567178,27.28271484375
7567201,65.3076171875
7567257,47.2412109375
7567280,27.587890625
7567304,37.17041015625
7567346,31.18896484375
7567357,39.85595703125
7567378,38.0859375
7567404,27.16064453125
7567418,34.60693359375
7567436,31.67724609375
7567481,27.52685546875
7567501,34.97314453125
7567620,30.09033203125
7567936,27.16064453125
7628681,27.64892578125
7628712,42.96875
7628722,60.6689453125
7628748,28.50341796875
7628766,42.54150390625
7628792,25.93994140625
7628812,38.57421875
7628829,29.47998046875
7628848,26.9775390625
7628922,39.00146484375
7629002,29.4189453125
7629075,30.45654296875
7629106,31.06689453125
7652616,27.28271484375
7652638,34.60693359375
7652656,53.5888671875
7652674,36.43798828125
7652709,61.58447265625
7652740,27.89306640625
7652777,26.3671875
7652797,34.24072265625
7652829,26.2451171875
7652966,28.99169921875
7653046,27.099609375
7653211,27.16064453125
7653454,27.40478515625
7653470,29.72412109375
7654407,26.18408203125
7670568,27.4658203125
7670610,70.4345703125
7670625,48.15673828125
7670653,33.3251953125
7670676,32.470703125
7670688,41.015625
7670725,29.6630859375
7670751,28.80859375
7670794,26.7333984375
7670826,26.7333984375
7670861,28.80859375
7670930,28.9306640625
7670998,27.77099609375
7671285,27.099609375
7686407,34.36279296875
7686433,37.9638671875
7686455,26.42822265625
7686485,54.0771484375
7686505,30.3955078125
7686539,35.94970703125
7686567,28.1982421875
7686581,35.82763671875
7686604,27.34375
7686655,37.353515625
7686677,34.7900390625
7686695,27.2216796875
7686729,30.76171875
7686764,25.93994140625
7686835,28.6865234375
7686872,29.4189453125
7686982,26.67236328125
7687024,29.23583984375
7687302,27.099609375
7700378,29.296875
7700574,43.88427734375
7700607,44.37255859375
7700638,27.099609375
7700669,27.28271484375
7700738,29.296875
7700771,36.865234375
7700800,27.40478515625
7700840,29.72412109375
7700854,31.25
7700972,26.9775390625
7715155,29.11376953125
7715279,44.00634765625
7715324,33.8134765625
7715341,34.48486328125
7715364,34.0576171875
7715385,34.912109375
7715406,45.41015625
7715447,27.28271484375
7715541,29.96826171875
7715596,28.13720703125
7715680,29.4189453125
7733940,29.6630859375
7733961,32.5927734375
7734003,27.77099609375
7734039,42.66357421875
7734054,35.2783203125
7734079,26.67236328125
7734102,38.87939453125
7734144,32.40966796875
7734167,30.3955078125
7734273,47.36328125
7734493,37.4755859375
7765393,38.63525390625
7765413,32.89794921875
7765435,43.45703125
7765445,40.95458984375
7765467,30.3955078125
7765481,41.3818359375
7765544,40.46630859375
7765560,28.25927734375
7765659,48.828125
7765709,26.4892578125
