7799001,0
1222268,29.78515625
1222294,33.63037109375
1222323,31.31103515625
1222356,112.97607421875
1222379,101.86767578125
1222395,66.162109375
1222408,63.96484375
1222437,57.80029296875
1222457,121.337890625
1222491,58.04443359375
1222515,56.70166015625
1222538,34.423828125
1222556,66.40625
1222582,55.419921875
1222601,28.01513671875
1222612,30.45654296875
1222644,27.40478515625
1222659,55.2978515625
1222676,28.01513671875
1222711,31.3720703125
1222742,30.6396484375
1222771,25.0244140625
1222867,30.3955078125
1222877,24.658203125
1222900,26.123046875
1317699,123.84033203125
1481367,25.32958984375
2030057,33.63037109375
2030109,27.9541015625
2030128,31.25
2030162,113.8916015625
2030182,46.142578125
2030207,79.16259765625
2030240,58.89892578125
2030251,128.11279296875
2030271,33.3251953125
2030300,64.63623046875
2030315,62.92724609375
2030351,47.4853515625
2030380,67.5048828125
2030400,36.31591796875
2030434,34.24072265625
2030455,39.48974609375
2030477,44.25048828125
2030501,31.73828125
2030559,29.541015625
2030603,33.38623046875
2030625,44.25048828125
2030678,28.076171875
2030761,27.03857421875
2030793,25.32958984375
2030859,30.09033203125
2031257,24.7802734375
2041109,26.611328125
2041240,66.5283203125
2041324,26.30615234375
2041442,30.76171875
2041471,63.96484375
2041483,26.67236328125
2041516,62.56103515625
2041532,36.92626953125
2041561,68.359375
2041578,85.44921875
2041604,60.97412109375
2041616,99.67041015625
2041640,47.42431640625
2041665,73.18115234375
2041683,103.08837890625
2041718,89.599609375
2041729,44.189453125
2041744,64.27001953125
2041758,32.3486328125
2041784,52.67333984375
2041800,51.08642578125
2041820,38.57421875
2041837,30.517578125
2041856,35.82763671875
2041888,35.33935546875
2041902,62.68310546875
2041934,34.72900390625
2041957,34.1796875
2041972,34.423828125
2042015,29.23583984375
2042036,44.7998046875
2042059,28.25927734375
2042107,29.96826171875
2042126,35.33935546875
2042179,32.65380859375
2042197,29.4189453125
2042270,25.87890625
2042301,28.01513671875
2042339,33.63037109375
2042366,25.81787109375
2042447,31.6162109375
2042481,26.18408203125
2042494,29.052734375
2042555,29.84619140625
2042585,28.076171875
2042624,27.16064453125
2042656,31.982421875
2042685,31.43310546875
2042753,28.38134765625
2042827,25.69580078125
2042961,28.62548828125
2043019,24.59716796875
2043347,24.59716796875
2050646,56.884765625
2051290,65.3076171875
2051936,59.326171875
2052555,51.81884765625
2053150,59.02099609375
2053606,54.8095703125
2054034,45.22705078125
2054586,53.3447265625
2055090,58.349609375
2055647,49.8046875
2056186,48.27880859375
2056627,58.16650390625
2057124,51.94091796875
2057659,43.64013671875
2058168,51.3916015625
2058627,50.59814453125
2059162,41.3818359375
2059698,48.095703125
2060174,46.81396484375
2060698,43.5791015625
2061146,44.677734375
2061651,46.93603515625
2062304,48.27880859375
2062804,49.1943359375
2063340,45.166015625
2063931,49.74365234375
2064482,39.9169921875
2065127,47.54638671875
2065652,46.7529296875
2066308,50.96435546875
2066915,43.64013671875
2067473,49.01123046875
2067984,51.1474609375
2068754,48.9501953125
2069391,47.05810546875
2070051,46.7529296875
2070750,48.33984375
2071443,46.9970703125
2072211,40.46630859375
2072767,41.68701171875
2073476,46.0205078125
2074250,44.37255859375
2075074,48.76708984375
2075806,48.9501953125
2076723,40.46630859375
2077458,43.9453125
2078277,47.79052734375
2079226,46.9970703125
2080028,45.34912109375
2080836,48.7060546875
2081776,51.26953125
2082700,52.490234375
2083769,52.734375
2084715,51.81884765625
2085738,51.20849609375
2086776,50.72021484375
2087723,46.44775390625
2088912,46.142578125
2089915,52.06298828125
2090986,55.35888671875
2092027,51.025390625
2093258,46.44775390625
2094611,52.1240234375
2095734,48.2177734375
2096868,54.26025390625
2098044,49.4384765625
2099374,48.828125
2100684,55.11474609375
2102115,49.25537109375
2103619,51.7578125
2105229,50.96435546875
2106693,47.9736328125
2108420,52.42919921875
2110021,49.8046875
2112243,54.5654296875
2114394,52.3681640625
2116894,58.59375
2119275,51.45263671875
2121494,48.095703125
2124881,56.57958984375
2177081,28.3203125
2177100,76.5380859375
2177116,26.79443359375
2177157,24.5361328125
2177192,31.3720703125
2177202,55.6640625
2177226,41.015625
2177245,150.87890625
2177255,89.35546875
2177278,54.5654296875
2177309,63.90380859375
2177321,110.7177734375
2177343,36.92626953125
2177375,73.1201171875
2177397,48.15673828125
2177413,47.2412109375
2177425,35.888671875
2177437,42.78564453125
2177468,54.6875
2177494,41.80908203125
2177507,35.400390625
2177528,43.701171875
2177545,53.16162109375
2177572,37.2314453125
2177596,26.79443359375
2177607,28.62548828125
2177671,33.0810546875
2177687,31.982421875
2177711,25.08544921875
2177757,27.64892578125
2177771,30.3955078125
2177788,26.79443359375
2177849,27.7099609375
2177938,24.59716796875
2186316,54.01611328125
2187036,52.42919921875
2187770,61.4013671875
2188453,45.654296875
2189039,46.32568359375
2189621,46.20361328125
2190244,43.212890625
2190814,46.56982421875
2191338,46.69189453125
2191884,45.41015625
2192416,48.7060546875
2193062,47.9736328125
2193569,51.69677734375
2194092,50.4150390625
2194731,57.06787109375
2195306,45.166015625
2195848,46.93603515625
2196499,39.61181640625
2197041,46.875
2197634,45.59326171875
2198296,40.22216796875
2198863,45.7763671875
2199509,43.88427734375
2200236,53.77197265625
2200880,49.560546875
2201543,44.43359375
2202195,49.86572265625
2202940,43.02978515625
2203790,46.2646484375
2204468,41.8701171875
2205330,41.44287109375
2206040,52.55126953125
2206910,44.98291015625
2207774,46.7529296875
2208478,46.08154296875
2209187,52.490234375
2209960,49.01123046875
2210851,45.47119140625
2211660,42.90771484375
2212457,54.19921875
2213204,40.10009765625
2214122,47.36328125
2215140,45.10498046875
2215851,44.61669921875
2216800,49.25537109375
2217900,42.8466796875
2218973,48.095703125
2220097,51.513671875
2221253,50.29296875
2222135,51.7578125
2223310,48.583984375
2224286,50.537109375
2225506,42.6025390625
2226749,58.89892578125
2227922,48.27880859375
2229031,43.15185546875
2230153,47.4853515625
2231230,56.45751953125
2232620,47.7294921875
2233891,47.2412109375
2234994,50.59814453125
2235196,50.4150390625
2235216,33.447265625
2235253,24.7802734375
2235283,88.31787109375
2235301,75.68359375
2235319,27.4658203125
2235343,113.34228515625
2235363,79.9560546875
2235382,71.2890625
2235394,35.64453125
2235420,68.7255859375
2235432,92.28515625
2235454,36.19384765625
2235475,33.0810546875
2235502,52.91748046875
2235517,32.5927734375
2235538,57.373046875
2235574,27.9541015625
2235592,41.259765625
2235616,31.43310546875
2235645,37.841796875
2235658,26.30615234375
2235672,26.7333984375
2235683,34.7900390625
2235724,26.67236328125
2235766,49.560546875
2235796,29.9072265625
2235816,28.50341796875
2235841,24.90234375
2235873,27.64892578125
2235896,24.59716796875
2235947,28.3203125
2236009,28.076171875
2236020,27.34375
2236060,28.99169921875
2236380,35.70556640625
2243627,49.49951171875
2244521,41.50390625
2245192,46.81396484375
2245799,47.607421875
2246358,47.91259765625
2246827,44.12841796875
2247414,49.8046875
2247982,42.8466796875
2248541,40.4052734375
2249145,45.95947265625
2249770,40.58837890625
2250213,51.26953125
2250733,41.1376953125
2251363,47.9736328125
2251962,43.9453125
2252260,40.46630859375
2252303,29.72412109375
2252350,58.4716796875
2252370,25.146484375
2252395,45.59326171875
2252425,50.78125
2252443,52.30712890625
2252464,93.44482421875
2252474,67.07763671875
2252496,64.94140625
2252506,47.36328125
2252530,41.748046875
2252551,38.87939453125
2252570,42.90771484375
2252590,37.17041015625
2252602,45.0439453125
2252629,26.7333984375
2252647,47.91259765625
2252675,39.48974609375
2252690,27.34375
2252718,27.77099609375
2252759,31.6162109375
2252780,35.58349609375
2252801,28.25927734375
2252813,33.447265625
2252842,32.04345703125
2252855,26.123046875
2252899,26.4892578125
2252936,35.94970703125
2252968,28.1982421875
2252990,33.87451171875
2253013,24.658203125
2253043,27.16064453125
2253068,27.34375
2253104,26.30615234375
2253126,26.7333984375
2253200,28.80859375
2253272,28.01513671875
2253312,32.65380859375
2253400,26.123046875
2253660,25.146484375
2260002,39.794921875
2260958,44.73876953125
2261707,44.25048828125
2262261,42.96875
2262873,37.17041015625
2263374,42.6025390625
2263925,30.029296875
2264530,38.26904296875
2265026,35.58349609375
2265622,39.12353515625
2266090,36.68212890625
2266496,44.00634765625
2266637,40.10009765625
2266666,52.6123046875
2266688,34.85107421875
2266704,47.54638671875
2266731,54.50439453125
2266758,131.40869140625
2266782,45.8984375
2266797,104.248046875
2266835,66.22314453125
2266848,55.5419921875
2266877,53.466796875
2266890,27.40478515625
2266906,57.0068359375
2266934,72.509765625
2266955,30.3955078125
2266986,38.6962890625
2266999,31.55517578125
2267014,44.0673828125
2267051,56.94580078125
2267092,27.34375
2267118,37.109375
2267155,48.03466796875
2267169,32.8369140625
2267193,32.40966796875
2267222,28.80859375
2267247,29.96826171875
2267276,35.0341796875
2267287,25.146484375
2267301,35.94970703125
2267355,37.41455078125
2267371,42.66357421875
2267407,31.43310546875
2267431,25.7568359375
2267462,25.2685546875
2267487,35.33935546875
2267507,31.3720703125
2267563,29.4189453125
2267589,28.1982421875
2267607,25.634765625
2267755,29.296875
2267838,27.34375
2267885,30.3955078125
2275026,41.07666015625
2275531,41.1376953125
2276019,33.69140625
2276534,42.1142578125
2277042,31.8603515625
2277514,37.353515625
2278031,34.72900390625
2278566,30.6396484375
2279107,41.9921875
2279141,26.3671875
2279616,42.96875
2280053,37.29248046875
2280624,35.33935546875
2281130,39.73388671875
2281627,32.8369140625
2281844,42.54150390625
2281869,31.3720703125
2281888,64.27001953125
2281901,25.5126953125
2281921,56.5185546875
2281933,57.6171875
2281958,122.49755859375
2281995,99.06005859375
2282016,52.79541015625
2282028,33.0810546875
2282046,46.81396484375
2282064,61.6455078125
2282094,44.189453125
2282104,34.423828125
2282118,56.0302734375
2282140,35.2783203125
2282150,37.841796875
2282175,44.37255859375
2282200,55.48095703125
2282225,26.06201171875
2282250,38.9404296875
2282266,35.888671875
2282296,24.59716796875
2282319,34.912109375
2282347,35.5224609375
2282390,26.7333984375
2282428,27.77099609375
2282438,28.74755859375
2282462,29.47998046875
2282528,26.0009765625
2282648,31.92138671875
2282750,27.2216796875
2282798,32.1044921875
2282818,48.095703125
2282922,25.2685546875
2283185,32.77587890625
2283424,25.45166015625
2284167,25.5126953125
2290196,32.53173828125
2290786,36.68212890625
2291356,30.8837890625
2291900,26.67236328125
2292498,33.50830078125
2293018,39.48974609375
2293538,34.97314453125
2294056,38.39111328125
2294364,51.513671875
2294377,28.86962890625
2294414,54.74853515625
2294424,32.470703125
2294466,36.80419921875
2294484,46.0205078125
2294509,44.49462890625
2294527,57.373046875
2294548,72.021484375
2294575,102.783203125
2294588,47.42431640625
2294624,71.10595703125
2294636,70.86181640625
2294651,50.29296875
2294667,70.37353515625
2294685,28.25927734375
2294712,39.6728515625
2294737,54.3212890625
2294756,47.91259765625
2294768,42.48046875
2294788,38.330078125
2294807,48.7060546875
2294830,30.517578125
2294843,26.611328125
2294872,42.90771484375
2294884,44.7998046875
2294901,33.38623046875
2294926,34.48486328125
2294946,35.58349609375
2294964,41.56494140625
2294994,35.2783203125
2295020,31.3720703125
2295032,35.64453125
2295043,31.6162109375
2295078,27.52685546875
2295114,28.01513671875
2295129,27.9541015625
2295168,30.76171875
2295197,29.052734375
2295218,25.7568359375
2295295,24.84130859375
2295416,26.67236328125
2295464,27.52685546875
2295955,27.03857421875
2302348,24.5361328125
2303291,29.47998046875
2303922,37.41455078125
2304452,32.71484375
2305010,34.24072265625
2305583,31.8603515625
2306188,33.26416015625
2306738,39.00146484375
2307362,34.36279296875
2307985,40.0390625
2308582,38.63525390625
2309110,40.10009765625
2309717,31.43310546875
2309912,29.60205078125
2309926,43.88427734375
2309938,70.556640625
2309973,61.95068359375
2309985,35.5224609375
2310009,37.65869140625
2310030,88.92822265625
2310044,31.43310546875
2310079,65.36865234375
2310101,96.0693359375
2310123,51.6357421875
2310133,57.67822265625
2310155,31.55517578125
2310184,75.98876953125
2310210,59.4482421875
2310227,43.701171875
2310249,51.513671875
2310267,41.68701171875
2310283,65.3076171875
2310303,28.1982421875
2310332,41.015625
2310356,54.87060546875
2310372,34.24072265625
2310391,50.29296875
2310442,31.31103515625
2310456,24.658203125
2310489,32.77587890625
2310521,39.0625
2310542,32.71484375
2310555,26.2451171875
2310580,28.564453125
2310612,29.9072265625
2319444,24.84130859375
2320138,39.61181640625
2320724,36.0107421875
2321366,32.40966796875
2321913,34.1796875
2322500,28.1982421875
2323181,29.23583984375
2323859,30.2734375
2324427,35.7666015625
2324449,26.3671875
2324496,28.6865234375
2324511,55.6640625
2324542,27.7099609375
2324575,30.76171875
2324588,35.888671875
2324600,37.04833984375
2324633,76.47705078125
2324647,32.5927734375
2324663,28.3203125
2324692,30.8837890625
2324713,73.8525390625
2324737,28.50341796875
2324751,30.1513671875
2324773,24.90234375
2324784,37.90283203125
2324815,42.90771484375
2324836,35.70556640625
2324869,33.38623046875
2324883,55.72509765625
2324911,41.19873046875
2324936,102.84423828125
2324952,39.48974609375
2324977,56.94580078125
2325000,28.13720703125
2325019,47.54638671875
2325029,26.123046875
2325060,32.71484375
2325072,40.8935546875
2325103,40.95458984375
2325131,35.58349609375
2325158,37.41455078125
2325198,38.26904296875
2325213,30.3955078125
2325264,27.89306640625
2325290,31.25
2325320,40.71044921875
2325408,36.43798828125
2325613,24.658203125
2325746,28.1982421875
2333737,32.3486328125
2334424,28.50341796875
2335218,27.9541015625
2335979,31.31103515625
2336661,36.0107421875
2337323,35.400390625
2338123,31.92138671875
2338613,37.841796875
2338815,25.45166015625
2338904,39.6728515625
2338922,50.537109375
2338938,52.06298828125
2338963,51.69677734375
2338976,26.123046875
2339016,79.16259765625
2339028,38.0859375
2339050,40.52734375
2339069,41.3818359375
2339083,64.94140625
2339102,32.77587890625
2339129,29.9072265625
2339164,59.50927734375
2339180,27.52685546875
2339213,38.14697265625
2339242,33.02001953125
2339254,147.5830078125
2339277,32.53173828125
2339303,50.6591796875
2339317,26.123046875
2339338,35.64453125
2339372,38.87939453125
2339393,30.57861328125
2339411,32.958984375
2339443,29.96826171875
2339479,24.84130859375
2339510,38.63525390625
2339579,26.79443359375
2339596,26.9775390625
2339616,29.96826171875
2339644,24.90234375
2339890,29.35791015625
2339914,25.390625
2348182,33.87451171875
2348951,37.65869140625
2349697,40.0390625
2350504,27.16064453125
2351404,30.76171875
2352336,34.5458984375
2353181,33.8134765625
2353949,31.73828125
2354970,40.58837890625
2355839,36.865234375
2356128,27.2216796875
2356182,31.3720703125
2356193,74.64599609375
2356217,61.1572265625
2356252,29.9072265625
2356267,50.47607421875
2356283,38.0859375
2356306,27.77099609375
2356330,73.91357421875
2356344,31.55517578125
2356371,40.46630859375
2356392,28.9306640625
2356414,49.74365234375
2356447,31.1279296875
2356467,29.541015625
2356480,26.18408203125
2356497,31.31103515625
2356517,66.5283203125
2356542,26.7333984375
2356565,37.90283203125
2356587,30.70068359375
2356600,27.89306640625
2356631,30.8837890625
2356655,34.66796875
2356676,38.57421875
2356690,27.099609375
2356767,42.1142578125
2356782,39.0625
2356863,27.34375
2356943,43.88427734375
2356973,25.146484375
2357114,30.33447265625
2357490,27.77099609375
2357552,29.296875
2357833,27.34375
2357866,46.38671875
2357946,43.88427734375
2358336,27.587890625
2359147,27.099609375
2359171,38.75732421875
2359468,26.55029296875
2359483,37.59765625
2359500,24.7802734375
2359811,25.390625
2365222,33.87451171875
2366663,33.50830078125
2367650,27.9541015625
2369403,35.09521484375
2370566,33.69140625
2371076,54.13818359375
2371090,35.0341796875
2371106,28.74755859375
2371146,91.6748046875
2371157,57.12890625
2371184,39.73388671875
2371209,59.4482421875
2371230,30.70068359375
2371247,35.94970703125
2371295,26.4892578125
2371316,30.09033203125
2371341,36.19384765625
2371362,29.23583984375
2371376,38.75732421875
2371412,43.9453125
2371425,29.4189453125
2371460,28.74755859375
2371482,26.30615234375
2371518,44.49462890625
2371528,44.61669921875
2371557,26.2451171875
2371642,25.146484375
2371662,26.7333984375
2371683,32.2265625
2371695,28.6865234375
2371705,27.34375
2371799,28.076171875
2372108,25.45166015625
2372223,30.76171875
2372258,43.88427734375
2372572,24.59716796875
2372942,39.306640625
2373443,28.01513671875
2373474,36.1328125
2373777,25.32958984375
2374051,26.30615234375
2382100,34.72900390625
2384035,49.560546875
2385617,42.48046875
2387316,39.306640625
2389486,40.34423828125
2395596,40.771484375
2398940,36.43798828125
3021376,25.08544921875
3021466,25.57373046875
3021533,56.640625
3021636,26.06201171875
3021649,35.70556640625
3021679,33.99658203125
3021690,88.37890625
3021716,61.8896484375
3021746,44.3115234375
3021759,46.875
3021772,53.7109375
3021787,53.16162109375
3021900,25.5126953125
3022024,27.9541015625
3022044,25.2685546875
3022262,27.099609375
3022504,26.06201171875
3022553,27.9541015625
3022597,26.67236328125
3022628,29.11376953125
3022645,26.18408203125
3022691,29.296875
3022712,25.146484375
3022737,35.400390625
3022781,27.77099609375
3022800,77.392578125
3022813,51.45263671875
3022834,65.4296875
3022857,120.849609375
3022868,57.0068359375
3022883,59.326171875
3022907,94.54345703125
3022927,57.9833984375
3022960,73.66943359375
3022976,27.52685546875
3023004,58.349609375
3023018,81.9091796875
3023059,69.2138671875
3023084,40.34423828125
3023096,33.63037109375
3023111,32.04345703125
3023132,32.16552734375
3023164,35.82763671875
3023189,24.5361328125
3023250,26.9775390625
3023285,39.794921875
3064627,41.56494140625
3558637,125.9765625
3561416,119.56787109375
3578986,28.3203125
3579013,37.17041015625
3579039,50.048828125
3579052,50.84228515625
3579080,32.16552734375
3579098,45.41015625
3579110,156.73828125
3579145,98.20556640625
3579169,49.4384765625
3579197,63.1103515625
3579207,116.14990234375
3579223,48.40087890625
3579241,39.1845703125
3579264,61.8896484375
3579293,46.69189453125
3579321,46.9970703125
3579342,42.29736328125
3579369,33.0810546875
3579381,39.12353515625
3579405,27.89306640625
3579423,27.9541015625
3579434,25.20751953125
3579488,26.3671875
3579521,25.69580078125
3579548,30.1513671875
3579599,35.2783203125
3579682,26.85546875
3579779,26.79443359375
3579868,26.30615234375
3594362,60.60791015625
3597882,57.7392578125
3623488,122.74169921875
3997093,25.2685546875
4272336,28.4423828125
4272447,74.462890625
4272470,41.80908203125
4272481,50.84228515625
4272509,54.443359375
4272526,70.80078125
4272545,44.3115234375
4272557,45.83740234375
4272584,58.28857421875
4272601,29.11376953125
4272615,25.20751953125
4272647,33.8134765625
4272669,37.7197265625
4272741,33.203125
4272820,29.1748046875
4272863,25.57373046875
4272933,27.28271484375
4272983,25.2685546875
4273017,25.390625
4273052,28.80859375
4273063,30.8837890625
4273094,26.7333984375
4273116,25.08544921875
4273168,37.53662109375
4273186,37.7197265625
4273216,67.93212890625
4273229,31.92138671875
4273243,118.5302734375
4273276,55.6640625
4273298,105.04150390625
4273325,39.4287109375
4273344,83.31298828125
4273366,67.5048828125
4273384,39.36767578125
4273403,49.560546875
4273417,52.55126953125
4273438,50.9033203125
4273472,26.91650390625
4273505,41.50390625
4273523,33.3251953125
4273547,26.18408203125
4273561,30.76171875
4273578,30.6396484375
4273645,24.84130859375
4273676,39.55078125
4286774,60.48583984375
4288067,58.2275390625
4289908,64.88037109375
4291954,26.18408203125
4292842,57.6171875
4295620,60.24169921875
4699337,26.3671875
4699367,44.98291015625
4699381,136.8408203125
4699398,55.17578125
4699413,80.9326171875
4699450,107.0556640625
4699463,77.0263671875
4699473,41.80908203125
4699505,46.56982421875
4699531,62.56103515625
4699545,44.3115234375
4699574,29.296875
4699603,50.048828125
4699624,35.94970703125
4699673,34.0576171875
4699686,36.43798828125
4699721,26.2451171875
4699745,38.14697265625
4699757,25.2685546875
4699813,31.3720703125
4699824,37.841796875
4700000,30.21240234375
4700090,25.57373046875
4700156,24.84130859375
4700278,25.32958984375
4700422,25.7568359375
4710695,63.65966796875
4711690,52.001953125
4712317,58.2275390625
4712969,48.76708984375
4713850,62.8662109375
4714036,25.87890625
4714596,55.0537109375
4715194,54.6875
4715771,51.26953125
4716446,49.072265625
4717117,54.01611328125
4717783,50.96435546875
4718395,56.94580078125
4719124,48.583984375
4719802,56.396484375
4720469,54.443359375
4721078,54.26025390625
4721833,51.45263671875
4722826,52.490234375
4723701,52.001953125
4724538,47.4853515625
4725254,49.31640625
4725945,54.3212890625
4726934,48.15673828125
4727838,54.13818359375
4728995,50.10986328125
4730321,47.42431640625
4731894,54.01611328125
4733581,51.7578125
4735296,47.607421875
4737661,60.60791015625
4828963,32.958984375
4829015,35.09521484375
4829028,26.611328125
4829045,79.77294921875
4829059,50.96435546875
4829102,85.8154296875
4829119,116.63818359375
4829134,91.552734375
4829156,96.25244140625
4829187,53.955078125
4829211,55.6640625
4829228,31.73828125
4829250,63.17138671875
4829281,57.06787109375
4829296,28.9306640625
4829319,34.912109375
4829352,26.611328125
4829369,35.58349609375
4829385,40.46630859375
4829423,41.93115234375
4829471,49.9267578125
4829500,61.8896484375
4829515,32.53173828125
4829560,25.93994140625
4829605,26.4892578125
4829617,27.34375
4829628,26.06201171875
4829759,25.69580078125
4829912,28.076171875
4830069,27.40478515625
4838809,50.35400390625
4839573,64.3310546875
4840162,51.7578125
4840821,56.94580078125
4841436,52.55126953125
4841884,48.33984375
4842348,43.88427734375
4842926,55.419921875
4843416,49.560546875
4844024,43.212890625
4844490,51.025390625
4845043,44.677734375
4845513,45.5322265625
4846049,43.88427734375
4846614,47.8515625
4847061,44.49462890625
4847532,49.560546875
4848022,42.96875
4848579,44.677734375
4849103,45.83740234375
4849668,49.86572265625
4850082,50.048828125
4850568,39.4287109375
4851107,49.13330078125
4851683,37.29248046875
4852267,47.2412109375
4852812,47.8515625
4853410,46.44775390625
4853927,47.9736328125
4854461,41.1376953125
4855193,39.85595703125
4855688,40.34423828125
4856267,44.98291015625
4856912,47.2412109375
4857581,43.701171875
4858230,55.96923828125
4858855,37.59765625
4859521,45.22705078125
4860205,45.47119140625
4861057,44.677734375
4861827,48.2177734375
4862555,39.97802734375
4863232,52.24609375
4863989,45.95947265625
4864754,44.86083984375
4865502,42.29736328125
4866152,35.888671875
4866954,45.47119140625
4867941,42.05322265625
4868710,44.61669921875
4869603,51.1474609375
4870468,46.7529296875
4871462,48.64501953125
4872423,52.30712890625
4873389,46.9970703125
4874362,52.30712890625
4875320,52.55126953125
4876224,40.95458984375
4877306,48.52294921875
4878274,48.27880859375
4879257,45.2880859375
4880288,54.38232421875
4881267,45.34912109375
4882212,55.17578125
4883396,44.00634765625
4884502,47.36328125
4885612,52.55126953125
4886653,44.921875
4887856,39.0625
4889295,44.7998046875
4890604,49.560546875
4891871,49.37744140625
4893103,49.37744140625
4894414,47.79052734375
4895866,44.49462890625
4896968,46.5087890625
4898585,49.49951171875
4899825,53.22265625
4901244,51.7578125
4902453,46.69189453125
4902480,25.2685546875
4902599,25.7568359375
4902678,61.5234375
4902694,41.93115234375
4902725,28.99169921875
4902751,84.47265625
4902771,56.640625
4902793,60.11962890625
4902824,113.6474609375
4902838,72.021484375
4902863,94.17724609375
4902888,43.0908203125
4902911,67.56591796875
4902939,49.62158203125
4902965,79.89501953125
4902990,58.65478515625
4903004,25.5126953125
4903018,44.3115234375
4903037,44.25048828125
4903060,53.16162109375
4903084,41.50390625
4903108,31.73828125
4903125,37.53662109375
4903154,31.67724609375
4903180,25.2685546875
4903219,25.93994140625
4903256,39.61181640625
4903299,36.2548828125
4903327,24.5361328125
4903345,60.60791015625
4903374,44.98291015625
4903389,28.6865234375
4903409,26.30615234375
4903499,26.2451171875
4903591,27.7099609375
4903693,25.5126953125
4903815,29.35791015625
4903916,26.55029296875
4903981,26.4892578125
4911191,42.6025390625
4912147,43.51806640625
4912743,51.20849609375
4913296,46.5087890625
4913910,48.4619140625
4914498,56.7626953125
4915042,46.38671875
4915646,53.1005859375
4916176,43.76220703125
4916640,47.2412109375
4917158,45.8984375
4917677,43.39599609375
4918194,38.9404296875
4918755,46.38671875
4919237,45.59326171875
4919720,40.10009765625
4920153,38.330078125
4920600,40.4052734375
4921078,43.45703125
4921643,40.34423828125
4922141,39.00146484375
4922614,49.62158203125
4923095,38.9404296875
4923613,45.2880859375
4923881,28.6865234375
4923950,41.80908203125
4923977,26.85546875
4924027,38.39111328125
4924049,39.6728515625
4924065,40.22216796875
4924089,70.61767578125
4924114,35.2783203125
4924136,135.68115234375
4924163,59.326171875
4924178,67.138671875
4924197,33.935546875
4924210,96.13037109375
4924230,69.27490234375
4924256,73.66943359375
4924271,42.1142578125
4924291,37.7197265625
4924309,42.29736328125
4924335,34.912109375
4924362,36.19384765625
4924377,39.1845703125
4924390,45.5322265625
4924415,28.076171875
4924442,26.9775390625
4924464,38.14697265625
4924480,51.025390625
4924511,30.82275390625
4924525,31.18896484375
4924552,33.447265625
4924589,30.94482421875
4924642,26.9775390625
4924660,32.53173828125
4924704,26.3671875
4924734,29.052734375
4924757,28.99169921875
4924791,29.47998046875
4924810,27.2216796875
4924902,32.89794921875
4924920,27.9541015625
4924996,38.14697265625
4925024,28.9306640625
4925051,26.91650390625
4925240,26.42822265625
4925268,60.546875
4925400,25.20751953125
4925531,25.32958984375
4925709,26.30615234375
4925726,34.0576171875
4925891,25.0244140625
4932689,34.0576171875
4933204,36.865234375
4933740,43.51806640625
4934245,30.2734375
4934678,43.39599609375
4935091,40.34423828125
4935598,46.56982421875
4936049,40.0390625
4936607,38.63525390625
4937106,44.677734375
4937511,46.56982421875
4937955,35.888671875
4938506,39.4287109375
4938991,38.02490234375
4939470,36.62109375
4939926,36.865234375
4940196,24.59716796875
4940216,51.69677734375
4940242,34.11865234375
4940258,40.771484375
4940273,38.75732421875
4940283,45.5322265625
4940303,27.52685546875
4940318,58.53271484375
4940337,54.99267578125
4940370,83.67919921875
4940388,112.4267578125
4940414,47.42431640625
4940430,34.48486328125
4940440,42.1142578125
4940455,42.1142578125
4940466,54.19921875
4940489,33.50830078125
4940505,55.60302734375
4940516,38.9404296875
4940545,33.5693359375
4940565,40.8935546875
4940577,50.59814453125
4940611,49.4384765625
4940622,37.109375
4940641,25.5126953125
4940662,57.861328125
4940673,27.34375
4940703,26.42822265625
4940730,33.38623046875
4940760,28.1982421875
4940795,45.2880859375
4940817,33.26416015625
4940852,31.6162109375
4940867,24.59716796875
4940884,25.2685546875
4940904,26.67236328125
4940930,36.19384765625
4940979,47.119140625
4940991,33.3251953125
4941027,32.71484375
4941128,28.3203125
4941175,27.28271484375
4941192,24.84130859375
4941286,30.94482421875
4941804,31.1279296875
4941868,24.84130859375
4948337,28.9306640625
4948897,30.1513671875
4949466,32.5927734375
4949920,39.6728515625
4950380,30.82275390625
4950861,32.53173828125
4951261,39.0625
4951751,30.1513671875
4952187,35.64453125
4952699,35.33935546875
4953196,38.87939453125
4953672,34.11865234375
4953995,36.92626953125
4954063,61.82861328125
4954109,31.6162109375
4954139,71.22802734375
4954154,81.23779296875
4954188,91.00341796875
4954200,31.55517578125
4954230,43.212890625
4954240,31.25
4954255,48.828125
4954273,96.19140625
4954303,27.7099609375
4954328,90.88134765625
4954353,54.19921875
4954365,57.9833984375
4954396,44.00634765625
4954421,58.59375
4954447,48.583984375
4954473,57.55615234375
4954497,28.4423828125
4954520,33.447265625
4954549,28.50341796875
4954580,38.330078125
4954603,34.66796875
4954616,37.04833984375
4954643,24.90234375
4954668,25.93994140625
4954711,27.89306640625
4954755,33.26416015625
4954782,28.62548828125
4954834,36.92626953125
4954849,25.32958984375
4954891,26.18408203125
4954909,25.5126953125
4954937,27.7099609375
4954989,31.8603515625
4955003,25.57373046875
4955044,26.55029296875
4955102,25.93994140625
4955170,25.5126953125
4955207,30.029296875
4955261,26.85546875
4955418,25.2685546875
4955499,29.6630859375
4955809,27.28271484375
4956357,24.90234375
4962213,24.90234375
4962857,30.2734375
4963537,27.89306640625
4964054,36.80419921875
4964499,31.79931640625
4964959,32.04345703125
4965263,27.4658203125
4965389,30.94482421875
4965606,32.71484375
4965643,52.79541015625
4965676,36.31591796875
4965688,47.05810546875
4965705,30.09033203125
4965740,69.4580078125
4965760,60.9130859375
4965790,35.5224609375
4965816,76.59912109375
4965831,42.29736328125
4965843,47.607421875
4965879,29.541015625
4965898,29.96826171875
4965919,27.83203125
4965955,43.701171875
4965987,30.3955078125
4966007,28.62548828125
4966022,36.43798828125
4966033,47.119140625
4966071,37.353515625
4966086,88.5009765625
4966104,63.3544921875
4966127,53.40576171875
4966146,30.76171875
4966165,102.783203125
4966208,67.32177734375
4966234,45.8984375
4966248,80.322265625
4966284,51.513671875
4966294,63.3544921875
4966328,44.86083984375
4966353,66.0400390625
4966371,28.86962890625
4966394,33.14208984375
4966423,35.15625
4966454,43.76220703125
4966494,26.67236328125
4966559,32.65380859375
4966608,25.81787109375
4966625,26.85546875
4966644,25.2685546875
4966728,25.93994140625
4966796,25.0244140625
4973175,29.72412109375
4974016,35.09521484375
4974496,34.48486328125
4974970,35.0341796875
4975585,31.31103515625
4976162,33.99658203125
4976678,29.78515625
4977252,34.48486328125
4977673,35.21728515625
4977746,25.2685546875
4977799,49.86572265625
4977815,30.45654296875
4977835,45.2880859375
4977852,30.029296875
4977867,63.90380859375
4977884,49.62158203125
4977900,32.04345703125
4977917,48.9501953125
4977941,45.47119140625
4977977,37.109375
4977991,41.259765625
4978015,60.9130859375
4978043,40.0390625
4978058,49.9267578125
4978094,26.611328125
4978119,47.42431640625
4978138,26.9775390625
4978156,56.94580078125
4978184,28.25927734375
4978200,26.611328125
4978211,35.2783203125
4978247,93.56689453125
4978259,32.53173828125
4978278,52.8564453125
4978295,29.72412109375
4978326,42.17529296875
4978336,119.384765625
4978365,49.62158203125
4978391,30.8837890625
4978419,29.72412109375
4978445,34.11865234375
4978455,33.0810546875
4978473,38.6962890625
4978506,40.34423828125
4978531,32.470703125
4978551,31.6162109375
4978573,29.9072265625
4978612,33.0810546875
4978635,26.85546875
4978684,27.16064453125
4978698,40.83251953125
4978738,24.5361328125
4979084,27.7099609375
4985204,25.45166015625
4986045,31.06689453125
4986730,24.96337890625
4987435,28.80859375
4987958,36.4990234375
4988583,35.21728515625
4989350,26.91650390625
4989923,30.1513671875
4990131,42.54150390625
4990144,31.494140625
4990161,57.0068359375
4990183,28.80859375
4990217,87.40234375
4990231,46.875
4990249,26.611328125
4990268,32.470703125
4990293,65.73486328125
4990303,39.306640625
4990324,26.18408203125
4990344,28.4423828125
4990366,47.18017578125
4990385,28.1982421875
4990417,26.7333984375
4990427,29.96826171875
4990475,35.46142578125
4990499,45.47119140625
4990523,53.40576171875
4990558,24.96337890625
4990571,28.3203125
4990608,31.55517578125
4990634,31.67724609375
4990646,46.81396484375
4990660,31.1279296875
4990682,38.818359375
4990700,34.7900390625
4990724,27.2216796875
4990749,32.71484375
4990760,50.1708984375
4990791,29.541015625
4990804,50.537109375
4990818,37.9638671875
4990829,26.91650390625
4990871,34.24072265625
4990897,25.634765625
4990923,36.80419921875
4990951,24.90234375
4990980,41.19873046875
4991019,25.81787109375
4991032,28.62548828125
4991940,31.25
4998081,27.7099609375
4998998,32.65380859375
4999771,32.77587890625
5000540,26.85546875
5001318,30.1513671875
5001990,30.3955078125
5002855,32.16552734375
5003551,33.02001953125
5004481,36.92626953125
5005470,33.14208984375
5006195,39.12353515625
5006961,37.04833984375
5007809,28.86962890625
5008085,26.2451171875
5008149,25.81787109375
5008169,35.94970703125
5008198,69.76318359375
5008228,35.09521484375
5008256,47.05810546875
5008270,30.029296875
5008291,31.3720703125
5008307,50.78125
5008337,46.142578125
5008365,49.560546875
5008387,48.828125
5008404,38.87939453125
5008434,131.34765625
5008461,28.25927734375
5008477,29.9072265625
5008507,35.09521484375
5008526,35.94970703125
5008553,57.92236328125
5008574,30.82275390625
5008594,27.40478515625
5008622,29.4189453125
5008651,39.55078125
5008675,31.18896484375
5008705,29.541015625
5008718,24.71923828125
5008747,51.6357421875
5008775,26.3671875
5008834,25.81787109375
5008872,36.43798828125
5008942,26.4892578125
5017125,34.97314453125
5018419,27.16064453125
5019996,34.36279296875
5020850,35.888671875
5022292,38.26904296875
5023247,35.5224609375
5024512,37.17041015625
5025403,42.6025390625
5025762,48.64501953125
5025782,53.22265625
5025815,61.767578125
5025842,38.0859375
5025858,49.31640625
5025896,31.73828125
5025921,57.55615234375
5025948,47.4853515625
5025960,34.7900390625
5025982,28.13720703125
5026005,45.83740234375
5026016,30.57861328125
5026027,49.1943359375
5026059,30.6396484375
5026069,28.13720703125
5026112,43.701171875
5026123,44.49462890625
5026153,28.1982421875
5026172,51.8798828125
5026214,51.025390625
5026252,25.08544921875
5026277,31.55517578125
5026321,31.8603515625
5026349,30.21240234375
5026368,34.11865234375
5026457,28.564453125
5026602,24.5361328125
5026668,46.20361328125
5026971,27.16064453125
5027209,29.72412109375
5027274,36.31591796875
5027495,29.60205078125
5027538,25.32958984375
5027866,29.60205078125
5028259,29.23583984375
5028585,42.1142578125
5029001,36.62109375
5029421,41.9921875
5029443,48.4619140625
5029454,37.29248046875
5035950,35.09521484375
5038162,39.4287109375
5039998,35.94970703125
5042566,37.4755859375
5044908,43.88427734375
5047649,39.85595703125
5053254,43.27392578125
5065918,26.18408203125
5065946,50.35400390625
5065959,25.81787109375
5065991,31.494140625
5066013,36.7431640625
5066028,60.6689453125
5066038,64.453125
5066068,63.17138671875
5066103,52.18505859375
5066134,58.7158203125
5066144,28.4423828125
5066167,34.24072265625
5066182,26.3671875
5066212,43.64013671875
5066231,34.85107421875
5066260,34.7900390625
5066288,27.587890625
5066304,27.28271484375
5066328,35.21728515625
5066345,36.9873046875
5066356,25.57373046875
5066417,25.87890625
5066461,49.1943359375
5066472,26.3671875
5066605,57.861328125
5066780,27.03857421875
5066836,26.4892578125
5066982,35.5224609375
5067118,65.5517578125
5067145,37.2314453125
5067366,28.1982421875
5067463,25.20751953125
5067679,43.8232421875
5067930,26.0009765625
5068331,26.55029296875
5068384,44.12841796875
5068796,25.87890625
5069224,40.8935546875
5977784,31.79931640625
5977805,27.03857421875
5977828,34.5458984375
5977841,26.2451171875
5977874,45.95947265625
5977903,97.10693359375
5977922,54.0771484375
5977943,73.18115234375
5977970,102.783203125
5977984,30.8837890625
5977995,79.89501953125
5978019,52.18505859375
5978037,48.03466796875
5978051,54.19921875
5978069,47.36328125
5978081,41.80908203125
5978106,34.60693359375
5978122,36.80419921875
5978156,49.6826171875
5978166,45.71533203125
5978184,28.01513671875
5978216,33.63037109375
5978238,39.55078125
5978260,42.54150390625
5978288,26.18408203125
5978319,32.470703125
5978367,25.146484375
5978387,25.87890625
5978464,25.87890625
5978503,33.3251953125
5978513,28.25927734375
5991016,27.40478515625
5994498,59.50927734375
6861643,36.2548828125
7429334,29.23583984375
7429360,26.18408203125
7429385,26.91650390625
7429425,29.84619140625
7429456,55.84716796875
7429477,75.8056640625
7429503,149.10888671875
7429531,91.796875
7429546,41.1376953125
7429565,58.28857421875
7429583,68.78662109375
7429601,63.96484375
7429620,36.9873046875
7429636,69.091796875
7429658,39.73388671875
7429685,51.81884765625
7429704,56.5185546875
7429720,28.99169921875
7429745,33.87451171875
7429770,38.39111328125
7429785,33.3251953125
7429798,44.61669921875
7429829,30.09033203125
7429851,28.076171875
7429861,36.376953125
7429901,49.62158203125
7429926,33.935546875
7429983,28.25927734375
7429993,26.06201171875
7430029,24.59716796875
7430076,28.1982421875
7430102,32.958984375
7430208,25.81787109375
7440980,64.14794921875
7441528,56.884765625
7441774,25.2685546875
7441911,58.65478515625
7442032,29.96826171875
7442123,30.6396484375
7442148,51.45263671875
7442213,30.6396484375
7442228,64.94140625
7442249,32.40966796875
7442268,34.5458984375
7442291,49.4384765625
7442304,50.78125
7442323,142.9443359375
7442350,67.93212890625
7442362,76.0498046875
7442374,49.560546875
7442395,26.85546875
7442408,62.92724609375
7442433,36.865234375
7442444,56.09130859375
7442480,59.08203125
7442490,40.46630859375
7442504,48.2177734375
7442525,31.79931640625
7442539,30.3955078125
7442551,51.81884765625
7442582,36.1328125
7442599,43.64013671875
7442626,48.33984375
7442648,34.5458984375
7442670,32.1044921875
7442689,37.90283203125
7442718,42.54150390625
7442739,45.654296875
7442774,24.658203125
7442801,30.45654296875
7442813,38.330078125
7442836,37.04833984375
7442869,27.03857421875
7442899,27.89306640625
7442926,35.21728515625
7442940,28.564453125
7442966,29.60205078125
7442985,32.3486328125
7443070,26.7333984375
7443093,31.31103515625
7443111,33.5693359375
7443152,26.67236328125
7443167,26.9775390625
7443185,30.76171875
7443203,31.79931640625
7443247,26.30615234375
7443270,25.93994140625
7443297,25.87890625
7443394,26.85546875
7443417,26.67236328125
7443480,36.7431640625
7443540,25.5126953125
7443659,29.60205078125
7443747,33.447265625
7443786,43.212890625
7443956,28.13720703125
7443969,27.77099609375
7444089,31.494140625
7444132,25.390625
7444148,30.45654296875
7445156,27.099609375
7451528,58.837890625
7452273,52.42919921875
7452825,53.7109375
7453343,51.45263671875
7453999,55.0537109375
7454519,45.83740234375
7455015,46.0205078125
7455496,51.33056640625
7455898,47.18017578125
7456416,52.55126953125
7456905,53.03955078125
7457458,51.26953125
7457827,49.62158203125
7458321,49.37744140625
7458762,43.64013671875
7459218,43.3349609375
7459708,43.0908203125
7460156,52.79541015625
7460575,45.34912109375
7460986,43.8232421875
7461485,43.76220703125
7462026,52.6123046875
7462486,48.27880859375
7462906,48.40087890625
7463409,40.22216796875
7463946,42.3583984375
7464447,44.49462890625
7464973,52.42919921875
7465415,45.10498046875
7465926,46.9970703125
7466385,43.701171875
7466905,39.00146484375
7467357,46.32568359375
7467846,46.7529296875
7468346,39.97802734375
7468889,47.66845703125
7469416,56.396484375
7469985,40.10009765625
7470364,47.119140625
7470853,45.8984375
7471400,48.76708984375
7471989,49.31640625
7472566,41.6259765625
7473114,50.23193359375
7473690,51.3916015625
7474306,50.78125
7474861,43.39599609375
7475399,43.45703125
7476036,48.15673828125
7476633,53.22265625
7477370,42.6025390625
7477989,51.08642578125
7478658,45.41015625
7479198,47.36328125
7479832,47.30224609375
7480612,53.28369140625
7481263,42.724609375
7481951,49.9267578125
7482547,46.38671875
7483307,36.68212890625
7484139,44.921875
7484922,48.2177734375
7485657,46.69189453125
7486466,45.166015625
7487167,46.0205078125
7487915,48.9501953125
7488854,44.5556640625
7489577,43.3349609375
7490513,49.6826171875
7491207,49.62158203125
7492010,50.35400390625
7492827,49.86572265625
7493635,52.79541015625
7494579,47.7294921875
7495374,46.142578125
7496404,42.90771484375
7497344,60.1806640625
7498238,44.73876953125
7499256,43.0908203125
7500290,44.921875
7501328,49.86572265625
7502316,42.41943359375
7503383,55.48095703125
7504456,48.03466796875
7505496,50.9033203125
7506474,49.4384765625
7507668,52.24609375
7508876,45.41015625
7509881,51.45263671875
7511083,55.96923828125
7512535,43.76220703125
7513995,61.21826171875
7515218,55.60302734375
7516579,47.79052734375
7517766,44.86083984375
7518909,50.4150390625
7520215,50.9033203125
7521712,27.28271484375
7522972,54.6875
7524451,44.00634765625
7526161,49.98779296875
7527956,58.4716796875
7529915,55.5419921875
7532407,55.419921875
7534833,54.13818359375
7537438,51.94091796875
7540991,55.72509765625
7566867,63.65966796875
7566922,25.45166015625
7566951,41.93115234375
7566962,62.98828125
7566995,41.1376953125
7567017,81.84814453125
7567059,27.587890625
7567073,25.390625
7567087,54.62646484375
7567129,45.59326171875
7567159,30.45654296875
7567173,27.4658203125
7567194,107.97119140625
7567211,54.3212890625
7567234,84.1064453125
7567258,44.5556640625
7567273,34.36279296875
7567294,59.26513671875
7567308,35.21728515625
7567332,30.82275390625
7567353,41.6259765625
7567367,29.47998046875
7567380,40.10009765625
7567403,56.15234375
7567417,29.4189453125
7567447,41.80908203125
7567458,40.1611328125
7567494,33.38623046875
7567516,25.69580078125
7567562,25.390625
7567575,26.55029296875
7567630,31.3720703125
7567650,34.0576171875
7567798,30.57861328125
7567829,26.18408203125
7567862,34.1796875
7568051,26.3671875
7576908,51.45263671875
7577584,43.39599609375
7578179,49.25537109375
7578774,42.66357421875
7579303,42.1142578125
7579922,46.08154296875
7580514,49.31640625
7581117,45.47119140625
7581711,48.583984375
7582240,38.2080078125
7582850,46.5087890625
7583294,42.236328125
7583743,48.15673828125
7584262,42.05322265625
7584698,48.76708984375
7585273,37.109375
7585777,50.9033203125
7586337,43.51806640625
7586812,49.560546875
7587309,43.88427734375
7587857,51.3916015625
7588482,42.90771484375
7589027,43.8232421875
7589593,47.66845703125
7590199,44.3115234375
7590811,42.66357421875
7591405,39.85595703125
7591972,44.189453125
7592601,45.0439453125
7593132,43.3349609375
7593673,41.93115234375
7594381,46.93603515625
7595031,42.05322265625
7595651,47.119140625
7596354,51.81884765625
7596979,49.6826171875
7597614,39.9169921875
7598311,41.3818359375
7599081,49.9267578125
7599802,45.71533203125
7600526,47.9736328125
7601281,42.41943359375
7602293,51.025390625
7603109,52.24609375
7604036,45.5322265625
7604993,48.2177734375
7605717,50.29296875
7606506,48.2177734375
7607335,50.59814453125
7608044,43.64013671875
7608803,47.4853515625
7609618,43.51806640625
7610507,49.25537109375
7611371,46.56982421875
7612211,49.560546875
7613149,42.29736328125
7613988,44.7998046875
7614974,48.4619140625
7615832,41.1376953125
7616879,42.96875
7617903,47.4853515625
7618980,42.90771484375
7620013,59.5703125
7620800,46.9970703125
7621990,40.52734375
7623030,48.76708984375
7624027,49.1943359375
7625138,40.71044921875
7626338,55.23681640625
7627486,56.82373046875
7628512,43.5791015625
7628596,27.587890625
7628642,39.85595703125
7628658,73.05908203125
7628684,59.814453125
7628707,114.19677734375
7628738,92.95654296875
7628756,51.33056640625
7628773,89.17236328125
7628786,29.9072265625
7628799,55.0537109375
7628817,63.720703125
7628853,53.52783203125
7628878,59.08203125
7628899,28.38134765625
7628922,39.00146484375
7628938,36.07177734375
7628955,35.46142578125
7628980,31.73828125
7628997,33.50830078125
7629010,31.79931640625
7629040,41.56494140625
7629061,33.0810546875
7629082,25.5126953125
7629104,24.59716796875
7629121,37.29248046875
7629177,33.203125
7629200,44.3115234375
7629296,28.9306640625
7629362,32.89794921875
7629372,32.1044921875
7629400,24.96337890625
7629416,25.0244140625
7629467,32.89794921875
7629541,26.42822265625
7629671,25.0244140625
7629705,30.8837890625
7629743,24.84130859375
7630026,25.93994140625
7631284,32.2265625
7638036,44.43359375
7638777,40.71044921875
7639451,42.66357421875
7640098,41.3818359375
7640758,38.0859375
7641296,44.3115234375
7641910,49.01123046875
7642564,46.0205078125
7643189,50.35400390625
7643759,39.794921875
7644331,38.0859375
7644915,46.93603515625
7645418,45.95947265625
7646046,44.189453125
7646724,30.82275390625
7647264,46.5087890625
7647988,41.44287109375
7648635,43.0908203125
7649176,40.58837890625
7649792,40.10009765625
7650465,46.5087890625
7651135,49.13330078125
7651679,38.0859375
7652226,38.0859375
7652485,28.1982421875
7652535,43.88427734375
7652548,38.818359375
7652573,33.447265625
7652606,70.00732421875
7652635,67.0166015625
7652652,59.4482421875
7652683,92.59033203125
7652694,61.767578125
7652722,105.77392578125
7652749,43.3349609375
7652762,43.9453125
7652777,63.96484375
7652789,44.189453125
7652810,26.85546875
7652834,39.0625
7652869,30.94482421875
7652880,31.6162109375
7652909,39.12353515625
7652922,28.99169921875
7652955,52.55126953125
7652969,26.123046875
7653018,33.50830078125
7653031,33.87451171875
7653051,32.1044921875
7653087,38.0859375
7653107,38.2080078125
7653138,31.73828125
7653151,30.2734375
7653184,41.015625
7653194,35.5224609375
7653218,36.2548828125
7653265,24.658203125
7653277,25.32958984375
7653366,29.78515625
7653412,26.42822265625
7653424,31.8603515625
7653472,27.4658203125
7653483,28.25927734375
7653510,25.81787109375
7653530,37.78076171875
7653603,32.470703125
7653644,24.59716796875
7653663,26.67236328125
7653686,27.52685546875
7653725,27.28271484375
7653777,30.029296875
7653809,28.9306640625
7653827,25.0244140625
7653934,25.87890625
7653962,24.5361328125
7653989,26.123046875
7661107,38.63525390625
7661753,36.376953125
7662465,37.4755859375
7662939,39.55078125
7663569,40.6494140625
7664118,40.1611328125
7664666,40.58837890625
7665278,39.85595703125
7665830,40.1611328125
7666391,35.2783203125
7666957,37.841796875
7667481,43.0908203125
7667992,38.4521484375
7668492,40.8935546875
7669022,40.46630859375
7669583,44.00634765625
7670140,42.3583984375
7670409,24.658203125
7670465,33.447265625
7670485,24.90234375
7670518,27.2216796875
7670536,49.1943359375
7670548,59.08203125
7670589,57.7392578125
7670603,206.23779296875
7670638,106.99462890625
7670666,65.0634765625
7670677,36.68212890625
7670695,48.76708984375
7670726,44.0673828125
7670736,50.47607421875
7670764,46.56982421875
7670780,45.22705078125
7670802,39.97802734375
7670826,55.6640625
7670848,48.828125
7670872,28.13720703125
7670885,49.13330078125
7670913,25.87890625
7670941,25.390625
7670958,33.8134765625
7670981,42.66357421875
7671002,43.64013671875
7671024,29.78515625
7671053,44.73876953125
7671102,27.4658203125
7671126,25.93994140625
7671147,35.64453125
7671201,31.55517578125
7671221,28.9306640625
7671244,33.935546875
7671280,31.31103515625
7671302,27.099609375
7671331,29.11376953125
7671356,27.28271484375
7671398,27.7099609375
7671423,24.96337890625
7671445,30.33447265625
7671507,27.587890625
7671531,35.09521484375
7671699,25.45166015625
7671727,26.30615234375
7671828,26.3671875
7671860,25.32958984375
7679906,26.06201171875
7680383,38.6962890625
7680918,32.53173828125
7681368,36.56005859375
7681843,34.912109375
7682440,39.6728515625
7682984,37.90283203125
7683544,36.92626953125
7684129,34.5458984375
7684702,42.6025390625
7685281,34.24072265625
7685816,37.78076171875
7686237,37.04833984375
7686289,58.349609375
7686301,67.44384765625
7686317,38.330078125
7686339,31.005859375
7686364,50.72021484375
7686374,70.556640625
7686401,37.353515625
7686419,55.48095703125
7686438,43.02978515625
7686457,49.25537109375
7686479,86.3037109375
7686494,37.17041015625
7686515,42.78564453125
7686547,97.22900390625
7686574,64.8193359375
7686591,77.0263671875
7686603,47.4853515625
7686628,57.0068359375
7686648,58.77685546875
7686667,52.6123046875
7686703,44.86083984375
7686718,32.28759765625
7686731,31.92138671875
7686758,33.99658203125
7686770,44.98291015625
7686786,40.22216796875
7686810,24.7802734375
7686836,24.90234375
7686863,34.912109375
7686885,30.76171875
7686898,25.390625
7686923,37.2314453125
7686935,36.9873046875
7686965,31.494140625
7687017,25.146484375
7687055,27.64892578125
7687073,29.84619140625
7687109,26.91650390625
7687129,28.50341796875
7687269,26.2451171875
7687304,28.564453125
7687547,26.67236328125
7687681,29.11376953125
7687785,24.96337890625
7687983,26.2451171875
7688674,25.32958984375
7695225,30.1513671875
7696091,27.40478515625
7696602,34.97314453125
7697203,31.8603515625
7697971,37.841796875
7698472,32.3486328125
7699026,36.9873046875
7699627,29.4189453125
7700139,43.02978515625
7700196,36.92626953125
7700216,39.306640625
7700244,52.001953125
7700284,35.09521484375
7700300,87.09716796875
7700312,51.69677734375
7700338,40.22216796875
7700360,34.912109375
7700376,25.69580078125
7700387,26.7333984375
7700419,63.1103515625
7700451,45.5322265625
7700472,36.62109375
7700485,35.94970703125
7700507,36.43798828125
7700533,109.375
7700549,55.23681640625
7700575,51.8798828125
7700597,36.62109375
7700611,75.37841796875
7700634,49.62158203125
7700653,37.65869140625
7700673,36.4990234375
7700694,73.18115234375
7700707,24.71923828125
7700719,32.28759765625
7700732,39.36767578125
7700761,66.34521484375
7700788,42.17529296875
7700808,34.0576171875
7700832,30.82275390625
7700843,48.9501953125
7700870,29.23583984375
7700882,46.38671875
7700908,28.564453125
7700946,35.15625
7700958,31.67724609375
7700968,28.3203125
7700983,24.71923828125
7701005,24.96337890625
7701025,28.01513671875
7701066,31.31103515625
7701101,28.076171875
7701152,29.11376953125
7701332,25.57373046875
7709435,30.517578125
7710436,31.43310546875
7711083,35.2783203125
7711598,30.76171875
7712422,28.6865234375
7713206,35.64453125
7713771,38.63525390625
7714496,34.97314453125
7714944,42.48046875
7714961,35.0341796875
7714980,27.099609375
7715012,59.814453125
7715046,36.2548828125
7715070,80.87158203125
7715091,32.1044921875
7715110,48.15673828125
7715143,70.6787109375
7715163,24.59716796875
7715180,52.55126953125
7715198,35.58349609375
7715208,29.1748046875
7715226,25.634765625
7715257,44.73876953125
7715291,31.1279296875
7715317,36.07177734375
7715343,28.076171875
7715357,29.6630859375
7715381,37.7197265625
7715405,52.734375
7715420,25.20751953125
7715434,57.55615234375
7715461,106.8115234375
7715487,46.93603515625
7715513,47.2412109375
7715546,42.54150390625
7715567,45.2880859375
7715586,31.79931640625
7715602,40.4052734375
7715614,28.62548828125
7715642,25.0244140625
7715673,34.60693359375
7715688,31.25
7715725,27.89306640625
7715751,25.45166015625
7715799,25.634765625
7715852,26.0009765625
7715899,29.60205078125
7715956,24.658203125
7716135,24.71923828125
7724051,30.029296875
7725892,27.28271484375
7726615,29.78515625
7727340,31.06689453125
7728091,33.63037109375
7728971,37.2314453125
7729772,41.3818359375
7730518,35.21728515625
7731389,33.75244140625
7732215,32.5927734375
7733409,36.7431640625
7733813,42.8466796875
7733923,32.28759765625
7733944,46.81396484375
7733972,54.26025390625
7733992,40.1611328125
7734005,43.701171875
7734035,42.8466796875
7734052,30.029296875
7734066,52.30712890625
7734083,118.1640625
7734118,49.31640625
7734142,33.02001953125
7734167,108.154296875
7734183,35.7666015625
7734198,26.611328125
7734229,39.48974609375
7734260,71.83837890625
7734280,44.73876953125
7734295,32.470703125
7734316,41.44287109375
7734329,33.50830078125
7734340,28.38134765625
7734383,39.36767578125
7734405,27.89306640625
7734471,28.1982421875
7734510,31.92138671875
7734552,26.18408203125
7734629,26.0009765625
7743504,34.48486328125
7744735,35.94970703125
7746598,29.60205078125
7748090,27.77099609375
7749025,30.517578125
7750442,35.21728515625
7752033,32.958984375
7753232,39.794921875
7754795,38.26904296875
7756327,36.19384765625
7757795,37.109375
7759293,38.57421875
7761156,43.8232421875
7763153,41.1376953125
7764985,42.78564453125
7765256,25.45166015625
7765268,42.17529296875
7765289,47.91259765625
7765314,46.69189453125
7765331,65.49072265625
7765365,95.3369140625
7765386,56.57958984375
7765414,53.8330078125
7765430,71.6552734375
7765451,97.65625
7765461,56.640625
7765490,90.39306640625
7765504,57.67822265625
7765537,105.16357421875
7765550,26.55029296875
7765580,54.74853515625
7765603,51.57470703125
7765624,35.400390625
7765637,33.87451171875
7765665,28.4423828125
7765678,39.306640625
7765780,44.189453125
7765813,40.0390625
7765834,25.32958984375
7765885,27.9541015625
7765947,32.5927734375
7765958,27.7099609375
7766014,24.96337890625
7766116,26.06201171875
7767537,28.99169921875
7767597,37.04833984375
7767777,25.390625
7767805,27.77099609375
7779735,40.10009765625
