7799001,0
72298,32.1044921875
916133,33.38623046875
1222200,46.08154296875
1222234,45.59326171875
1222264,40.52734375
1222278,47.42431640625
1222296,52.1240234375
1222314,226.4404296875
1222336,123.10791015625
1222350,112.48779296875
1222370,214.05029296875
1222402,98.93798828125
1222415,149.23095703125
1222443,77.94189453125
1222454,128.173828125
1222492,54.0771484375
1222510,94.7265625
1222525,54.5654296875
1222552,64.51416015625
1222577,56.82373046875
1222587,68.29833984375
1222608,45.8984375
1222618,38.14697265625
1222642,43.212890625
1222655,80.62744140625
1222677,59.08203125
1222689,63.17138671875
1222704,43.212890625
1222723,50.35400390625
1222737,41.748046875
1222764,36.9873046875
1222789,79.2236328125
1222812,43.39599609375
1222843,47.607421875
1222855,71.22802734375
1222881,36.43798828125
1222903,59.4482421875
1222915,40.52734375
1222982,37.78076171875
1223012,36.92626953125
1223051,33.75244140625
1223092,34.85107421875
1223117,44.86083984375
1223192,32.2265625
1223214,34.66796875
1223225,35.400390625
1223347,31.92138671875
1223468,33.26416015625
1223623,31.92138671875
1223694,34.97314453125
2030021,35.09521484375
2030038,38.330078125
2030072,46.7529296875
2030096,47.18017578125
2030112,241.39404296875
2030126,159.24072265625
2030166,207.82470703125
2030195,102.783203125
2030206,134.521484375
2030228,60.546875
2030243,141.54052734375
2030259,52.6123046875
2030283,55.419921875
2030295,113.70849609375
2030326,69.3359375
2030350,64.453125
2030376,39.9169921875
2030395,55.23681640625
2030414,65.4296875
2030440,56.21337890625
2030453,37.4755859375
2030487,64.75830078125
2030519,59.38720703125
2030542,44.5556640625
2030562,93.1396484375
2030583,40.283203125
2030609,36.62109375
2030623,42.05322265625
2030677,54.3212890625
2030711,48.52294921875
2030721,58.89892578125
2030785,33.99658203125
2030797,63.53759765625
2030819,52.24609375
2030851,36.31591796875
2030869,35.7666015625
2030900,68.90869140625
2030958,38.330078125
2031054,36.56005859375
2031143,37.4755859375
2031187,36.19384765625
2031441,32.958984375
2041289,38.2080078125
2041366,158.14208984375
2041383,47.607421875
2041396,41.748046875
2041416,40.22216796875
2041450,42.41943359375
2041472,58.9599609375
2041515,61.46240234375
2041528,60.72998046875
2041545,44.37255859375
2041563,56.396484375
2041590,70.86181640625
2041603,197.1435546875
2041631,125.67138671875
2041644,121.03271484375
2041664,96.00830078125
2041686,67.3828125
2041710,69.9462890625
2041729,94.66552734375
2041744,82.58056640625
2041776,81.4208984375
2041807,82.03125
2041820,71.044921875
2041850,64.39208984375
2041873,47.7294921875
2041895,52.18505859375
2041911,57.31201171875
2041934,52.79541015625
2041957,62.07275390625
2041987,46.7529296875
2042004,38.0859375
2042024,41.1376953125
2042040,35.888671875
2042056,42.17529296875
2042076,46.38671875
2042103,35.5224609375
2042140,64.39208984375
2042163,74.21875
2042183,60.05859375
2042203,38.57421875
2042236,50.59814453125
2042250,33.02001953125
2042279,61.58447265625
2042290,34.60693359375
2042318,31.6162109375
2042334,42.724609375
2042383,50.35400390625
2042394,37.4755859375
2042433,59.4482421875
2042444,40.95458984375
2042479,72.08251953125
2042493,36.19384765625
2042528,42.96875
2042539,32.2265625
2042556,40.34423828125
2042589,43.02978515625
2042616,39.00146484375
2042633,45.59326171875
2042671,35.58349609375
2042690,32.8369140625
2042702,40.10009765625
2042745,42.05322265625
2042778,49.25537109375
2042805,34.24072265625
2042818,37.2314453125
2042842,47.9736328125
2042853,34.912109375
2042900,41.6259765625
2042930,39.794921875
2042956,38.6962890625
2042994,42.1142578125
2043024,33.3251953125
2043066,38.0859375
2043136,33.38623046875
2043146,46.44775390625
2043194,54.19921875
2043248,34.0576171875
2043261,38.14697265625
2043295,63.53759765625
2043329,35.21728515625
2043365,32.2265625
2043421,48.40087890625
2043452,32.40966796875
2043483,45.59326171875
2043530,34.97314453125
2043565,37.841796875
2043654,32.2265625
2043741,36.376953125
2043856,36.0107421875
2044114,36.62109375
2054911,153.1982421875
2060895,32.40966796875
2064394,200.50048828125
2069834,158.69140625
2176935,175.23193359375
2176952,48.64501953125
2176988,38.2080078125
2177001,91.61376953125
2177033,41.6259765625
2177057,190.36865234375
2177075,65.91796875
2177111,52.978515625
2177148,66.40625
2177179,170.34912109375
2177196,78.79638671875
2177234,163.57421875
2177246,173.583984375
2177272,81.1767578125
2177292,111.63330078125
2177311,72.998046875
2177325,35.58349609375
2177338,78.857421875
2177357,53.7109375
2177378,35.21728515625
2177391,62.31689453125
2177418,67.56591796875
2177433,53.3447265625
2177445,32.65380859375
2177457,41.259765625
2177474,43.02978515625
2177484,32.5927734375
2177497,58.77685546875
2177515,46.08154296875
2177539,56.640625
2177556,52.001953125
2177569,45.2880859375
2177583,57.06787109375
2177607,60.4248046875
2177634,34.5458984375
2177662,48.2177734375
2177673,31.79931640625
2177683,46.7529296875
2177705,31.92138671875
2177717,79.833984375
2177738,42.66357421875
2177782,102.47802734375
2177817,37.17041015625
2177886,57.2509765625
2177942,47.119140625
2177965,32.5927734375
2177999,40.83251953125
2178076,32.89794921875
2178103,32.958984375
2178113,48.03466796875
2178131,44.61669921875
2178210,35.09521484375
2178248,36.2548828125
2178268,33.5693359375
2178434,31.6162109375
2178485,46.81396484375
2178633,35.0341796875
2179510,34.72900390625
2185839,135.6201171875
2208731,150.69580078125
2208743,33.447265625
2234999,184.14306640625
2235054,69.2138671875
2235076,40.0390625
2235107,56.09130859375
2235135,165.83251953125
2235147,36.68212890625
2235158,38.9404296875
2235197,41.32080078125
2235222,40.83251953125
2235234,56.33544921875
2235248,152.89306640625
2235277,66.7724609375
2235302,80.62744140625
2235320,166.07666015625
2235349,118.408203125
2235368,123.96240234375
2235385,74.8291015625
2235410,93.81103515625
2235432,123.47412109375
2235445,36.4990234375
2235470,62.80517578125
2235484,64.02587890625
2235513,55.84716796875
2235526,44.86083984375
2235539,60.9130859375
2235550,51.1474609375
2235565,39.794921875
2235582,39.6728515625
2235611,55.60302734375
2235626,55.96923828125
2235636,44.7998046875
2235658,38.75732421875
2235677,41.50390625
2235701,43.9453125
2235714,35.82763671875
2235731,50.78125
2235741,40.4052734375
2235760,87.34130859375
2235774,46.875
2235809,63.17138671875
2235853,61.21826171875
2235864,72.93701171875
2235882,35.94970703125
2235899,56.2744140625
2235926,36.2548828125
2235943,54.6875
2235953,42.41943359375
2235980,41.07666015625
2235995,71.22802734375
2236022,31.73828125
2236040,37.65869140625
2236068,42.05322265625
2236098,41.259765625
2236116,33.5693359375
2236134,33.447265625
2236148,45.59326171875
2236187,37.78076171875
2236218,42.236328125
2236238,34.97314453125
2236254,31.982421875
2236280,51.69677734375
2236309,32.04345703125
2236320,44.7998046875
2236387,33.50830078125
2236410,60.97412109375
2236440,46.630859375
2236515,46.08154296875
2236529,33.38623046875
2236583,31.982421875
2236637,45.166015625
2236795,41.19873046875
2236873,31.73828125
2237577,35.15625
2237704,31.8603515625
2238472,33.447265625
2241002,36.62109375
2242126,110.41259765625
2244012,116.455078125
2245870,130.2490234375
2249450,182.2509765625
2251906,37.41455078125
2252001,158.99658203125
2252057,62.07275390625
2252130,32.958984375
2252150,220.64208984375
2252167,33.75244140625
2252195,46.56982421875
2252207,34.423828125
2252236,57.31201171875
2252259,54.443359375
2252286,130.67626953125
2252306,57.861328125
2252326,35.70556640625
2252348,74.03564453125
2252364,128.7841796875
2252376,117.5537109375
2252400,89.90478515625
2252415,78.4912109375
2252429,90.576171875
2252443,160.94970703125
2252470,113.037109375
2252498,126.89208984375
2252521,91.97998046875
2252547,61.4013671875
2252578,90.88134765625
2252603,51.3916015625
2252616,69.3359375
2252644,69.091796875
2252668,58.59375
2252681,55.60302734375
2252716,65.73486328125
2252738,50.6591796875
2252772,54.19921875
2252795,44.61669921875
2252825,63.4765625
2252856,54.62646484375
2252871,41.32080078125
2252887,34.0576171875
2252905,49.1943359375
2252928,35.0341796875
2252948,47.30224609375
2252982,71.83837890625
2252994,37.7197265625
2253032,38.14697265625
2253058,59.63134765625
2253068,43.212890625
2253098,53.466796875
2253147,58.16650390625
2253187,32.40966796875
2253207,52.1240234375
2253258,41.50390625
2253274,43.701171875
2253299,39.794921875
2253353,38.26904296875
2253401,45.34912109375
2253440,36.2548828125
2253457,49.1943359375
2253516,32.16552734375
2253538,32.2265625
2253574,37.41455078125
2253613,44.37255859375
2253625,38.9404296875
2253652,34.48486328125
2253715,34.97314453125
2253733,48.64501953125
2253838,33.87451171875
2253878,55.96923828125
2253962,44.43359375
2254017,45.22705078125
2254066,35.33935546875
2254085,41.6259765625
2254196,33.203125
2254277,37.9638671875
2254307,33.87451171875
2254420,33.63037109375
2260510,99.30419921875
2260787,111.6943359375
2262114,116.63818359375
2262425,122.9248046875
2264430,120.78857421875
2266058,136.5966796875
2266348,44.189453125
2266358,152.64892578125
2266433,60.05859375
2266471,35.82763671875
2266494,39.85595703125
2266524,147.64404296875
2266544,44.61669921875
2266561,53.64990234375
2266585,38.26904296875
2266615,50.72021484375
2266642,103.02734375
2266665,48.095703125
2266678,39.36767578125
2266706,80.4443359375
2266740,100.341796875
2266764,70.73974609375
2266782,107.48291015625
2266802,59.99755859375
2266814,73.54736328125
2266836,55.96923828125
2266847,89.7216796875
2266874,65.00244140625
2266899,63.90380859375
2266912,102.294921875
2266943,62.1337890625
2266953,50.1708984375
2266986,40.771484375
2267002,87.7685546875
2267032,48.52294921875
2267044,42.05322265625
2267072,52.55126953125
2267086,37.29248046875
2267104,46.630859375
2267135,45.47119140625
2267145,39.306640625
2267173,32.1044921875
2267191,42.05322265625
2267222,43.3349609375
2267249,39.48974609375
2267267,52.490234375
2267299,40.1611328125
2267330,35.46142578125
2267358,34.423828125
2267369,58.04443359375
2267415,47.2412109375
2267447,32.958984375
2267460,33.38623046875
2267494,39.306640625
2267504,36.865234375
2267532,38.02490234375
2267546,49.6826171875
2267570,43.15185546875
2267587,35.2783203125
2267609,34.72900390625
2267654,40.95458984375
2267697,36.376953125
2267720,38.9404296875
2267767,34.3017578125
2267805,39.97802734375
2267820,38.14697265625
2267853,46.81396484375
2267889,38.63525390625
2267933,32.04345703125
2267966,35.0341796875
2268008,39.00146484375
2268115,42.29736328125
2268203,40.58837890625
2268337,44.43359375
2268429,32.28759765625
2268635,36.92626953125
2269054,36.7431640625
2269590,31.92138671875
2269801,33.0810546875
2269981,38.9404296875
2270701,42.6025390625
2275814,31.73828125
2277134,100.76904296875
2278133,102.35595703125
2279305,118.65234375
2279698,138.85498046875
2280980,128.41796875
2280990,36.376953125
2281455,135.31494140625
2281479,44.5556640625
2281499,36.2548828125
2281561,32.2265625
2281639,59.9365234375
2281659,144.34814453125
2281682,43.212890625
2281727,63.5986328125
2281778,34.0576171875
2281798,114.07470703125
2281827,51.6357421875
2281856,50.10986328125
2281868,53.28369140625
2281893,147.4609375
2281910,103.8818359375
2281923,36.92626953125
2281952,72.08251953125
2281968,118.95751953125
2281985,64.0869140625
2282011,72.265625
2282038,103.1494140625
2282050,58.4716796875
2282097,48.03466796875
2282115,93.017578125
2282133,53.5888671875
2282148,57.67822265625
2282166,36.19384765625
2282176,74.462890625
2282198,56.396484375
2282225,55.60302734375
2282246,70.73974609375
2282262,44.677734375
2282281,44.25048828125
2282306,48.40087890625
2282337,50.23193359375
2282357,64.8193359375
2282387,34.11865234375
2282431,40.0390625
2282453,45.7763671875
2282470,44.921875
2282489,69.4580078125
2282503,39.48974609375
2282558,47.54638671875
2282569,38.51318359375
2282603,48.15673828125
2282613,40.58837890625
2282648,37.65869140625
2282673,45.10498046875
2282697,44.7998046875
2282716,35.888671875
2282737,40.34423828125
2282782,35.5224609375
2282818,31.92138671875
2282839,44.86083984375
2282851,55.419921875
2282892,43.64013671875
2282909,34.36279296875
2282957,44.0673828125
2283044,38.39111328125
2283161,41.32080078125
2283273,33.02001953125
2283364,36.19384765625
2283405,36.31591796875
2283848,44.00634765625
2284105,32.3486328125
2284292,31.8603515625
2286128,34.72900390625
2288082,31.79931640625
2293976,105.1025390625
2294100,57.43408203125
2294175,106.75048828125
2294240,37.90283203125
2294282,35.70556640625
2294301,70.12939453125
2294359,97.83935546875
2294405,57.92236328125
2294425,42.78564453125
2294487,35.46142578125
2294499,141.4794921875
2294535,48.40087890625
2294560,39.36767578125
2294573,110.7177734375
2294583,41.44287109375
2294600,66.22314453125
2294631,92.71240234375
2294648,84.41162109375
2294673,107.36083984375
2294691,75.68359375
2294717,34.5458984375
2294734,115.53955078125
2294753,95.15380859375
2294771,77.45361328125
2294782,52.6123046875
2294797,59.38720703125
2294827,56.884765625
2294847,48.52294921875
2294859,59.99755859375
2294890,44.37255859375
2294900,66.89453125
2294911,43.76220703125
2294934,33.8134765625
2294963,43.3349609375
2294976,47.30224609375
2294995,37.29248046875
2295012,37.04833984375
2295022,35.5224609375
2295051,37.2314453125
2295069,34.0576171875
2295090,36.31591796875
2295120,55.60302734375
2295135,41.8701171875
2295148,36.19384765625
2295185,44.3115234375
2295227,35.33935546875
2295247,32.470703125
2295262,49.31640625
2295317,35.888671875
2295367,41.07666015625
2295390,41.015625
2295416,47.119140625
2295429,32.3486328125
2295459,43.5791015625
2295546,39.00146484375
2295622,36.62109375
2295646,37.04833984375
2295709,32.04345703125
2295842,64.0869140625
2295959,33.87451171875
2296107,36.56005859375
2296269,31.79931640625
2296344,31.67724609375
2297118,32.04345703125
2299987,38.26904296875
2305789,112.3046875
2307099,109.7412109375
2308144,135.43701171875
2309472,112.4267578125
2309735,36.7431640625
2309772,120.9716796875
2309826,82.03125
2309841,34.3017578125
2309892,137.5732421875
2309923,42.05322265625
2309964,57.6171875
2309985,53.28369140625
2310013,106.3232421875
2310033,54.19921875
2310053,46.08154296875
2310076,55.0537109375
2310092,119.81201171875
2310112,35.15625
2310128,78.369140625
2310156,153.4423828125
2310174,89.2333984375
2310205,79.28466796875
2310225,61.46240234375
2310237,69.76318359375
2310267,39.12353515625
2310280,36.2548828125
2310304,81.97021484375
2310328,39.1845703125
2310352,80.6884765625
2310369,86.3037109375
2310390,35.94970703125
2310401,85.0830078125
2310430,72.44873046875
2310449,45.83740234375
2310474,69.2138671875
2310487,46.5087890625
2310527,36.1328125
2310568,58.28857421875
2310582,46.142578125
2310608,37.04833984375
2310633,50.9033203125
2310665,38.330078125
2310696,33.935546875
2310715,48.03466796875
2310757,58.349609375
2310812,41.80908203125
2310850,31.92138671875
2310869,36.62109375
2310900,56.09130859375
2310926,31.67724609375
2310953,42.96875
2310983,32.65380859375
2311003,38.57421875
2311015,32.04345703125
2311039,39.1845703125
2311052,31.982421875
2311117,37.9638671875
2311182,42.48046875
2311263,33.63037109375
2311295,37.4755859375
2311785,40.8935546875
2312124,40.58837890625
2316007,31.79931640625
2317214,32.04345703125
2322013,111.51123046875
2324485,113.76953125
2324649,47.607421875
2324659,114.80712890625
2324705,52.91748046875
2324724,34.60693359375
2324752,51.45263671875
2324784,107.36083984375
2324808,62.744140625
2324820,38.4521484375
2324844,56.57958984375
2324858,56.5185546875
2324882,116.14990234375
2324902,66.46728515625
2324917,54.50439453125
2324952,67.32177734375
2324987,93.44482421875
2325014,80.99365234375
2325028,83.43505859375
2325056,73.54736328125
2325077,92.71240234375
2325094,57.43408203125
2325113,60.6689453125
2325140,44.98291015625
2325157,58.65478515625
2325174,38.87939453125
2325198,62.3779296875
2325216,63.04931640625
2325233,53.5888671875
2325250,51.7578125
2325271,46.44775390625
2325287,40.1611328125
2325306,43.701171875
2325316,46.875
2325358,35.888671875
2325378,35.7666015625
2325434,41.50390625
2325458,35.0341796875
2325491,34.1796875
2325510,33.8134765625
2325537,34.48486328125
2325588,37.41455078125
2325617,32.28759765625
2325653,35.33935546875
2325678,35.64453125
2325790,33.50830078125
2325886,33.935546875
2325936,38.0859375
2326199,39.794921875
2326373,34.912109375
2326448,35.58349609375
2327147,32.40966796875
2338371,117.61474609375
2338464,50.84228515625
2338673,114.6240234375
2338703,49.9267578125
2338863,122.98583984375
2338876,44.73876953125
2338886,33.02001953125
2338948,49.1943359375
2338963,34.0576171875
2339010,106.5673828125
2339023,58.837890625
2339043,50.96435546875
2339055,35.400390625
2339068,35.15625
2339092,40.0390625
2339123,91.796875
2339144,33.75244140625
2339155,57.7392578125
2339177,32.470703125
2339194,72.265625
2339224,42.6025390625
2339244,76.35498046875
2339271,113.83056640625
2339293,43.02978515625
2339309,54.01611328125
2339334,46.2646484375
2339357,67.19970703125
2339380,45.59326171875
2339394,43.0908203125
2339414,35.64453125
2339437,32.04345703125
2339463,48.64501953125
2339500,45.59326171875
2339547,40.771484375
2339568,36.19384765625
2339589,36.2548828125
2339626,61.09619140625
2339673,36.80419921875
2339736,31.67724609375
2339769,40.10009765625
2339800,37.04833984375
2339856,31.67724609375
2339884,40.283203125
2339953,44.73876953125
2339977,32.40966796875
2340065,39.97802734375
2340170,32.53173828125
2348651,138.427734375
2355799,31.8603515625
2355845,35.21728515625
2355874,130.2490234375
2355992,55.0537109375
2356043,138.73291015625
2356062,49.072265625
2356126,53.955078125
2356146,36.56005859375
2356190,117.12646484375
2356205,36.43798828125
2356224,39.36767578125
2356247,60.11962890625
2356257,36.376953125
2356290,95.8251953125
2356313,55.7861328125
2356334,39.85595703125
2356355,41.1376953125
2356366,34.11865234375
2356382,90.88134765625
2356406,44.37255859375
2356421,61.46240234375
2356456,53.8330078125
2356471,86.73095703125
2356497,41.44287109375
2356509,47.7294921875
2356554,59.38720703125
2356576,33.5693359375
2356604,35.58349609375
2356632,66.22314453125
2356644,35.58349609375
2356677,35.82763671875
2356711,33.02001953125
2356731,48.828125
2356744,32.958984375
2356807,40.34423828125
2356836,38.02490234375
2356848,32.04345703125
2356923,35.70556640625
2356964,31.6162109375
2357049,32.958984375
2357067,49.25537109375
2357218,39.48974609375
2357942,32.16552734375
2370791,146.30126953125
2370817,31.73828125
2370875,45.2880859375
2370968,33.38623046875
2371004,140.44189453125
2371033,39.97802734375
2371075,35.33935546875
2371100,31.8603515625
2371131,59.50927734375
2371142,128.662109375
2371177,49.13330078125
2371189,37.65869140625
2371225,96.61865234375
2371253,115.29541015625
2371264,51.7578125
2371287,42.41943359375
2371314,39.00146484375
2371348,59.38720703125
2371375,47.9736328125
2371400,55.35888671875
2371425,38.4521484375
2371436,37.841796875
2371453,116.3330078125
2371473,35.5224609375
2371515,52.001953125
2371567,73.54736328125
2371597,45.71533203125
2371612,36.4990234375
2371693,73.54736328125
2371723,32.1044921875
2371743,45.654296875
2371793,33.14208984375
2371841,88.0126953125
2371931,41.015625
2371979,31.73828125
2372137,94.1162109375
2372369,52.06298828125
2388135,32.04345703125
2402586,33.26416015625
2422288,35.15625
2483299,32.28759765625
3021456,67.0166015625
3021644,58.59375
3021672,215.14892578125
3021686,39.48974609375
3021708,39.24560546875
3021729,47.66845703125
3021773,47.2412109375
3021815,40.0390625
3021852,47.79052734375
3021876,32.2265625
3021911,47.119140625
3021945,50.84228515625
3021997,32.1044921875
3022017,35.0341796875
3022028,47.18017578125
3022069,36.07177734375
3022101,35.33935546875
3022195,62.3779296875
3022208,31.8603515625
3022229,34.3017578125
3022329,177.3681640625
3022340,67.138671875
3022374,32.40966796875
3022401,35.400390625
3022458,49.62158203125
3022471,36.80419921875
3022481,36.376953125
3022513,41.19873046875
3022535,51.57470703125
3022571,71.47216796875
3022588,70.00732421875
3022609,39.36767578125
3022640,46.0205078125
3022657,81.23779296875
3022670,35.400390625
3022688,67.07763671875
3022706,63.5986328125
3022725,120.2392578125
3022742,181.0302734375
3022770,72.8759765625
3022798,93.07861328125
3022815,74.21875
3022850,76.72119140625
3022862,134.521484375
3022891,43.39599609375
3022911,81.60400390625
3022926,68.78662109375
3022946,68.05419921875
3022957,65.91796875
3022987,74.70703125
3023010,100.4638671875
3023029,77.94189453125
3023050,64.02587890625
3023066,49.74365234375
3023085,55.7861328125
3023112,83.43505859375
3023138,59.2041015625
3023173,50.29296875
3023212,34.912109375
3023234,34.423828125
3023261,46.81396484375
3023277,31.79931640625
3023318,44.98291015625
3023367,40.52734375
3023383,37.65869140625
3023406,44.86083984375
3023429,40.34423828125
3023575,33.38623046875
3023634,32.04345703125
3023689,38.26904296875
3023704,32.8369140625
3023750,35.2783203125
3023829,34.0576171875
3023992,41.50390625
3578933,35.400390625
3578973,32.53173828125
3578983,87.890625
3579007,48.88916015625
3579019,55.908203125
3579047,200.62255859375
3579061,160.82763671875
3579089,71.59423828125
3579107,178.64990234375
3579126,98.32763671875
3579148,133.97216796875
3579184,122.61962890625
3579203,48.095703125
3579216,151.4892578125
3579238,83.67919921875
3579274,83.67919921875
3579288,54.87060546875
3579311,54.99267578125
3579343,51.45263671875
3579356,53.955078125
3579368,51.8798828125
3579390,43.64013671875
3579405,61.95068359375
3579420,37.78076171875
3579442,49.37744140625
3579466,41.68701171875
3579496,59.87548828125
3579520,65.00244140625
3579557,63.41552734375
3579583,77.1484375
3579614,34.36279296875
3579628,46.56982421875
3579670,67.5048828125
3579702,47.30224609375
3579737,40.0390625
3579747,55.17578125
3579789,69.88525390625
3579808,44.43359375
3579838,33.5693359375
3579862,37.9638671875
3579897,39.24560546875
3579955,41.259765625
3579992,41.015625
3580122,45.59326171875
3580166,33.99658203125
3580280,45.8984375
3580318,38.6962890625
3580516,32.1044921875
4272406,49.31640625
4272450,165.52734375
4272461,49.62158203125
4272500,45.0439453125
4272514,46.7529296875
4272538,37.9638671875
4272555,61.34033203125
4272589,170.654296875
4272606,48.7060546875
4272638,49.62158203125
4272668,39.36767578125
4272684,34.3017578125
4272705,188.3544921875
4272719,31.6162109375
4272731,43.02978515625
4272769,38.818359375
4272795,31.982421875
4272832,60.546875
4272856,36.376953125
4272882,145.01953125
4272905,50.84228515625
4272935,34.85107421875
4272976,38.4521484375
4272993,39.00146484375
4273010,186.279296875
4273032,46.5087890625
4273057,52.18505859375
4273069,53.28369140625
4273093,52.734375
4273111,167.78564453125
4273142,68.42041015625
4273156,32.8369140625
4273188,180.84716796875
4273201,69.39697265625
4273221,91.552734375
4273251,101.13525390625
4273277,73.1201171875
4273298,57.67822265625
4273312,119.07958984375
4273328,51.45263671875
4273348,79.2236328125
4273378,76.416015625
4273394,78.91845703125
4273416,41.3818359375
4273449,114.07470703125
4273471,80.2001953125
4273492,51.3916015625
4273509,32.3486328125
4273533,101.37939453125
4273543,56.884765625
4273575,51.81884765625
4273596,50.10986328125
4273617,42.8466796875
4273630,44.189453125
4273661,49.8046875
4273685,46.9970703125
4273729,55.5419921875
4273745,43.15185546875
4273771,52.8564453125
4273796,47.8515625
4273831,33.69140625
4273843,35.7666015625
4273853,32.89794921875
4273890,48.095703125
4273924,38.75732421875
4273943,34.48486328125
4273970,40.6494140625
4274072,32.65380859375
4274159,34.912109375
4274192,33.203125
4274202,34.0576171875
4274597,33.935546875
4698781,32.2265625
4698952,34.24072265625
4699260,58.349609375
4699309,204.89501953125
4699339,191.95556640625
4699360,130.06591796875
4699374,82.21435546875
4699389,57.9833984375
4699401,97.2900390625
4699436,55.419921875
4699464,133.23974609375
4699495,76.171875
4699522,80.87158203125
4699536,72.509765625
4699554,62.56103515625
4699569,61.279296875
4699581,36.56005859375
4699592,63.8427734375
4699602,40.1611328125
4699634,55.419921875
4699656,36.31591796875
4699666,43.212890625
4699685,48.64501953125
4699701,50.1708984375
4699722,76.59912109375
4699742,84.16748046875
4699765,57.373046875
4699784,51.33056640625
4699805,62.255859375
4699820,52.3681640625
4699838,35.15625
4699867,66.40625
4699878,49.37744140625
4699896,45.5322265625
4699906,62.98828125
4699957,39.306640625
4700022,37.29248046875
4700043,38.14697265625
4700067,33.447265625
4700097,36.92626953125
4700120,35.888671875
4700197,46.5087890625
4700227,49.4384765625
4700259,48.095703125
4700273,32.71484375
4700295,32.71484375
4700357,36.62109375
4700428,43.27392578125
4700467,36.376953125
4700521,34.24072265625
4700589,34.66796875
4701384,33.203125
4710735,32.40966796875
4710823,40.10009765625
4710866,31.8603515625
4723373,31.73828125
4724371,168.27392578125
4828976,190.49072265625
4828991,56.21337890625
4829020,58.59375
4829046,66.7724609375
4829057,32.53173828125
4829071,50.048828125
4829081,205.078125
4829113,52.6123046875
4829134,141.845703125
4829165,82.33642578125
4829176,106.99462890625
4829197,87.5244140625
4829227,72.93701171875
4829258,81.35986328125
4829277,81.35986328125
4829293,68.9697265625
4829304,48.52294921875
4829338,48.52294921875
4829364,76.2939453125
4829382,41.44287109375
4829402,52.3681640625
4829413,42.41943359375
4829433,49.1943359375
4829452,73.54736328125
4829472,55.419921875
4829488,70.25146484375
4829506,41.56494140625
4829521,55.0537109375
4829531,39.6728515625
4829545,33.02001953125
4829559,51.69677734375
4829575,60.05859375
4829619,43.45703125
4829635,55.2978515625
4829661,35.400390625
4829683,38.9404296875
4829695,41.07666015625
4829714,32.8369140625
4829732,50.537109375
4829775,44.98291015625
4829824,42.8466796875
4829838,33.87451171875
4829859,44.61669921875
4829877,49.37744140625
4829892,36.43798828125
4829909,51.81884765625
4829940,33.50830078125
4829951,40.4052734375
4829969,36.07177734375
4829991,38.4521484375
4830051,34.60693359375
4830121,32.53173828125
4830159,33.38623046875
4830196,32.16552734375
4830310,40.52734375
4830485,36.68212890625
4830718,37.53662109375
4830938,36.62109375
4836433,34.60693359375
4837252,32.77587890625
4838808,126.40380859375
4844671,32.04345703125
4846558,64.697265625
4852163,166.19873046875
4855424,155.517578125
4902499,167.54150390625
4902513,37.2314453125
4902541,62.6220703125
4902552,40.71044921875
4902583,34.66796875
4902603,62.8662109375
4902630,160.7666015625
4902648,32.77587890625
4902671,45.166015625
4902690,75.0732421875
4902713,46.56982421875
4902736,157.40966796875
4902762,47.54638671875
4902791,156.92138671875
4902802,120.2392578125
4902841,156.43310546875
4902853,73.66943359375
4902869,36.1328125
4902893,109.4970703125
4902914,67.81005859375
4902936,48.40087890625
4902952,70.556640625
4902964,67.81005859375
4902981,66.71142578125
4903010,52.001953125
4903034,55.48095703125
4903045,32.89794921875
4903061,44.189453125
4903077,37.65869140625
4903095,43.51806640625
4903115,60.302734375
4903145,54.87060546875
4903159,49.01123046875
4903172,44.189453125
4903197,43.76220703125
4903210,54.443359375
4903239,33.26416015625
4903260,36.7431640625
4903280,37.59765625
4903303,41.6259765625
4903326,64.39208984375
4903348,39.24560546875
4903359,75.8056640625
4903405,51.1474609375
4903449,49.13330078125
4903468,66.71142578125
4903511,32.71484375
4903524,40.83251953125
4903572,39.12353515625
4903600,44.37255859375
4903643,35.15625
4903655,39.55078125
4903667,51.33056640625
4903685,43.8232421875
4903705,34.3017578125
4903724,45.0439453125
4903763,36.7431640625
4903797,45.71533203125
4903846,41.259765625
4903950,32.8369140625
4903963,37.4755859375
4903976,56.2744140625
4904037,37.9638671875
4904055,35.2783203125
4904094,35.94970703125
4904152,36.31591796875
4904228,32.8369140625
4904571,33.203125
4905312,35.2783203125
4906364,33.87451171875
4910542,97.71728515625
4911142,32.89794921875
4911742,105.5908203125
4911920,40.58837890625
4912005,105.224609375
4912807,113.6474609375
4912824,34.48486328125
4913063,124.755859375
4913310,116.39404296875
4913372,32.04345703125
4913589,144.34814453125
4916473,145.8740234375
4917930,140.44189453125
4918655,159.3017578125
4920628,144.95849609375
4921341,149.658203125
4921601,38.39111328125
4923659,42.29736328125
4923704,32.89794921875
4923719,176.33056640625
4923772,57.861328125
4923783,36.376953125
4923831,37.9638671875
4923842,67.5048828125
4923864,146.6064453125
4923888,34.1796875
4923931,54.13818359375
4923949,37.9638671875
4923979,154.296875
4924005,47.54638671875
4924029,77.45361328125
4924057,51.26953125
4924068,121.9482421875
4924088,129.57763671875
4924105,57.31201171875
4924130,50.4150390625
4924140,125.1220703125
4924162,69.03076171875
4924189,62.68310546875
4924199,81.97021484375
4924226,45.8984375
4924247,63.4765625
4924259,72.32666015625
4924290,85.5712890625
4924309,58.65478515625
4924337,54.74853515625
4924352,53.16162109375
4924384,38.02490234375
4924412,45.47119140625
4924431,53.40576171875
4924453,41.3818359375
4924465,54.5654296875
4924489,51.94091796875
4924504,32.2265625
4924514,37.65869140625
4924569,55.60302734375
4924580,31.73828125
4924600,45.59326171875
4924624,38.330078125
4924639,39.36767578125
4924657,31.6162109375
4924686,55.419921875
4924699,40.8935546875
4924729,67.138671875
4924759,43.5791015625
4924773,56.21337890625
4924787,33.26416015625
4924815,43.8232421875
4924831,37.78076171875
4924842,41.3818359375
4924857,33.8134765625
4924872,33.99658203125
4924893,42.41943359375
4924912,38.39111328125
4924949,39.306640625
4924972,34.85107421875
4924993,39.794921875
4925019,34.48486328125
4925048,32.16552734375
4925060,33.14208984375
4925074,44.7998046875
4925096,38.75732421875
4925115,50.35400390625
4925127,33.5693359375
4925150,35.64453125
4925176,38.330078125
4925221,39.6728515625
4925257,34.5458984375
4925276,35.70556640625
4925290,76.47705078125
4925322,33.447265625
4925371,35.70556640625
4925404,34.0576171875
4925426,40.0390625
4925500,42.90771484375
4925514,39.12353515625
4925534,34.85107421875
4925617,33.50830078125
4925633,33.69140625
4925680,36.92626953125
4925841,32.16552734375
4925878,35.2783203125
4925931,33.8134765625
4925950,45.71533203125
4926136,35.0341796875
4926496,32.8369140625
4926662,36.0107421875
4926695,32.04345703125
4926804,34.912109375
4926941,44.677734375
4927381,32.1044921875
4927877,43.51806640625
4928580,34.0576171875
4929320,34.423828125
4930213,31.6162109375
4930777,32.77587890625
4932495,32.77587890625
4932729,91.6748046875
4933553,105.16357421875
4934047,99.4873046875
4934574,94.970703125
4934813,109.130859375
4935459,107.0556640625
4936022,107.84912109375
4936686,108.642578125
4937788,113.95263671875
4938593,130.31005859375
4938960,127.685546875
4939492,126.953125
4939755,33.87451171875
4939850,128.23486328125
4939951,42.6025390625
4939977,32.16552734375
4940019,37.353515625
4940032,144.775390625
4940092,45.83740234375
4940113,33.99658203125
4940183,39.61181640625
4940197,132.4462890625
4940224,60.9130859375
4940245,50.1708984375
4940261,35.70556640625
4940285,48.88916015625
4940318,82.33642578125
4940348,89.111328125
4940360,112.12158203125
4940396,85.63232421875
4940412,59.326171875
4940442,91.73583984375
4940473,72.81494140625
4940485,54.74853515625
4940500,40.34423828125
4940516,71.8994140625
4940531,53.5888671875
4940549,63.1103515625
4940577,47.66845703125
4940597,77.57568359375
4940634,38.9404296875
4940657,48.828125
4940670,31.8603515625
4940694,52.55126953125
4940708,47.607421875
4940730,37.90283203125
4940744,42.1142578125
4940755,51.3916015625
4940775,61.767578125
4940801,48.88916015625
4940836,61.34033203125
4940865,43.39599609375
4940877,33.0810546875
4940901,54.99267578125
4940922,57.80029296875
4940937,39.97802734375
4940957,36.80419921875
4940997,43.27392578125
4941016,33.203125
4941047,39.1845703125
4941089,52.490234375
4941124,32.958984375
4941160,52.734375
4941185,42.96875
4941227,40.1611328125
4941269,36.0107421875
4941305,35.7666015625
4941325,46.142578125
4941392,34.11865234375
4941411,33.26416015625
4941450,56.57958984375
4941561,32.3486328125
4941581,36.1328125
4941616,35.2783203125
4941632,38.51318359375
4941656,33.50830078125
4941699,49.4384765625
4941787,32.3486328125
4941854,35.15625
4941949,36.2548828125
4941968,36.7431640625
4942077,31.982421875
4942133,31.982421875
4942297,31.73828125
4942396,43.212890625
4942536,32.16552734375
4942585,33.5693359375
4942930,39.0625
4943301,41.50390625
4943412,42.96875
4943573,33.99658203125
4943931,46.20361328125
4944066,32.71484375
4944550,35.58349609375
4947779,35.33935546875
4951166,88.68408203125
4952622,90.8203125
4953082,86.60888671875
4953401,101.62353515625
4953744,111.75537109375
4953827,36.1328125
4953882,32.958984375
4953951,34.36279296875
4954020,97.65625
4954037,52.42919921875
4954051,50.35400390625
4954149,36.865234375
4954160,64.02587890625
4954181,93.505859375
4954205,32.1044921875
4954227,49.072265625
4954242,79.65087890625
4954269,87.646484375
4954295,85.5712890625
4954309,63.29345703125
4954335,101.806640625
4954351,69.51904296875
4954384,66.83349609375
4954409,99.2431640625
4954440,61.03515625
4954466,62.19482421875
4954478,41.68701171875
4954507,85.9375
4954517,36.1328125
4954537,44.25048828125
4954569,42.17529296875
4954593,68.66455078125
4954623,69.76318359375
4954647,37.59765625
4954664,39.55078125
4954689,48.2177734375
4954708,38.63525390625
4954726,51.81884765625
4954750,57.9833984375
4954771,41.9921875
4954788,40.71044921875
4954832,53.22265625
4954854,36.43798828125
4954874,38.39111328125
4954895,34.66796875
4954917,50.59814453125
4954959,73.42529296875
4954974,42.48046875
4954989,36.43798828125
4955005,35.7666015625
4955033,41.50390625
4955057,43.64013671875
4955085,38.9404296875
4955167,42.41943359375
4955197,34.1796875
4955224,39.85595703125
4955253,43.212890625
4955290,44.677734375
4955337,44.921875
4955349,36.0107421875
4955410,32.16552734375
4955425,35.15625
4955497,38.0859375
4955570,34.7900390625
4955610,38.51318359375
4955639,52.1240234375
4955740,42.90771484375
4955762,32.65380859375
4955840,31.6162109375
4956027,35.400390625
4956451,33.50830078125
4956655,32.65380859375
4956781,32.65380859375
4957027,40.10009765625
4957514,32.5927734375
4959484,32.71484375
4960644,33.69140625
4965262,32.04345703125
4965473,37.109375
4965760,48.2177734375
4965778,38.26904296875
4965826,88.07373046875
4965857,33.14208984375
4965923,41.6259765625
4965963,92.7734375
4965979,32.53173828125
4965997,39.73388671875
4966014,33.02001953125
4966029,59.26513671875
4966051,64.94140625
4966078,141.9677734375
4966100,51.57470703125
4966118,59.6923828125
4966149,148.01025390625
4966169,46.2646484375
4966186,58.2275390625
4966203,63.1103515625
4966219,71.533203125
4966239,56.7626953125
4966261,51.7578125
4966283,84.77783203125
4966303,48.40087890625
4966335,58.53271484375
4966353,53.03955078125
4966383,53.1005859375
4966404,62.80517578125
4966426,49.25537109375
4966440,44.00634765625
4966459,79.16259765625
4966490,36.2548828125
4966503,60.791015625
4966534,35.400390625
4966565,38.2080078125
4966593,60.85205078125
4966622,35.64453125
4966638,39.24560546875
4966695,52.001953125
4966735,34.0576171875
4966758,49.62158203125
4966818,38.9404296875
4966832,36.68212890625
4966880,33.63037109375
4966934,42.66357421875
4966983,37.90283203125
4967060,33.99658203125
4967096,53.52783203125
4967148,34.5458984375
4967182,38.75732421875
4967268,32.16552734375
4967355,32.65380859375
4967459,33.99658203125
4967566,32.65380859375
4967818,33.02001953125
4968206,35.21728515625
4971880,33.87451171875
4977834,89.599609375
4977867,32.77587890625
4977890,34.85107421875
4977920,35.58349609375
4977956,33.69140625
4977991,111.63330078125
4978024,43.8232421875
4978063,54.50439453125
4978089,36.1328125
4978110,72.998046875
4978136,45.2880859375
4978151,51.3916015625
4978187,67.68798828125
4978220,122.49755859375
4978231,115.66162109375
4978264,70.12939453125
4978291,67.0166015625
4978305,96.3134765625
4978320,49.74365234375
4978345,85.3271484375
4978356,100.15869140625
4978397,54.38232421875
4978409,90.63720703125
4978444,104.00390625
4978462,43.3349609375
4978487,41.1376953125
4978507,38.57421875
4978540,80.99365234375
4978552,41.9921875
4978563,34.423828125
4978591,81.35986328125
4978606,47.18017578125
4978650,52.18505859375
4978664,40.34423828125
4978693,32.28759765625
4978730,42.29736328125
4978755,61.1572265625
4978779,35.46142578125
4978792,39.6728515625
4978854,50.78125
4978912,45.7763671875
4978942,37.53662109375
4978972,34.11865234375
4979011,35.82763671875
4979041,40.71044921875
4979089,43.0908203125
4979149,44.43359375
4979178,38.63525390625
4979272,32.8369140625
4979391,38.51318359375
4980776,35.2783203125
4988286,33.0810546875
4988978,103.1494140625
4990127,96.61865234375
4990202,40.1611328125
4990252,65.49072265625
4990306,103.33251953125
4990334,34.0576171875
4990408,65.5517578125
4990453,96.923828125
4990475,67.19970703125
4990503,55.419921875
4990525,52.91748046875
4990546,39.97802734375
4990560,77.81982421875
4990584,39.9169921875
4990608,47.4853515625
4990620,45.2880859375
4990631,34.7900390625
4990663,45.8984375
4990681,109.619140625
4990697,59.5703125
4990709,86.60888671875
4990729,63.17138671875
4990739,48.2177734375
4990757,43.212890625
4990773,40.83251953125
4990794,92.10205078125
4990811,52.55126953125
4990824,106.99462890625
4990839,40.46630859375
4990850,34.423828125
4990872,39.97802734375
4990889,79.52880859375
4990910,64.75830078125
4990949,37.109375
4990969,40.52734375
4990984,44.5556640625
4991026,43.02978515625
4991083,35.21728515625
4991102,34.7900390625
4991148,33.87451171875
4991167,40.10009765625
4991240,47.2412109375
4991250,43.15185546875
4991327,33.63037109375
4991374,36.56005859375
4991389,37.29248046875
4991501,44.00634765625
4991574,32.2265625
4991726,48.9501953125
4991791,34.36279296875
4991924,32.16552734375
4993975,32.04345703125
5002960,105.8349609375
5007741,31.6162109375
5007796,58.7158203125
5007894,57.6171875
5008042,123.6572265625
5008061,78.43017578125
5008132,35.94970703125
5008163,31.79931640625
5008192,142.15087890625
5008202,71.6552734375
5008234,44.3115234375
5008248,64.453125
5008280,74.8291015625
5008297,104.67529296875
5008317,53.3447265625
5008330,60.24169921875
5008346,48.828125
5008374,140.5029296875
5008389,88.134765625
5008426,85.38818359375
5008456,109.2529296875
5008469,88.8671875
5008505,95.21484375
5008519,105.16357421875
5008538,73.05908203125
5008569,37.7197265625
5008583,42.48046875
5008612,89.29443359375
5008656,60.302734375
5008670,59.5703125
5008692,39.55078125
5008703,69.15283203125
5008726,44.189453125
5008785,39.4287109375
5008855,39.9169921875
5008877,35.15625
5008890,35.888671875
5008925,40.83251953125
5009075,34.85107421875
5009138,41.015625
5009152,45.10498046875
5009225,37.841796875
5009457,36.80419921875
5009706,33.5693359375
5025304,138.00048828125
5025318,36.31591796875
5025375,37.4755859375
5025512,69.15283203125
5025565,140.56396484375
5025659,36.865234375
5025679,33.38623046875
5025695,49.74365234375
5025773,133.11767578125
5025839,61.4013671875
5025851,33.447265625
5025885,119.20166015625
5025923,76.35498046875
5025961,49.560546875
5025976,84.77783203125
5026007,39.4287109375
5026039,45.10498046875
5026075,49.13330078125
5026085,108.21533203125
5026120,49.98779296875
5026159,34.24072265625
5026189,69.51904296875
5026211,51.025390625
5026230,32.89794921875
5026273,44.49462890625
5026301,60.85205078125
5026321,60.9130859375
5026370,40.6494140625
5026432,53.40576171875
5026460,39.306640625
5026479,38.0859375
5026542,32.1044921875
5026574,47.42431640625
5026588,54.87060546875
5026659,35.400390625
5026676,31.982421875
5026718,32.470703125
5026745,55.60302734375
5026954,46.32568359375
5027086,49.1943359375
5027270,46.9970703125
5027566,32.04345703125
5043826,31.8603515625
5065662,152.83203125
5065751,56.94580078125
5065811,31.982421875
5065843,39.55078125
5065878,154.78515625
5065897,34.7900390625
5065924,38.818359375
5065975,70.12939453125
5065994,152.099609375
5066010,47.66845703125
5066020,33.5693359375
5066036,43.88427734375
5066055,54.0771484375
5066074,34.912109375
5066096,155.1513671875
5066134,63.4765625
5066145,35.21728515625
5066181,142.51708984375
5066203,44.5556640625
5066215,57.43408203125
5066246,52.06298828125
5066265,94.3603515625
5066288,53.52783203125
5066298,36.1328125
5066309,42.48046875
5066352,61.8896484375
5066376,54.13818359375
5066420,33.38623046875
5066440,88.68408203125
5066466,36.1328125
5066483,42.41943359375
5066513,36.7431640625
5066544,84.3505859375
5066570,32.65380859375
5066600,33.02001953125
5066633,31.982421875
5066646,41.32080078125
5066680,117.431640625
5066713,37.29248046875
5066753,47.9736328125
5066806,94.7265625
5066836,40.71044921875
5066858,44.3115234375
5066985,92.4072265625
5067085,35.400390625
5067267,48.33984375
5067988,35.2783203125
5105933,32.8369140625
5106083,31.8603515625
5108125,31.67724609375
5188800,31.92138671875
5218515,33.50830078125
5311384,33.26416015625
5969879,32.1044921875
5977765,45.10498046875
5977793,40.10009765625
5977826,42.724609375
5977838,68.78662109375
5977860,246.15478515625
5977890,88.31787109375
5977919,159.1796875
5977933,54.87060546875
5977953,74.21875
5977969,81.298828125
5977999,122.98583984375
5978022,91.97998046875
5978050,83.3740234375
5978074,62.92724609375
5978102,80.9326171875
5978123,88.92822265625
5978135,77.392578125
5978166,63.53759765625
5978191,83.8623046875
5978203,37.17041015625
5978217,62.01171875
5978242,41.50390625
5978256,43.9453125
5978310,37.59765625
5978335,56.57958984375
5978354,49.62158203125
5978373,44.25048828125
5978397,74.52392578125
5978411,42.78564453125
5978454,70.6787109375
5978482,47.4853515625
5978502,51.8798828125
5978513,36.07177734375
5978549,50.29296875
5978580,71.8994140625
5978627,38.63525390625
5978637,40.6494140625
5978715,44.3115234375
5978765,41.50390625
5978806,36.56005859375
5978848,41.19873046875
5978878,35.0341796875
5978908,32.40966796875
5978967,33.935546875
5979119,43.3349609375
5979298,37.04833984375
5979349,36.31591796875
5979416,31.982421875
6940892,33.0810546875
7429378,37.29248046875
7429399,52.79541015625
7429420,45.83740234375
7429451,199.0966796875
7429469,131.77490234375
7429482,64.453125
7429515,249.0234375
7429552,148.62060546875
7429568,79.52880859375
7429585,91.9189453125
7429598,63.78173828125
7429628,62.01171875
7429643,68.84765625
7429657,47.91259765625
7429669,42.724609375
7429698,75.98876953125
7429715,52.3681640625
7429746,47.7294921875
7429770,53.8330078125
7429788,33.3251953125
7429812,97.7783203125
7429836,54.931640625
7429861,49.37744140625
7429874,61.279296875
7429891,69.3359375
7429921,51.1474609375
7429936,62.8662109375
7429960,46.20361328125
7429973,41.32080078125
7430014,40.71044921875
7430024,39.73388671875
7430046,70.00732421875
7430070,42.66357421875
7430081,49.01123046875
7430112,41.56494140625
7430123,41.07666015625
7430148,62.5
7430187,32.77587890625
7430206,40.8935546875
7430238,56.640625
7430273,39.6728515625
7430293,32.1044921875
7430317,33.0810546875
7430329,39.61181640625
7430367,34.24072265625
7430400,67.32177734375
7430427,43.3349609375
7430583,32.8369140625
7430701,60.24169921875
7430754,32.89794921875
7430773,35.888671875
7430806,33.0810546875
7430835,32.40966796875
7431806,33.87451171875
7431975,32.04345703125
7432827,32.1044921875
7441634,146.240234375
7442052,31.92138671875
7442082,132.32421875
7442192,49.9267578125
7442205,49.6826171875
7442230,36.0107421875
7442258,32.470703125
7442293,71.6552734375
7442330,64.453125
7442345,66.2841796875
7442366,189.88037109375
7442388,77.33154296875
7442412,71.044921875
7442423,134.1552734375
7442435,227.783203125
7442466,51.513671875
7442493,119.81201171875
7442504,61.95068359375
7442537,59.02099609375
7442552,134.33837890625
7442577,74.21875
7442587,33.935546875
7442612,59.9365234375
7442630,72.81494140625
7442653,74.76806640625
7442680,45.34912109375
7442696,45.34912109375
7442721,60.48583984375
7442738,39.48974609375
7442754,37.53662109375
7442767,35.21728515625
7442807,38.14697265625
7442825,43.9453125
7442845,35.888671875
7442876,78.91845703125
7442896,44.43359375
7442916,38.57421875
7442946,49.1943359375
7442963,41.56494140625
7442978,46.5087890625
7443006,37.78076171875
7443018,47.54638671875
7443046,37.2314453125
7443072,44.7998046875
7443095,32.28759765625
7443114,52.55126953125
7443129,38.330078125
7443150,52.06298828125
7443173,46.20361328125
7443215,36.56005859375
7443245,46.875
7443260,39.306640625
7443286,39.61181640625
7443301,37.353515625
7443312,45.7763671875
7443340,61.95068359375
7443373,43.0908203125
7443385,37.109375
7443419,40.6494140625
7443429,37.109375
7443454,32.3486328125
7443473,39.36767578125
7443527,33.203125
7443549,41.19873046875
7443570,36.19384765625
7443614,36.9873046875
7443625,45.8984375
7443654,32.77587890625
7443696,55.17578125
7443721,40.83251953125
7443735,54.0771484375
7443756,46.875
7443785,41.56494140625
7443816,33.69140625
7443841,33.69140625
7443858,36.9873046875
7443921,36.9873046875
7443934,34.24072265625
7443946,31.982421875
7443963,36.7431640625
7443975,34.48486328125
7444016,43.3349609375
7444037,35.94970703125
7444070,39.9169921875
7444093,32.53173828125
7444122,35.400390625
7444195,33.02001953125
7444206,31.982421875
7444250,37.353515625
7444260,42.6025390625
7444278,39.48974609375
7444334,33.8134765625
7444351,49.4384765625
7444365,34.423828125
7444444,33.02001953125
7444492,36.2548828125
7444517,33.99658203125
7444567,34.36279296875
7444600,37.9638671875
7444637,38.6962890625
7444718,31.92138671875
7444913,35.46142578125
7444935,31.6162109375
7444965,36.2548828125
7445050,39.61181640625
7445173,32.1044921875
7445220,39.4287109375
7445354,34.1796875
7445430,34.1796875
7445773,40.4052734375
7445949,34.66796875
7446067,44.7998046875
7446287,35.64453125
7446882,39.794921875
7447736,34.7900390625
7448135,32.2265625
7454068,166.50390625
7454574,152.34375
7454849,34.7900390625
7456271,140.869140625
7457544,153.50341796875
7458776,143.5546875
7460761,159.912109375
7461800,145.01953125
7462741,34.85107421875
7464756,180.6640625
7467258,151.85546875
7467457,35.7666015625
7469600,157.16552734375
7470312,142.51708984375
7473487,149.59716796875
7474232,32.3486328125
7566852,33.50830078125
7566871,154.35791015625
7566978,69.3359375
7566996,57.31201171875
7567019,40.4052734375
7567033,202.0263671875
7567058,100.830078125
7567073,66.95556640625
7567109,70.556640625
7567128,62.01171875
7567159,144.34814453125
7567176,127.5634765625
7567202,111.75537109375
7567224,91.552734375
7567237,85.3271484375
7567257,42.90771484375
7567271,72.6318359375
7567284,51.69677734375
7567314,80.74951171875
7567328,122.314453125
7567355,42.6025390625
7567379,57.67822265625
7567389,49.62158203125
7567401,96.61865234375
7567426,33.14208984375
7567445,57.9833984375
7567455,46.08154296875
7567486,45.5322265625
7567503,32.65380859375
7567522,34.3017578125
7567549,43.02978515625
7567567,42.05322265625
7567593,70.3125
7567607,38.63525390625
7567621,38.0859375
7567642,43.64013671875
7567664,59.26513671875
7567677,60.6689453125
7567698,53.40576171875
7567713,51.1474609375
7567727,51.33056640625
7567744,36.31591796875
7567776,49.1943359375
7567800,33.0810546875
7567811,35.400390625
7567829,39.0625
7567880,54.3212890625
7567917,42.1142578125
7567929,73.974609375
7567976,35.0341796875
7568019,46.875
7568029,34.7900390625
7568063,39.6728515625
7568073,50.72021484375
7568095,31.79931640625
7568146,38.63525390625
7568158,33.75244140625
7568240,32.04345703125
7568261,31.6162109375
7568274,41.07666015625
7568305,34.423828125
7568429,35.15625
7568691,32.28759765625
7568716,32.40966796875
7568733,49.01123046875
7568749,40.1611328125
7568914,34.423828125
7569092,34.97314453125
7569397,39.12353515625
7577502,118.5302734375
7578037,121.88720703125
7578556,144.47021484375
7580523,146.240234375
7582453,141.6015625
7590368,164.85595703125
7591940,32.1044921875
7593354,148.4375
7628424,240.1123046875
7628485,79.04052734375
7628533,56.57958984375
7628566,170.0439453125
7628595,66.22314453125
7628606,41.93115234375
7628637,65.5517578125
7628663,205.74951171875
7628683,55.0537109375
7628701,200.98876953125
7628722,72.75390625
7628740,55.2978515625
7628759,112.3046875
7628781,72.021484375
7628795,61.82861328125
7628812,82.51953125
7628835,49.86572265625
7628847,80.810546875
7628880,46.630859375
7628909,54.01611328125
7628939,76.35498046875
7628954,50.72021484375
7628968,34.36279296875
7628982,79.40673828125
7629004,61.767578125
7629027,48.03466796875
7629052,38.57421875
7629062,59.75341796875
7629086,46.93603515625
7629106,33.50830078125
7629123,53.1005859375
7629142,39.6728515625
7629163,35.5224609375
7629194,36.56005859375
7629226,33.5693359375
7629237,45.7763671875
7629251,52.18505859375
7629288,43.39599609375
7629304,55.0537109375
7629327,44.00634765625
7629354,38.4521484375
7629378,72.6318359375
7629405,60.1806640625
7629424,41.6259765625
7629437,40.283203125
7629453,34.66796875
7629491,34.0576171875
7629508,44.86083984375
7629550,34.60693359375
7629584,33.75244140625
7629639,34.11865234375
7629668,33.447265625
7629703,36.0107421875
7629741,34.48486328125
7629770,38.39111328125
7629850,37.65869140625
7629897,36.68212890625
7629910,57.0068359375
7629939,33.26416015625
7629951,36.19384765625
7630019,34.97314453125
7630068,42.236328125
7630085,39.4287109375
7630489,31.67724609375
7630536,32.2265625
7630711,32.3486328125
7632630,31.79931640625
7635691,35.5224609375
7636314,104.736328125
7636765,33.50830078125
7637966,97.71728515625
7638597,112.548828125
7638885,108.154296875
7639124,113.83056640625
7640749,131.591796875
7641028,129.57763671875
7642309,127.13623046875
7642786,127.197265625
7644967,34.1796875
7646821,128.90625
7647808,33.203125
7649590,35.15625
7650561,146.728515625
7651868,150.08544921875
7652231,38.02490234375
7652258,33.26416015625
7652290,170.59326171875
7652318,70.3125
7652341,47.42431640625
7652390,49.13330078125
7652411,54.443359375
7652435,145.6298828125
7652456,43.45703125
7652483,32.40966796875
7652503,76.11083984375
7652529,38.0859375
7652541,32.40966796875
7652561,56.94580078125
7652575,36.2548828125
7652592,56.15234375
7652612,69.4580078125
7652628,54.3212890625
7652654,77.7587890625
7652664,66.22314453125
7652677,57.861328125
7652695,72.6318359375
7652709,74.15771484375
7652725,55.48095703125
7652744,63.17138671875
7652757,68.4814453125
7652788,96.0693359375
7652817,107.48291015625
7652840,65.61279296875
7652866,40.771484375
7652882,98.20556640625
7652904,40.4052734375
7652928,33.3251953125
7652940,40.22216796875
7652960,40.22216796875
7652985,37.2314453125
7653000,40.771484375
7653015,39.4287109375
7653044,47.119140625
7653068,49.98779296875
7653080,37.65869140625
7653105,45.166015625
7653118,59.99755859375
7653148,36.1328125
7653162,51.81884765625
7653187,42.724609375
7653220,39.00146484375
7653232,47.30224609375
7653261,40.34423828125
7653290,42.3583984375
7653307,37.04833984375
7653331,43.3349609375
7653372,45.7763671875
7653390,39.00146484375
7653420,53.955078125
7653446,37.29248046875
7653479,54.74853515625
7653498,41.93115234375
7653509,35.70556640625
7653539,36.9873046875
7653573,38.39111328125
7653589,36.07177734375
7653625,39.48974609375
7653640,37.04833984375
7653662,44.98291015625
7653674,38.0859375
7653701,38.0859375
7653736,37.29248046875
7653783,35.2783203125
7653811,58.7158203125
7653868,33.02001953125
7653900,42.724609375
7653938,39.73388671875
7653962,31.73828125
7653988,38.57421875
7653998,45.2880859375
7654057,32.04345703125
7654098,38.26904296875
7654120,40.58837890625
7654157,53.955078125
7654175,34.1796875
7654258,38.330078125
7654328,32.65380859375
7654360,38.63525390625
7654486,33.5693359375
7654613,34.3017578125
7654715,35.94970703125
7654753,34.60693359375
7655154,34.912109375
7655269,34.24072265625
7656275,34.5458984375
7656334,33.63037109375
7656773,32.3486328125
7656834,33.8134765625
7657120,35.5224609375
7657821,44.98291015625
7657831,33.69140625
7658103,33.14208984375
7658188,32.71484375
7658850,57.12890625
7660162,33.02001953125
7661035,31.8603515625
7662954,35.7666015625
7663497,104.91943359375
7664040,101.25732421875
7664696,103.8818359375
7665143,106.8115234375
7665898,99.9755859375
7665993,32.2265625
7666305,31.79931640625
7668396,107.7880859375
7668922,118.71337890625
7669557,118.71337890625
7670124,133.36181640625
7670154,31.6162109375
7670174,37.90283203125
7670255,60.9130859375
7670314,120.4833984375
7670344,45.71533203125
7670367,41.56494140625
7670392,52.79541015625
7670424,53.40576171875
7670458,107.421875
7670471,47.79052734375
7670492,50.537109375
7670514,46.9970703125
7670530,44.677734375
7670547,109.9853515625
7670559,92.10205078125
7670579,41.07666015625
7670610,101.07421875
7670632,82.33642578125
7670654,75.25634765625
7670667,82.1533203125
7670697,90.2099609375
7670710,50.47607421875
7670732,44.73876953125
7670750,58.349609375
7670777,87.0361328125
7670789,85.9375
7670818,45.34912109375
7670828,71.533203125
7670850,53.955078125
7670874,45.95947265625
7670906,50.1708984375
7670935,57.7392578125
7670955,48.095703125
7670973,47.9736328125
7670990,45.8984375
7671010,53.64990234375
7671023,67.3828125
7671053,53.466796875
7671087,51.08642578125
7671123,57.92236328125
7671138,45.41015625
7671164,54.443359375
7671197,59.38720703125
7671220,66.71142578125
7671235,56.33544921875
7671251,44.37255859375
7671276,47.79052734375
7671297,50.96435546875
7671347,37.353515625
7671363,40.22216796875
7671392,37.59765625
7671404,40.10009765625
7671444,34.48486328125
7671454,37.65869140625
7671477,38.87939453125
7671506,75.74462890625
7671535,38.2080078125
7671559,39.794921875
7671596,32.1044921875
7671628,51.3916015625
7671673,36.62109375
7671687,39.306640625
7671715,35.09521484375
7671756,37.90283203125
7671787,33.69140625
7671827,32.77587890625
7671869,50.048828125
7672007,38.14697265625
7672020,43.45703125
7672062,45.95947265625
7672148,37.7197265625
7672382,31.67724609375
7672513,36.2548828125
7672597,41.80908203125
7673027,32.2265625
7673108,46.875
7673481,35.58349609375
7674219,36.80419921875
7674737,35.2783203125
7676500,35.400390625
7676839,34.423828125
7677148,33.38623046875
7677415,32.5927734375
7683138,95.0927734375
7684391,95.8251953125
7685439,107.36083984375
7686256,105.28564453125
7686330,32.40966796875
7686346,58.04443359375
7686358,40.46630859375
7686389,32.958984375
7686415,111.572265625
7686443,36.4990234375
7686462,42.48046875
7686479,39.306640625
7686508,78.91845703125
7686524,138.3056640625
7686549,51.6357421875
7686581,160.70556640625
7686601,67.9931640625
7686623,63.17138671875
7686634,60.1806640625
7686661,53.64990234375
7686681,57.4951171875
7686695,58.16650390625
7686714,62.255859375
7686748,101.5625
7686774,45.654296875
7686788,41.56494140625
7686806,49.86572265625
7686821,48.583984375
7686837,46.2646484375
7686861,49.86572265625
7686885,53.64990234375
7686924,47.42431640625
7686943,64.39208984375
7686959,54.38232421875
7686976,34.60693359375
7687017,56.7626953125
7687031,44.98291015625
7687046,47.119140625
7687056,35.46142578125
7687097,62.1337890625
7687113,61.1572265625
7687136,46.81396484375
7687163,39.48974609375
7687187,60.4248046875
7687200,47.607421875
7687213,41.44287109375
7687250,43.8232421875
7687307,42.724609375
7687332,38.0859375
7687361,32.65380859375
7687391,33.935546875
7687412,36.865234375
7687430,38.330078125
7687441,32.1044921875
7687465,32.40966796875
7687490,32.958984375
7687505,53.16162109375
7687661,51.94091796875
7687731,43.0908203125
7687791,33.50830078125
7687863,38.26904296875
7687940,32.53173828125
7688040,41.9921875
7688134,36.43798828125
7688191,44.25048828125
7688395,31.79931640625
7688463,39.794921875
7688510,31.92138671875
7688842,33.63037109375
7688899,31.79931640625
7688926,49.13330078125
7697940,33.63037109375
7700081,31.982421875
7700212,100.2197265625
7700250,42.6025390625
7700313,42.8466796875
7700354,99.18212890625
7700371,53.89404296875
7700390,39.00146484375
7700425,38.02490234375
7700439,59.87548828125
7700453,48.64501953125
7700494,91.49169921875
7700506,64.0869140625
7700522,47.607421875
7700543,55.35888671875
7700560,105.1025390625
7700592,89.35546875
7700621,66.46728515625
7700642,92.34619140625
7700652,62.255859375
7700664,46.2646484375
7700692,91.73583984375
7700731,79.16259765625
7700743,36.31591796875
7700764,53.22265625
7700778,62.07275390625
7700802,47.42431640625
7700815,44.12841796875
7700831,41.3818359375
7700848,49.98779296875
7700872,41.93115234375
7700886,39.24560546875
7700910,48.4619140625
7700920,35.70556640625
7700956,75.439453125
7700970,34.0576171875
7700993,50.10986328125
7701006,32.2265625
7701033,34.36279296875
7701044,66.22314453125
7701070,36.376953125
7701094,39.61181640625
7701110,38.4521484375
7701139,33.69140625
7701149,48.88916015625
7701161,35.7666015625
7701179,32.5927734375
7701241,35.888671875
7701288,40.22216796875
7701306,32.77587890625
7701348,34.85107421875
7701438,31.79931640625
7701485,37.2314453125
7701532,35.64453125
7701574,42.29736328125
7701631,39.36767578125
7701664,36.9873046875
7701693,35.15625
7701782,41.44287109375
7701875,33.75244140625
7701917,41.259765625
7701997,43.76220703125
7702076,31.79931640625
7702509,34.85107421875
7702668,31.79931640625
7703025,33.69140625
7704235,33.3251953125
7714910,114.501953125
7714970,33.3251953125
7715053,32.89794921875
7715102,118.34716796875
7715116,41.9921875
7715153,36.56005859375
7715210,59.63134765625
7715240,87.40234375
7715259,47.9736328125
7715270,37.78076171875
7715298,50.35400390625
7715309,33.38623046875
7715337,37.841796875
7715350,70.4345703125
7715361,117.3095703125
7715391,64.3310546875
7715403,41.44287109375
7715434,100.15869140625
7715454,49.74365234375
7715466,136.41357421875
7715488,64.02587890625
7715513,44.189453125
7715524,77.880859375
7715535,33.99658203125
7715562,98.0224609375
7715582,60.97412109375
7715596,53.03955078125
7715609,47.4853515625
7715619,39.794921875
7715652,56.7626953125
7715677,40.52734375
7715695,38.0859375
7715722,36.9873046875
7715733,68.603515625
7715758,43.02978515625
7715783,59.6923828125
7715808,34.85107421875
7715818,37.2314453125
7715829,43.64013671875
7715860,37.41455078125
7715926,33.203125
7715982,36.68212890625
7716044,40.52734375
7716081,42.54150390625
7716122,32.04345703125
7716248,42.96875
7716324,43.15185546875
7716493,38.26904296875
7716872,42.17529296875
7716994,32.8369140625
7717263,36.62109375
7718224,31.8603515625
7718480,37.109375
7733363,118.896484375
7733407,63.04931640625
7733547,33.63037109375
7733602,58.2275390625
7733630,135.498046875
7733687,44.98291015625
7733785,55.48095703125
7733797,41.93115234375
7733819,123.22998046875
7733837,37.109375
7733855,61.09619140625
7733869,35.94970703125
7733900,33.14208984375
7733933,103.82080078125
7733949,54.5654296875
7733979,53.5888671875
7733998,77.81982421875
7734025,70.4345703125
7734047,75.62255859375
7734068,66.22314453125
7734096,100.40283203125
7734124,46.32568359375
7734149,91.796875
7734162,91.796875
7734174,42.17529296875
7734185,75.86669921875
7734212,42.6025390625
7734240,70.61767578125
7734258,34.1796875
7734271,56.15234375
7734294,39.4287109375
7734319,53.52783203125
7734355,64.88037109375
7734368,43.27392578125
7734390,41.44287109375
7734410,32.89794921875
7734438,74.0966796875
7734461,33.38623046875
7734489,60.4248046875
7734510,51.20849609375
7734533,46.38671875
7734593,36.376953125
7734654,49.31640625
7734700,32.2265625
7734728,32.89794921875
7734775,34.36279296875
7734789,32.77587890625
7734888,38.330078125
7734976,31.79931640625
7735099,35.21728515625
7735140,33.50830078125
7735217,45.95947265625
7735288,37.29248046875
7764874,153.1982421875
7764935,40.83251953125
7765015,49.13330078125
7765051,36.2548828125
7765073,168.88427734375
7765088,47.79052734375
7765135,38.51318359375
7765155,42.54150390625
7765189,33.3251953125
7765213,145.08056640625
7765228,32.28759765625
7765254,34.48486328125
7765274,57.43408203125
7765292,46.44775390625
7765309,47.9736328125
7765328,75.62255859375
7765359,35.64453125
7765380,85.5712890625
7765396,82.3974609375
7765411,90.2099609375
7765424,33.99658203125
7765456,107.23876953125
7765479,60.05859375
7765501,148.74267578125
7765513,63.17138671875
7765525,44.98291015625
7765541,47.9736328125
7765566,59.4482421875
7765598,44.12841796875
7765612,47.42431640625
7765653,67.9931640625
7765664,80.74951171875
7765696,56.15234375
7765724,60.60791015625
7765750,33.26416015625
7765777,43.3349609375
7765825,70.556640625
7765852,44.12841796875
7765880,50.35400390625
7765905,37.04833984375
7765921,39.73388671875
7765944,46.7529296875
7765963,37.9638671875
7765995,40.283203125
7766040,43.3349609375
7766054,31.67724609375
7766107,48.52294921875
7766206,41.80908203125
7766233,33.63037109375
7766409,34.85107421875
7766480,33.02001953125
7766626,44.5556640625
7788479,33.447265625
7795187,33.0810546875
