7799001,0
1222297,26.4892578125
1222319,29.052734375
1222349,33.99658203125
1222369,28.74755859375
1222395,35.888671875
1222438,32.04345703125
1222455,30.517578125
1222576,32.65380859375
2030109,32.53173828125
2030122,40.10009765625
2030158,34.60693359375
2030187,28.38134765625
2030255,28.3203125
2030345,28.62548828125
2030715,28.74755859375
2041455,27.7099609375
2041524,35.400390625
2041542,29.6630859375
2041655,32.8369140625
2041666,31.67724609375
2094732,26.9775390625
2176988,32.1044921875
2177132,32.1044921875
2177201,27.4658203125
2177298,30.09033203125
2177350,27.9541015625
2177373,27.64892578125
2177401,26.611328125
2177536,27.099609375
2177790,26.42822265625
2235222,27.4658203125
2235330,29.23583984375
2235359,39.73388671875
2235384,32.1044921875
2235452,31.43310546875
2235472,28.3203125
2235503,27.77099609375
2235555,26.30615234375
2252364,26.42822265625
2252428,29.1748046875
2252451,33.0810546875
2252477,28.3203125
2253222,26.3671875
2266743,26.7333984375
2266785,32.2265625
2266810,29.84619140625
2266820,29.60205078125
2266854,27.587890625
2266914,28.62548828125
2266934,27.587890625
2281986,31.005859375
2282061,27.89306640625
2294414,35.94970703125
2294502,29.60205078125
2294749,29.60205078125
2294830,26.55029296875
2294886,26.91650390625
2294986,26.4892578125
2309984,33.14208984375
2310153,28.1982421875
2310175,34.11865234375
2310208,27.4658203125
2310308,26.9775390625
2310380,26.4892578125
2310467,26.9775390625
2324724,29.35791015625
2324946,28.6865234375
2325173,26.30615234375
2339078,27.28271484375
2339157,32.3486328125
2339283,27.587890625
2356306,27.2216796875
2356494,28.13720703125
2371231,28.9306640625
3021805,27.2216796875
3022651,40.52734375
3022709,34.5458984375
3022769,38.57421875
3022928,31.06689453125
3022944,26.3671875
3022974,28.6865234375
3023001,31.8603515625
3023455,30.45654296875
3579062,30.8837890625
3579113,33.99658203125
3579124,38.6962890625
3579242,26.3671875
3579350,32.65380859375
3579428,34.60693359375
4272579,27.2216796875
4273044,27.16064453125
4273209,34.912109375
4273257,38.26904296875
4273267,27.34375
4273401,31.25
4274264,29.296875
4699347,28.38134765625
4699365,27.28271484375
4699401,26.91650390625
4699419,32.53173828125
4699430,26.85546875
4699462,29.23583984375
4699494,26.7333984375
4699774,29.72412109375
4829059,26.9775390625
4829097,38.330078125
4829115,27.9541015625
4829156,26.42822265625
4829215,27.40478515625
4829255,28.01513671875
4829317,27.9541015625
4829425,28.25927734375
4902779,32.2265625
4902826,31.18896484375
4902852,30.517578125
4902897,36.865234375
4902919,30.21240234375
4903743,28.076171875
4903789,28.1982421875
4924104,39.1845703125
4924161,35.5224609375
4940277,29.23583984375
4940355,36.68212890625
4940423,26.79443359375
4940449,27.4658203125
4940507,26.67236328125
4954219,27.099609375
4954280,28.1982421875
4954340,29.84619140625
4954406,26.85546875
4954451,31.982421875
4954637,28.4423828125
4966003,29.78515625
4966097,30.33447265625
4966137,32.53173828125
4966228,27.64892578125
4978112,27.4658203125
4978221,28.13720703125
4978295,27.4658203125
4978375,26.42822265625
4978409,26.79443359375
4990774,30.82275390625
4990905,29.052734375
5008271,29.78515625
5008367,27.83203125
5008546,26.67236328125
5977831,29.1748046875
5977861,32.53173828125
5977887,28.13720703125
5977906,34.3017578125
5977926,31.31103515625
5977951,26.611328125
5977972,29.23583984375
5978096,36.31591796875
5978154,26.4892578125
5978386,27.77099609375
7178514,27.4658203125
7429462,28.01513671875
7429476,34.11865234375
7429539,45.10498046875
7429560,26.4892578125
7429596,26.85546875
7429626,26.4892578125
7429646,32.16552734375
7429678,30.517578125
7429691,29.23583984375
7442396,35.09521484375
7566984,27.2216796875
7567191,33.203125
7567285,26.7333984375
7567343,28.25927734375
7567378,29.47998046875
7567600,27.34375
7628643,27.099609375
7628685,30.33447265625
7628709,27.64892578125
7628735,27.64892578125
7628770,34.1796875
7628796,33.99658203125
7628884,26.611328125
7652562,27.52685546875
7652619,26.3671875
7652653,29.35791015625
7652681,31.982421875
7652694,27.16064453125
7652734,28.1982421875
7652782,26.30615234375
7670506,28.6865234375
7670575,26.55029296875
7686425,30.6396484375
7686487,27.89306640625
7686542,27.34375
7686552,27.2216796875
7686606,26.30615234375
7686683,28.38134765625
7700685,28.25927734375
7700758,30.76171875
7715407,30.21240234375
7733966,27.587890625
7734009,26.4892578125
7734057,26.85546875
7734190,30.2734375
7765520,28.01513671875
7765587,29.84619140625
