8999000,0
21377,38.26904296875
21517,67.7490234375
21533,43.0908203125
21546,36.1328125
21583,36.43798828125
21609,92.529296875
21626,64.75830078125
21639,57.80029296875
21662,51.08642578125
21690,47.9736328125
21707,50.47607421875
21728,45.10498046875
21742,37.29248046875
21759,41.50390625
21789,41.1376953125
21821,55.72509765625
21876,36.92626953125
21893,36.865234375
21908,36.1328125
21939,37.109375
21955,54.443359375
22083,36.7431640625
22101,45.47119140625
22280,39.36767578125
22946,38.63525390625
23098,36.07177734375
23108,40.52734375
23170,43.88427734375
23305,35.5224609375
23450,38.75732421875
23764,41.56494140625
23984,37.4755859375
24392,39.1845703125
24524,38.0859375
24654,36.68212890625
24694,41.07666015625
24984,35.64453125
25113,37.109375
25178,36.56005859375
28002,40.95458984375
33134,36.4990234375
34450,36.68212890625
36740,46.0205078125
37404,55.11474609375
41667,39.1845703125
41812,45.22705078125
41825,39.794921875
41869,42.6025390625
41910,56.640625
41933,37.90283203125
41963,57.2509765625
42011,39.97802734375
42028,42.78564453125
42081,46.630859375
42115,35.70556640625
42130,44.7998046875
42172,39.36767578125
42220,35.7666015625
42259,43.51806640625
42275,44.86083984375
42308,59.14306640625
42335,36.1328125
42351,46.81396484375
42365,46.44775390625
42390,40.1611328125
42447,40.46630859375
42631,40.8935546875
42723,37.04833984375
43215,37.59765625
43242,36.1328125
43413,38.330078125
43440,37.53662109375
43620,36.68212890625
43842,37.78076171875
43877,38.9404296875
44095,35.46142578125
44395,40.4052734375
44410,37.53662109375
44542,36.92626953125
44987,42.54150390625
51472,52.18505859375
51616,39.0625
51688,36.1328125
51849,44.61669921875
51902,40.95458984375
51946,41.19873046875
51968,37.9638671875
52030,36.19384765625
52063,40.0390625
52147,41.015625
52175,44.61669921875
52198,46.5087890625
52210,49.74365234375
52236,44.0673828125
52259,46.20361328125
52313,39.97802734375
52380,41.748046875
52429,44.49462890625
52455,44.86083984375
52476,36.865234375
52517,41.44287109375
52863,42.54150390625
60193,35.7666015625
60263,52.490234375
60597,36.376953125
60612,51.33056640625
60645,44.73876953125
60693,36.2548828125
60721,36.68212890625
60756,40.95458984375
60803,44.0673828125
60831,52.30712890625
60864,45.71533203125
60888,41.68701171875
60946,36.0107421875
60976,44.189453125
61026,54.26025390625
61048,39.85595703125
61065,56.0302734375
61117,45.5322265625
61133,45.34912109375
61206,36.07177734375
61248,49.560546875
61389,37.53662109375
61439,42.1142578125
61586,38.6962890625
62773,39.24560546875
68690,40.10009765625
68820,39.00146484375
68937,57.6171875
69265,38.0859375
69375,37.65869140625
69417,50.78125
69431,37.9638671875
69525,36.4990234375
69549,41.19873046875
69575,36.62109375
69609,49.13330078125
69638,38.6962890625
69661,47.66845703125
69672,39.48974609375
69701,36.31591796875
69711,36.0107421875
69749,56.45751953125
69771,55.60302734375
69808,43.701171875
69835,45.166015625
69853,35.5224609375
69886,38.6962890625
70001,35.58349609375
70044,41.9921875
73725,35.888671875
76759,44.7998046875
76810,41.8701171875
77012,37.2314453125
77046,42.236328125
77105,49.86572265625
77177,38.51318359375
77209,37.109375
77280,42.724609375
77298,44.61669921875
77323,38.39111328125
77353,39.48974609375
77365,42.48046875
77411,36.865234375
77434,44.61669921875
77461,53.89404296875
77494,37.7197265625
77515,37.9638671875
77531,62.92724609375
77570,61.767578125
77657,35.70556640625
77676,48.15673828125
77739,36.376953125
77751,44.12841796875
77838,36.43798828125
78290,37.04833984375
86069,36.376953125
86145,58.4716796875
86333,43.76220703125
86404,35.46142578125
86498,41.68701171875
86526,35.5224609375
86571,38.330078125
86663,39.0625
86688,53.16162109375
86713,47.05810546875
86736,37.65869140625
86764,48.52294921875
86824,51.3916015625
86854,37.04833984375
86884,39.24560546875
86897,42.724609375
87033,36.68212890625
87401,35.888671875
87658,35.58349609375
93568,44.12841796875
93661,37.90283203125
93678,41.19873046875
93747,47.9736328125
93791,45.41015625
93973,36.19384765625
94053,44.189453125
94114,38.87939453125
94133,52.67333984375
94163,50.84228515625
94295,42.3583984375
94329,60.1806640625
94400,40.95458984375
94428,39.55078125
94487,52.3681640625
94513,40.46630859375
94531,35.82763671875
94547,37.29248046875
94618,44.49462890625
94703,43.27392578125
101168,48.03466796875
101421,38.6962890625
101539,47.607421875
101626,38.0859375
101663,35.82763671875
101700,39.9169921875
101728,37.7197265625
101803,44.43359375
101823,42.48046875
101845,43.51806640625
101875,64.88037109375
101925,39.24560546875
101982,39.55078125
102097,39.1845703125
102118,39.36767578125
102138,35.82763671875
102264,53.52783203125
102322,37.65869140625
102421,35.5224609375
102449,40.22216796875
110394,54.5654296875
110464,35.5224609375
110489,41.748046875
110534,37.7197265625
110551,43.45703125
110646,50.10986328125
110693,43.3349609375
110732,42.29736328125
110758,48.03466796875
110787,53.3447265625
110803,38.0859375
110835,48.27880859375
110857,40.71044921875
110897,45.59326171875
110953,40.58837890625
110993,42.05322265625
111032,43.64013671875
111094,38.02490234375
111163,40.10009765625
111178,36.376953125
111431,36.07177734375
120408,37.41455078125
120440,47.119140625
120568,36.68212890625
120729,42.29736328125
120751,44.98291015625
120766,38.26904296875
120784,37.109375
120839,38.02490234375
120876,44.677734375
120913,45.83740234375
120930,39.1845703125
120960,51.7578125
120975,40.95458984375
121103,46.9970703125
121124,50.10986328125
121138,41.44287109375
121200,56.33544921875
121220,42.66357421875
121505,35.888671875
128699,41.80908203125
128768,41.6259765625
128850,35.5224609375
128916,35.82763671875
128932,40.34423828125
128960,36.2548828125
129035,45.2880859375
129082,48.15673828125
129153,43.88427734375
129202,38.02490234375
129225,36.19384765625
129292,49.072265625
129437,35.58349609375
135737,37.90283203125
135873,39.24560546875
136064,36.68212890625
136253,57.18994140625
136408,44.25048828125
136453,53.955078125
136473,42.3583984375
136506,41.3818359375
136548,36.92626953125
136573,40.34423828125
136600,41.93115234375
136658,43.76220703125
136670,42.236328125
136692,39.24560546875
136722,38.57421875
136750,40.283203125
136813,46.142578125
136852,46.875
143471,38.87939453125
143789,43.212890625
143855,39.0625
143912,45.7763671875
144031,38.63525390625
144103,35.64453125
144127,37.59765625
144311,44.12841796875
144334,39.12353515625
144519,41.259765625
145270,36.9873046875
151274,39.6728515625
151768,43.02978515625
151841,37.29248046875
151891,35.70556640625
151941,53.955078125
152081,50.10986328125
152138,40.6494140625
152162,40.1611328125
152196,36.31591796875
152207,51.025390625
152234,41.80908203125
152257,39.1845703125
152284,35.58349609375
152372,36.376953125
152402,37.7197265625
152436,36.4990234375
152476,37.353515625
159810,35.7666015625
159887,38.6962890625
160011,50.47607421875
160076,39.4287109375
160112,42.3583984375
160167,46.142578125
160179,41.07666015625
160238,48.76708984375
160308,46.56982421875
160342,40.283203125
160361,58.89892578125
160391,42.48046875
160427,37.65869140625
160508,39.97802734375
160529,36.80419921875
160850,38.63525390625
170389,52.1240234375
170671,39.0625
170769,41.80908203125
170787,46.08154296875
170816,38.0859375
170828,54.74853515625
170859,37.41455078125
170888,40.22216796875
170899,40.95458984375
170964,42.90771484375
171064,37.53662109375
171092,56.640625
171214,37.90283203125
171541,37.17041015625
179288,47.4853515625
179430,46.08154296875
179500,46.2646484375
179616,47.7294921875
179737,37.109375
179758,47.66845703125
179797,47.05810546875
179826,46.0205078125
179863,35.94970703125
179922,48.64501953125
179955,37.2314453125
180045,40.6494140625
180080,35.7666015625
180157,35.64453125
187851,46.81396484375
187933,40.52734375
188164,36.865234375
188188,48.27880859375
188225,43.45703125
188242,36.80419921875
188339,37.90283203125
188363,42.90771484375
188413,35.82763671875
188470,36.9873046875
188515,59.814453125
188529,39.73388671875
188609,39.55078125
188677,37.109375
188723,38.26904296875
188783,35.7666015625
196937,35.5224609375
196950,46.20361328125
197120,46.9970703125
197184,37.4755859375
197227,49.86572265625
197271,36.1328125
197294,36.62109375
197376,51.7578125
197406,41.80908203125
197447,38.4521484375
197498,46.2646484375
197526,35.58349609375
197573,49.74365234375
197614,42.236328125
197795,41.19873046875
206405,36.4990234375
206428,40.52734375
206507,38.63525390625
206617,36.376953125
206649,40.34423828125
206794,35.64453125
206807,35.46142578125
206833,43.8232421875
206861,38.4521484375
206946,39.24560546875
206958,49.072265625
206986,44.12841796875
206996,49.98779296875
207027,40.95458984375
207080,35.5224609375
207187,37.17041015625
207412,46.0205078125
215665,40.283203125
216383,45.654296875
216481,38.02490234375
216531,39.00146484375
216556,37.7197265625
216636,47.8515625
216671,38.26904296875
216713,43.88427734375
216730,35.64453125
216777,46.93603515625
216815,44.98291015625
216861,36.1328125
216989,37.78076171875
217454,35.64453125
227487,37.9638671875
227533,37.78076171875
227688,50.10986328125
227754,48.40087890625
227798,47.54638671875
227861,36.31591796875
227882,46.630859375
227933,35.58349609375
227959,37.78076171875
227973,51.08642578125
228028,45.5322265625
228042,39.9169921875
228061,44.00634765625
228255,36.1328125
228418,40.283203125
240070,38.75732421875
240277,48.33984375
240396,51.20849609375
240427,53.89404296875
240452,44.189453125
240499,41.3818359375
240521,41.80908203125
240546,43.3349609375
240571,49.13330078125
240591,39.4287109375
240623,39.306640625
240643,37.9638671875
240696,39.0625
240744,51.8798828125
240825,37.7197265625
240972,42.6025390625
253247,50.6591796875
253354,37.7197265625
253413,44.0673828125
253471,42.724609375
253515,35.58349609375
253535,37.53662109375
253591,57.2509765625
253614,40.46630859375
253642,37.41455078125
253664,38.51318359375
253721,35.46142578125
253740,40.22216796875
253790,37.4755859375
254216,36.376953125
267555,46.20361328125
267594,37.78076171875
267686,41.80908203125
267726,48.828125
267763,35.70556640625
267802,36.62109375
267853,45.0439453125
267905,61.34033203125
267979,35.70556640625
268019,37.29248046875
268037,39.85595703125
268164,36.2548828125
268178,38.75732421875
268325,42.96875
268872,37.53662109375
280234,35.58349609375
282182,37.4755859375
282797,44.00634765625
282874,37.65869140625
282937,36.62109375
282950,36.80419921875
282992,47.119140625
283019,35.82763671875
283061,41.50390625
283092,52.79541015625
283112,40.71044921875
283137,73.42529296875
283179,45.83740234375
283189,44.98291015625
283233,40.52734375
283260,37.9638671875
283320,39.6728515625
283349,36.31591796875
283362,44.5556640625
283402,48.7060546875
283480,48.095703125
283624,46.0205078125
283716,38.818359375
284100,37.353515625
300016,53.466796875
300160,39.00146484375
300175,42.90771484375
300186,36.80419921875
300263,41.68701171875
300292,55.2978515625
300345,55.60302734375
300364,40.771484375
300408,40.10009765625
300422,36.2548828125
300439,43.39599609375
300484,40.283203125
300511,39.0625
300587,43.15185546875
300673,44.86083984375
300771,40.83251953125
302169,37.2314453125
319064,42.54150390625
319106,57.43408203125
319287,45.83740234375
319335,49.560546875
319457,36.376953125
319472,42.48046875
319496,73.974609375
319515,49.86572265625
319536,36.31591796875
319565,46.32568359375
319584,37.78076171875
319597,52.001953125
319632,38.26904296875
319657,47.2412109375
319704,44.921875
319724,40.0390625
319945,36.9873046875
320352,38.330078125
320521,51.33056640625
320690,41.015625
321372,35.94970703125
321820,36.865234375
345613,65.673828125
345681,38.0859375
345728,46.142578125
345739,35.70556640625
345775,52.978515625
345805,49.560546875
345821,49.1943359375
345851,45.0439453125
345870,35.7666015625
345890,37.65869140625
345921,58.9599609375
345959,48.27880859375
345971,42.8466796875
345991,42.05322265625
346102,42.54150390625
346155,38.330078125
346173,42.54150390625
346258,43.8232421875
346610,37.59765625
347032,35.82763671875
347181,42.66357421875
347297,48.15673828125
347338,35.5224609375
347486,37.7197265625
347638,35.46142578125
347698,35.46142578125
372812,35.94970703125
372829,62.68310546875
372937,42.96875
372968,51.45263671875
372985,37.9638671875
373007,47.4853515625
373037,42.29736328125
373051,38.87939453125
373068,36.80419921875
373108,36.68212890625
373137,37.41455078125
373170,58.41064453125
373188,40.0390625
373200,39.36767578125
373313,42.29736328125
373583,36.7431640625
374120,41.259765625
374173,36.07177734375
374555,42.78564453125
374880,36.0107421875
408897,36.7431640625
408945,47.7294921875
409006,45.654296875
409017,38.9404296875
409039,36.80419921875
409079,55.5419921875
409108,39.48974609375
409121,63.3544921875
409159,38.87939453125
409181,38.39111328125
409201,47.36328125
409226,46.38671875
409254,37.7197265625
409272,36.31591796875
409393,39.36767578125
410245,37.65869140625
410348,44.921875
410475,38.39111328125
410648,37.7197265625
410722,35.58349609375
410939,35.7666015625
411083,37.4755859375
454240,36.9873046875
454277,38.818359375
454328,60.546875
454346,37.41455078125
454369,51.33056640625
454393,36.80419921875
454424,45.5322265625
454451,55.96923828125
454477,61.8896484375
454494,36.43798828125
454524,48.583984375
454547,42.236328125
454571,42.96875
454590,48.88916015625
454604,46.69189453125
454627,38.75732421875
454638,37.841796875
454663,46.142578125
454735,37.7197265625
454787,38.14697265625
454900,37.841796875
455771,39.0625
455781,37.109375
455898,42.17529296875
455985,41.3818359375
456024,35.888671875
456106,36.92626953125
456471,41.93115234375
457283,40.0390625
457779,37.53662109375
484279,43.45703125
484371,38.02490234375
484399,64.8193359375
484465,46.630859375
484487,62.01171875
484515,46.9970703125
484541,52.55126953125
484575,44.677734375
484602,54.38232421875
484619,40.283203125
484645,57.12890625
484681,38.51318359375
484711,45.0439453125
484746,52.91748046875
484780,38.02490234375
484794,42.8466796875
484874,39.73388671875
484905,35.82763671875
484964,38.57421875
485139,36.80419921875
485467,36.43798828125
485646,47.30224609375
485706,38.6962890625
485812,36.43798828125
485906,35.46142578125
486029,36.7431640625
486175,36.9873046875
486248,42.29736328125
486267,40.46630859375
486402,41.07666015625
486584,38.330078125
907634,36.43798828125
907858,38.9404296875
907883,56.21337890625
907916,56.15234375
907938,39.12353515625
907956,41.68701171875
907972,50.84228515625
907987,41.44287109375
908034,45.166015625
908056,49.4384765625
908092,36.0107421875
908148,45.654296875
908171,47.79052734375
908215,37.65869140625
908255,40.8935546875
908338,35.94970703125
908352,39.1845703125
908412,36.43798828125
908574,43.27392578125
909229,37.841796875
909279,42.90771484375
909417,41.259765625
909427,35.888671875
909495,47.42431640625
909517,41.50390625
909630,39.97802734375
909677,38.818359375
909756,40.6494140625
909769,35.94970703125
909959,40.58837890625
910241,40.10009765625
910430,44.98291015625
910515,38.4521484375
910614,39.1845703125
910693,42.17529296875
910847,38.39111328125
911134,36.4990234375
911478,41.015625
911614,35.64453125
911760,44.189453125
913209,37.65869140625
917400,35.888671875
918234,41.32080078125
925736,39.61181640625
926062,43.3349609375
926091,36.4990234375
926341,38.14697265625
926402,47.79052734375
926505,43.64013671875
926561,40.1611328125
926611,43.02978515625
926636,49.6826171875
926670,47.8515625
926701,43.27392578125
926736,50.6591796875
926754,35.5224609375
926784,49.8046875
926803,41.80908203125
926830,43.64013671875
926845,39.12353515625
926942,46.81396484375
926961,38.4521484375
926971,52.490234375
926985,42.54150390625
927050,42.05322265625
927069,39.61181640625
927119,39.6728515625
927160,42.96875
927309,35.46142578125
927501,35.5224609375
928065,37.41455078125
928289,35.5224609375
928396,39.85595703125
928536,44.73876953125
928604,39.6728515625
928720,36.80419921875
928793,35.5224609375
934591,37.7197265625
934678,53.40576171875
938059,38.6962890625
938255,39.4287109375
938318,56.0302734375
938671,58.7158203125
938765,42.78564453125
938820,36.62109375
938844,45.47119140625
938867,61.1572265625
938884,44.677734375
938910,76.0498046875
938958,47.7294921875
939004,36.80419921875
939017,72.69287109375
939042,44.49462890625
939074,54.6875
939089,36.92626953125
939127,35.46142578125
939137,40.58837890625
939174,54.443359375
939241,37.9638671875
939278,37.53662109375
939292,44.61669921875
939397,36.7431640625
939481,51.45263671875
939651,37.53662109375
939682,39.00146484375
940030,37.9638671875
940182,35.94970703125
940321,38.51318359375
946408,37.7197265625
946492,55.0537109375
946628,60.1806640625
946875,39.36767578125
946897,36.68212890625
946925,41.6259765625
946969,37.29248046875
947057,43.3349609375
947100,38.2080078125
947128,48.095703125
947151,39.4287109375
947190,42.48046875
947207,43.15185546875
947229,39.36767578125
947256,35.46142578125
947270,52.30712890625
947334,36.68212890625
947348,37.353515625
947481,37.29248046875
947495,38.51318359375
947538,43.9453125
947709,43.212890625
947747,44.86083984375
949082,38.63525390625
949295,35.7666015625
951289,35.70556640625
957513,40.1611328125
957558,43.51806640625
957669,62.31689453125
957708,43.88427734375
957775,35.5224609375
957888,39.48974609375
957907,40.6494140625
957933,44.37255859375
957966,35.82763671875
958047,36.7431640625
958068,46.93603515625
958087,48.64501953125
958111,50.1708984375
958129,39.794921875
958139,38.26904296875
958168,36.92626953125
958198,42.66357421875
958239,44.49462890625
958281,38.818359375
958292,37.65869140625
958324,37.90283203125
958361,35.5224609375
958372,41.015625
958487,36.9873046875
958589,36.865234375
958627,35.58349609375
958844,36.4990234375
973885,38.9404296875
973925,48.03466796875
973974,40.771484375
974027,41.6259765625
974077,63.3544921875
974094,45.47119140625
974112,50.537109375
974124,52.91748046875
974209,35.64453125
974226,43.15185546875
974248,45.34912109375
974267,40.10009765625
974298,41.19873046875
974353,52.8564453125
974375,36.19384765625
974386,40.46630859375
974412,53.52783203125
974435,35.888671875
974452,47.2412109375
974567,36.376953125
974592,40.95458984375
974782,38.0859375
974842,35.70556640625
974895,38.57421875
975228,36.62109375
975574,39.36767578125
975804,37.29248046875
976320,37.353515625
976423,50.29296875
981965,38.9404296875
982209,35.94970703125
986297,45.5322265625
986421,39.6728515625
986524,38.39111328125
986548,51.94091796875
986575,40.4052734375
986647,41.80908203125
986695,39.1845703125
986715,39.00146484375
986741,36.07177734375
986759,39.4287109375
986781,72.265625
986803,42.724609375
986884,43.9453125
986962,35.58349609375
987006,37.7197265625
987110,38.2080078125
987184,38.02490234375
992983,39.4287109375
993074,35.5224609375
993155,36.31591796875
997499,36.80419921875
997660,38.4521484375
997722,37.841796875
997856,38.57421875
997877,45.654296875
997895,39.6728515625
997925,39.306640625
998028,37.04833984375
998055,36.43798828125
998076,40.8935546875
998106,47.36328125
998121,52.3681640625
998132,40.6494140625
998192,35.7666015625
998219,46.44775390625
998235,40.6494140625
998279,44.3115234375
998308,40.283203125
998328,53.7109375
998427,37.04833984375
998560,41.19873046875
998908,35.82763671875
1009903,36.1328125
1010036,66.7724609375
1010155,36.19384765625
1010244,43.88427734375
1010272,45.8984375
1010324,47.4853515625
1010349,46.7529296875
1010369,38.14697265625
1010412,36.7431640625
1010438,61.95068359375
1010471,37.90283203125
1010481,38.51318359375
1010495,47.4853515625
1010518,47.119140625
1010549,41.1376953125
1010581,44.73876953125
1010617,52.55126953125
1010715,35.58349609375
1010765,36.07177734375
1010901,36.56005859375
1011078,37.17041015625
1011119,38.818359375
1017843,36.92626953125
1018028,35.64453125
1018134,38.75732421875
1018163,42.236328125
1018580,35.64453125
1018603,54.74853515625
1018671,44.5556640625
1018701,38.14697265625
1018729,39.794921875
1018739,41.44287109375
1018777,36.80419921875
1018794,46.875
1018917,54.01611328125
1019016,36.4990234375
1019051,36.31591796875
1019155,37.109375
1019249,40.52734375
1019368,38.26904296875
1027535,36.2548828125
1027755,44.0673828125
1027774,59.08203125
1027952,40.71044921875
1027977,39.00146484375
1028111,42.6025390625
1028139,39.97802734375
1028152,40.22216796875
1028183,35.94970703125
1028218,40.6494140625
1028239,38.87939453125
1028281,48.095703125
1028300,46.5087890625
1028320,36.07177734375
1028411,39.55078125
1028479,39.97802734375
1028524,45.166015625
1028643,36.62109375
1028711,38.63525390625
1034962,40.34423828125
1035260,37.2314453125
1035328,45.71533203125
1035619,36.19384765625
1035943,35.64453125
1036148,37.17041015625
1036417,36.80419921875
1036820,38.2080078125
1036867,36.19384765625
1036962,47.36328125
1049344,42.66357421875
1049412,51.08642578125
1049449,37.29248046875
1049521,36.62109375
1049578,51.94091796875
1049620,44.98291015625
1049664,42.54150390625
1049680,39.24560546875
1049719,52.978515625
1049778,62.98828125
1049798,43.39599609375
1049826,38.51318359375
1049857,55.908203125
1049878,42.724609375
1049925,52.8564453125
1049985,43.76220703125
1049995,40.1611328125
1050029,45.83740234375
1050044,41.259765625
1050075,37.2314453125
1050129,35.58349609375
1050253,40.771484375
1050306,38.330078125
1050392,35.5224609375
1050449,36.80419921875
1061556,68.7255859375
1061581,35.64453125
1061690,39.97802734375
1061734,37.2314453125
1061777,44.7998046875
1061807,39.4287109375
1061839,39.00146484375
1061851,38.57421875
1061876,45.59326171875
1061897,58.59375
1061975,35.7666015625
1061996,38.6962890625
1062089,36.68212890625
1062185,37.29248046875
1062309,36.1328125
1062351,39.4287109375
1062475,35.94970703125
1073585,57.6171875
1073632,40.95458984375
1073650,36.80419921875
1073775,54.13818359375
1073828,37.841796875
1073896,44.73876953125
1073914,37.353515625
1073934,46.81396484375
1073964,58.16650390625
1073981,40.10009765625
1074009,36.2548828125
1074049,47.54638671875
1074073,38.39111328125
1074096,37.7197265625
1074130,45.7763671875
1074183,35.64453125
1074242,39.85595703125
1074295,36.68212890625
1074409,39.24560546875
1082567,43.88427734375
1082633,36.4990234375
1082691,41.93115234375
1082783,36.62109375
1082914,50.4150390625
1083038,39.24560546875
1083185,45.654296875
1083215,46.08154296875
1083246,65.185546875
1083280,41.56494140625
1083328,36.1328125
1083394,39.24560546875
1083478,40.771484375
1083507,38.4521484375
1083549,39.306640625
1083607,36.2548828125
1083708,38.4521484375
1093332,35.94970703125
1093373,46.08154296875
1093510,36.62109375
1093551,35.70556640625
1093592,47.36328125
1093625,35.7666015625
1093650,38.4521484375
1093663,36.62109375
1093768,38.87939453125
1093783,44.86083984375
1093813,52.1240234375
1093844,40.46630859375
1093872,41.07666015625
1093902,53.77197265625
1093941,40.22216796875
1094038,39.97802734375
1094065,58.10546875
1094128,38.02490234375
1094145,37.2314453125
1094203,35.70556640625
1105736,39.55078125
1105765,39.794921875
1105784,40.1611328125
1105829,39.306640625
1105936,36.92626953125
1105977,50.47607421875
1105990,35.46142578125
1106020,38.2080078125
1106064,37.353515625
1106127,45.0439453125
1106154,43.15185546875
1106185,41.80908203125
1106233,41.56494140625
1106247,46.38671875
1106274,40.1611328125
1106365,39.306640625
1106416,41.3818359375
1106454,39.73388671875
1106523,36.9873046875
1106714,35.58349609375
1117437,37.90283203125
1117464,53.1005859375
1117479,36.376953125
1117639,44.25048828125
1117653,38.02490234375
1117690,41.93115234375
1117705,45.22705078125
1117798,47.66845703125
1117835,46.81396484375
1117881,52.67333984375
1117926,38.2080078125
1117964,37.53662109375
1117998,42.96875
1118015,38.75732421875
1118042,40.283203125
1118056,44.921875
1118118,53.955078125
1118137,37.7197265625
1118221,37.04833984375
1118239,43.64013671875
1133105,36.19384765625
1133173,48.583984375
1133256,38.6962890625
1133361,36.7431640625
1133418,41.748046875
1133436,42.05322265625
1133471,49.560546875
1133489,41.1376953125
1133503,35.82763671875
1133537,42.236328125
1133549,39.1845703125
1133577,36.19384765625
1133614,40.34423828125
1133653,56.21337890625
1133679,37.9638671875
1133745,44.37255859375
1133788,49.4384765625
1133799,44.0673828125
1133855,37.841796875
1133887,44.61669921875
1133913,36.376953125
1133957,40.58837890625
1133983,41.19873046875
1135350,39.85595703125
1147972,44.921875
1148132,38.0859375
1148198,44.189453125
1148227,36.80419921875
1148294,51.57470703125
1148320,52.67333984375
1148365,41.07666015625
1148416,49.1943359375
1148469,53.16162109375
1148487,64.88037109375
1148511,57.0068359375
1148543,41.015625
1148556,43.76220703125
1148606,44.5556640625
1148649,38.57421875
1148667,36.31591796875
1148701,40.6494140625
1151933,35.46142578125
1177032,35.64453125
1177184,36.9873046875
1177250,58.77685546875
1177312,36.376953125
1177399,47.30224609375
1177417,37.841796875
1177470,52.30712890625
1177512,47.9736328125
1177543,38.63525390625
1177568,50.29296875
1177595,47.42431640625
1177629,53.28369140625
1177646,41.8701171875
1177669,41.93115234375
1177721,45.41015625
1177752,46.81396484375
1177833,38.63525390625
1177943,37.9638671875
1178001,37.41455078125
1178047,35.46142578125
1178582,42.96875
1179280,36.1328125
1234426,41.68701171875
1234485,51.6357421875
1234505,42.236328125
1234526,46.9970703125
1234568,45.0439453125
1234631,38.0859375
1234660,42.3583984375
1234671,47.42431640625
1234705,35.64453125
1234752,39.36767578125
1234816,36.7431640625
1234868,41.32080078125
1234915,35.82763671875
1235974,35.64453125
1236005,43.15185546875
1236085,35.58349609375
1236272,37.65869140625
1236565,38.39111328125
1237304,35.7666015625
1902554,37.17041015625
1902582,36.07177734375
1902624,36.07177734375
1902720,47.2412109375
1902735,71.96044921875
1902764,69.9462890625
1902800,57.92236328125
1902810,45.654296875
1902842,74.27978515625
1902869,45.22705078125
1902916,37.17041015625
1902942,54.87060546875
1902971,36.865234375
1903026,41.8701171875
1903094,39.97802734375
1903191,37.90283203125
1903319,38.87939453125
1904104,43.64013671875
1904117,38.6962890625
1904155,36.56005859375
1904291,36.19384765625
1904349,36.9873046875
1904425,39.36767578125
1904630,37.109375
1904664,37.90283203125
1904825,36.62109375
1904937,36.92626953125
1905184,36.7431640625
1905202,37.353515625
1905235,36.376953125
1905369,35.94970703125
1905829,38.51318359375
1905874,36.56005859375
1906061,41.8701171875
1906148,40.22216796875
1906620,38.51318359375
1907425,37.59765625
1907512,37.90283203125
1907539,42.48046875
1908632,41.748046875
1909546,38.0859375
1910506,39.9169921875
1910765,39.97802734375
1912453,36.7431640625
1913270,36.56005859375
1913436,35.58349609375
1914489,37.9638671875
1918185,37.29248046875
1918440,37.4755859375
1919047,36.92626953125
1919792,35.64453125
1921758,38.51318359375
1924528,38.87939453125
1928237,38.0859375
1928336,38.39111328125
1928456,42.724609375
1928475,36.4990234375
1928531,38.818359375
1928550,49.6826171875
1928587,37.4755859375
1928614,36.865234375
1928671,41.9921875
1928696,41.19873046875
1928715,44.7998046875
1928739,49.01123046875
1928757,41.1376953125
1928771,66.162109375
1928795,50.23193359375
1928812,64.0869140625
1928823,41.68701171875
1928844,38.26904296875
1928870,47.9736328125
1928885,45.95947265625
1928927,44.189453125
1928976,37.90283203125
1929011,50.1708984375
1929053,37.59765625
1929064,38.6962890625
1929111,38.818359375
1929236,37.29248046875
1929266,35.58349609375
1929689,38.9404296875
1929742,41.6259765625
1929773,41.68701171875
1929882,40.58837890625
1930086,38.87939453125
1930373,38.39111328125
1930444,38.2080078125
1930520,35.64453125
1930560,36.9873046875
1930587,35.7666015625
1930641,36.92626953125
1930671,36.62109375
1930787,37.41455078125
1930952,40.1611328125
1931098,37.41455078125
1931271,36.62109375
1931339,55.72509765625
1931528,35.5224609375
1938141,37.353515625
1941865,37.41455078125
1942052,36.43798828125
1942078,56.82373046875
1942099,46.20361328125
1942124,38.818359375
1942241,41.44287109375
1942254,44.61669921875
1942287,40.58837890625
1942308,40.0390625
1942327,50.6591796875
1942349,38.14697265625
1942373,41.56494140625
1942407,51.08642578125
1942431,41.8701171875
1942454,58.65478515625
1942475,50.84228515625
1942491,48.64501953125
1942502,39.85595703125
1942531,36.0107421875
1942548,49.072265625
1942565,35.58349609375
1942595,42.78564453125
1942629,45.22705078125
1942698,39.97802734375
1942781,41.9921875
1942828,40.95458984375
1942874,45.8984375
1942961,45.22705078125
1942995,42.90771484375
1943073,36.43798828125
1943262,37.53662109375
1943311,37.2314453125
1943716,36.43798828125
1944071,37.29248046875
1949481,35.64453125
1951078,35.82763671875
1951430,35.5224609375
1951570,37.65869140625
1953751,39.4287109375
1953888,35.58349609375
1954279,39.794921875
1954569,36.68212890625
1958033,37.65869140625
1958045,40.71044921875
1958183,35.64453125
1958234,37.29248046875
1958263,48.40087890625
1958292,48.2177734375
1958304,42.41943359375
1958324,48.583984375
1958350,39.12353515625
1958365,47.18017578125
1958382,42.66357421875
1958402,40.58837890625
1958441,40.283203125
1958460,42.29736328125
1958481,42.41943359375
1958491,50.9033203125
1958526,43.02978515625
1958536,52.001953125
1958564,40.283203125
1958588,39.24560546875
1958655,37.53662109375
1958686,42.1142578125
1958763,37.17041015625
1958786,37.4755859375
1959036,41.07666015625
1959225,40.83251953125
1959412,35.46142578125
1959835,36.92626953125
1965510,44.5556640625
1973786,36.865234375
1973834,52.1240234375
1978032,38.330078125
1978179,37.7197265625
1978340,36.0107421875
1978408,51.33056640625
1978759,41.1376953125
1978790,54.931640625
1978841,38.818359375
1978879,35.70556640625
1978894,36.07177734375
1978919,37.2314453125
1978959,50.29296875
1978990,44.00634765625
1979016,44.49462890625
1979041,45.5322265625
1979056,45.34912109375
1979089,37.109375
1979116,46.5087890625
1979128,37.53662109375
1979184,39.85595703125
1979206,36.376953125
1979237,42.3583984375
1979280,35.7666015625
1979384,37.9638671875
1979442,35.64453125
1979540,41.56494140625
1979586,37.9638671875
1979617,37.4755859375
1979697,46.81396484375
1979862,42.17529296875
1980811,38.14697265625
1985572,36.376953125
1986159,36.0107421875
1988998,48.2177734375
1989165,35.58349609375
1989272,36.62109375
1989319,51.7578125
1989397,40.1611328125
1989475,37.53662109375
1989506,45.2880859375
1989566,42.54150390625
1989599,42.6025390625
1989629,45.47119140625
1989648,53.52783203125
1989659,35.64453125
1989675,42.6025390625
1989685,37.65869140625
1989720,38.4521484375
1989769,39.36767578125
1989801,35.46142578125
1989824,40.83251953125
1989880,49.6826171875
1989985,43.02978515625
1990100,35.46142578125
1990170,37.353515625
1990980,36.865234375
2000111,40.10009765625
2000187,38.9404296875
2000253,38.87939453125
2000360,38.39111328125
2000384,40.83251953125
2000406,51.8798828125
2000420,35.82763671875
2000440,35.888671875
2000462,50.1708984375
2000498,35.7666015625
2000569,47.36328125
2000618,53.8330078125
2000640,45.2880859375
2000658,40.283203125
2000676,44.0673828125
2000784,43.76220703125
2000814,36.80419921875
2000831,44.61669921875
2000911,39.48974609375
2001031,40.8935546875
2001210,41.93115234375
2001407,45.41015625
2008783,36.43798828125
2008960,35.82763671875
2009220,54.74853515625
2009266,38.02490234375
2009304,38.26904296875
2009380,36.56005859375
2009413,55.17578125
2009426,36.68212890625
2009449,37.41455078125
2009497,39.61181640625
2009552,39.794921875
2009570,49.98779296875
2009611,43.3349609375
2009646,36.4990234375
2009720,40.0390625
2009754,39.12353515625
2009782,44.86083984375
2009817,35.64453125
2009851,42.66357421875
2009883,39.24560546875
2009929,41.56494140625
2014377,36.31591796875
2018443,36.4990234375
2018737,44.73876953125
2018750,47.4853515625
2018790,44.37255859375
2018807,35.58349609375
2018849,38.6962890625
2018883,50.10986328125
2018902,38.39111328125
2018924,41.015625
2018944,35.64453125
2019006,53.52783203125
2019020,36.865234375
2019038,37.29248046875
2019056,36.865234375
2019093,36.43798828125
2019140,48.40087890625
2019156,50.35400390625
2019214,36.31591796875
2019252,50.9033203125
2019298,41.68701171875
2019325,47.30224609375
2030651,36.0107421875
2030759,48.4619140625
2030877,40.4052734375
2030993,41.748046875
2031014,42.8466796875
2031104,40.1611328125
2031122,42.6025390625
2031148,43.76220703125
2031174,36.4990234375
2031205,36.56005859375
2031231,42.3583984375
2031253,39.85595703125
2031288,39.36767578125
2031312,39.12353515625
2031328,43.0908203125
2031349,38.9404296875
2031388,36.0107421875
2031427,37.7197265625
2031503,40.1611328125
2031523,36.865234375
2031543,40.22216796875
2031587,37.78076171875
2032198,39.36767578125
2043256,36.56005859375
2043325,36.68212890625
2043359,47.9736328125
2043445,48.64501953125
2043531,44.677734375
2043588,47.2412109375
2043618,37.7197265625
2043652,37.2314453125
2043683,39.24560546875
2043705,37.78076171875
2043763,37.109375
2043775,41.19873046875
2043831,36.31591796875
2043904,43.3349609375
2043921,39.55078125
2043970,42.6025390625
2044030,44.49462890625
2044136,36.19384765625
2044151,36.80419921875
2044216,36.80419921875
2044344,36.80419921875
2044392,36.19384765625
2044794,36.56005859375
2045123,36.19384765625
2054409,43.27392578125
2054531,36.62109375
2054664,44.5556640625
2054707,39.24560546875
2054728,48.095703125
2054801,36.1328125
2054839,38.6962890625
2054917,39.61181640625
2054944,47.30224609375
2054983,43.88427734375
2054997,38.330078125
2055007,49.560546875
2055051,42.41943359375
2055065,48.88916015625
2055080,36.4990234375
2055103,44.43359375
2055222,41.44287109375
2055254,35.70556640625
2055341,39.36767578125
2055500,39.794921875
2057235,38.51318359375
2065260,40.1611328125
2065642,35.7666015625
2065653,44.12841796875
2065722,39.9169921875
2065749,45.7763671875
2065780,43.64013671875
2065795,48.88916015625
2065866,70.6787109375
2065885,39.1845703125
2065913,39.61181640625
2065942,38.2080078125
2066000,37.65869140625
2066014,38.57421875
2066073,37.353515625
2066109,35.82763671875
2066234,45.7763671875
2066328,39.00146484375
2066600,36.07177734375
2077723,38.51318359375
2077771,36.62109375
2077871,43.9453125
2078066,40.46630859375
2078096,37.7197265625
2078176,37.841796875
2078205,76.2939453125
2078243,42.29736328125
2078262,38.14697265625
2078303,36.1328125
2078331,47.91259765625
2078348,42.78564453125
2078370,46.0205078125
2078385,39.97802734375
2078439,48.828125
2078508,37.4755859375
2078558,37.53662109375
2078585,38.14697265625
2078632,35.94970703125
2078653,37.41455078125
2078751,39.61181640625
2078929,36.4990234375
2079046,36.80419921875
2079377,40.8935546875
2091188,41.44287109375
2091282,36.4990234375
2091326,41.32080078125
2091341,39.1845703125
2091438,35.7666015625
2091540,46.56982421875
2091563,36.43798828125
2091603,58.7158203125
2091634,36.1328125
2091682,36.376953125
2091695,65.36865234375
2091724,36.19384765625
2091773,39.9169921875
2091812,42.6025390625
2091842,50.10986328125
2091931,49.4384765625
2092208,37.29248046875
2092407,43.39599609375
2106952,36.92626953125
2106962,62.3779296875
2107039,36.1328125
2107084,38.818359375
2107145,37.841796875
2107174,56.2744140625
2107204,45.654296875
2107240,38.9404296875
2107273,47.7294921875
2107309,35.64453125
2107334,80.50537109375
2107376,42.3583984375
2107395,36.31591796875
2107430,50.10986328125
2107461,42.90771484375
2107495,39.00146484375
2107530,36.2548828125
2107557,38.26904296875
2107725,36.31591796875
2107777,36.4990234375
2107915,45.71533203125
2108168,35.70556640625
2108767,37.41455078125
2120445,38.75732421875
2120507,45.2880859375
2120771,64.8193359375
2120941,35.58349609375
2121006,43.701171875
2121098,41.1376953125
2121148,39.73388671875
2121169,45.0439453125
2121179,40.58837890625
2121199,38.4521484375
2121241,41.93115234375
2121266,38.6962890625
2121295,42.236328125
2121347,47.607421875
2121403,40.52734375
2121417,47.36328125
2121500,38.63525390625
2121925,38.330078125
2138170,49.37744140625
2138266,40.10009765625
2138375,42.1142578125
2138395,49.86572265625
2138433,42.96875
2138444,67.626953125
2138497,48.76708984375
2138546,43.27392578125
2138558,41.68701171875
2138615,50.96435546875
2138673,40.83251953125
2138706,38.39111328125
2138722,40.71044921875
2138757,54.3212890625
2138794,54.26025390625
2138847,41.6259765625
2139150,37.29248046875
2139225,40.771484375
2139335,36.865234375
2139458,39.48974609375
2139626,39.24560546875
2158341,36.62109375
2158362,53.89404296875
2158404,53.28369140625
2158566,36.68212890625
2158600,39.1845703125
2158624,44.7998046875
2158703,36.4990234375
2158718,64.8193359375
2158759,45.34912109375
2158779,46.20361328125
2158815,58.53271484375
2158857,36.1328125
2158919,35.58349609375
2158978,47.05810546875
2159095,38.818359375
2159139,46.08154296875
2160159,36.1328125
2177965,37.2314453125
2178042,50.1708984375
2178104,37.841796875
2178152,35.82763671875
2178198,37.17041015625
2178282,52.18505859375
2178297,48.88916015625
2178321,42.724609375
2178354,45.10498046875
2178388,38.02490234375
2178450,36.4990234375
2178471,42.29736328125
2178521,36.4990234375
2178574,36.9873046875
2178609,48.828125
2178663,40.95458984375
2178698,45.0439453125
2178873,39.12353515625
2203461,57.2509765625
2203544,38.330078125
2203567,53.466796875
2203630,47.30224609375
2203697,39.36767578125
2203737,46.0205078125
2203757,45.95947265625
2203783,77.08740234375
2203818,53.7109375
2203860,37.59765625
2203879,46.44775390625
2203902,40.10009765625
2203936,36.31591796875
2204089,39.1845703125
2204398,39.36767578125
2204897,40.4052734375
2205002,40.8935546875
2205240,40.4052734375
2205405,38.87939453125
2205616,35.5224609375
2205838,40.8935546875
2235709,49.37744140625
2235787,47.119140625
2235872,39.61181640625
2235911,40.34423828125
2235930,35.5224609375
2235960,37.41455078125
2235976,36.2548828125
2236030,63.1103515625
2236054,41.9921875
2236085,48.33984375
2236114,38.6962890625
2236143,54.87060546875
2236176,39.794921875
2236205,36.376953125
2236230,53.955078125
2236251,54.3212890625
2236265,39.794921875
2236392,36.865234375
2236431,41.6259765625
2236548,36.92626953125
2236651,40.52734375
2237122,36.4990234375
2237409,36.92626953125
2237644,37.4755859375
2237922,36.2548828125
2712483,37.353515625
3106525,39.61181640625
3170804,37.109375
3170861,50.4150390625
3170889,35.82763671875
3170901,44.86083984375
3170919,67.5048828125
3170953,65.5517578125
3170986,71.22802734375
3171020,66.40625
3171032,74.27978515625
3171084,41.3818359375
3171097,45.47119140625
3171140,40.83251953125
3171180,44.0673828125
3171206,37.109375
3171232,46.56982421875
3171259,35.46142578125
3171269,36.19384765625
3171295,36.31591796875
3171376,37.7197265625
3171472,35.94970703125
3171485,36.80419921875
3172147,36.80419921875
3172354,40.10009765625
3172523,37.04833984375
3172667,47.54638671875
3173237,40.1611328125
3173313,39.4287109375
3173499,35.70556640625
3173693,38.330078125
3174052,39.24560546875
3174494,36.62109375
3175162,36.56005859375
3175653,40.0390625
3176838,43.15185546875
3177768,35.46142578125
3179914,37.17041015625
3180389,36.80419921875
3180906,43.3349609375
3181162,38.87939453125
3181828,39.85595703125
3183287,44.00634765625
3188120,41.6259765625
3188445,35.82763671875
3192359,38.39111328125
3192596,38.14697265625
3192798,51.57470703125
3194668,38.57421875
3194722,40.4052734375
3195086,36.0107421875
3199318,36.376953125
3199492,35.70556640625
3201425,40.95458984375
3204794,37.841796875
3205006,37.353515625
3206792,39.4287109375
3210350,35.5224609375
3210864,35.82763671875
3212385,37.78076171875
3212416,37.65869140625
3214385,36.2548828125
3214660,41.3818359375
3214781,45.71533203125
3214852,36.19384765625
3214876,54.13818359375
3214921,45.95947265625
3214949,53.5888671875
3214963,57.2509765625
3214986,62.98828125
3214997,49.560546875
3215047,47.18017578125
3215075,58.41064453125
3215096,42.17529296875
3215126,37.7197265625
3215159,36.19384765625
3215235,40.4052734375
3215270,48.15673828125
3215390,38.9404296875
3215435,39.6728515625
3215789,36.62109375
3215843,43.15185546875
3215978,35.888671875
3216303,36.56005859375
3216326,39.97802734375
3216367,37.53662109375
3216491,40.58837890625
3216857,36.2548828125
3217019,37.78076171875
3217365,37.9638671875
3217728,35.888671875
3217989,36.4990234375
3218074,36.376953125
3225026,38.39111328125
3229648,39.00146484375
3232148,41.19873046875
3232253,47.42431640625
3232395,39.1845703125
3232406,38.75732421875
3232474,39.85595703125
3232491,52.490234375
3232523,38.02490234375
3232545,54.19921875
3232575,37.4755859375
3232595,38.02490234375
3232644,52.490234375
3232675,60.48583984375
3232699,40.83251953125
3232719,45.5322265625
3232730,40.52734375
3232751,35.888671875
3232775,52.18505859375
3232807,38.0859375
3232827,39.6728515625
3232865,51.1474609375
3232913,44.921875
3232942,41.32080078125
3232990,37.9638671875
3233006,44.3115234375
3233037,37.04833984375
3233145,36.7431640625
3233201,37.17041015625
3233370,43.39599609375
3233542,43.3349609375
3233768,38.818359375
3234418,38.57421875
3234474,38.75732421875
3234595,41.3818359375
3242192,38.818359375
3242331,37.2314453125
3242478,41.748046875
3245109,36.43798828125
3247485,36.7431640625
3247787,38.57421875
3247857,36.2548828125
3252237,36.376953125
3252405,49.560546875
3255266,38.330078125
3255543,45.95947265625
3255565,43.15185546875
3255677,36.9873046875
3255728,35.7666015625
3255761,58.04443359375
3255797,45.0439453125
3255813,36.56005859375
3255834,60.1806640625
3255890,40.283203125
3255934,54.19921875
3255955,44.677734375
3256009,37.04833984375
3256105,39.794921875
3256218,37.2314453125
3256331,41.50390625
3257149,43.76220703125
3257322,36.56005859375
3257624,41.9921875
3258131,35.7666015625
3266314,37.9638671875
3266538,54.01611328125
3266608,37.353515625
3266671,38.63525390625
3266684,35.94970703125
3266711,55.419921875
3266731,38.51318359375
3266778,47.05810546875
3266791,40.8935546875
3266811,37.29248046875
3266842,38.14697265625
3266885,36.2548828125
3266908,42.17529296875
3266926,45.0439453125
3266949,37.841796875
3267003,47.119140625
3267039,43.02978515625
3267310,48.40087890625
3275146,39.85595703125
3275183,35.58349609375
3275585,41.015625
3275731,56.45751953125
3275795,37.04833984375
3275878,38.9404296875
3275902,39.1845703125
3275922,39.48974609375
3275947,36.56005859375
3275967,36.80419921875
3276009,42.54150390625
3276043,43.701171875
3276082,44.86083984375
3276104,37.78076171875
3276222,39.794921875
3276319,41.8701171875
3276374,40.771484375
3276421,46.69189453125
3276590,37.53662109375
3276634,36.376953125
3276807,36.19384765625
3285974,44.921875
3286070,46.81396484375
3286107,37.7197265625
3286179,49.13330078125
3286257,45.83740234375
3286268,43.212890625
3286322,39.48974609375
3286335,46.0205078125
3286353,60.60791015625
3286377,47.7294921875
3286419,50.9033203125
3286436,43.39599609375
3286471,65.91796875
3286490,38.02490234375
3286519,38.0859375
3286535,40.4052734375
3286593,43.3349609375
3286629,50.84228515625
3286704,36.376953125
3286812,40.10009765625
3303939,40.34423828125
3303980,39.55078125
3304189,38.39111328125
3304226,46.142578125
3304250,54.19921875
3304274,37.65869140625
3304286,44.49462890625
3304327,41.3818359375
3304357,50.4150390625
3304400,43.5791015625
3304427,39.24560546875
3304461,43.0908203125
3304488,40.52734375
3304511,37.65869140625
3304544,46.7529296875
3304574,35.888671875
3304638,37.4755859375
3304690,40.52734375
3304737,38.818359375
3304866,36.07177734375
3304921,38.330078125
3305031,35.82763671875
3306982,36.1328125
3313996,37.9638671875
3318499,58.349609375
3318760,39.306640625
3318812,37.9638671875
3318842,37.9638671875
3318869,38.6962890625
3318911,37.841796875
3318964,43.15185546875
3318991,37.41455078125
3319011,53.7109375
3319038,56.396484375
3319063,50.1708984375
3319080,43.27392578125
3319110,43.64013671875
3319146,39.48974609375
3319158,59.63134765625
3319249,37.9638671875
3319302,41.56494140625
3319456,36.865234375
3319528,39.36767578125
3319570,37.41455078125
3319703,44.921875
3319731,37.2314453125
3319852,36.1328125
3319890,37.65869140625
3332648,38.2080078125
3332721,40.95458984375
3332807,41.1376953125
3332852,35.5224609375
3332884,41.8701171875
3332913,39.55078125
3332933,35.7666015625
3332964,41.3818359375
3333004,43.76220703125
3333034,59.63134765625
3333047,47.66845703125
3333080,39.48974609375
3333136,36.0107421875
3333149,47.7294921875
3333227,36.376953125
3333248,40.6494140625
3333522,36.0107421875
3345560,39.0625
3345671,40.83251953125
3345700,38.39111328125
3345749,45.41015625
3345819,43.8232421875
3345844,45.41015625
3345889,41.015625
3345919,36.0107421875
3345930,37.41455078125
3345979,35.5224609375
3346068,39.00146484375
3359302,39.85595703125
3359645,38.2080078125
3359655,46.630859375
3359697,35.7666015625
3359711,36.7431640625
3359749,40.10009765625
3359777,47.36328125
3359823,39.6728515625
3359898,37.04833984375
3359923,53.5888671875
3359950,35.64453125
3360054,40.95458984375
3360126,40.95458984375
3360353,35.5224609375
3360609,36.43798828125
3374362,37.78076171875
3374443,44.61669921875
3374525,44.25048828125
3374631,40.6494140625
3374679,71.35009765625
3374694,36.9873046875
3374751,50.048828125
3374831,36.56005859375
3374851,41.56494140625
3374884,49.8046875
3374918,38.75732421875
3374939,42.96875
3374988,36.865234375
3375021,38.6962890625
3375187,39.6728515625
3375642,39.6728515625
3390243,51.6357421875
3390358,36.0107421875
3390447,39.12353515625
3390497,39.55078125
3390532,40.34423828125
3390565,38.26904296875
3390620,44.5556640625
3390633,47.119140625
3390715,35.888671875
3390751,38.57421875
3390762,39.55078125
3390808,41.07666015625
3390829,40.10009765625
3390922,42.78564453125
3391036,35.7666015625
3391135,36.92626953125
3391259,37.59765625
3407697,36.865234375
3407781,49.1943359375
3408020,37.41455078125
3408142,36.0107421875
3408190,38.2080078125
3408212,42.17529296875
3408233,40.95458984375
3408252,39.4287109375
3408273,41.748046875
3408296,47.8515625
3408313,37.53662109375
3408336,41.19873046875
3408354,38.6962890625
3408376,36.1328125
3408408,36.62109375
3408440,43.64013671875
3408538,49.25537109375
3408972,35.7666015625
3425052,47.54638671875
3425108,41.50390625
3425205,54.8095703125
3425234,40.8935546875
3425286,36.9873046875
3425307,46.9970703125
3425376,37.17041015625
3425411,45.8984375
3425443,35.888671875
3425471,39.12353515625
3425608,39.0625
3425684,38.9404296875
3425727,36.80419921875
3425858,37.2314453125
3426199,38.818359375
3442926,42.41943359375
3443245,51.69677734375
3443343,41.50390625
3443370,43.76220703125
3443405,42.96875
3443452,49.072265625
3443568,40.58837890625
3443618,38.818359375
3443643,36.80419921875
3443671,38.9404296875
3443684,40.8935546875
3443718,35.7666015625
3443818,41.6259765625
3443844,37.29248046875
3463491,36.4990234375
3463725,48.40087890625
3463899,37.29248046875
3463991,42.29736328125
3464073,40.83251953125
3464084,39.00146484375
3464137,38.63525390625
3464182,36.56005859375
3464225,57.67822265625
3464249,38.51318359375
3464276,62.43896484375
3464311,47.119140625
3464344,45.2880859375
3464382,45.22705078125
3464410,35.888671875
3464479,40.71044921875
3465654,35.7666015625
3465925,36.4990234375
3495544,45.8984375
3495582,40.1611328125
3495738,40.46630859375
3495808,37.4755859375
3495924,46.38671875
3495946,41.93115234375
3495966,38.4521484375
3496020,51.94091796875
3496053,52.06298828125
3496085,39.61181640625
3496133,57.4951171875
3496160,43.212890625
3496173,39.48974609375
3496206,45.8984375
3496415,37.90283203125
3496604,36.376953125
3496721,35.46142578125
3497236,36.865234375
3497532,35.888671875
3497733,38.26904296875
3498392,35.82763671875
4254505,38.818359375
4254557,41.259765625
4254578,39.97802734375
4254590,42.66357421875
4254628,38.57421875
4254645,78.0029296875
4254660,54.38232421875
4254676,50.29296875
4254694,37.41455078125
4254712,65.85693359375
4254734,78.125
4254758,76.7822265625
4254799,53.40576171875
4254810,56.640625
4254848,42.96875
4254879,48.33984375
4254923,37.17041015625
4255031,44.677734375
4255183,38.57421875
4255293,44.12841796875
4255361,44.0673828125
4255460,36.4990234375
4255910,37.353515625
4256438,41.44287109375
4256510,38.87939453125
4256683,41.07666015625
4256785,36.43798828125
4256939,40.22216796875
4257498,36.92626953125
4257770,42.78564453125
4257868,35.7666015625
4258070,36.376953125
4259543,38.51318359375
4260099,38.26904296875
4260535,48.095703125
4261384,35.64453125
4261509,36.376953125
4264536,35.82763671875
4271878,43.3349609375
4276249,35.70556640625
4276312,43.27392578125
4276432,36.865234375
4276549,37.7197265625
4276639,39.306640625
4276706,45.34912109375
4276732,43.212890625
4276766,47.36328125
4276802,46.875
4276833,47.91259765625
4276852,45.41015625
4276877,46.81396484375
4276906,42.6025390625
4276918,50.84228515625
4276931,43.9453125
4276971,41.259765625
4276990,54.13818359375
4277095,41.44287109375
4277188,39.97802734375
4277217,40.58837890625
4277331,35.46142578125
4277644,40.771484375
4277872,36.2548828125
4278148,40.283203125
4278218,37.4755859375
4278247,35.64453125
4278331,37.353515625
4278462,39.00146484375
4278645,36.0107421875
4278667,38.9404296875
4278933,41.015625
4279291,35.58349609375
4279476,37.353515625
4289435,55.60302734375
4289636,36.43798828125
4289941,40.34423828125
4297751,35.5224609375
4297835,35.5224609375
4298118,36.4990234375
4302895,39.9169921875
4303096,39.73388671875
4303374,43.51806640625
4303423,57.7392578125
4303582,37.17041015625
4303599,53.1005859375
4303653,49.1943359375
4303684,36.9873046875
4303743,42.05322265625
4303758,68.359375
4303791,50.72021484375
4303816,43.701171875
4303827,60.302734375
4303839,52.001953125
4303863,47.79052734375
4303885,42.48046875
4303912,49.62158203125
4303948,38.2080078125
4303991,35.70556640625
4304066,46.20361328125
4304106,37.65869140625
4304329,36.7431640625
4304445,36.1328125
4304701,35.94970703125
4304750,36.31591796875
4304768,41.32080078125
4305008,43.0908203125
4305452,35.94970703125
4305490,37.2314453125
4305930,38.39111328125
4306070,40.95458984375
4306812,39.12353515625
4314714,39.00146484375
4317778,39.1845703125
4317944,39.1845703125
4318175,36.376953125
4318374,38.26904296875
4318508,56.09130859375
4318610,52.3681640625
4318628,47.4853515625
4318665,50.048828125
4318680,40.46630859375
4318720,36.865234375
4318749,38.57421875
4318827,37.29248046875
4318851,42.66357421875
4318872,45.654296875
4318900,44.00634765625
4318918,47.30224609375
4318943,39.48974609375
4319091,37.53662109375
4319141,45.41015625
4319153,39.24560546875
4319356,36.68212890625
4319404,39.0625
4319485,41.015625
4319516,44.00634765625
4319595,35.7666015625
4319844,38.63525390625
4329423,44.61669921875
4334722,36.07177734375
4334764,36.56005859375
4334935,39.61181640625
4335182,46.81396484375
4335210,38.0859375
4335221,40.83251953125
4335254,45.166015625
4335273,40.0390625
4335346,39.55078125
4335392,37.9638671875
4335411,66.89453125
4335469,43.0908203125
4335489,39.6728515625
4335517,51.8798828125
4335545,36.2548828125
4335563,36.31591796875
4335607,35.70556640625
4335717,36.7431640625
4335931,41.8701171875
4336789,37.4755859375
4336825,36.19384765625
4337019,36.43798828125
4350410,45.47119140625
4350578,38.4521484375
4350695,52.24609375
4350737,49.1943359375
4350836,45.22705078125
4350874,38.9404296875
4350892,38.9404296875
4350961,38.57421875
4350973,40.22216796875
4351007,40.10009765625
4351029,44.25048828125
4351061,36.19384765625
4351116,41.015625
4351129,49.01123046875
4351184,39.1845703125
4351762,46.2646484375
4351810,36.80419921875
4352072,37.9638671875
4365098,42.236328125
4365324,45.654296875
4365408,44.0673828125
4365440,40.58837890625
4365491,52.06298828125
4365507,36.92626953125
4365539,36.19384765625
4365562,37.29248046875
4365584,41.93115234375
4365615,40.283203125
4365646,55.60302734375
4365667,42.78564453125
4365679,53.22265625
4365715,36.865234375
4365879,41.93115234375
4365907,35.58349609375
4366091,36.80419921875
4382579,48.15673828125
4382636,39.55078125
4382687,36.56005859375
4382776,46.5087890625
4382812,36.19384765625
4382842,39.1845703125
4382893,46.5087890625
4382923,47.7294921875
4382959,51.94091796875
4382982,49.31640625
4383008,40.6494140625
4383056,37.90283203125
4383092,42.236328125
4383130,38.14697265625
4383190,35.5224609375
4383316,36.07177734375
4383416,36.865234375
4384081,36.43798828125
4394929,36.4990234375
4402029,41.19873046875
4402062,59.4482421875
4402287,37.9638671875
4402314,47.2412109375
4402343,38.63525390625
4402371,37.90283203125
4402415,50.23193359375
4402448,39.306640625
4402467,46.142578125
4402530,44.73876953125
4402562,54.87060546875
4402590,36.31591796875
4402653,45.41015625
4402685,41.19873046875
4402768,36.56005859375
4402826,39.306640625
4403311,38.818359375
4403498,36.19384765625
4403624,38.02490234375
4403776,35.64453125
4404201,39.00146484375
4416658,35.82763671875
4417002,38.9404296875
4417064,57.373046875
4417110,36.2548828125
4417154,38.0859375
4417184,35.64453125
4417204,49.8046875
4417235,89.41650390625
4417306,37.53662109375
4417355,59.6923828125
4417380,46.142578125
4417401,38.87939453125
4417444,39.6728515625
4417569,38.51318359375
4417612,35.70556640625
4417688,35.82763671875
4417939,36.4990234375
4432075,43.9453125
4432496,40.22216796875
4432556,38.4521484375
4432586,43.15185546875
4432619,35.70556640625
4432649,38.57421875
4432665,41.07666015625
4432683,38.2080078125
4432719,54.38232421875
4432751,37.04833984375
4432818,43.76220703125
4432874,40.1611328125
4432911,41.3818359375
4432940,37.29248046875
4433025,35.7666015625
4433060,43.5791015625
4433182,37.41455078125
4433235,41.015625
4433836,36.1328125
4433946,36.56005859375
4449559,40.771484375
4449602,36.7431640625
4449639,38.2080078125
4449678,41.9921875
4449733,46.0205078125
4449746,37.4755859375
4449808,41.80908203125
4449859,36.0107421875
4449986,37.841796875
4450066,39.0625
4450196,40.6494140625
4450757,37.109375
4468261,43.212890625
4468353,38.51318359375
4468387,43.5791015625
4468429,39.36767578125
4468485,37.59765625
4468521,41.259765625
4468535,39.24560546875
4468583,46.20361328125
4468645,35.94970703125
4468769,39.55078125
4468842,37.41455078125
4469146,39.12353515625
4469508,38.14697265625
4470433,35.7666015625
4489623,37.90283203125
4489771,38.4521484375
4489823,38.818359375
4489841,41.93115234375
4489872,36.0107421875
4489884,44.189453125
4489912,42.29736328125
4489997,47.9736328125
4490014,38.26904296875
4490082,44.98291015625
4490098,44.98291015625
4490252,36.376953125
4490950,38.75732421875
4491508,35.58349609375
4515012,44.3115234375
4515075,37.2314453125
4515109,38.75732421875
4515125,40.95458984375
4515232,38.87939453125
4515256,59.814453125
4515292,36.31591796875
4515343,45.47119140625
4515380,45.10498046875
4515401,38.57421875
4515411,36.31591796875
4515459,42.8466796875
4515474,49.01123046875
4515563,44.189453125
4515597,35.888671875
4515622,38.87939453125
4515834,47.607421875
4515858,36.7431640625
4516037,41.68701171875
4516212,46.142578125
4516457,36.80419921875
4516546,41.19873046875
4516942,38.0859375
4546973,58.16650390625
4547163,36.9873046875
4547202,46.81396484375
4547275,44.0673828125
4547377,44.86083984375
4547399,38.9404296875
4547413,45.8984375
4547438,48.40087890625
4547492,76.35498046875
4547530,42.236328125
4547573,40.83251953125
4547650,37.78076171875
4547897,36.4990234375
4548378,37.9638671875
4549114,35.58349609375
4584619,38.75732421875
4584716,54.99267578125
4584837,45.47119140625
4584874,36.4990234375
4584902,37.53662109375
4584939,39.24560546875
4584978,38.330078125
4585007,38.51318359375
4585026,42.17529296875
4585069,44.677734375
4585093,45.71533203125
4585149,41.93115234375
4585179,47.18017578125
4585205,44.5556640625
4585231,51.26953125
4585340,46.08154296875
4586281,36.376953125
4586329,38.57421875
4586911,37.2314453125
4587250,38.4521484375
5402518,36.31591796875
5402543,57.92236328125
5402572,36.1328125
5402596,41.3818359375
5402608,40.8935546875
5402633,48.03466796875
5402659,75.98876953125
5402685,41.56494140625
5402705,60.302734375
5402756,62.5
5402776,47.54638671875
5402796,80.01708984375
5402818,45.8984375
5402853,51.1474609375
5402870,35.94970703125
5402888,39.24560546875
5402987,46.630859375
5403143,42.1142578125
5403291,37.78076171875
5403541,36.19384765625
5403962,39.85595703125
5404244,40.771484375
5404344,39.00146484375
5404592,36.07177734375
5405045,38.9404296875
5405163,35.5224609375
5405852,35.888671875
5406030,36.92626953125
5406082,35.64453125
5407309,39.24560546875
5407793,35.64453125
5408312,36.865234375
5408616,35.94970703125
5410867,36.0107421875
5414935,36.31591796875
5417617,38.0859375
5417756,45.654296875
5417847,36.376953125
5417887,60.36376953125
5417980,46.56982421875
5417997,42.1142578125
5418029,47.36328125
5418042,69.9462890625
5418070,51.7578125
5418091,43.9453125
5418111,41.44287109375
5418138,72.75390625
5418151,35.82763671875
5418191,35.58349609375
5418204,36.1328125
5418224,40.8935546875
5418254,43.76220703125
5418307,36.1328125
5418348,37.90283203125
5418394,35.888671875
5418528,38.26904296875
5418580,53.64990234375
5418707,35.46142578125
5419129,39.4287109375
5419255,41.1376953125
5419304,39.55078125
5419699,35.5224609375
5419773,41.93115234375
5419786,39.85595703125
5420120,36.865234375
5420668,35.82763671875
5420819,37.41455078125
5430434,40.1611328125
5431598,42.724609375
5433385,37.78076171875
5433705,46.81396484375
5434000,38.39111328125
5434064,51.94091796875
5434264,35.46142578125
5434292,40.46630859375
5434315,38.14697265625
5434340,44.98291015625
5434378,43.212890625
5434442,66.0400390625
5434457,46.630859375
5434475,62.92724609375
5434519,53.16162109375
5434530,37.353515625
5434574,42.3583984375
5434588,41.015625
5434619,37.04833984375
5434656,52.001953125
5434691,45.7763671875
5434707,36.376953125
5434725,47.119140625
5434757,36.7431640625
5434916,35.7666015625
5435007,42.78564453125
5435057,39.48974609375
5435173,37.59765625
5435283,38.87939453125
5435456,38.4521484375
5447244,37.353515625
5450414,46.9970703125
5450434,36.7431640625
5450471,38.9404296875
5450576,43.0908203125
5450611,45.5322265625
5450627,36.19384765625
5450642,39.00146484375
5450728,42.724609375
5450739,45.5322265625
5450771,43.212890625
5450790,50.59814453125
5450842,35.64453125
5450880,50.6591796875
5450898,54.87060546875
5450931,47.36328125
5450956,46.93603515625
5450990,38.87939453125
5451005,36.0107421875
5451020,54.8095703125
5451071,62.07275390625
5451268,38.330078125
5451308,36.80419921875
5451447,37.29248046875
5451509,37.109375
5451608,36.92626953125
5451657,42.236328125
5451932,42.96875
5451988,36.56005859375
5452032,37.59765625
5460895,42.1142578125
5464470,43.0908203125
5467718,40.6494140625
5467954,42.66357421875
5468089,37.353515625
5468248,35.7666015625
5468269,41.1376953125
5468343,40.1611328125
5468365,38.57421875
5468449,37.41455078125
5468487,38.6962890625
5468553,48.4619140625
5468580,48.64501953125
5468591,60.48583984375
5468604,39.00146484375
5468670,58.77685546875
5468685,40.58837890625
5468730,39.4287109375
5468740,45.0439453125
5468776,37.53662109375
5468797,39.55078125
5468824,40.6494140625
5468863,38.4521484375
5468899,39.24560546875
5468951,35.5224609375
5468993,40.95458984375
5469119,43.39599609375
5469271,37.90283203125
5469372,37.17041015625
5469583,36.1328125
5469686,36.31591796875
5469709,36.31591796875
5469831,36.07177734375
5470127,38.14697265625
5470814,35.82763671875
5483983,35.46142578125
5487334,36.31591796875
5487416,38.14697265625
5487604,40.8935546875
5487631,60.9130859375
5487676,36.0107421875
5487769,36.4990234375
5487798,36.376953125
5487820,39.12353515625
5487844,47.8515625
5487878,39.36767578125
5487893,49.560546875
5487916,38.02490234375
5487943,43.39599609375
5487981,45.0439453125
5488007,42.78564453125
5488094,46.9970703125
5488151,38.330078125
5488167,35.46142578125
5488206,39.24560546875
5488278,36.56005859375
5488297,36.1328125
5488705,37.2314453125
5489048,40.58837890625
5489167,44.0673828125
5489221,38.02490234375
5503024,37.7197265625
5503117,37.53662109375
5503404,37.7197265625
5503477,39.36767578125
5503503,47.4853515625
5503526,42.54150390625
5503584,38.330078125
5503611,37.90283203125
5503650,38.0859375
5503660,49.86572265625
5503699,39.24560546875
5503735,56.45751953125
5503765,37.109375
5503783,39.0625
5503803,42.66357421875
5503880,41.80908203125
5503898,37.29248046875
5504153,37.4755859375
5504284,41.1376953125
5504606,38.39111328125
5504711,37.53662109375
5505201,37.841796875
5517660,37.109375
5517961,38.4521484375
5517999,35.94970703125
5518106,38.26904296875
5518150,44.12841796875
5518167,37.109375
5518194,49.37744140625
5518227,40.4052734375
5518242,48.15673828125
5518283,54.3212890625
5518316,52.001953125
5518345,50.29296875
5518381,43.5791015625
5518402,37.78076171875
5518420,45.59326171875
5518478,35.5224609375
5518772,40.283203125
5519028,36.7431640625
5519129,38.63525390625
5530514,37.2314453125
5530985,45.22705078125
5531008,37.29248046875
5531044,37.78076171875
5531054,39.794921875
5531166,35.82763671875
5531216,75.927734375
5531233,41.3818359375
5531315,38.26904296875
5531335,58.16650390625
5531448,49.8046875
5531474,36.19384765625
5531523,41.9921875
5531662,39.36767578125
5531802,37.2314453125
5531837,41.44287109375
5531906,42.78564453125
5531986,37.2314453125
5544569,37.65869140625
5544618,44.25048828125
5544700,42.54150390625
5544723,36.07177734375
5544774,50.78125
5544807,48.88916015625
5544832,38.0859375
5544862,36.80419921875
5544905,40.52734375
5544928,42.236328125
5544938,46.630859375
5544981,44.25048828125
5544998,42.3583984375
5545044,36.865234375
5545078,43.27392578125
5545164,37.4755859375
5545206,36.9873046875
5545317,36.62109375
5545656,37.2314453125
5561056,41.32080078125
5561105,41.44287109375
5561181,36.9873046875
5561255,36.1328125
5561269,40.10009765625
5561322,41.015625
5561371,47.607421875
5561399,40.283203125
5561465,51.025390625
5561498,44.7998046875
5561515,40.83251953125
5561788,40.771484375
5561823,43.0908203125
5561891,37.9638671875
5562067,38.51318359375
5578123,49.13330078125
5578224,36.7431640625
5578339,45.0439453125
5578366,46.93603515625
5578383,36.865234375
5578416,67.56591796875
5578502,38.39111328125
5578519,36.62109375
5578588,36.7431640625
5578620,50.4150390625
5578714,39.0625
5578755,43.5791015625
5578821,39.9169921875
5578947,37.59765625
5579123,39.48974609375
5596379,40.10009765625
5596680,36.31591796875
5596782,36.4990234375
5596824,40.71044921875
5596838,50.6591796875
5596884,36.2548828125
5596955,41.32080078125
5596980,36.80419921875
5596993,35.5224609375
5597037,43.9453125
5597148,39.36767578125
5597175,40.771484375
5597358,36.92626953125
5597909,40.10009765625
5597942,35.46142578125
5598108,39.97802734375
5615658,37.78076171875
5615900,35.888671875
5615939,41.32080078125
5616007,50.47607421875
5616018,49.25537109375
5616057,50.10986328125
5616164,36.56005859375
5616224,37.78076171875
5616254,36.31591796875
5616285,38.26904296875
5616297,48.64501953125
5616362,45.47119140625
5616886,36.62109375
5637384,36.1328125
5637548,35.70556640625
5637735,35.82763671875
5637854,36.56005859375
5637883,43.39599609375
5637933,38.39111328125
5637957,39.0625
5637977,45.10498046875
5637988,36.2548828125
5638035,48.15673828125
5638058,41.6259765625
5638089,39.55078125
5638125,48.095703125
5638143,39.00146484375
5638212,44.61669921875
5638244,36.0107421875
5638310,36.865234375
5638341,36.1328125
5638493,35.82763671875
5638579,36.376953125
5638739,36.19384765625
5639023,41.93115234375
5639071,35.82763671875
5639446,38.26904296875
5659609,36.1328125
5659696,41.07666015625
5659727,39.61181640625
5659764,44.189453125
5659814,38.02490234375
5659824,36.07177734375
5659845,35.58349609375
5659882,40.1611328125
5660005,38.39111328125
5660026,42.41943359375
5660046,51.33056640625
5660111,44.73876953125
5660138,39.00146484375
5660502,35.58349609375
5660561,38.63525390625
5660730,41.6259765625
5679473,35.7666015625
5689643,38.39111328125
5689880,36.07177734375
5689891,52.1240234375
5690074,43.45703125
5690097,45.83740234375
5690169,46.20361328125
5690189,35.7666015625
5690223,39.24560546875
5690272,38.818359375
5690296,56.45751953125
5690307,50.10986328125
5690330,43.15185546875
5690388,37.353515625
5690412,43.02978515625
5690448,42.3583984375
5690478,39.9169921875
5690497,40.22216796875
5690530,36.62109375
5690577,38.39111328125
5690587,37.59765625
5690629,54.38232421875
5690825,36.62109375
5691686,36.4990234375
5715333,46.875
5715528,53.52783203125
5715555,36.56005859375
5715617,37.841796875
5715643,36.1328125
5715705,52.79541015625
5715725,41.8701171875
5715761,69.091796875
5715796,47.05810546875
5715823,39.85595703125
5715833,40.71044921875
5715873,55.96923828125
5715946,39.24560546875
5716184,46.20361328125
5716359,35.5224609375
5717297,36.31591796875
5740089,41.50390625
5740364,37.4755859375
5740390,44.7998046875
5740477,45.8984375
5740527,37.17041015625
5740543,38.57421875
5740619,37.4755859375
5740642,41.015625
5740679,39.4287109375
5740716,41.015625
5740746,43.76220703125
5740776,56.94580078125
5740802,46.142578125
5740815,37.53662109375
5740883,39.12353515625
5741237,40.71044921875
5741596,38.39111328125
5741681,40.52734375
6635577,38.87939453125
6635611,38.02490234375
6635622,62.8662109375
6635652,57.18994140625
6635674,85.9375
6635685,44.86083984375
6635695,58.89892578125
6635726,41.68701171875
6635752,53.16162109375
6635774,38.4521484375
6635784,39.73388671875
6635799,46.630859375
6635846,39.97802734375
6635862,39.73388671875
6635896,43.45703125
6635909,36.0107421875
6635927,46.93603515625
6635952,37.90283203125
6636016,42.90771484375
6636091,40.1611328125
6636277,36.376953125
6636392,37.65869140625
6637045,38.75732421875
6637720,38.4521484375
6637900,37.53662109375
6638229,39.794921875
6638455,39.1845703125
6638744,36.0107421875
6639282,36.31591796875
6639571,36.2548828125
6640185,46.0205078125
6642936,36.56005859375
6646069,36.865234375
6650366,38.6962890625
6650614,35.7666015625
6650726,37.353515625
6650813,38.26904296875
6650853,44.25048828125
6650932,37.4755859375
6650981,40.34423828125
6651035,40.1611328125
6651071,47.2412109375
6651100,47.2412109375
6651114,52.8564453125
6651161,43.5791015625
6651203,39.0625
6651242,41.9921875
6651313,46.32568359375
6651458,42.8466796875
6651485,36.865234375
6651528,57.6171875
6652243,39.00146484375
6652463,38.4521484375
6661089,37.41455078125
6666128,44.73876953125
6666179,39.97802734375
6666353,40.71044921875
6666395,39.97802734375
6666694,36.62109375
6666839,41.748046875
6666894,37.65869140625
6666910,36.376953125
6666940,43.64013671875
6666957,36.31591796875
6667039,51.33056640625
6667056,38.57421875
6667071,42.48046875
6667096,37.65869140625
6667154,49.62158203125
6667164,37.2314453125
6667196,40.71044921875
6667260,53.52783203125
6667345,42.96875
6667466,47.30224609375
6667631,44.921875
6667867,37.41455078125
6668028,36.2548828125
6668809,36.19384765625
6674646,41.3818359375
6675629,36.4990234375
6683348,43.8232421875
6683576,47.36328125
6683989,37.841796875
6684034,41.6259765625
6684080,57.2509765625
6684147,45.47119140625
6684167,42.90771484375
6684201,47.2412109375
6684228,39.73388671875
6684244,38.02490234375
6684282,52.30712890625
6684302,52.978515625
6684319,50.6591796875
6684342,62.744140625
6684376,44.0673828125
6684418,35.58349609375
6684437,39.1845703125
6684457,40.283203125
6684477,41.93115234375
6684524,38.02490234375
6684540,36.865234375
6684635,43.15185546875
6684711,38.57421875
6684779,39.12353515625
6684802,41.1376953125
6684824,37.4755859375
6684960,36.1328125
6685044,38.51318359375
6685085,37.29248046875
6685157,36.4990234375
6685468,35.64453125
6685514,37.78076171875
6685813,35.7666015625
6686048,35.7666015625
6707481,39.12353515625
6709373,43.39599609375
6709928,36.31591796875
6709958,38.87939453125
6710109,41.68701171875
6710134,60.1806640625
6710164,39.73388671875
6710200,35.94970703125
6710220,36.80419921875
6710235,42.96875
6710294,38.14697265625
6710318,62.68310546875
6710342,37.4755859375
6710352,57.67822265625
6710408,48.15673828125
6710419,45.654296875
6710458,39.85595703125
6710480,36.07177734375
6710570,37.7197265625
6710581,49.31640625
6710669,37.04833984375
6710781,38.2080078125
6710946,37.29248046875
6711113,39.6728515625
6711911,37.41455078125
6712021,39.36767578125
6712079,38.63525390625
6712284,39.794921875
6712662,36.9873046875
6712956,35.46142578125
6724158,43.3349609375
6724527,37.04833984375
6724776,35.70556640625
6724900,43.3349609375
6724944,37.109375
6724970,40.83251953125
6724995,42.54150390625
6725008,48.4619140625
6725042,49.6826171875
6725066,43.39599609375
6725105,40.34423828125
6725159,39.00146484375
6725179,36.43798828125
6725234,35.888671875
6725264,45.10498046875
6725294,39.794921875
6725318,41.6259765625
6725336,42.41943359375
6725348,37.04833984375
6725406,36.0107421875
6725489,37.41455078125
6725641,35.888671875
6725792,35.888671875
6736438,37.353515625
6741452,45.2880859375
6741733,38.51318359375
6741828,43.212890625
6742059,38.02490234375
6742104,50.4150390625
6742123,35.5224609375
6742135,37.41455078125
6742170,39.00146484375
6742227,35.888671875
6742262,46.630859375
6742308,37.59765625
6742335,41.9921875
6742370,38.330078125
6742412,43.212890625
6742446,38.87939453125
6742470,35.46142578125
6742500,35.64453125
6742598,35.94970703125
6743055,35.5224609375
6755956,35.7666015625
6762220,44.12841796875
6762535,36.43798828125
6762644,40.771484375
6762688,35.5224609375
6762713,48.9501953125
6762731,37.7197265625
6762745,40.1611328125
6762777,44.921875
6762794,54.62646484375
6762810,57.12890625
6762841,51.513671875
6762858,40.1611328125
6762887,44.98291015625
6762908,36.56005859375
6762941,37.17041015625
6762970,49.1943359375
6763006,38.26904296875
6763071,36.19384765625
6763159,41.259765625
6763888,38.14697265625
6763979,37.90283203125
6764093,38.57421875
6764178,36.31591796875
6764236,37.841796875
6789524,35.888671875
6789725,45.2880859375
6789863,36.376953125
6790106,45.47119140625
6790132,39.48974609375
6790164,38.6962890625
6790213,40.46630859375
6790245,38.9404296875
6790258,37.841796875
6790284,37.78076171875
6790302,50.4150390625
6790335,36.80419921875
6790367,39.1845703125
6790391,42.724609375
6790425,67.44384765625
6790450,40.283203125
6790492,49.4384765625
6790551,36.376953125
6790648,35.58349609375
6790941,40.8935546875
6791191,39.61181640625
6812296,38.51318359375
6812553,35.94970703125
6820347,44.49462890625
6824257,39.12353515625
6832245,42.41943359375
6832333,36.865234375
6832528,35.94970703125
6832552,47.18017578125
6832586,37.78076171875
6832613,64.8193359375
6832706,37.53662109375
6832743,46.93603515625
6832770,37.17041015625
6832795,43.0908203125
6832820,37.7197265625
6832855,44.189453125
6832882,50.96435546875
6832943,43.64013671875
6832977,39.794921875
6832996,50.537109375
6833020,43.45703125
6833317,36.43798828125
6833457,35.58349609375
6833547,35.58349609375
6834224,35.94970703125
6859773,47.91259765625
6860069,37.2314453125
6860230,48.03466796875
6867086,36.56005859375
6867126,49.74365234375
6867234,35.46142578125
6867309,35.82763671875
6867328,36.31591796875
6867384,44.12841796875
6867416,35.64453125
6867457,38.2080078125
6867480,37.2314453125
6867498,37.53662109375
6867518,37.109375
6867550,45.10498046875
6867591,37.9638671875
6867646,36.56005859375
6867716,47.2412109375
6867830,37.29248046875
6868065,38.4521484375
6868220,36.865234375
6868317,39.85595703125
6868830,36.865234375
6869237,39.00146484375
6869392,37.4755859375
6890463,36.19384765625
6896303,63.1103515625
6896451,49.37744140625
6896547,37.353515625
6896558,50.537109375
6896642,41.44287109375
6896670,35.94970703125
6896704,42.48046875
6896738,38.87939453125
6896767,52.67333984375
6896816,36.68212890625
6896832,45.166015625
6896864,44.677734375
6896985,36.0107421875
6897458,38.75732421875
6897841,44.189453125
6898224,36.9873046875
6898557,37.78076171875
6922438,36.43798828125
6922485,37.841796875
6922621,48.27880859375
6922946,36.68212890625
6923004,37.841796875
6923085,36.31591796875
6923123,46.5087890625
6923160,42.96875
6923178,36.376953125
6923232,42.05322265625
6923245,41.80908203125
6923280,45.8984375
6923310,37.53662109375
6923367,39.73388671875
6923439,41.19873046875
6923453,36.56005859375
6923527,40.283203125
6924167,39.0625
6924954,41.07666015625
6943841,49.25537109375
6951185,49.560546875
6951488,40.283203125
6951669,42.724609375
6951734,38.9404296875
6951779,38.6962890625
6951831,37.53662109375
6951841,37.65869140625
6951889,43.64013671875
6951915,60.24169921875
6951929,40.8935546875
6951980,35.64453125
6952000,44.5556640625
6952058,44.73876953125
6952091,40.22216796875
6953415,38.75732421875
6973766,60.302734375
6973926,39.4287109375
6973994,44.25048828125
6974080,37.2314453125
6974194,41.015625
6974204,39.1845703125
6974318,38.4521484375
6974407,40.95458984375
6974550,35.5224609375
6974565,36.56005859375
6974611,36.43798828125
6974644,47.18017578125
6974670,46.0205078125
6974690,40.22216796875
6974724,39.12353515625
6974783,36.56005859375
6974861,41.8701171875
6974951,39.24560546875
6975025,37.29248046875
7001145,35.64453125
7001272,44.3115234375
7001370,46.81396484375
7001517,40.6494140625
7001589,36.4990234375
7001607,64.3310546875
7001645,42.17529296875
7001695,37.7197265625
7001720,48.095703125
7001764,35.7666015625
7001806,55.35888671875
7001828,37.17041015625
7001870,38.9404296875
7001890,43.212890625
7002072,48.4619140625
7002092,36.865234375
7003071,39.97802734375
7003386,38.2080078125
7003678,36.68212890625
7003719,38.57421875
7027954,39.0625
7028485,46.44775390625
7045390,48.33984375
7045573,49.9267578125
7045650,37.90283203125
7045671,38.0859375
7045707,43.15185546875
7045765,37.2314453125
7045775,43.64013671875
7045798,57.9833984375
7045818,38.818359375
7045844,54.0771484375
7045926,49.86572265625
7045966,37.29248046875
7047352,36.4990234375
7047477,39.61181640625
7047627,38.75732421875
7048124,35.46142578125
7085263,36.07177734375
7086261,36.0107421875
7086407,36.2548828125
7086464,38.39111328125
7086502,39.00146484375
7086562,52.6123046875
7086591,37.53662109375
7086647,46.93603515625
7086679,62.56103515625
7086713,46.32568359375
7086754,39.85595703125
7086784,43.8232421875
7086820,36.1328125
7086846,42.48046875
7086911,40.71044921875
7086973,36.1328125
7087219,38.330078125
7087454,37.17041015625
7087507,36.2548828125
7088533,36.865234375
7088586,37.9638671875
7780880,36.7431640625
7780911,36.1328125
7780923,42.90771484375
7780962,40.71044921875
7780975,75.13427734375
7780999,84.77783203125
7781019,60.24169921875
7781042,42.96875
7781104,37.841796875
7781126,53.64990234375
7781141,38.26904296875
7781151,43.27392578125
7781189,46.630859375
7781260,51.1474609375
7781311,35.82763671875
7781348,38.39111328125
7781550,35.888671875
7782901,39.306640625
7783005,39.36767578125
7783892,35.64453125
7784067,38.6962890625
7784095,35.94970703125
7793041,38.0859375
7794691,43.39599609375
7794810,35.7666015625
7795180,38.57421875
7795209,35.94970703125
7795240,38.63525390625
7795256,36.92626953125
7795347,36.62109375
7795358,53.5888671875
7795392,46.08154296875
7795416,44.7998046875
7795477,46.38671875
7795494,35.70556640625
7795566,46.0205078125
7795679,44.677734375
7795711,39.12353515625
7795768,39.4287109375
7795853,36.376953125
7795876,36.43798828125
7795915,35.888671875
7795977,52.1240234375
7796097,36.7431640625
7796150,35.46142578125
7796284,36.376953125
7796445,36.19384765625
7796770,38.51318359375
7807055,35.58349609375
7807221,38.4521484375
7807657,43.27392578125
7807743,35.5224609375
7808477,36.19384765625
7808629,50.23193359375
7814447,35.94970703125
7814770,40.34423828125
7815147,57.92236328125
7815401,36.56005859375
7820497,56.884765625
7822792,35.94970703125
7825153,37.65869140625
7827332,37.841796875
7827542,36.56005859375
7831450,37.59765625
7831800,50.23193359375
7831883,35.70556640625
7832307,54.50439453125
7838245,36.92626953125
7842907,35.94970703125
7847505,39.0625
7850203,37.90283203125
7850656,49.62158203125
7850760,50.048828125
7850865,36.7431640625
7850919,46.93603515625
7850933,42.29736328125
7850959,44.189453125
7851011,35.64453125
7851028,36.43798828125
7851063,54.931640625
7851083,58.4716796875
7851097,39.12353515625
7851109,36.56005859375
7851124,39.85595703125
7851149,54.6875
7851169,45.2880859375
7851184,37.90283203125
7851202,46.9970703125
7851243,36.56005859375
7851278,39.306640625
7851322,37.90283203125
7851426,52.24609375
7852069,35.94970703125
7852187,36.31591796875
7852276,36.80419921875
7852519,41.68701171875
7852679,39.61181640625
7852791,38.9404296875
7852893,36.1328125
7853202,38.6962890625
7861639,35.46142578125
7871043,36.62109375
7875253,42.29736328125
7875403,40.8935546875
7875421,36.19384765625
7875675,38.87939453125
7875778,36.865234375
7878897,36.376953125
7879061,35.58349609375
7882906,51.08642578125
7883150,35.70556640625
7883211,55.72509765625
7883258,36.07177734375
7883353,37.04833984375
7883363,39.9169921875
7883442,60.6689453125
7883473,37.65869140625
7883501,40.8935546875
7883515,38.63525390625
7883537,42.78564453125
7883571,58.16650390625
7883586,36.31591796875
7883605,37.29248046875
7883632,41.3818359375
7883648,57.12890625
7883683,43.8232421875
7883742,39.48974609375
7883804,40.22216796875
7883858,44.49462890625
7883889,37.04833984375
7884018,41.748046875
7884501,36.07177734375
7884724,41.68701171875
7885160,38.63525390625
7885265,41.44287109375
7886107,37.78076171875
7904692,38.330078125
7904859,50.9033203125
7905080,42.6025390625
7905138,36.9873046875
7905169,43.02978515625
7905181,35.888671875
7905196,41.44287109375
7905242,52.1240234375
7905255,54.13818359375
7905272,37.29248046875
7905321,46.9970703125
7905338,39.48974609375
7905372,35.70556640625
7905395,45.10498046875
7905454,45.2880859375
7905472,44.12841796875
7905503,40.4052734375
7905538,37.7197265625
7905742,36.62109375
7905854,38.63525390625
7906053,37.17041015625
7923591,45.83740234375
7923800,46.2646484375
7923874,36.56005859375
7923898,37.4755859375
7923951,43.5791015625
7923997,38.4521484375
7924081,42.8466796875
7924097,51.6357421875
7924121,56.2744140625
7924145,36.865234375
7924172,37.41455078125
7924185,44.677734375
7924208,35.82763671875
7924267,40.8935546875
7924328,46.142578125
7924366,42.8466796875
7924476,40.22216796875
7924524,37.53662109375
7924629,36.07177734375
7924933,36.43798828125
7925126,36.376953125
7925259,40.22216796875
7925484,35.58349609375
7925619,35.82763671875
7944909,36.43798828125
7945241,35.5224609375
7945285,46.44775390625
7951409,39.97802734375
7951535,46.2646484375
7951760,43.5791015625
7951792,39.0625
7951820,36.07177734375
7951833,43.64013671875
7951853,36.62109375
7951871,52.978515625
7951907,51.57470703125
7951945,35.70556640625
7952014,46.875
7952040,36.865234375
7952073,45.166015625
7952093,41.3818359375
7952107,46.5087890625
7952184,40.22216796875
7952364,39.55078125
7953344,36.376953125
7953413,36.7431640625
7953439,35.7666015625
7970345,40.46630859375
7971126,35.5224609375
7971221,40.34423828125
7971636,37.78076171875
7971729,37.53662109375
7971755,45.71533203125
7971795,35.64453125
7971810,38.26904296875
7971845,40.0390625
7971869,45.47119140625
7971896,38.0859375
7971928,38.39111328125
7971971,40.8935546875
7971986,39.73388671875
7972002,49.31640625
7972059,39.24560546875
7972145,36.68212890625
7972171,36.68212890625
7972289,38.4521484375
7972417,37.29248046875
7972548,38.9404296875
7972664,40.1611328125
7997230,42.90771484375
7997470,39.61181640625
7997494,43.9453125
7997784,46.142578125
7997936,38.9404296875
7997949,50.4150390625
7997992,47.4853515625
7998020,36.19384765625
7998058,46.630859375
7998077,45.166015625
7998097,40.1611328125
7998150,38.39111328125
7998160,36.62109375
7998240,36.2548828125
7998321,38.2080078125
7998442,39.794921875
7998548,43.5791015625
7998708,36.1328125
8025282,39.0625
8025441,39.6728515625
8025654,56.2744140625
8025699,39.306640625
8025736,35.94970703125
8025779,44.86083984375
8025811,50.1708984375
8025832,41.93115234375
8025863,52.978515625
8025933,37.4755859375
8025968,49.25537109375
8026059,47.36328125
8026074,50.6591796875
8026154,40.4052734375
8027132,37.4755859375
8027315,39.24560546875
8027588,35.888671875
8046627,40.8935546875
8047891,36.2548828125
8048085,43.88427734375
8048490,36.80419921875
8048564,60.36376953125
8048847,44.12841796875
8048883,37.65869140625
8048909,42.8466796875
8048956,39.1845703125
8049004,50.048828125
8049022,38.14697265625
8049082,36.92626953125
8049159,36.80419921875
8049183,39.55078125
8049199,52.1240234375
8049241,37.04833984375
8049318,40.34423828125
8049507,42.236328125
8074950,52.6123046875
8075112,36.92626953125
8075161,37.65869140625
8075233,35.94970703125
8075307,36.62109375
8075335,38.87939453125
8075355,41.259765625
8075370,39.00146484375
8075391,39.61181640625
8075414,50.048828125
8075458,49.4384765625
8075474,56.21337890625
8075499,41.80908203125
8075521,47.7294921875
8075533,40.46630859375
8075549,39.6728515625
8075724,36.80419921875
8075929,35.5224609375
8076729,38.818359375
8077036,37.41455078125
8077181,36.4990234375
8077293,36.56005859375
8105697,45.71533203125
8105710,40.52734375
8105869,37.59765625
8105897,57.92236328125
8106019,44.98291015625
8106072,36.56005859375
8106099,40.8935546875
8106129,42.78564453125
8106145,52.91748046875
8106246,49.13330078125
8106283,54.01611328125
8106390,38.39111328125
8106541,37.9638671875
8145895,38.0859375
8145947,37.59765625
8146021,35.46142578125
8146045,35.64453125
8146074,36.92626953125
8146099,59.50927734375
8146109,37.7197265625
8146128,43.88427734375
8146177,42.96875
8146191,56.09130859375
8146212,37.841796875
8146224,40.6494140625
8146288,35.94970703125
8146302,39.61181640625
8146329,48.76708984375
8146340,40.0390625
8146372,36.0107421875
8146505,35.46142578125
8146722,35.5224609375
8147711,39.24560546875
8148733,37.53662109375
8178397,46.7529296875
8178674,47.30224609375
8178753,35.888671875
8178907,44.677734375
8178940,43.15185546875
8179002,36.376953125
8179027,44.921875
8179046,41.44287109375
8179070,37.90283203125
8179089,38.818359375
8179116,41.9921875
8179156,43.51806640625
8179211,41.8701171875
8179248,38.51318359375
8179259,39.48974609375
8179392,36.0107421875
8179568,37.17041015625
8179610,39.61181640625
8180576,45.8984375
8220219,42.54150390625
8220385,44.3115234375
8220507,38.2080078125
8220534,56.21337890625
8220570,40.10009765625
8220630,36.43798828125
8220643,51.6357421875
8220653,47.2412109375
8220716,37.4755859375
8220740,51.513671875
8220847,39.1845703125
8220930,36.92626953125
8221528,36.80419921875
8222203,46.32568359375
8222325,35.888671875
8222362,39.48974609375
8222413,36.68212890625
8222585,41.68701171875
8222626,46.0205078125
