7799001,0
68801,17.2119140625
115963,34.72900390625
279341,33.3251953125
282309,33.02001953125
284648,29.23583984375
385366,17.4560546875
420738,17.02880859375
453421,20.20263671875
585451,29.4189453125
615928,31.18896484375
732815,38.39111328125
753540,18.9208984375
818589,21.05712890625
818668,32.16552734375
856466,34.11865234375
873390,17.4560546875
897930,23.62060546875
898129,29.1748046875
914822,19.47021484375
915005,39.48974609375
915382,33.203125
932216,34.36279296875
946475,31.92138671875
946548,19.59228515625
946763,19.10400390625
961127,34.85107421875
977726,35.94970703125
978007,17.822265625
987233,19.83642578125
998968,16.845703125
999130,28.1982421875
1008676,34.423828125
1008701,17.4560546875
1008802,16.9677734375
1016822,17.15087890625
1024493,20.93505859375
1024588,18.06640625
1024660,32.40966796875
1024843,32.89794921875
1025025,18.06640625
1049204,35.0341796875
1049231,24.5361328125
1049426,35.2783203125
1067237,18.37158203125
1067333,38.75732421875
1067552,32.3486328125
1084952,33.26416015625
1084975,24.169921875
1085414,27.587890625
1097097,34.11865234375
1097406,28.38134765625
1114930,34.60693359375
1115102,32.71484375
1115179,19.6533203125
1115293,29.9072265625
1125729,17.02880859375
1135642,32.470703125
1135658,17.7001953125
1135682,17.27294921875
1135708,17.63916015625
1135788,29.9072265625
1155012,28.6865234375
1155036,16.9677734375
1155089,17.9443359375
1155106,16.845703125
1155243,30.1513671875
1183854,17.2119140625
1183922,32.2265625
1184068,30.33447265625
1184226,33.38623046875
1364432,35.58349609375
1507627,18.12744140625
1522085,38.63525390625
1838246,18.37158203125
1840035,17.7001953125
2022724,18.00537109375
2053032,16.9677734375
2103821,19.83642578125
2120973,20.1416015625
2222266,18.73779296875
2235556,19.287109375
2327686,28.076171875
2372920,28.62548828125
2458309,32.04345703125
2480282,18.12744140625
2540135,29.541015625
2791566,17.63916015625
2997818,18.37158203125
3056105,17.27294921875
3285637,28.4423828125
3363344,18.00537109375
3363447,17.39501953125
3375603,21.728515625
3445042,17.9443359375
3509683,37.7197265625
3524588,30.21240234375
3531462,17.578125
3547736,32.40966796875
3564693,33.69140625
3577714,29.78515625
3597730,33.63037109375
3619507,18.310546875
3632718,17.02880859375
3632763,34.0576171875
3633083,31.31103515625
3647258,27.52685546875
3647696,29.96826171875
3660008,33.50830078125
3671394,29.60205078125
3690085,29.541015625
3690152,18.310546875
3690173,18.12744140625
3701913,26.06201171875
3702365,32.77587890625
3720677,20.263671875
3720729,18.37158203125
3720764,37.65869140625
3720778,18.85986328125
3752673,33.69140625
3785954,31.3720703125
3826390,17.7001953125
3826538,33.0810546875
4564404,17.2119140625
4599456,26.2451171875
4636123,20.01953125
4636359,34.0576171875
4655909,18.12744140625
4677641,17.822265625
4677726,16.9677734375
4677761,34.5458984375
4692829,45.22705078125
4706476,20.93505859375
4706755,29.47998046875
4706777,18.00537109375
4719135,22.03369140625
4725082,33.26416015625
4736652,22.4609375
4742577,39.0625
4750317,18.85986328125
4750347,18.61572265625
4750380,31.06689453125
4750714,33.0810546875
4750875,17.7001953125
4750921,25.32958984375
4783516,34.912109375
4783542,18.00537109375
4783641,26.67236328125
4783655,16.845703125
4783670,19.04296875
4783788,23.681640625
4784019,28.1982421875
4815845,25.20751953125
4815921,18.85986328125
4816024,31.73828125
4849030,17.7001953125
4849081,35.2783203125
4849195,35.70556640625
4849283,26.18408203125
4849310,17.63916015625
4849371,28.38134765625
4849474,19.287109375
4849501,17.7001953125
4849631,23.49853515625
4849779,22.705078125
4850111,28.25927734375
4873967,39.73388671875
4874127,17.333984375
4874212,33.14208984375
4874381,19.34814453125
4874488,26.30615234375
4887009,33.0810546875
4887261,30.517578125
4898623,26.79443359375
4898642,18.4326171875
4898777,31.005859375
4898884,37.2314453125
4898975,16.9677734375
4899011,29.23583984375
4899132,26.9775390625
4912183,35.2783203125
4912263,18.310546875
4912346,39.55078125
4912445,19.95849609375
4912477,22.27783203125
4912617,29.60205078125
4912802,28.13720703125
4921592,36.56005859375
4925218,27.52685546875
4927370,37.41455078125
4932322,19.8974609375
4932418,18.310546875
4932451,31.55517578125
4932489,17.578125
4932573,30.76171875
4932606,19.287109375
4932718,27.4658203125
4932829,17.02880859375
4932889,23.0712890625
4943341,17.15087890625
4943361,28.076171875
4943609,26.91650390625
4953017,16.9677734375
4953101,41.1376953125
4953255,31.92138671875
4953380,30.21240234375
4953546,23.8037109375
4975732,38.2080078125
4975745,21.484375
4975887,20.01953125
4975907,41.8701171875
4975926,17.63916015625
4975989,18.06640625
4976008,33.0810546875
4976046,19.22607421875
4976106,24.90234375
4976216,28.74755859375
4976323,18.61572265625
4976513,17.76123046875
4989048,26.79443359375
4989064,16.9677734375
4989213,30.21240234375
5006264,18.37158203125
5013637,29.1748046875
5013659,18.37158203125
5013699,17.7001953125
5013747,42.90771484375
5013757,18.98193359375
5013839,19.4091796875
5013851,22.52197265625
5013885,18.85986328125
5013994,24.5361328125
5014151,29.4189453125
5030861,19.10400390625
5031265,29.6630859375
5031283,18.00537109375
5031327,18.85986328125
5031366,28.86962890625
5031417,18.73779296875
5031497,26.06201171875
5031632,18.798828125
5069217,29.1748046875
5087467,36.4990234375
5087618,30.09033203125
5087803,29.541015625
5117354,18.06640625
5235252,18.06640625
5757739,16.90673828125
5769777,20.263671875
5842670,18.06640625
5868585,17.63916015625
5988638,30.6396484375
6007489,31.8603515625
6017732,27.7099609375
6029041,34.7900390625
6039692,30.2734375
6044042,26.7333984375
6099169,17.333984375
6099456,32.3486328125
6128225,26.611328125
6141117,29.84619140625
6141542,31.982421875
6150746,35.400390625
6150767,18.310546875
6150916,30.82275390625
6151195,28.74755859375
6160165,31.55517578125
6160638,26.2451171875
6168042,29.84619140625
6168305,28.50341796875
6168684,26.91650390625
6179634,37.4755859375
6179658,17.2119140625
6179850,28.25927734375
6180269,27.587890625
6192161,18.12744140625
6192210,42.29736328125
6192271,17.15087890625
6192419,31.982421875
6192624,21.05712890625
6201580,29.60205078125
6201666,17.2119140625
6201916,29.60205078125
6215696,39.24560546875
6215756,19.22607421875
6215904,29.11376953125
6216270,29.35791015625
6224042,27.40478515625
6224068,21.30126953125
6224151,18.4326171875
6224237,22.5830078125
6231224,31.982421875
6231450,33.203125
6240136,33.447265625
6240387,20.3857421875
6240443,28.076171875
6247243,17.39501953125
6247431,32.77587890625
6247446,18.00537109375
6247614,28.564453125
6247827,31.3720703125
6262905,31.73828125
6262958,19.1650390625
6263073,38.4521484375
6263131,16.9677734375
6263307,26.42822265625
6281311,26.9775390625
6281328,18.1884765625
6281408,20.5078125
6281487,42.66357421875
6281542,16.9677734375
6281608,31.31103515625
6281763,27.099609375
6292504,27.03857421875
6303469,32.71484375
6303657,31.18896484375
6303697,21.728515625
6303793,30.8837890625
6303973,29.60205078125
6331390,29.60205078125
6360440,30.33447265625
6370446,32.5927734375
6467676,28.9306640625
6496275,27.9541015625
6576986,30.45654296875
6605112,18.5546875
6655014,31.25
6678514,30.33447265625
6751665,18.49365234375
6767602,18.4326171875
6767690,17.333984375
6783957,19.1650390625
6799947,20.3857421875
6805572,29.1748046875
6810878,18.12744140625
6820533,17.02880859375
6820805,20.08056640625
6820818,20.32470703125
6837069,29.78515625
6837082,19.8974609375
6837250,16.9677734375
6849048,17.4560546875
6865244,17.39501953125
6865292,18.5546875
6865382,17.39501953125
6865410,29.11376953125
6865786,27.64892578125
6880146,16.845703125
6880177,27.099609375
6880188,38.818359375
6880253,17.822265625
6880318,18.4326171875
6880360,28.6865234375
6880380,16.845703125
6880557,30.57861328125
6880768,29.9072265625
6897142,17.9443359375
6897206,35.5224609375
6897563,37.17041015625
6897719,27.34375
6908701,17.08984375
6908772,30.21240234375
6908786,22.216796875
6909147,31.25
6916413,20.3857421875
6916470,18.98193359375
6920401,16.90673828125
6920508,36.92626953125
6920620,20.5078125
6920663,30.70068359375
6920747,33.447265625
6920767,17.08984375
6920850,17.63916015625
6920866,29.23583984375
6920970,27.4658203125
6921064,24.169921875
6921324,27.16064453125
6921334,16.845703125
6921459,32.04345703125
6921614,29.72412109375
6940569,32.04345703125
6940584,16.845703125
6940658,16.9677734375
6940687,33.02001953125
6940703,17.08984375
6940792,18.49365234375
6940804,29.6630859375
6940925,30.76171875
6940999,17.822265625
6941181,26.67236328125
6951145,35.82763671875
6951378,20.44677734375
6951396,35.64453125
6951572,33.8134765625
6951884,26.30615234375
6961024,17.51708984375
6961381,33.8134765625
6961400,19.4091796875
6961480,20.69091796875
6961504,24.10888671875
6961592,32.04345703125
6961683,19.287109375
6961711,26.2451171875
6961844,24.71923828125
6962045,28.9306640625
6973201,17.27294921875
6974395,40.8935546875
6974467,19.22607421875
6974481,22.8271484375
6974508,26.9775390625
6974557,17.333984375
6974605,19.83642578125
6974690,28.25927734375
6974719,16.90673828125
6974739,17.333984375
6974777,19.47021484375
6974855,26.67236328125
6974880,18.37158203125
6974937,21.8505859375
6975034,17.15087890625
6975216,22.5830078125
6976187,34.36279296875
6985831,18.06640625
6988909,31.8603515625
6989022,28.13720703125
6989096,18.00537109375
6989131,33.69140625
6989235,26.9775390625
6989419,23.37646484375
6995795,27.52685546875
7002337,35.15625
7002449,17.9443359375
7002468,33.203125
7002478,18.24951171875
7002531,19.287109375
7002581,24.2919921875
7002637,21.30126953125
7002673,27.40478515625
7002751,19.83642578125
7002862,25.57373046875
7003019,21.8505859375
7003219,25.32958984375
7019449,30.70068359375
7027578,28.4423828125
7027596,17.578125
7034544,18.6767578125
7034573,33.5693359375
7034608,19.10400390625
7034663,21.66748046875
7034685,34.60693359375
7034727,18.06640625
7034770,27.7099609375
7034783,24.71923828125
7034810,17.39501953125
7034843,27.7099609375
7034871,17.39501953125
7034923,23.681640625
7034933,20.20263671875
7035036,19.22607421875
7035163,22.8271484375
7035340,26.0009765625
7035694,30.33447265625
7044742,28.01513671875
7052407,28.3203125
7057594,22.88818359375
7057655,20.3857421875
7057718,19.287109375
7057739,24.71923828125
7057840,23.74267578125
7057952,23.62060546875
7058144,26.85546875
7064602,26.30615234375
7074204,17.27294921875
7086394,33.0810546875
7086445,16.90673828125
7086499,33.69140625
7086511,17.2119140625
7086592,21.728515625
7086687,41.32080078125
7086802,21.66748046875
7086925,18.6767578125
7094859,28.3203125
7105224,24.90234375
7105687,28.74755859375
7105792,28.86962890625
7105807,18.9208984375
7105848,17.7001953125
7105896,26.2451171875
7106156,25.45166015625
7111991,17.08984375
7113756,17.9443359375
7113864,25.146484375
7124536,29.78515625
7124654,22.27783203125
7124721,36.68212890625
7124791,18.24951171875
7124858,25.20751953125
7124962,29.35791015625
7125219,20.1416015625
7134051,27.34375
7136605,20.81298828125
7147247,28.74755859375
7147262,18.37158203125
7147459,16.845703125
7147495,17.39501953125
7147521,41.32080078125
7147577,19.04296875
7147587,21.3623046875
7147630,35.09521484375
7147737,30.33447265625
7147854,27.28271484375
7165493,17.63916015625
7165699,31.67724609375
7166086,27.099609375
7166151,19.8974609375
7166186,18.61572265625
7166197,24.23095703125
7166246,17.51708984375
7166284,24.84130859375
7166469,26.85546875
7187924,41.19873046875
7188215,38.330078125
7188232,17.7001953125
7188332,30.09033203125
7188347,20.44677734375
7188381,16.90673828125
7188405,18.00537109375
7188415,37.78076171875
7188514,21.1181640625
7188816,32.2265625
7213396,19.8974609375
7218434,19.71435546875
7218533,17.88330078125
7218606,25.7568359375
7234779,18.5546875
7235031,31.43310546875
7235372,32.1044921875
7235472,18.85986328125
7235494,30.70068359375
7235577,19.34814453125
7235598,26.611328125
7235684,16.9677734375
7246463,22.4609375
7255351,26.67236328125
7255913,27.40478515625
7255937,23.62060546875
7255997,17.08984375
7256025,28.01513671875
7256200,35.15625
7267465,25.2685546875
7273485,37.9638671875
7273590,17.15087890625
7273723,35.94970703125
7273755,19.10400390625
7273802,18.6767578125
7273826,31.18896484375
7273925,25.93994140625
7274063,26.2451171875
7274196,24.2919921875
7284879,18.1884765625
7293442,17.15087890625
7302470,27.16064453125
7304098,17.27294921875
7304343,34.36279296875
7314982,32.8369140625
7317377,26.30615234375
7321930,17.76123046875
7333846,20.08056640625
7344141,30.6396484375
7347730,21.3623046875
7364675,18.37158203125
7365376,16.90673828125
7375509,17.51708984375
7380004,26.91650390625
7384586,17.578125
7388650,18.9208984375
7393091,17.9443359375
7403736,17.333984375
7408756,29.1748046875
7415417,28.99169921875
7440642,18.24951171875
7441068,29.35791015625
7455359,17.51708984375
7455715,31.43310546875
7473516,27.4658203125
7552886,29.60205078125
7571115,28.38134765625
7643420,28.99169921875
7674829,32.71484375
7676578,28.62548828125
7682424,29.4189453125
7727954,18.5546875
7728041,17.27294921875
7753599,32.1044921875
7796183,29.35791015625
