7799001,0
6694,43.0908203125
7216,46.0205078125
21114,41.015625
21486,39.85595703125
21799,36.68212890625
21886,38.57421875
21953,52.30712890625
22023,50.72021484375
22043,42.96875
22097,47.4853515625
22244,37.90283203125
22651,36.92626953125
23116,37.04833984375
23460,37.9638671875
23827,36.9873046875
25419,37.65869140625
40689,43.76220703125
90710,36.9873046875
132970,39.6728515625
143752,41.9921875
165812,39.1845703125
194534,53.8330078125
205673,45.166015625
212330,38.26904296875
223498,38.02490234375
224154,42.66357421875
233999,43.8232421875
237538,38.818359375
241959,40.22216796875
246762,42.54150390625
250528,42.17529296875
260087,41.07666015625
269037,40.95458984375
282368,37.17041015625
283048,46.44775390625
286876,40.95458984375
288144,37.78076171875
292674,39.12353515625
302592,40.1611328125
305042,45.166015625
307946,39.61181640625
312891,38.2080078125
317567,41.9921875
322674,42.8466796875
328991,37.53662109375
334060,39.12353515625
343396,39.73388671875
347191,39.73388671875
347824,38.14697265625
355309,45.34912109375
358029,37.04833984375
362646,39.97802734375
365309,44.49462890625
372886,43.701171875
385311,50.96435546875
385953,40.71044921875
392640,40.46630859375
393232,44.921875
396890,36.80419921875
397606,43.701171875
403717,38.26904296875
408488,46.81396484375
413083,40.0390625
420021,42.3583984375
423675,39.794921875
429596,43.27392578125
433988,48.828125
435264,41.6259765625
437959,39.48974609375
440296,37.65869140625
450071,44.00634765625
453726,37.2314453125
459673,52.18505859375
463508,39.00146484375
468608,43.27392578125
477619,41.50390625
478272,38.4521484375
484143,42.90771484375
487488,36.92626953125
496873,42.1142578125
498228,37.04833984375
500631,38.51318359375
504312,37.90283203125
508128,39.0625
510781,40.22216796875
514775,39.9169921875
516220,42.54150390625
521751,37.7197265625
523296,40.71044921875
523921,42.96875
528128,45.8984375
534115,49.8046875
538955,48.9501953125
542875,43.76220703125
546484,41.32080078125
549169,38.26904296875
553354,45.83740234375
554048,36.7431640625
556875,55.0537109375
563806,38.63525390625
565445,36.80419921875
567588,42.90771484375
571310,37.41455078125
571976,38.63525390625
577534,43.9453125
579863,43.88427734375
580518,40.283203125
583646,44.25048828125
587760,42.1142578125
588386,41.9921875
592528,40.71044921875
593201,39.4287109375
596506,46.81396484375
600879,38.02490234375
605614,41.259765625
608957,46.630859375
609659,50.537109375
614884,43.45703125
617025,40.52734375
617656,38.63525390625
621049,41.259765625
628728,39.97802734375
629393,39.36767578125
631991,44.37255859375
632545,38.2080078125
636713,37.65869140625
637353,39.73388671875
637596,36.865234375
644524,41.07666015625
646066,42.3583984375
646704,41.015625
649001,37.04833984375
654634,41.19873046875
655260,40.34423828125
659133,38.26904296875
659788,36.7431640625
665735,41.44287109375
668508,56.396484375
669133,39.73388671875
675919,42.48046875
676523,36.68212890625
680732,47.119140625
681399,38.26904296875
685417,45.2880859375
686069,42.05322265625
688693,37.29248046875
693200,39.12353515625
695714,40.10009765625
698485,37.29248046875
699180,37.04833984375
706955,41.32080078125
709143,38.57421875
709830,36.865234375
713563,39.00146484375
718001,38.4521484375
718700,41.32080078125
721630,45.34912109375
724890,42.3583984375
728896,40.34423828125
729477,37.7197265625
732767,54.8095703125
733527,38.02490234375
736053,38.4521484375
738343,37.41455078125
741058,38.75732421875
744950,42.96875
749241,37.59765625
749897,43.9453125
752055,41.8701171875
752823,52.42919921875
756761,42.96875
759604,39.12353515625
760226,38.330078125
766106,42.05322265625
772451,40.52734375
773242,44.37255859375
775441,37.109375
779471,38.26904296875
781760,43.45703125
786556,46.2646484375
789028,39.61181640625
796115,42.17529296875
796713,44.5556640625
797304,48.9501953125
801500,40.0390625
802114,41.015625
805454,40.283203125
806113,37.353515625
809966,39.9169921875
810578,43.02978515625
813577,39.794921875
817019,41.80908203125
817578,43.76220703125
822035,37.109375
825456,39.306640625
826046,37.109375
829292,39.794921875
832948,42.48046875
837006,43.212890625
838975,43.701171875
842328,37.17041015625
850344,41.6259765625
853480,43.76220703125
854069,43.88427734375
859390,47.36328125
862235,40.52734375
864832,37.53662109375
867462,36.865234375
868228,46.142578125
869880,47.66845703125
870518,36.80419921875
875876,44.98291015625
877507,39.6728515625
878197,39.0625
881872,40.34423828125
882490,38.63525390625
885854,39.9169921875
887334,38.75732421875
890164,41.93115234375
890773,37.353515625
895515,36.92626953125
896108,38.0859375
900550,37.53662109375
903389,47.66845703125
906380,43.39599609375
908363,38.0859375
909062,39.4287109375
909746,43.02978515625
913364,49.98779296875
916042,39.4287109375
916708,43.8232421875
917393,39.97802734375
921354,38.14697265625
927943,46.142578125
928550,36.92626953125
932140,37.65869140625
932760,42.78564453125
935371,43.02978515625
936006,40.83251953125
937988,46.630859375
941266,36.80419921875
942627,45.41015625
946201,41.3818359375
946387,37.109375
952042,41.44287109375
952775,45.59326171875
955311,46.0205078125
957567,41.1376953125
958204,46.5087890625
961386,37.4755859375
962118,38.6962890625
966893,48.2177734375
969066,37.841796875
969715,38.87939453125
972414,42.6025390625
974956,37.9638671875
975567,47.36328125
978552,42.29736328125
982234,43.3349609375
984807,44.49462890625
985528,39.306640625
986859,39.97802734375
989723,41.9921875
993078,39.61181640625
993783,38.2080078125
996234,42.41943359375
999977,37.4755859375
1002217,51.513671875
1002821,38.57421875
1007365,40.22216796875
1008038,40.0390625
1013049,40.6494140625
1013718,41.50390625
1018249,37.4755859375
1022584,49.31640625
1023214,37.04833984375
1028730,38.75732421875
1032322,42.54150390625
1034453,48.583984375
1037626,37.90283203125
1041603,42.48046875
1045339,47.7294921875
1046048,41.19873046875
1051036,50.537109375
1051660,39.4287109375
1051860,39.1845703125
1056628,40.283203125
1060923,36.7431640625
1064483,37.7197265625
1065068,43.9453125
1070490,44.00634765625
1073899,42.8466796875
1074510,42.8466796875
1077230,40.83251953125
1081532,41.3818359375
1084700,40.52734375
1085358,49.13330078125
1089202,44.43359375
1091494,39.0625
1092956,40.4052734375
1095748,44.43359375
1100133,39.85595703125
1101025,39.6728515625
1101926,45.10498046875
1102545,46.32568359375
1104750,36.7431640625
1106626,42.1142578125
1108984,41.50390625
1117013,43.64013671875
1117774,45.0439453125
1121189,41.68701171875
1121856,45.10498046875
1123303,39.48974609375
1127206,43.5791015625
1134089,49.9267578125
1136072,44.0673828125
1136727,40.6494140625
1139968,38.57421875
1140587,37.9638671875
1143697,43.0908203125
1146851,38.0859375
1149333,41.93115234375
1154956,39.61181640625
1156323,37.78076171875
1158563,40.771484375
1159088,37.90283203125
1159176,44.7998046875
1164189,41.93115234375
1165592,38.26904296875
1169754,37.04833984375
1170333,46.32568359375
1175933,41.748046875
1176532,39.36767578125
1181014,41.015625
1181683,46.32568359375
1182303,41.748046875
1184955,47.7294921875
1185561,37.65869140625
1189658,44.0673828125
1190223,39.97802734375
1193562,41.32080078125
1194198,42.29736328125
1195811,38.26904296875
1198454,40.6494140625
1199084,52.978515625
1201044,40.71044921875
1203654,38.87939453125
1204265,37.04833984375
1207640,46.9970703125
1209672,38.4521484375
1212464,37.04833984375
1215357,37.04833984375
1215928,37.4755859375
1218534,43.8232421875
1219142,36.68212890625
1222235,43.0908203125
1222960,38.57421875
1223674,42.3583984375
1229698,36.68212890625
1230429,39.73388671875
1238136,40.22216796875
1241380,43.0908203125
1242085,39.85595703125
1245107,46.38671875
1245718,42.17529296875
1247936,37.78076171875
1248298,38.75732421875
1254106,41.93115234375
1256731,40.4052734375
1257329,44.3115234375
1259943,46.44775390625
1262694,38.57421875
1263347,39.794921875
1265362,40.283203125
1265976,44.43359375
1268312,42.17529296875
1269087,49.31640625
1275781,39.9169921875
1276398,45.34912109375
1279275,38.57421875
1280059,41.80908203125
1282075,38.0859375
1282749,45.2880859375
1285940,41.44287109375
1286534,37.109375
1290382,39.12353515625
1291027,40.46630859375
1294648,37.90283203125
1296952,41.93115234375
1297515,38.4521484375
1300315,39.1845703125
1300931,46.20361328125
1305907,38.4521484375
1306537,37.53662109375
1312701,47.8515625
1313308,37.78076171875
1314858,38.75732421875
1315520,41.56494140625
1318363,42.66357421875
1319028,37.4755859375
1322702,39.12353515625
1323293,39.0625
1327458,40.22216796875
1328070,39.9169921875
1331691,42.1142578125
1332328,37.78076171875
1335260,54.19921875
1335909,37.4755859375
1340722,40.71044921875
1341354,39.794921875
1343393,44.43359375
1347285,38.57421875
1347970,40.71044921875
1350608,42.236328125
1352652,43.51806640625
1354825,42.6025390625
1355722,42.236328125
1358796,41.68701171875
1359580,37.53662109375
1362939,39.0625
1363621,37.65869140625
1365059,40.52734375
1367977,42.17529296875
1368588,38.6962890625
1373169,46.7529296875
1373818,37.7197265625
1375355,41.748046875
1377619,37.78076171875
1378240,39.36767578125
1381550,37.353515625
1384097,41.32080078125
1384839,37.841796875
1384867,37.53662109375
1388546,38.9404296875
1389863,40.0390625
1392250,49.072265625
1393826,39.4287109375
1394462,48.76708984375
1396793,38.9404296875
1399687,41.50390625
1400394,40.58837890625
1402705,40.95458984375
1412278,36.92626953125
1414457,37.17041015625
1415060,40.34423828125
1419296,44.00634765625
1421987,40.0390625
1422600,40.71044921875
1424820,42.90771484375
1428639,41.56494140625
1429299,43.5791015625
1432985,40.71044921875
1433575,40.71044921875
1435603,39.55078125
1439147,38.39111328125
1439828,41.8701171875
1442676,41.56494140625
1443181,41.56494140625
1446085,41.3818359375
1446747,46.93603515625
1449909,39.00146484375
1450496,47.42431640625
1453255,37.841796875
1453879,39.85595703125
1456858,44.12841796875
1457483,44.00634765625
1460508,47.9736328125
1461116,36.7431640625
1464521,49.74365234375
1465138,48.2177734375
1467452,43.15185546875
1468143,41.07666015625
1469112,39.4287109375
1470760,41.8701171875
1471432,41.9921875
1476260,37.04833984375
1476884,38.75732421875
1481079,40.71044921875
1481698,37.9638671875
1484367,38.14697265625
1484936,45.2880859375
1490406,50.29296875
1491114,41.93115234375
1493213,43.701171875
1495185,38.4521484375
1495985,36.92626953125
1498848,38.57421875
1499408,44.49462890625
1502828,42.48046875
1503452,41.748046875
1508973,39.0625
1509552,37.109375
1513393,38.02490234375
1514747,42.6025390625
1517712,41.1376953125
1518311,46.0205078125
1522706,37.9638671875
1523363,43.0908203125
1527206,43.701171875
1527793,41.015625
1529201,43.02978515625
1534267,36.7431640625
1534874,39.6728515625
1535471,45.8984375
1538777,40.771484375
1539404,42.29736328125
1542611,37.109375
1543225,41.8701171875
1544981,55.23681640625
1545645,44.61669921875
1547282,44.189453125
1551114,40.95458984375
1551771,39.4287109375
1553375,45.166015625
1554440,41.07666015625
1555509,39.306640625
1557664,42.29736328125
1559918,49.74365234375
1560641,44.37255859375
1562869,41.748046875
1563540,38.26904296875
1564928,39.97802734375
1568783,45.59326171875
1574652,40.6494140625
1575281,37.841796875
1577141,43.9453125
1577722,40.4052734375
1581479,39.36767578125
1582073,40.71044921875
1586631,38.63525390625
1587279,39.0625
1588884,44.921875
1589525,38.75732421875
1592737,45.71533203125
1594152,39.85595703125
1596868,37.7197265625
1600036,39.85595703125
1602719,38.0859375
1603340,43.64013671875
1605407,43.45703125
1608824,37.353515625
1609445,38.02490234375
1611352,48.9501953125
1612090,46.20361328125
1614542,40.83251953125
1617616,42.1142578125
1618229,49.13330078125
1621086,44.00634765625
1621872,38.39111328125
1624655,40.771484375
1626476,36.865234375
1627875,43.701171875
1631463,39.794921875
1636522,39.6728515625
1637216,42.29736328125
1640727,36.9873046875
1644646,39.6728515625
1645202,37.29248046875
1647436,37.7197265625
1648090,45.0439453125
1650878,42.54150390625
1653458,38.57421875
1655514,39.61181640625
1656120,42.48046875
1657699,37.53662109375
1659173,43.45703125
1659778,37.353515625
1663074,38.9404296875
1663690,42.236328125
1666569,38.75732421875
1669363,40.22216796875
1670870,37.65869140625
1671531,39.6728515625
1676441,49.49951171875
1677140,42.29736328125
1679951,56.396484375
1681470,37.17041015625
1682152,38.9404296875
1684749,39.306640625
1685360,44.3115234375
1689356,49.37744140625
1691018,44.921875
1696161,44.61669921875
1698212,39.1845703125
1700172,49.8046875
1702972,38.39111328125
1704669,44.921875
1706155,38.39111328125
1706441,39.97802734375
1707642,49.01123046875
1711160,41.19873046875
1711753,37.17041015625
1714493,36.80419921875
1715150,47.05810546875
1718126,43.88427734375
1722051,37.41455078125
1723614,43.45703125
1724218,41.19873046875
1727868,38.14697265625
1728530,38.2080078125
1730676,43.64013671875
1731352,42.724609375
1731878,41.07666015625
1735343,41.9921875
1736730,43.5791015625
1740151,45.22705078125
1740693,38.02490234375
1743615,38.14697265625
1748468,39.48974609375
1749175,41.3818359375
1752555,38.4521484375
1758311,37.109375
1758988,44.189453125
1759589,37.29248046875
1761655,45.22705078125
1764096,42.724609375
1764732,37.841796875
1766360,38.14697265625
1768751,45.654296875
1769335,40.83251953125
1769590,38.330078125
1772063,43.02978515625
1775110,45.0439453125
1775783,37.353515625
1778752,37.4755859375
1779367,37.41455078125
1782666,41.80908203125
1783293,41.44287109375
1786179,40.52734375
1786769,41.44287109375
1789392,38.4521484375
1790066,41.32080078125
1790757,40.52734375
1793199,37.9638671875
1795550,39.794921875
1798537,47.66845703125
1800987,44.7998046875
1801566,41.748046875
1803116,37.41455078125
1803755,40.46630859375
1807453,38.2080078125
1808066,45.0439453125
1811660,43.64013671875
1812325,39.24560546875
1813021,39.73388671875
1815498,41.32080078125
1819957,44.25048828125
1820557,44.0673828125
1822692,40.71044921875
1823471,40.10009765625
1826385,40.8935546875
1826996,37.4755859375
1829620,42.236328125
1830241,42.236328125
1834551,40.10009765625
1835961,41.93115234375
1838043,42.8466796875
1838700,38.63525390625
1839344,48.7060546875
1842844,44.86083984375
1843481,37.841796875
1846734,46.5087890625
1847411,37.9638671875
1849950,38.818359375
1850650,43.51806640625
1854671,41.19873046875
1855321,41.8701171875
1858219,39.6728515625
1858932,36.865234375
1860402,37.53662109375
1862619,37.41455078125
1863199,44.7998046875
1866518,38.26904296875
1869724,39.1845703125
1870336,45.41015625
1872947,37.353515625
1873555,38.57421875
1876474,41.259765625
1877034,40.8935546875
1879518,36.9873046875
1880794,37.353515625
1884247,36.7431640625
1884858,49.25537109375
1888202,40.22216796875
1888749,38.9404296875
1890966,36.80419921875
1891638,39.85595703125
1895298,43.0908203125
1897100,41.259765625
1898387,39.61181640625
1899023,38.6962890625
1901337,39.48974609375
1901977,40.0390625
1905323,39.794921875
1905946,42.3583984375
1909948,42.1142578125
1910535,42.05322265625
1912072,49.25537109375
1913605,40.95458984375
1915717,40.283203125
1916413,46.142578125
1918579,36.68212890625
1919199,37.59765625
1921295,36.80419921875
1921948,41.32080078125
1925944,36.92626953125
1926621,39.6728515625
1928861,38.26904296875
1929573,44.921875
1930173,41.50390625
1933269,42.66357421875
1933871,37.78076171875
1936352,41.015625
1938941,37.109375
1939596,41.6259765625
1941993,42.96875
1942609,37.78076171875
1945188,38.4521484375
1948924,44.61669921875
1949616,37.4755859375
1952432,44.86083984375
1953055,43.9453125
1955649,40.771484375
1956206,46.32568359375
1958706,41.80908203125
1959406,41.8701171875
1960187,41.68701171875
1964585,43.39599609375
1965191,36.865234375
1967949,46.08154296875
1971735,40.83251953125
1972362,37.9638671875
1975274,42.48046875
1976785,44.0673828125
1978156,38.4521484375
1980139,41.44287109375
1981362,41.32080078125
1983442,40.71044921875
1984086,39.85595703125
1988862,38.0859375
1989439,40.10009765625
1992139,40.283203125
1994420,36.68212890625
1998726,40.8935546875
1999348,40.6494140625
2002000,43.9453125
2002565,39.73388671875
2004709,39.97802734375
2007529,37.4755859375
2010450,38.39111328125
2013440,38.57421875
2015032,39.97802734375
2019413,43.8232421875
2020031,36.865234375
2020588,41.56494140625
2022585,38.57421875
2025374,43.3349609375
2026078,36.68212890625
2029455,39.306640625
2034819,40.1611328125
2038257,38.75732421875
2038841,45.8984375
2039456,40.71044921875
2041427,41.3818359375
2042027,39.0625
2044639,40.52734375
2045371,40.22216796875
2047587,49.49951171875
2048140,37.90283203125
2051688,37.41455078125
2055414,37.41455078125
2056076,41.93115234375
2060355,41.9921875
2060938,44.5556640625
2063719,38.02490234375
2064350,37.41455078125
2067323,45.0439453125
2067936,40.10009765625
2068725,36.68212890625
2070946,38.4521484375
2072070,37.59765625
2074997,42.3583984375
2075659,38.51318359375
2078011,38.6962890625
2078613,40.34423828125
2082180,38.14697265625
2082728,45.7763671875
2086166,48.4619140625
2086754,38.51318359375
2088844,46.20361328125
2089463,38.63525390625
2092321,43.3349609375
2095600,40.6494140625
2096211,39.0625
2098914,38.26904296875
2099630,38.57421875
2102395,37.841796875
2103058,40.95458984375
2105248,36.92626953125
2107245,40.1611328125
2109400,40.1611328125
2110065,47.05810546875
2114819,46.56982421875
2115518,37.17041015625
2118251,39.48974609375
2119629,37.9638671875
2120321,43.9453125
2120995,38.57421875
2124940,37.4755859375
2125537,40.83251953125
2125900,41.32080078125
2126160,39.97802734375
2129091,41.80908203125
2129660,39.4287109375
2132091,39.48974609375
2132690,38.818359375
2134358,39.1845703125
2134922,40.71044921875
2136443,36.9873046875
2136613,40.4052734375
2136860,39.36767578125
2136904,39.24560546875
2136924,45.166015625
2136949,40.0390625
2136966,43.15185546875
2137004,39.12353515625
2137038,48.095703125
2137368,39.306640625
2138392,37.2314453125
2138676,44.189453125
2138758,41.8701171875
2138784,38.02490234375
2139070,38.4521484375
2141132,40.771484375
2142119,37.65869140625
2153405,36.68212890625
2157802,45.2880859375
2160373,47.9736328125
2162641,43.45703125
2163573,41.50390625
2163781,37.78076171875
2163803,40.4052734375
2163879,40.6494140625
2163972,41.748046875
2164069,38.63525390625
2164093,39.97802734375
2164125,37.29248046875
2164145,50.4150390625
2164185,46.81396484375
2165336,40.46630859375
2165644,37.41455078125
2165910,37.2314453125
2167092,37.59765625
2188791,40.71044921875
2189492,46.44775390625
2192908,40.71044921875
2193385,40.8935546875
2199137,43.51806640625
2199327,37.41455078125
2199570,54.3212890625
2199894,43.8232421875
2200155,36.865234375
2200369,36.865234375
2200425,36.9873046875
2200488,40.6494140625
2200499,40.46630859375
2200668,38.818359375
2202009,37.29248046875
2202223,36.7431640625
2202868,39.24560546875
2203375,37.841796875
2231827,39.306640625
2236572,40.283203125
2237063,46.38671875
2237474,36.7431640625
2243783,37.841796875
2244041,43.88427734375
2244280,40.283203125
2249679,39.1845703125
2249859,37.53662109375
2250026,41.259765625
2250306,37.53662109375
2250591,37.90283203125
2255943,37.7197265625
2256403,37.41455078125
2259249,38.26904296875
2265631,45.654296875
2266215,48.33984375
2266711,37.4755859375
2266790,36.68212890625
2266824,42.54150390625
2266836,60.60791015625
2268795,40.46630859375
2269994,41.19873046875
2292175,37.109375
2304580,37.17041015625
2304737,41.1376953125
2307205,47.4853515625
2310548,36.92626953125
2315786,38.39111328125
2320479,39.00146484375
2324727,37.90283203125
2325207,41.1376953125
2329632,37.9638671875
2329957,40.4052734375
2330329,37.9638671875
2335089,46.875
2335436,37.41455078125
2338217,45.47119140625
2340871,41.9921875
2343882,38.4521484375
2346703,37.2314453125
2350544,41.259765625
2350857,37.2314453125
2354187,42.48046875
2354321,37.78076171875
2354511,37.53662109375
2358202,40.10009765625
2361664,38.63525390625
2364040,37.41455078125
2364376,39.24560546875
2368346,41.015625
2368682,44.921875
2373644,42.78564453125
2373669,38.26904296875
2373904,42.29736328125
2374235,43.8232421875
2374304,44.5556640625
2374397,37.17041015625
2374448,38.57421875
2374463,37.04833984375
2374480,38.818359375
2374515,39.24560546875
2374526,39.306640625
2407183,37.59765625
2422535,37.2314453125
2426282,38.0859375
2426727,39.00146484375
2429486,40.46630859375
2433153,46.38671875
2436493,39.306640625
2436952,38.9404296875
2445119,38.4521484375
2445490,46.38671875
2449959,37.41455078125
2450308,41.6259765625
2454538,37.841796875
2454919,46.2646484375
2460101,40.4052734375
2460384,41.6259765625
2460852,43.212890625
2465083,37.29248046875
2465480,39.306640625
2473787,38.63525390625
2473962,39.306640625
2474094,37.78076171875
2474500,41.6259765625
2480040,36.92626953125
2480327,39.9169921875
2485668,36.68212890625
2485748,36.92626953125
2486023,41.8701171875
2491635,50.84228515625
2497189,38.4521484375
2497497,36.9873046875
2497898,41.015625
2502826,61.95068359375
2503144,38.39111328125
2507912,46.44775390625
2508313,37.17041015625
2513074,39.1845703125
2513413,37.353515625
2518341,37.7197265625
2518695,37.65869140625
2518810,37.7197265625
2525413,41.259765625
2525710,45.654296875
2525985,36.7431640625
2526171,38.75732421875
2526222,40.52734375
2526292,39.12353515625
2526381,38.87939453125
2526400,44.0673828125
2526424,37.78076171875
2526561,42.3583984375
2527302,45.83740234375
2527633,37.109375
2528784,38.818359375
2536422,47.66845703125
2540115,41.6259765625
2543793,41.748046875
2547913,38.75732421875
2560188,49.13330078125
2571054,46.5087890625
2578495,49.37744140625
2584177,40.22216796875
2584695,36.865234375
2591714,56.57958984375
2592190,39.61181640625
2600449,37.7197265625
2600805,42.96875
2601341,45.22705078125
2605997,37.17041015625
2607390,42.66357421875
2607781,36.92626953125
2615930,43.02978515625
2616096,37.17041015625
2616268,39.9169921875
2616538,52.91748046875
2616712,47.4853515625
2616776,37.78076171875
2616797,41.32080078125
2616818,43.8232421875
2616849,39.55078125
2616882,37.78076171875
2618403,38.2080078125
2619665,39.55078125
2620518,39.1845703125
2643907,46.93603515625
2665076,41.93115234375
2676829,41.015625
2678393,42.41943359375
2678795,44.12841796875
2687317,36.7431640625
2687790,43.02978515625
2688151,38.63525390625
2689306,39.4287109375
2704270,36.80419921875
2704595,40.4052734375
2704870,45.22705078125
2705012,44.3115234375
2705032,37.78076171875
2705069,42.54150390625
2705145,42.54150390625
2705162,40.6494140625
2705182,39.24560546875
2705217,47.30224609375
2706931,37.78076171875
2724171,38.63525390625
2737048,38.818359375
2783430,40.46630859375
2795256,41.68701171875
2795707,39.73388671875
2795758,36.7431640625
2796073,49.8046875
2796316,38.39111328125
2796334,40.83251953125
2796421,61.03515625
2796476,49.13330078125
2796501,47.54638671875
2797260,42.96875
2797709,37.9638671875
2799970,42.96875
2809737,39.6728515625
2868523,38.4521484375
2874940,40.58837890625
2888538,36.92626953125
2914412,39.6728515625
2929549,40.34423828125
2944028,43.88427734375
2944704,39.36767578125
2948837,36.9873046875
2956235,44.73876953125
2956877,38.63525390625
2967623,41.015625
2971681,37.9638671875
2984374,44.37255859375
2988254,39.73388671875
2993628,40.4052734375
3003023,44.86083984375
3008498,37.59765625
3012555,41.50390625
3014578,38.87939453125
3024202,43.02978515625
3035102,39.00146484375
3039758,38.2080078125
3040330,43.88427734375
3046048,38.02490234375
3053814,41.8701171875
3058778,38.87939453125
3062899,39.85595703125
3064973,37.9638671875
3073802,37.109375
3074437,45.47119140625
3083258,41.259765625
3089664,43.27392578125
3092566,39.9169921875
3095803,37.53662109375
3101340,45.47119140625
3102004,38.51318359375
3106075,44.0673828125
3106679,39.36767578125
3110719,46.20361328125
3111315,46.0205078125
3111935,37.109375
3123665,46.44775390625
3124301,46.630859375
3128143,42.96875
3135489,42.90771484375
3136113,37.841796875
3138584,44.5556640625
3146288,36.9873046875
3149680,43.0908203125
3151743,41.9921875
3155347,41.68701171875
3159111,37.17041015625
3165680,38.63525390625
3166343,38.39111328125
3169081,48.52294921875
3172962,37.2314453125
3175760,41.68701171875
3177099,39.85595703125
3179075,41.07666015625
3182907,37.65869140625
3188441,42.6025390625
3195897,39.36767578125
3200349,39.4287109375
3204527,44.86083984375
3205183,47.54638671875
3208616,37.4755859375
3209184,38.26904296875
3213610,40.52734375
3215000,41.015625
3218669,37.78076171875
3222353,39.6728515625
3226662,48.583984375
3227302,38.818359375
3230982,39.794921875
3234222,37.04833984375
3236956,40.4052734375
3237550,39.73388671875
3249047,40.4052734375
3252081,41.8701171875
3252672,43.701171875
3254571,41.68701171875
3255152,40.8935546875
3258996,42.29736328125
3262289,36.7431640625
3264980,36.865234375
3269307,56.5185546875
3271538,43.51806640625
3273502,49.31640625
3274084,39.48974609375
3278462,40.58837890625
3280646,41.015625
3287827,37.841796875
3289890,39.85595703125
3295004,42.29736328125
3295620,38.57421875
3299336,38.0859375
3299945,40.0390625
3303601,42.3583984375
3307392,37.4755859375
3311183,38.330078125
3316293,37.4755859375
3316348,40.10009765625
3317114,36.9873046875
3320228,37.53662109375
3320850,42.78564453125
3325109,40.95458984375
3325742,38.14697265625
3329648,42.724609375
3333925,45.71533203125
3338116,38.87939453125
3340156,39.0625
3344203,38.818359375
3344815,37.17041015625
3349854,44.5556640625
3353725,43.0908203125
3354322,37.2314453125
3354954,41.015625
3357753,37.59765625
3360878,37.17041015625
3362232,37.841796875
3365451,38.330078125
3370753,39.9169921875
3371360,41.8701171875
3376429,38.0859375
3377057,37.17041015625
3379453,39.9169921875
3380083,36.865234375
3381541,42.05322265625
3383909,44.00634765625
3387502,38.2080078125
3388078,48.40087890625
3389892,38.02490234375
3392242,36.92626953125
3395227,37.78076171875
3395902,37.9638671875
3397432,45.10498046875
3404195,40.4052734375
3404853,39.48974609375
3407813,38.2080078125
3408455,40.34423828125
3412557,36.68212890625
3416133,41.9921875
3416777,38.9404296875
3420938,44.61669921875
3421512,41.80908203125
3425210,42.05322265625
3429674,37.90283203125
3433319,43.45703125
3434015,38.57421875
3437973,39.61181640625
3438559,37.353515625
3439157,42.78564453125
3442199,44.921875
3443584,36.68212890625
3445923,41.1376953125
3449087,37.4755859375
3449679,37.41455078125
3450328,40.58837890625
3453572,43.0908203125
3457132,42.6025390625
3457729,49.49951171875
3462137,41.93115234375
3462864,45.83740234375
3466095,39.36767578125
3466883,42.41943359375
3467652,38.818359375
3470274,43.5791015625
3470905,39.97802734375
3473883,39.794921875
3474478,46.69189453125
3480518,50.6591796875
3484732,39.12353515625
3485309,38.330078125
3488196,38.75732421875
3488791,39.48974609375
3490182,42.6025390625
3493388,44.5556640625
3494063,47.54638671875
3498395,38.39111328125
3498983,39.24560546875
3501087,38.26904296875
3501744,37.841796875
3505058,37.841796875
3505633,46.9970703125
3508390,39.306640625
3509157,40.58837890625
3511419,39.1845703125
3511994,38.39111328125
3517510,41.93115234375
3520389,38.39111328125
3524701,44.7998046875
3530247,39.24560546875
3531481,39.306640625
3532123,38.4521484375
3536541,40.6494140625
3537133,40.52734375
3540788,45.95947265625
3541406,40.6494140625
3543445,39.1845703125
3544859,43.27392578125
3547817,41.8701171875
3551673,42.54150390625
3556305,37.4755859375
3557679,40.95458984375
3561117,36.92626953125
3561668,43.5791015625
3566239,49.01123046875
3568349,44.677734375
3571703,38.818359375
3573944,39.85595703125
3575244,44.61669921875
3578596,42.724609375
3579389,39.794921875
3583842,40.58837890625
3584419,44.677734375
3585114,40.34423828125
3587152,36.7431640625
3587816,43.212890625
3591838,37.7197265625
3593174,38.75732421875
3593788,37.04833984375
3598466,41.50390625
3599142,41.015625
3601876,47.18017578125
3605106,39.12353515625
3608010,37.53662109375
3611482,45.83740234375
3612088,41.1376953125
3615754,42.1142578125
3616441,42.90771484375
3620224,37.4755859375
3620860,38.6962890625
3623820,41.6259765625
3624403,50.1708984375
3627921,44.00634765625
3631680,41.50390625
3636046,37.65869140625
3636700,41.3818359375
3642157,39.1845703125
3642877,38.4521484375
3645575,38.9404296875
3646156,45.10498046875
3650355,36.92626953125
3652686,38.2080078125
3653258,37.04833984375
3654523,41.015625
3659761,37.9638671875
3660335,44.189453125
3665811,36.7431640625
3666436,43.64013671875
3669497,42.17529296875
3670080,44.677734375
3672493,43.3349609375
3673100,39.61181640625
3676849,40.95458984375
3677404,42.236328125
3678773,36.80419921875
3681322,45.34912109375
3681913,41.44287109375
3685340,45.10498046875
3689105,38.330078125
3689826,42.1142578125
3692256,38.75732421875
3693026,43.212890625
3693595,39.794921875
3696782,36.80419921875
3697413,39.4287109375
3706444,39.4287109375
3708565,47.91259765625
3709152,39.0625
3711967,40.52734375
3712590,44.49462890625
3715248,42.54150390625
3719040,46.0205078125
3719697,44.189453125
3723685,39.1845703125
3725543,44.189453125
3726126,38.9404296875
3729714,38.6962890625
3732241,37.29248046875
3735608,41.56494140625
3736133,44.49462890625
3737884,36.68212890625
3741053,36.9873046875
3741657,43.5791015625
3745407,37.65869140625
3746959,44.37255859375
3747581,39.0625
3748836,38.2080078125
3751273,38.51318359375
3751853,42.48046875
3754012,36.68212890625
3754584,37.4755859375
3758081,42.48046875
3758650,38.0859375
3760704,40.1611328125
3761319,43.76220703125
3761995,38.63525390625
3765869,41.259765625
3766499,39.85595703125
3768699,39.6728515625
3769306,37.17041015625
3773691,37.17041015625
3774262,37.2314453125
3774907,41.44287109375
3777902,38.39111328125
3778473,37.2314453125
3782356,39.73388671875
3782911,43.0908203125
3783528,38.2080078125
3787480,38.75732421875
3788103,39.85595703125
3790813,39.0625
3792406,37.353515625
3793754,44.7998046875
3794387,40.4052734375
3796822,38.14697265625
3797470,38.39111328125
3799964,38.57421875
3803273,44.12841796875
3803921,41.9921875
3807173,39.55078125
3808238,39.24560546875
3808579,47.119140625
3811845,39.1845703125
3812417,38.4521484375
3814594,42.1142578125
3815118,37.4755859375
3819124,43.02978515625
3819944,43.88427734375
3821234,37.353515625
3822030,44.86083984375
3824238,42.8466796875
3824887,41.3818359375
3826233,37.78076171875
3827584,40.1611328125
3831752,40.46630859375
3832329,39.73388671875
3833924,56.82373046875
3834525,44.677734375
3837931,51.6357421875
3838503,39.4287109375
3841694,37.4755859375
3842349,43.45703125
3846379,38.9404296875
3847013,39.306640625
3849073,47.66845703125
3849638,36.92626953125
3852798,42.724609375
3853392,38.0859375
3854032,48.583984375
3857023,44.189453125
3857727,38.51318359375
3861041,44.61669921875
3863248,39.97802734375
3863677,38.818359375
3863830,38.39111328125
3866863,39.0625
3867529,39.9169921875
3870406,39.61181640625
3870994,41.44287109375
3874732,42.6025390625
3875368,36.9873046875
3875978,37.90283203125
3879036,43.39599609375
3879603,42.96875
3880330,38.75732421875
3881003,36.7431640625
3883350,37.7197265625
3883920,37.90283203125
3887865,37.29248046875
3888461,36.68212890625
3889487,38.6962890625
3891906,38.63525390625
3894609,38.26904296875
3896026,37.2314453125
3896665,36.865234375
3898800,38.0859375
3903825,41.80908203125
3905971,41.8701171875
3906598,43.88427734375
3909213,41.3818359375
3909993,38.330078125
3912137,41.19873046875
3912792,36.9873046875
3915498,41.80908203125
3919043,39.97802734375
3919615,49.49951171875
3921819,36.80419921875
3922436,47.36328125
3924706,43.3349609375
3926845,37.7197265625
3927447,37.53662109375
3930884,42.78564453125
3931484,39.73388671875
3935834,42.05322265625
3938696,42.05322265625
3941090,43.8232421875
3944211,41.56494140625
3944797,39.85595703125
3947848,39.48974609375
3948470,40.4052734375
3950331,39.97802734375
3950979,37.353515625
3953536,39.794921875
3954165,38.26904296875
3956886,43.15185546875
3957501,46.32568359375
3959705,42.6025390625
3960312,40.22216796875
3963510,45.2880859375
3967417,40.71044921875
3968036,41.3818359375
3971752,44.37255859375
3972905,40.10009765625
3975196,38.14697265625
3975921,40.34423828125
3981427,40.771484375
3985143,41.07666015625
3985687,39.61181640625
3988497,45.10498046875
3989087,43.212890625
3991489,36.92626953125
3993056,40.10009765625
3995282,38.02490234375
3996019,43.212890625
3998383,45.166015625
3998967,41.19873046875
4001236,41.32080078125
4001953,41.44287109375
4005273,42.29736328125
4007462,44.43359375
4009752,39.55078125
4010342,44.98291015625
4013215,42.66357421875
4016820,38.26904296875
4017391,41.56494140625
4019699,40.6494140625
4024235,39.24560546875
4024807,37.41455078125
4025383,40.283203125
4028662,38.87939453125
4029268,37.41455078125
4030651,43.27392578125
4032857,38.6962890625
4035594,38.75732421875
4037492,37.59765625
4038109,45.59326171875
4043668,43.27392578125
4046436,40.10009765625
4048354,41.3818359375
4051480,41.32080078125
4052108,45.47119140625
4058803,40.1611328125
4060888,39.4287109375
4061593,39.48974609375
4065552,41.68701171875
4067586,40.6494140625
4068189,42.66357421875
4072537,43.3349609375
4073252,40.95458984375
4075651,41.93115234375
4076371,36.80419921875
4079208,44.189453125
4079842,41.56494140625
4081931,37.109375
4083419,43.64013671875
4087148,38.75732421875
4087860,38.6962890625
4090784,38.2080078125
4091375,46.0205078125
4094374,41.748046875
4094759,37.7197265625
4095011,37.2314453125
4096902,43.27392578125
4097503,46.5087890625
4100029,42.41943359375
4102294,46.0205078125
4102906,47.119140625
4105685,37.65869140625
4106283,39.00146484375
4108328,37.9638671875
4108976,43.02978515625
4111961,40.34423828125
4112602,36.9873046875
4115260,36.7431640625
4118538,40.83251953125
4122711,48.03466796875
4123267,40.22216796875
4123898,44.0673828125
4127417,40.0390625
4128013,50.048828125
4132187,37.841796875
4132732,39.61181640625
4134291,40.95458984375
4138813,40.283203125
4141588,44.0673828125
4145451,38.14697265625
4146030,43.27392578125
4149645,38.0859375
4153692,38.57421875
4155065,41.8701171875
4155721,46.630859375
4157859,39.97802734375
4158501,37.78076171875
4163424,54.01611328125
4163998,39.48974609375
4164531,39.48974609375
4167713,39.24560546875
4168333,44.7998046875
4171046,38.02490234375
4171684,37.90283203125
4175266,43.51806640625
4175862,39.306640625
4179178,36.92626953125
4179806,40.22216796875
4181512,37.90283203125
4184213,37.2314453125
4184765,39.6728515625
4187487,44.73876953125
4189808,39.73388671875
4190501,41.80908203125
4194007,41.259765625
4194611,39.85595703125
4199674,48.2177734375
4200301,38.0859375
4202423,42.41943359375
4203893,38.63525390625
4205092,37.2314453125
4207746,40.0390625
4208410,39.1845703125
4209199,43.45703125
4211112,41.50390625
4216095,39.00146484375
4216747,39.36767578125
4221449,38.51318359375
4222032,40.52734375
4223948,38.818359375
4225272,49.37744140625
4228766,44.12841796875
4230768,39.4287109375
4233565,39.73388671875
4234097,44.43359375
4236325,45.83740234375
4236917,38.57421875
4239029,38.02490234375
4239720,38.818359375
4240386,45.34912109375
4242951,37.4755859375
4243587,39.9169921875
4247023,45.47119140625
4247673,49.6826171875
4252231,39.0625
4252819,43.27392578125
4256155,38.14697265625
4256739,38.51318359375
4257377,44.5556640625
4263276,39.306640625
4268161,39.85595703125
4270198,40.771484375
4270879,46.56982421875
4272870,39.48974609375
4273453,40.58837890625
4278007,39.36767578125
4278637,39.9169921875
4281847,39.48974609375
4282459,42.29736328125
4284664,38.9404296875
4288233,37.29248046875
4288824,42.96875
4291552,36.7431640625
4294926,46.0205078125
4295528,38.818359375
4296191,44.0673828125
4299428,44.677734375
4300021,44.3115234375
4302861,38.87939453125
4303469,41.32080078125
4306926,38.87939453125
4307485,44.61669921875
4309830,41.50390625
4310393,43.8232421875
4313805,44.00634765625
4314394,39.85595703125
4316616,39.12353515625
4318900,39.306640625
4319431,41.015625
4321271,41.6259765625
4322707,38.2080078125
4323373,42.66357421875
4325831,41.015625
4326525,44.25048828125
4327089,37.109375
4330031,42.1142578125
4330651,37.9638671875
4334609,42.1142578125
4339088,37.841796875
4341631,45.83740234375
4342220,40.46630859375
4344305,36.92626953125
4346779,37.4755859375
4347345,41.9921875
4349047,38.9404296875
4353240,37.59765625
4353816,39.1845703125
4354473,41.07666015625
4358591,40.46630859375
4359245,39.6728515625
4361446,41.259765625
4362114,37.4755859375
4367597,39.61181640625
4368162,41.259765625
4370563,36.68212890625
4371158,40.71044921875
4375780,43.88427734375
4376383,45.166015625
4376967,38.39111328125
4377633,40.0390625
4382689,36.92626953125
4383341,38.2080078125
4386085,42.6025390625
4388486,40.71044921875
4389136,37.65869140625
4392202,37.841796875
4392795,42.41943359375
4397504,42.1142578125
4398105,40.83251953125
4398678,38.14697265625
4402799,37.59765625
4403414,40.1611328125
4405306,42.66357421875
4406947,38.39111328125
4407555,46.9970703125
4410256,37.41455078125
4410809,43.15185546875
4413985,37.41455078125
4414604,38.0859375
4415233,37.7197265625
4420609,37.2314453125
4421291,40.46630859375
4422800,46.7529296875
4424892,41.93115234375
4425552,42.66357421875
4428120,40.34423828125
4429338,44.49462890625
4429990,37.7197265625
4430638,36.865234375
4434341,39.794921875
4435023,42.1142578125
4435770,36.92626953125
4436422,40.10009765625
4441174,43.39599609375
4441865,42.90771484375
4442536,37.53662109375
4445234,37.841796875
4445801,41.748046875
4448246,40.71044921875
4448823,44.677734375
4451431,39.306640625
4452044,44.00634765625
4454929,43.5791015625
4455562,47.4853515625
4458673,44.37255859375
4459298,37.53662109375
4462398,41.07666015625
4462951,45.5322265625
4465115,42.17529296875
4465730,37.353515625
4467352,40.8935546875
4470214,41.015625
4470798,41.93115234375
4472808,38.87939453125
4475751,45.71533203125
4479385,38.02490234375
4481441,41.748046875
4481571,37.53662109375
4481993,41.50390625
4484762,47.4853515625
4485405,40.34423828125
4486126,39.4287109375
4488089,37.04833984375
4490468,43.76220703125
4491090,43.27392578125
4493423,37.04833984375
4493734,42.90771484375
4494365,37.4755859375
4497027,38.51318359375
4497614,38.63525390625
4500084,36.7431640625
4500668,39.1845703125
4502087,37.17041015625
4505791,40.6494140625
4510220,37.353515625
4512238,44.0673828125
4512825,42.3583984375
4517059,40.71044921875
4517639,45.22705078125
4520237,40.10009765625
4520845,38.14697265625
4523640,40.52734375
4524254,40.22216796875
4527367,38.14697265625
4530289,43.02978515625
4530852,39.1845703125
4534502,38.87939453125
4537760,38.57421875
4538370,41.748046875
4539107,37.29248046875
4540972,37.29248046875
4541541,45.41015625
4544922,36.9873046875
4545511,42.78564453125
4550082,41.50390625
4550684,38.2080078125
4552523,38.26904296875
4557351,41.56494140625
4557925,41.44287109375
4559435,44.00634765625
4559932,38.2080078125
4559970,39.1845703125
4562189,40.58837890625
4562818,38.02490234375
4564037,37.04833984375
4564059,40.10009765625
4564216,45.34912109375
4564242,41.015625
4564341,37.04833984375
4564388,38.14697265625
4564424,39.61181640625
4565395,43.5791015625
4565524,41.80908203125
4565906,45.41015625
4566513,37.4755859375
4567616,43.15185546875
4567687,37.65869140625
4568151,36.80419921875
4568533,36.9873046875
4569501,38.87939453125
4571858,38.57421875
4579939,46.2646484375
4580749,36.92626953125
4581465,38.9404296875
4583643,43.88427734375
4585574,44.73876953125
4586402,36.68212890625
4586703,46.142578125
4586864,37.2314453125
4586927,38.51318359375
4587191,36.9873046875
4587313,46.0205078125
4587374,40.771484375
4587524,39.36767578125
4588361,36.68212890625
4589221,38.02490234375
4589239,40.6494140625
4590157,36.68212890625
4592315,39.4287109375
4599272,37.9638671875
4604063,38.330078125
4613948,41.07666015625
4614390,40.52734375
4614478,43.39599609375
4614802,52.6123046875
4615038,37.353515625
4615124,39.9169921875
4615302,39.24560546875
4615359,38.14697265625
4615430,45.95947265625
4615558,38.75732421875
4615778,40.0390625
4615833,37.41455078125
4615877,36.68212890625
4616009,39.36767578125
4616117,37.90283203125
4616177,50.1708984375
4616218,36.865234375
4616541,37.04833984375
4617961,40.58837890625
4618225,37.17041015625
4618251,40.1611328125
4643630,42.78564453125
4645127,38.87939453125
4645537,42.236328125
4645930,38.6962890625
4653451,41.80908203125
4653865,47.2412109375
4654245,41.32080078125
4659883,48.52294921875
4660203,45.10498046875
4660549,36.9873046875
4666453,40.95458984375
4666654,52.30712890625
4666899,39.85595703125
4666942,41.19873046875
4667119,41.3818359375
4667159,40.34423828125
4667370,48.40087890625
4667393,46.875
4667407,50.1708984375
4667477,46.9970703125
4669917,37.2314453125
4670110,38.87939453125
4670336,41.015625
4701316,36.80419921875
4708514,37.353515625
4713043,38.0859375
4716897,41.8701171875
4722492,40.1611328125
4722630,37.04833984375
4722863,40.0390625
4727170,38.02490234375
4730551,42.29736328125
4733851,39.24560546875
4734051,40.10009765625
4738540,44.3115234375
4738908,38.6962890625
4741921,38.6962890625
4745212,43.8232421875
4749595,43.45703125
4749912,37.04833984375
4754819,56.09130859375
4755111,39.00146484375
4755495,45.59326171875
4755718,37.04833984375
4758644,43.3349609375
4762564,38.51318359375
4766571,40.8935546875
4766997,41.19873046875
4771132,47.05810546875
4771462,47.9736328125
4771848,43.15185546875
4775957,46.32568359375
4776303,39.36767578125
4782033,42.66357421875
4788317,39.55078125
4788633,47.4853515625
4793438,53.52783203125
4793778,48.88916015625
4793916,38.4521484375
4794105,41.93115234375
4800247,37.17041015625
4800525,41.07666015625
4800817,49.4384765625
4801087,45.34912109375
4801406,48.583984375
4801585,38.63525390625
4801597,37.353515625
4801676,48.76708984375
4803201,38.6962890625
4803373,51.45263671875
4803537,37.7197265625
4804037,37.53662109375
4822143,41.68701171875
4845686,37.90283203125
4859850,46.2646484375
4860259,42.05322265625
4865754,46.0205078125
4872198,45.34912109375
4872590,40.34423828125
4879363,39.24560546875
4879723,42.6025390625
4880022,51.20849609375
4880799,45.95947265625
4880833,49.01123046875
4880995,48.4619140625
4881085,45.34912109375
4881571,39.794921875
4882418,37.59765625
4882795,38.4521484375
4882948,36.865234375
4883761,39.1845703125
4884525,39.24560546875
4930617,39.306640625
4933156,43.45703125
4933177,46.20361328125
4938470,39.4287109375
4945161,37.78076171875
4945609,47.2412109375
4950789,37.04833984375
4951163,39.0625
4955702,38.02490234375
4957794,36.80419921875
4958218,42.8466796875
4965148,39.36767578125
4965478,39.61181640625
4965883,37.2314453125
4975112,39.1845703125
4975426,38.4521484375
4975790,38.330078125
4975813,38.39111328125
4975838,38.87939453125
4975955,40.4052734375
4976042,37.04833984375
4977148,43.76220703125
4978219,38.4521484375
4978753,41.44287109375
4988722,37.04833984375
5002037,39.4287109375
5012440,42.3583984375
5036092,37.4755859375
5037142,42.96875
5045143,42.05322265625
5049605,43.0908203125
5050091,38.57421875
5061149,39.6728515625
5061464,40.771484375
5061624,37.78076171875
5061758,42.05322265625
5061871,44.61669921875
5061957,38.4521484375
5062075,48.40087890625
5063279,40.283203125
5063446,39.794921875
5064384,36.68212890625
5065118,39.6728515625
5065595,37.109375
5075890,40.22216796875
5080426,41.93115234375
5087631,38.39111328125
5126654,38.63525390625
5135344,37.9638671875
5147832,46.875
5169979,36.7431640625
5182762,41.80908203125
5199275,39.6728515625
5206872,37.841796875
5207546,39.73388671875
5212593,40.46630859375
5216096,38.6962890625
5226955,37.65869140625
5233692,40.6494140625
5234376,40.22216796875
5239754,37.7197265625
5241821,46.2646484375
5246014,37.841796875
5250639,39.24560546875
5254785,36.68212890625
5255453,39.48974609375
5261278,43.51806640625
5270326,42.54150390625
5270957,40.58837890625
5276873,41.259765625
5285350,42.78564453125
5285907,41.9921875
5295040,37.7197265625
5295673,43.9453125
5298702,41.93115234375
5302631,40.34423828125
5306477,41.1376953125
5311157,44.0673828125
5315928,38.0859375
5316565,37.7197265625
5321928,37.90283203125
5322488,43.0908203125
5328132,37.109375
5331818,51.1474609375
5335259,43.212890625
5342018,37.29248046875
5349465,38.9404296875
5352817,48.828125
5353503,41.80908203125
5359777,40.771484375
5360406,42.90771484375
5363300,38.87939453125
5363883,38.39111328125
5367874,38.9404296875
5368476,37.841796875
5373036,40.10009765625
5375769,45.2880859375
5379552,41.6259765625
5383583,37.841796875
5388429,37.841796875
5389067,40.771484375
5395293,38.26904296875
5407290,53.3447265625
5407935,40.10009765625
5417171,38.75732421875
5419653,37.841796875
5428839,38.2080078125
5429477,37.29248046875
5433420,42.90771484375
5436743,43.76220703125
5440615,37.90283203125
5445087,36.9873046875
5445641,39.48974609375
5449922,41.8701171875
5454104,49.31640625
5457243,41.748046875
5457874,37.53662109375
5459699,36.865234375
5463639,39.36767578125
5471199,48.4619140625
5481954,42.41943359375
5482533,39.306640625
5487589,37.2314453125
5492459,50.23193359375
5493082,38.6962890625
5496542,41.8701171875
5497159,39.12353515625
5498503,41.9921875
5501937,42.29736328125
5505701,42.6025390625
5507325,39.24560546875
5507996,39.24560546875
5512096,40.1611328125
5516106,37.7197265625
5518434,39.61181640625
5521822,37.109375
5522382,40.10009765625
5524319,40.46630859375
5527535,37.2314453125
5528116,43.39599609375
5531922,36.80419921875
5535102,36.9873046875
5535659,38.14697265625
5539519,39.00146484375
5540085,37.841796875
5542687,40.283203125
5544858,37.841796875
5548752,38.6962890625
5549323,39.1845703125
5556081,37.109375
5558960,37.17041015625
5562938,37.59765625
5563507,37.4755859375
5570279,37.90283203125
5575512,43.39599609375
5576114,37.109375
5581058,39.4287109375
5587070,37.2314453125
5587648,41.015625
5593468,40.283203125
5594093,41.44287109375
5598088,44.37255859375
5600283,38.26904296875
5603257,37.78076171875
5606840,37.353515625
5607962,48.76708984375
5610264,40.283203125
5616168,40.4052734375
5616706,48.52294921875
5621119,37.4755859375
5621724,45.34912109375
5624535,39.794921875
5625167,37.841796875
5629572,40.0390625
5633892,38.0859375
5635448,42.6025390625
5636150,39.12353515625
5640859,36.9873046875
5641407,38.2080078125
5644767,40.52734375
5645373,47.119140625
5645960,37.353515625
5650382,44.3115234375
5652843,36.80419921875
5653587,43.0908203125
5655841,41.1376953125
5660529,41.50390625
5661059,37.65869140625
5663124,48.2177734375
5668996,39.794921875
5670133,52.06298828125
5673197,38.0859375
5673742,38.63525390625
5677069,37.29248046875
5677685,36.865234375
5683469,40.0390625
5684159,38.75732421875
5687072,44.43359375
5690359,37.4755859375
5693967,41.015625
5696872,38.51318359375
5699593,38.818359375
5700152,42.48046875
5700785,38.4521484375
5703974,38.2080078125
5706110,40.6494140625
5710805,39.1845703125
5714334,39.24560546875
5716222,38.02490234375
5716886,39.48974609375
5719618,40.58837890625
5720208,38.51318359375
5724237,38.4521484375
5724817,43.76220703125
5726394,41.93115234375
5726995,38.14697265625
5731490,42.48046875
5732079,47.7294921875
5734753,40.95458984375
5736701,37.41455078125
5737275,42.05322265625
5739404,38.57421875
5739971,39.36767578125
5744318,37.109375
5744972,41.9921875
5745647,42.17529296875
5747822,41.1376953125
5748595,39.73388671875
5753179,38.39111328125
5753784,39.73388671875
5754524,43.39599609375
5758103,39.36767578125
5761979,39.36767578125
5764592,36.9873046875
5765181,40.10009765625
5768827,45.8984375
5771022,40.52734375
5771563,42.724609375
5775015,40.95458984375
5775587,39.0625
5779887,39.36767578125
5783431,45.166015625
5784116,37.7197265625
5787549,36.9873046875
5788163,43.3349609375
5792428,39.12353515625
5793012,40.771484375
5797070,39.0625
5797716,43.76220703125
5801262,49.6826171875
5801858,37.353515625
5805499,41.68701171875
5806057,37.7197265625
5808611,39.4287109375
5810467,38.4521484375
5811072,40.283203125
5817504,40.4052734375
5820181,39.97802734375
5820870,39.1845703125
5821616,43.0908203125
5823753,36.92626953125
5824360,41.44287109375
5825531,37.59765625
5826730,37.90283203125
5830684,43.0908203125
5834645,37.7197265625
5835221,39.6728515625
5836479,46.32568359375
5839048,38.02490234375
5839696,40.8935546875
5843878,38.57421875
5849673,44.25048828125
5854996,44.12841796875
5855585,37.109375
5858280,39.6728515625
5859544,42.90771484375
5861715,38.57421875
5862945,37.4755859375
5864431,39.55078125
5868112,37.65869140625
5872749,42.54150390625
5873393,38.39111328125
5876993,39.306640625
5880775,38.51318359375
5881392,41.50390625
5882006,43.212890625
5887188,50.537109375
5887816,37.841796875
5893141,40.8935546875
5893866,38.818359375
5896929,38.0859375
5897629,43.5791015625
5901113,42.78564453125
5901668,46.2646484375
5902377,41.19873046875
5907174,37.841796875
5908782,40.0390625
5909302,38.39111328125
5909881,40.8935546875
5912811,40.1611328125
5913448,49.072265625
5916453,40.8935546875
5919251,37.59765625
5921384,42.1142578125
5926567,41.9921875
5927224,39.12353515625
5930757,42.05322265625
5931371,38.330078125
5934154,38.02490234375
5934885,42.236328125
5937668,38.0859375
5938243,37.17041015625
5941444,41.8701171875
5942164,44.189453125
5947922,37.109375
5951410,42.66357421875
5951984,38.9404296875
5955679,42.96875
5956366,37.65869140625
5959141,40.10009765625
5959728,40.83251953125
5961169,41.9921875
5964172,41.8701171875
5964737,44.7998046875
5969133,40.1611328125
5969764,47.05810546875
5974949,40.8935546875
5975512,39.1845703125
5979533,38.14697265625
5980138,39.55078125
5980728,37.353515625
5987196,40.4052734375
5989672,43.51806640625
5992262,38.02490234375
5996444,39.24560546875
5997001,37.04833984375
5999713,41.015625
6000236,37.04833984375
6003890,38.75732421875
6004463,37.29248046875
6008075,40.22216796875
6008640,37.41455078125
6011227,49.25537109375
6011876,46.2646484375
6012497,37.109375
6014337,44.677734375
6016561,44.61669921875
6018851,42.1142578125
6019509,38.26904296875
6023011,38.75732421875
6024207,40.52734375
6027586,46.142578125
6028175,40.0390625
6031626,44.25048828125
6032348,38.0859375
6035403,36.865234375
6035961,40.8935546875
6038828,39.73388671875
6043019,37.17041015625
6043600,37.04833984375
6045848,39.48974609375
6046410,39.36767578125
6048880,41.07666015625
6049413,38.87939453125
6050054,37.78076171875
6055215,41.748046875
6055771,39.1845703125
6056396,51.1474609375
6059561,47.18017578125
6064643,39.73388671875
6065270,38.87939453125
6068228,37.109375
6071202,37.109375
6071731,41.748046875
6074997,39.794921875
6075593,41.68701171875
6077629,48.095703125
6078260,36.80419921875
6080910,36.80419921875
6081446,37.59765625
6085204,39.4287109375
6085807,43.45703125
6090464,39.4287109375
6091129,36.68212890625
6091799,47.2412109375
6095164,50.29296875
6095735,44.12841796875
6097722,51.513671875
6098293,38.0859375
6100937,37.41455078125
6104774,37.109375
6105397,45.10498046875
6109261,41.3818359375
6109816,39.794921875
6113169,37.2314453125
6114519,38.51318359375
6115106,44.25048828125
6115826,37.65869140625
6117967,40.8935546875
6118594,39.794921875
6122301,48.828125
6122919,44.00634765625
6124215,37.53662109375
6126941,44.5556640625
6129333,44.43359375
6131470,37.53662109375
6132029,37.9638671875
6135220,37.9638671875
6138076,39.97802734375
6138758,40.4052734375
6141405,37.841796875
6143119,40.83251953125
6146867,42.8466796875
6151750,37.29248046875
6154388,38.57421875
6156986,36.7431640625
6157611,37.841796875
6160018,45.654296875
6163297,38.9404296875
6163873,38.87939453125
6164435,36.92626953125
6167534,37.65869140625
6168132,42.41943359375
6168781,43.5791015625
6170644,39.73388671875
6173507,38.87939453125
6176704,40.771484375
6179280,37.17041015625
6179881,37.9638671875
6182844,39.306640625
6183406,39.1845703125
6184070,37.353515625
6185555,53.1005859375
6189888,39.00146484375
6190616,41.3818359375
6194732,38.9404296875
6196754,41.6259765625
6197348,51.57470703125
6203474,41.8701171875
6204032,40.4052734375
6206530,41.50390625
6207089,40.83251953125
6209522,42.78564453125
6213062,44.189453125
6213642,39.85595703125
6214236,37.04833984375
6216486,39.4287109375
6217703,39.6728515625
6218293,37.109375
6222208,39.9169921875
6222743,45.0439453125
6227398,37.841796875
6228015,38.0859375
6234668,45.47119140625
6235213,41.50390625
6237134,38.14697265625
6238978,38.39111328125
6243659,40.52734375
6244245,43.76220703125
6245611,37.2314453125
6246348,38.4521484375
6248774,37.2314453125
6249401,41.50390625
6249987,41.32080078125
6252201,38.87939453125
6252907,39.4287109375
6256058,38.57421875
6256450,36.7431640625
6259083,36.92626953125
6259665,42.236328125
6261511,39.9169921875
6264481,42.236328125
6267437,48.76708984375
6268035,40.10009765625
6269830,36.92626953125
6270507,38.14697265625
6272850,42.48046875
6274951,40.283203125
6277628,48.095703125
6278278,39.73388671875
6280915,39.24560546875
6281529,43.3349609375
6283150,41.32080078125
6283737,40.283203125
6288463,42.48046875
6289010,49.25537109375
6293123,37.841796875
6293720,37.65869140625
6296664,37.29248046875
6297882,39.1845703125
6298501,40.46630859375
6300459,40.83251953125
6301116,45.59326171875
6302940,40.6494140625
6305894,40.83251953125
6306453,39.12353515625
6308382,37.9638671875
6309012,38.57421875
6310466,39.12353515625
6311160,38.02490234375
6315263,44.12841796875
6315798,38.14697265625
6319228,44.0673828125
6319916,42.29736328125
6320503,38.57421875
6325287,36.80419921875
6327424,38.75732421875
6330044,39.306640625
6330567,39.61181640625
6332732,41.50390625
6333386,43.3349609375
6336151,39.306640625
6336690,37.7197265625
6339345,37.17041015625
6341369,38.57421875
6341962,38.2080078125
6343956,37.841796875
6346791,37.17041015625
6347331,42.05322265625
6351359,43.701171875
6351977,39.306640625
6355251,42.96875
6355875,38.39111328125
6359049,36.92626953125
6359676,37.9638671875
6361551,44.12841796875
6364904,40.1611328125
6367805,39.73388671875
6371114,40.4052734375
6371687,37.17041015625
6374255,37.841796875
6376870,40.10009765625
6377523,41.50390625
6381201,41.68701171875
6381749,36.80419921875
6385661,39.0625
6386242,37.90283203125
6387739,39.48974609375
6390251,43.27392578125
6390847,37.53662109375
6395210,48.52294921875
6395776,39.48974609375
6398804,39.12353515625
6399373,41.015625
6401757,42.41943359375
6403272,44.49462890625
6403830,38.818359375
6408317,45.166015625
6408884,47.79052734375
6409483,40.95458984375
6413675,41.748046875
6414233,44.189453125
6419380,41.259765625
6421877,37.41455078125
6423256,37.78076171875
6426001,42.1142578125
6430170,42.236328125
6430727,37.4755859375
6431395,39.0625
6433668,39.12353515625
6435252,38.63525390625
6435934,37.53662109375
6436550,40.0390625
6438705,38.51318359375
6441244,37.841796875
6441842,36.80419921875
6446352,43.02978515625
6448589,40.1611328125
6449179,37.65869140625
6451874,38.818359375
6452517,38.818359375
6454675,54.19921875
6455359,41.6259765625
6457825,40.46630859375
6458384,38.39111328125
6461095,40.283203125
6461658,39.306640625
6463943,37.29248046875
6464510,42.8466796875
6465997,39.4287109375
6468483,39.36767578125
6469045,37.59765625
6471810,39.12353515625
6476284,43.02978515625
6478796,38.02490234375
6479442,44.921875
6486871,44.86083984375
6487440,40.22216796875
6489626,38.4521484375
6490231,36.68212890625
6492943,39.1845703125
6493503,44.43359375
6497245,42.29736328125
6498589,40.0390625
6500621,44.86083984375
6505086,40.6494140625
6505689,44.37255859375
6508197,39.00146484375
6512569,38.14697265625
6512796,37.65869140625
6514207,37.841796875
6517537,43.39599609375
6518088,42.1142578125
6521786,38.39111328125
6522342,44.86083984375
6524749,44.0673828125
6525362,36.68212890625
6527412,44.49462890625
6531697,39.306640625
6532320,38.87939453125
6532971,39.48974609375
6535810,38.63525390625
6538388,41.93115234375
6541410,42.236328125
6545235,42.8466796875
6548080,38.9404296875
6548638,41.6259765625
6550000,43.02978515625
6551466,41.07666015625
6553663,40.6494140625
6554256,46.0205078125
6556843,37.78076171875
6559669,37.65869140625
6560298,38.330078125
6563449,43.212890625
6564067,40.71044921875
6567770,37.841796875
6569991,42.6025390625
6570596,38.9404296875
6573444,41.32080078125
6574032,36.865234375
6576706,45.0439453125
6577285,42.96875
6579994,41.1376953125
6583519,41.32080078125
6586073,39.306640625
6586691,37.65869140625
6590508,40.58837890625
6591086,37.78076171875
6593313,38.9404296875
6595254,39.9169921875
6595860,41.68701171875
6600084,42.05322265625
6600671,38.14697265625
6601137,37.2314453125
6601324,41.50390625
6601379,49.62158203125
6601432,46.08154296875
6601459,44.5556640625
6601472,49.74365234375
6601537,36.7431640625
6601707,38.87939453125
6602513,41.50390625
6602737,38.0859375
6602937,38.02490234375
6603061,41.748046875
6603258,36.80419921875
6603785,37.29248046875
6604085,37.9638671875
6604908,38.51318359375
6605453,37.41455078125
6605829,40.4052734375
6606463,37.29248046875
6607441,38.330078125
6619099,37.41455078125
6621116,39.48974609375
6622712,44.3115234375
6625148,36.80419921875
6625589,38.63525390625
6625914,42.78564453125
6625987,36.7431640625
6626124,40.34423828125
6626155,46.56982421875
6626277,37.109375
6626405,51.7578125
6626419,39.306640625
6626430,39.55078125
6626469,37.65869140625
6626495,37.04833984375
6626556,48.4619140625
6626654,36.80419921875
6626921,39.306640625
6627542,36.865234375
6627628,38.9404296875
6627775,54.38232421875
6628083,37.353515625
6628239,36.865234375
6628902,43.15185546875
6629081,38.330078125
6629479,36.865234375
6648467,40.58837890625
6651110,43.51806640625
6651639,52.8564453125
6651989,40.52734375
6652044,37.65869140625
6652082,46.56982421875
6652396,38.51318359375
6652665,37.109375
6660989,40.58837890625
6661345,47.18017578125
6661613,38.0859375
6662060,42.724609375
6662175,37.2314453125
6662212,37.41455078125
6662289,36.9873046875
6663778,39.55078125
6664052,37.17041015625
6664209,39.00146484375
6679037,37.59765625
6685753,40.10009765625
6690090,38.51318359375
6692955,42.236328125
6693283,46.2646484375
6693636,41.68701171875
6700817,39.00146484375
6701163,49.98779296875
6701471,39.97802734375
6701846,40.6494140625
6707479,46.81396484375
6707526,36.92626953125
6707832,41.50390625
6708243,37.9638671875
6713496,37.353515625
6713618,37.4755859375
6714188,44.12841796875
6719941,48.88916015625
6720432,39.73388671875
6720578,45.47119140625
6720633,38.57421875
6720666,52.978515625
6720800,36.9873046875
6753656,41.07666015625
6761208,42.41943359375
6764687,45.5322265625
6766031,44.73876953125
6772844,41.44287109375
6772927,42.05322265625
6773213,41.44287109375
6773625,46.69189453125
6779015,43.51806640625
6787242,42.17529296875
6787557,38.51318359375
6787593,39.36767578125
6788197,42.724609375
6788211,41.259765625
6789135,37.17041015625
6789571,37.353515625
6789842,47.7294921875
6790536,38.0859375
6793672,38.39111328125
6834936,36.865234375
6847458,40.8935546875
6847998,37.2314453125
6853413,44.73876953125
6853903,38.75732421875
6858530,43.02978515625
6862597,43.8232421875
6868001,49.072265625
6868337,44.73876953125
6868686,46.875
6872985,39.24560546875
6877469,37.41455078125
6877812,41.9921875
6882629,42.54150390625
6882952,41.1376953125
6889415,42.236328125
6889722,38.9404296875
6897027,42.29736328125
6897164,39.36767578125
6898520,38.0859375
6898577,37.17041015625
6899067,40.22216796875
6899467,39.306640625
6900442,38.75732421875
6918641,40.58837890625
6920536,40.52734375
6941954,40.0390625
6955592,44.3115234375
6964026,39.00146484375
6964467,44.921875
6971703,41.259765625
6972042,39.97802734375
6972451,39.4287109375
6978792,42.6025390625
6985107,38.330078125
6985452,36.7431640625
6985522,39.73388671875
6985808,37.29248046875
6993470,45.95947265625
6993818,40.46630859375
6994293,38.0859375
7002972,42.05322265625
7003213,54.50439453125
7003375,38.63525390625
7003429,37.841796875
7003489,44.0673828125
7004528,40.10009765625
7004944,38.02490234375
7005972,37.4755859375
7006895,37.17041015625
7007163,40.6494140625
7020806,40.58837890625
7024197,39.9169921875
7038556,45.0439453125
7062179,40.6494140625
7071715,38.9404296875
7072178,37.841796875
7088081,37.78076171875
7088444,46.9970703125
7102071,42.3583984375
7102382,43.02978515625
7102619,40.71044921875
7102714,36.92626953125
7103014,37.841796875
7103031,45.95947265625
7103070,38.14697265625
7103265,38.26904296875
7103277,39.6728515625
7103329,38.4521484375
7104806,43.212890625
7104954,38.26904296875
7105845,41.259765625
7126831,37.90283203125
7130875,39.9169921875
7134626,41.015625
7155403,41.748046875
7178676,42.66357421875
7209207,36.9873046875
7223143,37.41455078125
7231912,37.353515625
7252134,41.93115234375
7252746,47.54638671875
7260800,37.2314453125
7267292,40.52734375
7277349,37.29248046875
7278089,39.306640625
7288265,40.22216796875
7299090,46.56982421875
7299655,38.0859375
7309064,40.52734375
7309747,38.51318359375
7313192,37.7197265625
7313853,38.39111328125
7320699,47.607421875
7321429,38.26904296875
7324917,40.22216796875
7331659,42.78564453125
7336257,37.53662109375
7357429,48.76708984375
7360311,40.8935546875
7361783,36.9873046875
7365694,40.46630859375
7373234,37.841796875
7375602,37.2314453125
7377661,40.1611328125
7381975,37.41455078125
7392295,41.015625
7395425,37.17041015625
7396047,39.00146484375
7400530,44.5556640625
7404630,41.68701171875
7408130,39.4287109375
7408744,37.17041015625
7414278,42.48046875
7415640,46.142578125
7421545,39.73388671875
7422077,39.97802734375
7424764,39.55078125
7431067,37.109375
7433724,38.87939453125
7440439,36.92626953125
7446816,37.17041015625
7452446,44.25048828125
7453036,43.02978515625
7456855,45.0439453125
7462635,41.6259765625
7463187,44.0673828125
7463789,41.32080078125
7468010,43.02978515625
7468581,39.12353515625
7474271,39.24560546875
7478397,37.109375
7478973,40.22216796875
7482348,38.63525390625
7489012,39.36767578125
7492504,41.9921875
7493091,40.283203125
7497389,41.07666015625
7499577,44.37255859375
7505465,37.17041015625
7508994,40.771484375
7512377,42.724609375
7517359,40.34423828125
7517973,37.90283203125
7520927,45.22705078125
7526132,41.748046875
7526680,37.04833984375
7529564,49.01123046875
7530192,37.29248046875
7535722,41.32080078125
7537944,40.771484375
7539407,39.306640625
7543929,36.68212890625
7547347,39.306640625
7552866,41.9921875
7553445,44.00634765625
7560778,37.17041015625
7563305,39.36767578125
7567200,41.259765625
7567794,42.8466796875
7570659,38.14697265625
7572839,44.61669921875
7578395,37.4755859375
7582216,44.12841796875
7585989,39.794921875
7586539,36.9873046875
7587984,37.41455078125
7590015,37.4755859375
7593596,36.9873046875
7597015,41.1376953125
7597644,40.95458984375
7601519,38.02490234375
7603414,37.4755859375
7604049,39.9169921875
7605710,37.109375
7609105,38.39111328125
7609797,39.0625
7613149,47.05810546875
7617720,41.3818359375
7620679,36.9873046875
7621293,41.44287109375
7623364,38.39111328125
7628915,37.2314453125
7629582,36.80419921875
7634381,36.865234375
7635081,38.02490234375
7638140,43.8232421875
7641057,41.07666015625
7642943,46.630859375
7645993,36.92626953125
7648224,39.00146484375
7651539,39.4287109375
7652087,42.96875
7660659,44.189453125
7661267,40.771484375
7664750,38.0859375
7667495,36.68212890625
7668093,43.88427734375
7672425,39.00146484375
7673007,46.9970703125
7676094,39.85595703125
7676635,47.119140625
7682757,36.80419921875
7690231,39.24560546875
7690796,39.24560546875
7693713,38.51318359375
7693726,39.61181640625
7697621,42.96875
7698173,37.29248046875
7702659,38.0859375
7706076,39.55078125
7706676,43.15185546875
7711194,39.00146484375
7711777,36.80419921875
7716299,37.7197265625
7717700,38.4521484375
7720184,37.53662109375
7724990,38.02490234375
7727127,44.98291015625
7727766,37.29248046875
7730730,38.330078125
7735074,39.0625
7735675,39.4287109375
7738737,37.41455078125
7741121,37.4755859375
7741803,39.6728515625
7746164,37.2314453125
7746792,42.48046875
7751589,37.9638671875
7755118,37.78076171875
7755680,38.14697265625
7757003,37.65869140625
7760123,47.4853515625
7761665,36.80419921875
7766448,37.2314453125
7769998,39.9169921875
7773151,39.9169921875
7773696,39.36767578125
7778471,41.1376953125
7779115,40.771484375
7782032,39.4287109375
7782584,44.73876953125
7788466,39.12353515625
7790825,42.78564453125
7791445,37.53662109375
7794226,37.2314453125
7794830,41.8701171875
