4799001,0
339148,29.84619140625
339161,29.4189453125
339231,22.76611328125
339262,24.90234375
339292,25.69580078125
339319,29.9072265625
339353,23.4375
339388,35.7666015625
339411,25.20751953125
339441,41.8701171875
339466,48.7060546875
339484,28.86962890625
339511,22.64404296875
339524,65.49072265625
339557,24.23095703125
339573,26.611328125
339586,31.3720703125
339614,31.1279296875
339665,35.94970703125
339689,33.26416015625
339734,27.099609375
339747,31.005859375
339804,31.982421875
339816,22.88818359375
339852,30.3955078125
339906,34.0576171875
339975,27.7099609375
340001,27.52685546875
340114,28.86962890625
340247,29.4189453125
340416,29.541015625
340571,24.7802734375
345404,25.634765625
348796,34.60693359375
350378,29.72412109375
350930,27.4658203125
360956,27.4658203125
364243,24.23095703125
368334,36.80419921875
370079,39.48974609375
372324,32.89794921875
374338,34.24072265625
376593,30.3955078125
378019,36.56005859375
380891,37.7197265625
381649,35.09521484375
382701,31.06689453125
383730,33.3251953125
385175,27.52685546875
385950,32.5927734375
387842,29.35791015625
388994,30.45654296875
389608,24.84130859375
392418,29.96826171875
392725,27.83203125
393014,32.40966796875
393393,27.2216796875
393521,33.75244140625
393649,23.13232421875
393737,28.25927734375
393882,34.423828125
393893,23.8037109375
393952,23.01025390625
393983,30.82275390625
394008,23.74267578125
394032,21.3623046875
394074,39.36767578125
394093,21.8505859375
394118,53.8330078125
394138,33.203125
394153,27.9541015625
394172,22.216796875
394203,49.49951171875
394232,25.81787109375
394246,22.39990234375
394264,41.50390625
394276,25.32958984375
394292,27.16064453125
394303,28.62548828125
394342,34.85107421875
394364,24.96337890625
394382,26.91650390625
394414,25.87890625
394460,24.35302734375
394481,26.4892578125
394506,33.8134765625
394552,27.28271484375
394662,21.240234375
394678,25.5126953125
394731,20.6298828125
394846,25.69580078125
395079,29.11376953125
395187,25.69580078125
395320,25.87890625
395432,26.06201171875
395595,32.8369140625
395688,28.1982421875
396103,31.18896484375
396292,27.40478515625
397983,29.052734375
398725,26.611328125
399524,24.10888671875
400015,25.0244140625
403657,27.16064453125
425952,37.78076171875
426266,32.53173828125
428102,29.96826171875
429057,34.72900390625
429697,30.57861328125
431024,38.75732421875
431867,28.4423828125
432296,31.55517578125
432461,35.21728515625
432542,23.92578125
432600,21.240234375
432775,27.83203125
432811,26.9775390625
432958,21.91162109375
432992,32.04345703125
433127,23.8037109375
433159,23.4375
433268,27.77099609375
433281,20.751953125
433339,29.052734375
433414,23.681640625
433424,23.01025390625
433473,22.705078125
433497,22.705078125
433512,20.69091796875
433548,30.45654296875
433574,22.27783203125
433600,45.8984375
433624,24.4140625
433634,20.8740234375
433664,30.45654296875
433679,23.98681640625
433713,30.76171875
433726,25.87890625
433749,22.39990234375
433779,20.751953125
433810,25.7568359375
433840,35.7666015625
433860,23.49853515625
433902,24.2919921875
433946,27.34375
434035,27.9541015625
434097,23.5595703125
434142,22.0947265625
434159,22.94921875
434229,41.50390625
434389,22.705078125
434572,23.92578125
434821,23.86474609375
434936,28.74755859375
435611,25.390625
439587,28.74755859375
443711,21.6064453125
466625,38.6962890625
467411,34.36279296875
469165,40.8935546875
472007,40.0390625
476186,32.77587890625
476296,27.587890625
476570,31.18896484375
477951,35.2783203125
478153,35.82763671875
478609,30.3955078125
480706,34.72900390625
480800,26.18408203125
480932,25.7568359375
480951,26.42822265625
481084,23.3154296875
481207,31.005859375
481304,36.0107421875
481432,32.8369140625
481527,33.8134765625
481599,34.5458984375
481652,29.23583984375
481747,26.67236328125
481765,22.94921875
481807,30.45654296875
481831,26.4892578125
481841,36.865234375
481857,21.484375
481879,37.04833984375
481905,27.52685546875
481919,25.2685546875
481947,29.78515625
481971,28.80859375
481996,28.25927734375
482015,21.728515625
482039,40.58837890625
482054,26.55029296875
482078,29.60205078125
482090,20.6298828125
482147,26.611328125
482213,27.28271484375
482229,20.93505859375
482257,34.1796875
482396,34.97314453125
482431,20.81298828125
482478,21.728515625
482726,25.390625
482823,24.23095703125
483081,29.4189453125
487279,24.84130859375
522908,29.84619140625
525779,36.9873046875
527964,37.04833984375
530202,30.029296875
534333,34.423828125
534514,34.48486328125
534789,33.0810546875
538104,30.70068359375
538276,33.5693359375
538347,20.99609375
538472,22.94921875
538616,30.21240234375
538772,25.87890625
538793,26.18408203125
538908,23.4375
538954,27.4658203125
539098,25.0244140625
539138,25.87890625
539258,25.5126953125
539315,30.33447265625
539391,24.10888671875
539433,22.52197265625
539494,20.8740234375
539538,20.81298828125
539607,23.62060546875
539627,34.3017578125
539670,21.91162109375
539700,28.99169921875
539722,35.888671875
539736,26.06201171875
539761,22.4609375
539790,34.912109375
539815,37.109375
539836,43.02978515625
539853,32.470703125
539907,27.16064453125
539932,31.3720703125
539951,22.3388671875
539979,25.146484375
540019,33.38623046875
540031,21.240234375
540057,22.4609375
540102,28.1982421875
540150,23.3154296875
540213,21.30126953125
540263,21.05712890625
540563,23.01025390625
540819,23.3154296875
581737,33.447265625
584954,34.423828125
585923,33.5693359375
589170,37.29248046875
590577,35.400390625
597345,22.15576171875
604385,35.400390625
611117,33.75244140625
620159,27.587890625
620773,35.58349609375
627428,32.65380859375
1509510,26.2451171875
1925542,32.1044921875
1984415,32.65380859375
2423848,30.2734375
2424088,28.50341796875
3588438,38.2080078125
3588470,32.77587890625
3588487,38.330078125
3588546,23.62060546875
3588579,31.79931640625
3588679,27.9541015625
3588805,29.1748046875
3588851,20.6298828125
3588933,39.306640625
3588996,31.18896484375
3589007,23.25439453125
3589128,21.42333984375
3589202,29.9072265625
3589314,27.16064453125
3589474,28.6865234375
3589510,20.81298828125
