4799001,0
339510,49.13330078125
339564,28.6865234375
339578,41.9921875
339619,36.07177734375
339658,30.029296875
339697,35.94970703125
340453,32.89794921875
394205,60.791015625
394247,31.73828125
394281,32.16552734375
394339,43.45703125
394388,33.14208984375
394428,32.89794921875
394491,29.35791015625
394516,27.7099609375
395578,29.23583984375
395772,29.6630859375
433537,59.50927734375
433584,50.47607421875
433629,34.97314453125
433668,29.6630859375
433770,28.80859375
481815,38.26904296875
481863,45.2880859375
481910,32.65380859375
481921,26.91650390625
481948,29.35791015625
482004,29.296875
482049,39.12353515625
482096,31.18896484375
482182,28.13720703125
483061,27.16064453125
539694,48.2177734375
539741,40.1611328125
539778,37.41455078125
539868,27.03857421875
539914,28.25927734375
539963,27.83203125
540007,26.9775390625
540857,27.52685546875
4410529,51.8798828125
