4799001,0
339147,20.56884765625
339317,22.15576171875
339365,21.54541015625
339398,25.146484375
339428,32.40966796875
339438,20.5078125
339454,30.57861328125
339526,21.66748046875
339575,20.3857421875
340097,20.01953125
360700,23.5595703125
360994,20.8740234375
362602,19.8974609375
367580,20.20263671875
382984,21.54541015625
393839,21.05712890625
394061,28.99169921875
394129,22.15576171875
394196,21.8505859375
394209,28.3203125
394246,24.96337890625
394260,27.52685546875
394275,21.240234375
394300,23.62060546875
394453,21.6064453125
394482,21.8505859375
394571,22.0947265625
394642,20.56884765625
394786,20.44677734375
394942,20.32470703125
395361,21.05712890625
403059,19.8974609375
405536,20.751953125
428143,21.54541015625
429707,20.08056640625
432693,25.87890625
433388,23.62060546875
433489,20.1416015625
433573,21.05712890625
433602,24.23095703125
433636,22.52197265625
433756,21.484375
434160,20.99609375
434225,24.59716796875
434290,21.240234375
464263,19.83642578125
468850,22.0947265625
481780,23.98681640625
481838,22.3388671875
481894,20.1416015625
481921,23.3154296875
481994,19.95849609375
482009,21.484375
482212,23.37646484375
482283,22.4609375
482404,20.263671875
482578,24.35302734375
490243,20.32470703125
492575,22.705078125
539349,20.69091796875
539557,21.54541015625
539691,23.5595703125
539718,24.96337890625
539775,30.45654296875
539810,20.3857421875
539827,24.96337890625
539880,24.2919921875
539910,19.95849609375
540121,20.81298828125
540330,24.90234375
540372,19.95849609375
540617,19.83642578125
548057,20.3857421875
574994,20.44677734375
585574,20.69091796875
587399,20.08056640625
641744,20.81298828125
647599,21.42333984375
1397942,21.484375
2321909,21.484375
3366628,21.8505859375
3588558,22.4609375
3588649,20.08056640625
