7799001,0
12588,97.59521484375
12599,92.8955078125
12639,75.68359375
12661,61.279296875
12679,44.3115234375
12700,70.98388671875
12732,67.56591796875
12759,44.677734375
12789,31.92138671875
12815,41.259765625
12848,27.03857421875
13017,29.11376953125
13034,102.72216796875
13074,28.86962890625
13186,32.1044921875
13256,30.2734375
13399,31.43310546875
13415,55.908203125
13560,73.3642578125
13588,80.01708984375
13610,26.85546875
13799,30.029296875
26877,28.80859375
99563,77.880859375
99584,85.8154296875
99606,82.1533203125
99623,88.9892578125
99650,66.71142578125
99669,37.353515625
99679,54.19921875
99716,37.04833984375
99732,57.06787109375
99756,45.7763671875
99797,40.34423828125
99825,59.75341796875
99893,54.26025390625
99915,33.8134765625
99940,82.275390625
99961,45.59326171875
99994,97.71728515625
100006,46.32568359375
100028,37.841796875
100060,43.51806640625
100073,28.4423828125
100131,28.01513671875
100221,66.95556640625
100283,52.8564453125
100295,72.265625
100310,26.2451171875
100409,63.3544921875
100907,64.208984375
101393,92.10205078125
101442,73.486328125
101455,42.724609375
101485,41.07666015625
101495,27.4658203125
101532,40.283203125
101542,29.296875
101585,35.82763671875
101679,28.74755859375
101699,30.45654296875
101719,32.71484375
101771,27.4658203125
101809,35.2783203125
101826,46.93603515625
101957,37.841796875
101997,33.38623046875
102011,29.052734375
102120,42.1142578125
102146,26.3671875
102168,33.447265625
102185,70.25146484375
102327,35.64453125
102348,28.9306640625
102372,38.818359375
102554,47.66845703125
102612,26.3671875
102714,26.55029296875
102739,30.70068359375
102751,44.98291015625
102788,31.6162109375
102972,27.16064453125
103153,29.72412109375
103184,26.4892578125
103209,26.3671875
103447,32.8369140625
103474,30.09033203125
103497,29.052734375
103679,31.8603515625
103693,37.29248046875
103715,28.9306640625
103913,30.8837890625
104155,26.2451171875
104181,27.52685546875
104358,29.541015625
104369,36.865234375
104401,29.84619140625
104431,33.63037109375
104559,38.87939453125
104571,51.45263671875
104594,29.9072265625
104770,28.076171875
104787,30.09033203125
104818,32.04345703125
104868,31.8603515625
104981,29.78515625
105041,27.77099609375
105051,37.17041015625
105079,30.45654296875
105193,28.6865234375
105239,26.4892578125
105277,26.9775390625
105410,29.60205078125
105457,28.4423828125
105484,26.79443359375
105628,35.15625
105659,31.92138671875
105671,27.9541015625
105704,29.541015625
105879,26.2451171875
106186,40.6494140625
106230,31.67724609375
106461,27.34375
106484,32.28759765625
106494,41.015625
106697,26.30615234375
106731,36.376953125
106750,33.87451171875
106981,33.14208984375
107280,31.31103515625
107337,28.62548828125
107522,27.28271484375
107830,27.7099609375
206271,81.97021484375
206305,86.7919921875
206315,78.9794921875
206332,43.51806640625
206354,57.373046875
206382,44.0673828125
206404,51.81884765625
206429,35.70556640625
206449,41.44287109375
206471,50.47607421875
206498,26.67236328125
206511,34.72900390625
206553,39.4287109375
206585,35.82763671875
206662,42.66357421875
206679,35.5224609375
206705,29.78515625
206758,31.92138671875
206793,42.724609375
206810,33.0810546875
206847,28.13720703125
206971,36.4990234375
206984,54.443359375
207020,77.33154296875
207034,26.85546875
207193,52.001953125
207225,69.9462890625
207245,26.7333984375
207264,34.72900390625
207376,36.62109375
207488,28.076171875
207584,38.87939453125
207607,27.16064453125
207621,27.64892578125
207794,40.10009765625
207810,33.447265625
208036,29.60205078125
208073,27.89306640625
208240,37.78076171875
208279,31.79931640625
208293,30.21240234375
208650,35.09521484375
208935,28.74755859375
208962,39.24560546875
209103,26.30615234375
209142,31.3720703125
209164,37.17041015625
209181,30.029296875
209344,45.34912109375
209380,49.74365234375
209407,33.447265625
209619,31.06689453125
209656,29.296875
209673,27.9541015625
209838,33.5693359375
209907,28.50341796875
209943,29.35791015625
210081,29.1748046875
210119,37.90283203125
210291,26.9775390625
210535,27.34375
210711,35.58349609375
210734,38.39111328125
210752,34.24072265625
210763,33.447265625
210783,32.5927734375
210809,31.06689453125
210957,30.21240234375
211021,29.60205078125
211147,26.9775390625
211195,42.66357421875
211247,30.8837890625
211362,26.4892578125
211393,54.6875
211414,27.099609375
211589,28.25927734375
211631,51.57470703125
211657,42.17529296875
212218,32.71484375
212380,29.541015625
212394,40.10009765625
212696,26.42822265625
212728,30.57861328125
212741,27.587890625
212995,34.1796875
213036,31.79931640625
213280,29.296875
213309,32.2265625
213587,29.35791015625
213606,37.78076171875
213624,39.306640625
313497,27.28271484375
313806,86.9140625
313838,87.890625
313851,85.38818359375
313869,86.181640625
313893,60.1806640625
313903,40.10009765625
313915,31.6162109375
313926,44.98291015625
313959,35.400390625
313974,46.44775390625
314010,32.16552734375
314029,33.203125
314049,40.771484375
314076,37.353515625
314088,36.56005859375
314111,30.517578125
314182,31.18896484375
314195,45.59326171875
314225,33.87451171875
314243,27.099609375
314300,36.19384765625
314314,34.11865234375
314356,29.60205078125
314373,30.70068359375
314455,28.4423828125
314482,37.90283203125
314506,53.89404296875
314587,44.61669921875
314600,28.38134765625
314635,27.77099609375
314724,31.43310546875
314766,45.71533203125
314881,40.771484375
314931,48.4619140625
314955,27.099609375
314966,27.7099609375
315106,35.09521484375
315120,26.611328125
315138,32.5927734375
315304,30.8837890625
315320,45.34912109375
315344,36.62109375
315361,30.33447265625
315532,39.73388671875
315554,41.07666015625
315575,30.21240234375
316064,29.1748046875
316317,27.9541015625
316350,30.76171875
316600,28.076171875
316637,34.60693359375
316845,26.3671875
316870,28.62548828125
316881,29.9072265625
316922,29.60205078125
317325,33.8134765625
317356,26.9775390625
317408,28.564453125
317532,32.28759765625
317557,41.07666015625
317580,41.259765625
317733,27.03857421875
317766,27.2216796875
317784,29.78515625
317957,27.099609375
318001,28.80859375
318026,31.25
318159,33.935546875
318322,30.82275390625
318354,31.6162109375
318384,27.77099609375
318566,30.82275390625
318607,34.66796875
318641,34.0576171875
318786,26.30615234375
318807,30.029296875
318829,33.75244140625
318844,30.45654296875
318873,26.91650390625
319011,31.005859375
319530,27.2216796875
319780,28.4423828125
319813,33.99658203125
319828,39.794921875
320107,30.57861328125
320135,45.59326171875
320145,42.96875
320166,32.16552734375
320418,36.62109375
320430,42.48046875
320446,32.2265625
320491,28.25927734375
320720,28.076171875
320770,36.865234375
321021,34.423828125
321410,37.29248046875
414300,90.2099609375
414330,68.115234375
414355,34.66796875
414380,42.54150390625
414404,71.96044921875
414429,34.97314453125
414461,49.9267578125
414482,33.99658203125
414510,35.21728515625
414523,39.4287109375
414533,43.02978515625
414606,36.68212890625
414620,32.89794921875
414645,54.0771484375
414694,29.296875
414728,32.71484375
414769,59.08203125
414797,35.21728515625
414818,30.517578125
414842,53.64990234375
414859,28.13720703125
414904,35.15625
414934,26.55029296875
414979,35.2783203125
415011,40.0390625
415153,52.30712890625
415168,39.55078125
415187,41.1376953125
415300,35.58349609375
415325,28.4423828125
415352,31.18896484375
415483,30.09033203125
415507,32.04345703125
415521,27.4658203125
415647,34.1796875
415661,31.1279296875
415868,37.41455078125
415900,32.1044921875
416035,30.517578125
416065,32.8369140625
416327,33.5693359375
416553,27.64892578125
417147,31.3720703125
417191,26.55029296875
417334,27.7099609375
417344,45.5322265625
417585,27.83203125
417604,32.65380859375
417837,36.865234375
417856,27.099609375
417998,36.376953125
418047,27.099609375
418063,55.2978515625
418280,28.86962890625
418293,29.60205078125
418318,28.25927734375
418481,36.9873046875
418528,55.60302734375
418539,28.50341796875
418738,34.423828125
418784,34.1796875
419008,36.2548828125
419032,33.935546875
419062,28.4423828125
419207,28.25927734375
419234,37.53662109375
419265,42.41943359375
419278,35.94970703125
419422,29.23583984375
419462,29.1748046875
419483,28.9306640625
419677,29.296875
419706,26.9775390625
419929,26.3671875
419963,29.60205078125
419977,45.22705078125
420022,27.83203125
420187,31.3720703125
420205,26.79443359375
420258,29.84619140625
420286,30.2734375
420442,38.63525390625
420468,27.587890625
420496,30.6396484375
420737,28.6865234375
420753,27.34375
420769,36.31591796875
421056,36.2548828125
421084,31.982421875
421165,28.99169921875
421402,34.3017578125
421429,29.6630859375
421458,35.888671875
421525,28.62548828125
421790,38.57421875
421822,35.5224609375
421844,35.15625
421863,27.03857421875
422116,28.50341796875
422150,31.494140625
502949,26.3671875
502975,95.03173828125
502999,91.61376953125
503012,141.6015625
503049,50.10986328125
503071,47.607421875
503095,55.35888671875
503112,53.16162109375
503125,31.8603515625
503138,37.17041015625
503158,41.3818359375
503174,34.423828125
503189,39.00146484375
503206,27.40478515625
503237,41.748046875
503248,41.1376953125
503261,32.470703125
503282,40.771484375
503296,52.79541015625
503348,32.77587890625
503372,41.6259765625
503408,26.55029296875
503432,29.72412109375
503493,33.14208984375
503616,33.935546875
503779,47.4853515625
588037,74.462890625
588087,77.57568359375
588125,106.01806640625
588153,85.99853515625
588163,57.7392578125
588184,45.59326171875
588195,49.25537109375
588212,39.48974609375
588243,48.828125
588270,42.96875
588291,36.7431640625
588355,37.53662109375
588365,26.42822265625
588436,31.18896484375
588489,33.447265625
588519,65.91796875
588538,54.38232421875
588565,39.73388671875
588588,31.494140625
588615,35.58349609375
588660,30.33447265625
588701,53.77197265625
588725,31.06689453125
588744,49.8046875
588755,38.4521484375
588773,26.79443359375
588783,36.9873046875
588807,29.4189453125
588853,29.541015625
588981,35.94970703125
589009,49.37744140625
589090,35.09521484375
589219,44.12841796875
589248,65.4296875
589280,38.0859375
589302,35.888671875
589335,31.31103515625
589347,28.564453125
589558,36.62109375
589587,50.537109375
589911,49.6826171875
589944,49.74365234375
589981,34.97314453125
590016,41.07666015625
590043,26.79443359375
590272,44.86083984375
590301,28.86962890625
590323,42.236328125
590344,31.25
590371,32.77587890625
590558,43.76220703125
590574,32.28759765625
590594,34.66796875
590629,31.3720703125
590644,28.4423828125
591113,30.76171875
591142,44.3115234375
591161,28.62548828125
591341,28.74755859375
591368,35.64453125
591569,44.3115234375
591592,33.203125
591631,28.01513671875
591660,27.4658203125
591809,40.34423828125
591835,30.2734375
591861,28.38134765625
592008,26.611328125
592036,26.2451171875
592058,37.41455078125
592246,40.22216796875
592269,42.96875
592300,38.39111328125
592312,29.84619140625
592452,28.25927734375
592488,33.63037109375
592514,32.16552734375
592538,31.494140625
592598,28.62548828125
592744,41.56494140625
592779,34.3017578125
592997,28.6865234375
593030,28.38134765625
593053,27.4658203125
593216,27.28271484375
593246,34.85107421875
593265,41.9921875
593286,28.38134765625
593558,36.1328125
593889,27.40478515625
593907,31.67724609375
593933,29.47998046875
594154,29.72412109375
594199,30.45654296875
594458,41.19873046875
594488,31.31103515625
594509,29.23583984375
594560,26.91650390625
594705,30.70068359375
594783,29.296875
594810,26.42822265625
595034,33.935546875
595081,28.74755859375
595106,34.48486328125
595334,28.62548828125
595367,33.935546875
595377,27.52685546875
595622,27.34375
595654,28.3203125
595718,27.099609375
595904,53.40576171875
595934,31.18896484375
595961,28.80859375
595988,28.62548828125
596209,46.38671875
596260,38.4521484375
596480,28.25927734375
596526,29.296875
596541,37.65869140625
596810,31.06689453125
596838,43.64013671875
596849,27.40478515625
597106,36.92626953125
597128,27.9541015625
597156,26.3671875
695640,92.6513671875
695688,117.73681640625
695715,107.177734375
695733,28.3203125
695744,68.84765625
695765,52.91748046875
695790,44.3115234375
695802,38.75732421875
695839,45.47119140625
695855,54.443359375
695877,27.83203125
695906,45.41015625
695936,39.12353515625
695960,38.0859375
696020,27.28271484375
696034,33.69140625
696055,26.55029296875
696091,38.0859375
696107,40.771484375
696205,40.22216796875
696238,30.029296875
696251,48.7060546875
696271,58.28857421875
696295,32.77587890625
696380,27.7099609375
696411,44.921875
696433,32.65380859375
696453,47.9736328125
696502,27.9541015625
696649,29.35791015625
696676,52.3681640625
696686,53.22265625
696711,28.4423828125
696736,30.94482421875
696762,36.4990234375
696950,32.1044921875
696998,43.212890625
697027,30.517578125
697072,33.69140625
697333,39.36767578125
697346,47.30224609375
697377,29.9072265625
697410,33.87451171875
697558,38.63525390625
697639,29.47998046875
697790,31.6162109375
698003,31.55517578125
698042,32.71484375
698073,31.8603515625
698248,34.72900390625
698320,28.38134765625
698489,27.9541015625
698551,30.3955078125
698593,26.2451171875
699027,28.99169921875
699039,31.982421875
699062,29.35791015625
699090,31.25
699214,26.3671875
699250,26.67236328125
699273,32.5927734375
699504,37.4755859375
699537,28.3203125
699696,30.517578125
699720,33.5693359375
699749,31.005859375
699927,43.9453125
699973,43.0908203125
699988,27.52685546875
700156,26.67236328125
700210,30.82275390625
700231,35.82763671875
700394,39.61181640625
700421,30.94482421875
700484,26.9775390625
700635,39.97802734375
700665,27.9541015625
700703,27.2216796875
700902,33.8134765625
700936,29.1748046875
701201,27.40478515625
701309,27.64892578125
701451,33.38623046875
701478,29.47998046875
701494,26.7333984375
701517,48.7060546875
701724,27.4658203125
701776,28.564453125
701806,27.9541015625
701979,26.3671875
701997,36.68212890625
702034,28.3203125
702054,28.25927734375
702216,33.99658203125
702265,28.86962890625
702520,26.3671875
702835,27.34375
703158,51.3916015625
703192,34.72900390625
703472,30.76171875
703490,32.77587890625
703511,33.8134765625
703802,39.6728515625
703837,45.47119140625
703860,28.38134765625
703880,33.50830078125
704154,30.82275390625
704211,37.41455078125
704225,26.67236328125
723405,28.076171875
732950,29.72412109375
733022,79.4677734375
733059,127.3193359375
733084,43.5791015625
733098,53.16162109375
733117,67.19970703125
733142,65.00244140625
733169,58.89892578125
733188,48.27880859375
733200,52.18505859375
733225,39.97802734375
733259,46.81396484375
733273,31.3720703125
733290,29.47998046875
733312,31.18896484375
733329,31.494140625
733346,33.447265625
733374,38.57421875
733385,39.36767578125
733407,30.76171875
733417,50.1708984375
733438,28.13720703125
733469,27.89306640625
733499,63.232421875
733573,50.10986328125
733734,36.865234375
733838,42.96875
734461,30.6396484375
734483,65.73486328125
734541,31.55517578125
734559,32.65380859375
734890,46.875
734923,51.08642578125
734960,29.11376953125
734985,45.95947265625
735004,31.3720703125
735030,34.48486328125
735056,29.35791015625
735362,44.7998046875
735385,66.89453125
735434,29.11376953125
735495,46.630859375
735514,29.1748046875
735527,28.62548828125
735596,35.94970703125
832837,72.57080078125
832886,83.8623046875
832910,30.33447265625
832920,113.76953125
832946,91.97998046875
832970,28.74755859375
832998,52.1240234375
833010,52.91748046875
833048,31.43310546875
833068,32.1044921875
833092,50.048828125
833113,40.46630859375
833138,50.10986328125
833166,47.79052734375
833224,39.55078125
833239,30.517578125
833273,40.52734375
833311,32.40966796875
833325,27.03857421875
833389,35.888671875
833425,62.56103515625
833476,31.18896484375
833527,26.30615234375
833539,55.96923828125
833617,26.611328125
833633,38.330078125
833727,38.330078125
833755,74.3408203125
833779,33.38623046875
834083,50.29296875
834109,72.93701171875
834139,36.0107421875
834161,37.59765625
834184,34.5458984375
834208,37.109375
834231,29.296875
834385,28.50341796875
834546,42.41943359375
834581,41.80908203125
834626,35.15625
834654,60.72998046875
834691,48.7060546875
834703,30.3955078125
834731,37.78076171875
835331,50.6591796875
835361,67.44384765625
835412,42.8466796875
835434,58.41064453125
835466,31.6162109375
835481,31.43310546875
835510,30.517578125
835742,41.9921875
835773,38.14697265625
835787,55.60302734375
835812,40.95458984375
835827,38.57421875
836040,36.68212890625
836080,60.48583984375
836115,41.80908203125
836374,41.80908203125
836407,26.67236328125
836428,38.6962890625
836455,43.76220703125
836466,41.015625
836490,26.67236328125
836640,29.296875
836728,34.48486328125
836990,28.38134765625
837026,28.62548828125
837189,26.42822265625
837211,29.78515625
837247,31.43310546875
837263,45.166015625
837285,37.41455078125
837303,27.40478515625
837526,35.2783203125
837549,27.2216796875
837564,35.58349609375
847259,30.33447265625
847292,37.841796875
847315,95.64208984375
847344,82.275390625
847354,69.15283203125
847384,51.6357421875
847404,83.92333984375
847428,51.94091796875
847438,49.8046875
847453,36.56005859375
847471,55.0537109375
847493,27.34375
847511,32.3486328125
847525,30.70068359375
847552,61.4013671875
847590,52.06298828125
847618,53.955078125
847664,28.01513671875
847695,45.166015625
847762,40.4052734375
847792,28.80859375
847834,29.052734375
847895,38.87939453125
847996,34.97314453125
848101,37.841796875
848367,42.66357421875
848919,37.04833984375
922266,58.349609375
922426,60.1806640625
922588,46.69189453125
926827,55.6640625
926992,49.25537109375
931312,52.490234375
931523,50.96435546875
944388,62.92724609375
944698,52.24609375
945094,50.10986328125
945411,47.79052734375
949558,53.7109375
949820,46.2646484375
951513,51.94091796875
967331,56.15234375
967482,50.1708984375
972988,81.787109375
973016,81.1767578125
973030,62.8662109375
973057,83.984375
973075,59.75341796875
973093,48.76708984375
973120,27.77099609375
973132,33.3251953125
973160,37.04833984375
973173,50.35400390625
973200,30.3955078125
973224,31.55517578125
973240,44.98291015625
973258,27.587890625
973282,41.44287109375
973294,31.3720703125
973330,36.56005859375
973341,34.85107421875
973493,56.70166015625
973630,70.80078125
974267,56.884765625
974297,72.08251953125
986152,26.2451171875
1057001,57.6171875
1057228,51.3916015625
1057463,53.5888671875
1061678,28.99169921875
1061814,77.45361328125
1061834,40.6494140625
1061851,38.4521484375
1061882,42.96875
1061896,29.60205078125
1061923,34.5458984375
1061933,52.06298828125
1061966,41.8701171875
1061980,84.04541015625
1062005,45.166015625
1062017,32.1044921875
1062051,71.83837890625
1062063,54.26025390625
1062085,39.36767578125
1062111,67.7490234375
1062138,54.8095703125
1062151,32.71484375
1062197,49.1943359375
1062221,26.4892578125
1062265,39.794921875
1062291,26.79443359375
1062340,31.79931640625
1062624,31.25
1143549,52.06298828125
1143725,57.2509765625
1144175,50.96435546875
1144400,45.83740234375
1148342,48.4619140625
1148563,51.33056640625
1149015,46.08154296875
1152125,56.396484375
1152334,54.19921875
1157410,54.8095703125
1157631,52.67333984375
1157993,50.10986328125
1244188,60.60791015625
1244386,55.7861328125
1244645,52.734375
1248437,59.2041015625
1248753,51.6357421875
1248938,44.677734375
1253072,61.279296875
1253488,46.69189453125
1506717,64.3310546875
1506863,50.72021484375
1728594,26.7333984375
1728650,66.89453125
1728673,67.93212890625
1728704,69.27490234375
1728743,48.27880859375
1728773,36.1328125
1728788,37.2314453125
1728800,37.9638671875
1728816,34.3017578125
1728837,103.94287109375
1728867,36.56005859375
1728879,73.974609375
1728913,45.0439453125
1728930,35.5224609375
1728948,42.1142578125
1728975,35.0341796875
1728995,43.9453125
1729020,51.08642578125
1729068,26.85546875
1729113,45.95947265625
1729124,26.42822265625
1729276,33.8134765625
1729351,34.48486328125
1739915,54.443359375
1740021,51.57470703125
1740185,53.77197265625
1740286,37.65869140625
1740373,34.85107421875
1740472,28.25927734375
1740579,28.4423828125
1740687,28.50341796875
1740925,30.33447265625
1741195,28.13720703125
1741403,37.841796875
1741628,33.3251953125
1741785,26.9775390625
1741982,34.3017578125
2154473,26.2451171875
3112870,70.73974609375
3604305,152.40478515625
3604346,77.392578125
3604369,81.54296875
3604386,71.044921875
3604414,34.3017578125
3604434,57.92236328125
3604455,47.79052734375
3604474,88.9892578125
3604504,50.78125
3604520,29.6630859375
3604552,47.4853515625
3604572,75.13427734375
3604589,31.494140625
3604622,33.02001953125
3604664,37.2314453125
3604716,31.3720703125
3604740,31.92138671875
3604871,58.4716796875
3870346,106.99462890625
3870359,41.44287109375
3870373,76.416015625
3870399,72.20458984375
3870425,57.373046875
3870445,26.85546875
3870458,49.4384765625
3870502,48.828125
3870523,41.9921875
3870556,57.6171875
3870570,32.65380859375
3870583,26.55029296875
3870661,30.029296875
3870709,35.400390625
3870736,27.40478515625
3870762,26.2451171875
3870806,30.33447265625
3870821,26.42822265625
3870851,28.13720703125
3870866,68.9697265625
3870888,54.443359375
3870906,63.8427734375
3870930,32.04345703125
3870944,62.43896484375
3870984,32.89794921875
3871001,37.41455078125
3871044,40.283203125
3871057,44.86083984375
3871071,30.6396484375
3871100,36.376953125
3871121,55.72509765625
3871134,28.86962890625
3871152,33.935546875
3871192,43.02978515625
3871210,26.30615234375
3871421,35.15625
3881968,26.55029296875
3882335,55.11474609375
3882456,55.48095703125
3882548,37.4755859375
3882611,34.97314453125
3882624,29.35791015625
3882641,82.51953125
3882665,27.9541015625
3882679,46.875
3882701,93.1396484375
3882717,32.04345703125
3882748,50.29296875
3882781,42.41943359375
3882812,39.85595703125
3882823,35.70556640625
3882858,84.3505859375
3882869,46.81396484375
3882934,78.61328125
3882944,33.02001953125
3882969,27.4658203125
3882983,31.43310546875
3883009,30.1513671875
3883029,37.109375
3883107,34.11865234375
3883152,29.541015625
3883190,39.55078125
3883285,30.09033203125
3883360,26.42822265625
3883389,27.099609375
3883502,28.01513671875
3885710,26.611328125
3892292,28.4423828125
3893868,27.89306640625
3894276,28.50341796875
3895732,29.96826171875
3896849,30.82275390625
3897566,26.2451171875
3898902,31.06689453125
3900358,32.1044921875
3902102,27.64892578125
3904658,30.45654296875
3907391,26.91650390625
3949009,27.2216796875
3949036,71.533203125
3949081,96.5576171875
3949112,39.24560546875
3949126,117.919921875
3949158,111.99951171875
3949179,54.99267578125
3949191,51.6357421875
3949216,38.818359375
3949241,34.423828125
3949261,76.0498046875
3949287,67.0166015625
3949299,30.33447265625
3949319,39.73388671875
3949338,44.921875
3949351,26.2451171875
3949363,38.14697265625
3949420,38.75732421875
3949455,32.04345703125
3949494,27.099609375
3949518,37.78076171875
3949632,37.04833984375
3949674,27.40478515625
3949790,26.7333984375
3951292,26.4892578125
3952235,27.34375
3958059,31.6162109375
3958798,27.9541015625
3960730,30.2734375
3961353,28.38134765625
3962650,30.21240234375
3964700,28.076171875
3965224,29.1748046875
3965405,84.28955078125
3965437,111.51123046875
3965453,80.38330078125
3965471,78.79638671875
3965487,50.72021484375
3965498,68.78662109375
3965518,105.77392578125
3965546,46.0205078125
3965573,90.33203125
3965591,68.05419921875
3965607,45.47119140625
3965635,39.6728515625
3965655,36.80419921875
3965668,40.8935546875
3965678,73.486328125
3965711,26.42822265625
3965724,27.4658203125
3965761,35.94970703125
3965776,49.4384765625
3965824,31.25
3965842,30.517578125
3965890,30.1513671875
3965923,28.25927734375
3965966,27.16064453125
3966003,30.6396484375
3966027,26.30615234375
3966137,26.30615234375
3966194,26.7333984375
3966427,27.587890625
3970669,29.541015625
3970975,28.3203125
3971327,26.2451171875
3973623,28.13720703125
3975166,29.47998046875
3977727,31.25
3977822,71.47216796875
3977850,74.70703125
3977868,59.9365234375
3977897,78.125
3977908,65.36865234375
3977925,70.556640625
3977961,52.30712890625
3977990,54.50439453125
3978000,33.02001953125
3978022,90.6982421875
3978045,32.8369140625
3978061,62.6220703125
3978079,58.349609375
3978098,28.38134765625
3978114,34.85107421875
3978131,36.9873046875
3978149,40.283203125
3978162,37.78076171875
3978175,34.36279296875
3978196,28.3203125
3978225,29.60205078125
3978276,27.34375
3978304,38.75732421875
3978315,32.28759765625
3978340,29.4189453125
3978442,32.16552734375
3978477,26.67236328125
3978554,32.28759765625
3978672,28.25927734375
3978746,28.38134765625
3978952,26.4892578125
3979193,27.7099609375
3980302,36.80419921875
3980809,43.88427734375
3981034,31.6162109375
3981224,34.48486328125
3981442,40.771484375
3981568,28.6865234375
3981770,39.306640625
3984570,28.50341796875
3987047,27.34375
3988351,27.2216796875
3988797,28.74755859375
3989077,26.55029296875
3989225,28.564453125
3989244,89.599609375
3989268,90.6982421875
3989288,43.27392578125
3989308,29.1748046875
3989322,69.091796875
3989342,35.58349609375
3989361,68.05419921875
3989383,51.26953125
3989395,46.32568359375
3989426,43.0908203125
3989449,28.076171875
3989463,48.03466796875
3989476,49.74365234375
3989526,60.1806640625
3989546,35.2783203125
3989568,29.052734375
3989580,35.15625
3989603,31.67724609375
3989628,58.349609375
3989649,36.19384765625
3989659,42.78564453125
3989675,28.50341796875
3989690,26.85546875
3989722,56.21337890625
3989733,33.5693359375
3989756,31.982421875
3989802,28.3203125
3989832,26.91650390625
3989867,28.3203125
3989905,26.67236328125
3992310,44.189453125
3992553,38.87939453125
3996927,28.25927734375
3998549,26.4892578125
4000138,27.83203125
4000639,29.052734375
4000698,95.39794921875
4000720,91.00341796875
4000740,55.0537109375
4000760,54.62646484375
4000773,74.64599609375
4000790,28.3203125
4000814,111.51123046875
4000830,47.4853515625
4000852,50.23193359375
4000865,31.982421875
4000886,33.69140625
4000896,82.8857421875
4000926,48.2177734375
4000947,33.87451171875
4000961,70.80078125
4000984,28.50341796875
4000994,33.26416015625
4001010,53.89404296875
4001032,39.6728515625
4001051,32.3486328125
4001075,28.076171875
4001099,26.4892578125
4001115,43.15185546875
4001127,32.958984375
4001141,34.1796875
4001174,31.005859375
4001210,35.21728515625
4001277,28.6865234375
4003127,33.0810546875
4003393,35.0341796875
4003891,36.1328125
4004227,42.78564453125
4004488,35.21728515625
4011440,31.06689453125
4012131,27.2216796875
4012235,83.6181640625
4012268,85.63232421875
4012288,64.14794921875
4012300,55.17578125
4012313,105.46875
4012354,28.6865234375
4012365,94.42138671875
4012387,37.17041015625
4012412,72.57080078125
4012443,31.43310546875
4012463,71.6552734375
4012497,42.236328125
4012513,44.189453125
4012532,46.7529296875
4012545,28.564453125
4012557,43.45703125
4012591,37.29248046875
4012609,32.04345703125
4012637,73.79150390625
4012663,31.43310546875
4012675,51.94091796875
4012700,26.7333984375
4012714,28.99169921875
4012745,63.96484375
4012757,27.03857421875
4012780,27.03857421875
4012811,28.13720703125
4012837,38.87939453125
4012862,52.79541015625
4012877,31.55517578125
4013001,29.541015625
4013161,28.3203125
4015117,35.0341796875
4015386,43.5791015625
4015698,31.55517578125
4018291,26.67236328125
4023408,27.099609375
4023467,83.67919921875
4023489,69.580078125
4023513,57.31201171875
4023530,67.2607421875
4023547,41.6259765625
4023568,44.86083984375
4023585,75.74462890625
4023618,87.70751953125
4023643,48.64501953125
4023655,42.96875
4023680,52.490234375
4023690,29.96826171875
4023723,75.50048828125
4023745,52.490234375
4023781,52.06298828125
4023791,41.015625
4023821,52.1240234375
4023834,27.40478515625
4023859,31.494140625
4023885,38.51318359375
4023905,62.43896484375
4023929,37.9638671875
4023944,32.5927734375
4023962,26.9775390625
4023981,44.189453125
4023998,27.77099609375
4024013,28.86962890625
4024035,26.42822265625
4024070,29.9072265625
4024083,41.6259765625
4024109,36.68212890625
4024158,28.86962890625
4024309,27.16064453125
4024744,27.9541015625
4025430,27.16064453125
4025628,29.541015625
4025843,36.56005859375
4026337,36.7431640625
4031827,26.611328125
4032285,26.2451171875
4036923,28.38134765625
4037263,72.57080078125
4037337,80.56640625
4037349,89.4775390625
4037372,129.638671875
4037402,70.00732421875
4037427,101.5625
4037446,36.07177734375
4037475,51.57470703125
4037506,38.57421875
4037540,60.6689453125
4037565,40.22216796875
4037589,33.63037109375
4037609,37.2314453125
4037631,48.03466796875
4037641,49.072265625
4037698,26.4892578125
4037732,52.67333984375
4037758,42.54150390625
4037787,27.89306640625
4037822,46.630859375
4037839,26.79443359375
4037850,36.9873046875
4037876,51.08642578125
4037893,27.52685546875
4037935,26.4892578125
4038039,28.50341796875
4038187,33.26416015625
4038220,58.53271484375
4038484,28.38134765625
4038636,29.35791015625
4038852,28.3203125
4039101,32.1044921875
4039678,38.330078125
4044481,26.4892578125
4048572,26.85546875
4048693,50.537109375
4048728,74.64599609375
4048760,108.82568359375
4048787,100.09765625
4048807,45.41015625
4048823,30.82275390625
4048842,50.84228515625
4048865,29.72412109375
4048902,39.55078125
4048912,28.13720703125
4048936,35.400390625
4048953,34.423828125
4048980,52.8564453125
4048998,29.052734375
4049011,46.875
4049044,28.6865234375
4049087,27.40478515625
4049135,26.2451171875
4049153,74.8291015625
4049215,29.23583984375
4049229,26.85546875
4049265,45.2880859375
4049297,48.03466796875
4049345,45.654296875
4049380,30.6396484375
4049488,34.3017578125
4049510,28.62548828125
4049532,31.005859375
4049649,33.935546875
4049698,30.82275390625
4049728,29.72412109375
4049785,35.94970703125
4049968,28.13720703125
4050002,39.4287109375
4050120,62.1337890625
4050169,41.259765625
4050192,28.25927734375
4050342,36.19384765625
4050647,45.22705078125
4050677,43.39599609375
4050737,53.28369140625
4050779,36.92626953125
4050790,27.34375
4050876,28.62548828125
4050978,40.34423828125
4051466,58.349609375
4051501,33.935546875
4051534,32.89794921875
4051548,34.0576171875
4051632,45.71533203125
4051889,34.1796875
4051918,29.1748046875
4051928,28.564453125
4052112,42.724609375
4052444,30.8837890625
4052462,36.2548828125
4052475,30.45654296875
4052539,32.53173828125
4057146,28.13720703125
4061312,28.50341796875
4061523,73.05908203125
4061545,67.81005859375
4061567,58.4716796875
4061584,55.5419921875
4061595,45.95947265625
4061627,86.9140625
4061662,48.828125
4061696,52.30712890625
4061710,35.46142578125
4061727,27.77099609375
4061748,52.978515625
4061786,55.2978515625
4061805,28.076171875
4061840,29.78515625
4061870,71.8994140625
4061887,37.353515625
4061912,35.7666015625
4061944,29.11376953125
4061966,33.02001953125
4061990,29.1748046875
4062014,30.09033203125
4062033,36.9873046875
4062125,32.04345703125
4062162,30.33447265625
4062261,28.076171875
4062414,29.47998046875
4062551,33.3251953125
4062671,26.611328125
4062723,28.86962890625
4062794,33.63037109375
4062806,30.8837890625
4062833,50.84228515625
4062854,26.42822265625
4062961,32.53173828125
4063247,32.1044921875
4063305,52.001953125
4063559,37.41455078125
4073032,71.77734375
4073055,74.21875
4073073,56.09130859375
4073092,72.998046875
4073121,47.9736328125
4073140,67.138671875
4073161,36.43798828125
4073180,68.84765625
4073210,42.724609375
4073221,40.6494140625
4073236,29.052734375
4073282,36.1328125
4073301,62.6220703125
4073340,65.61279296875
4073374,28.01513671875
4073395,34.66796875
4073412,29.11376953125
4073464,30.3955078125
4073502,47.119140625
4073549,27.83203125
4073606,43.45703125
4073626,26.9775390625
4073651,27.64892578125
4073789,53.16162109375
4073813,39.4287109375
4073930,28.80859375
4074010,31.43310546875
4074051,27.03857421875
4074085,34.3017578125
4074199,29.60205078125
4074240,27.89306640625
4074287,54.87060546875
4074479,34.423828125
4074529,31.31103515625
4074555,31.25
4074651,32.16552734375
4074698,42.724609375
4075010,26.611328125
4075037,30.517578125
4075360,30.76171875
4075410,34.36279296875
4075439,46.9970703125
4075465,37.65869140625
4075585,42.96875
4075684,26.2451171875
4076231,49.98779296875
4076289,44.189453125
4081176,28.13720703125
4081336,63.29345703125
4081352,60.302734375
4081378,31.79931640625
4081397,94.482421875
4081430,36.31591796875
4081454,45.41015625
4081472,70.61767578125
4081513,68.66455078125
4081538,27.28271484375
4081549,60.11962890625
4081571,32.40966796875
4081626,37.109375
4081657,57.7392578125
4081734,36.0107421875
4081748,27.89306640625
4081785,27.28271484375
4081824,27.16064453125
4081847,27.4658203125
4081861,28.50341796875
4081926,47.66845703125
4082022,26.79443359375
4082049,29.1748046875
4082071,58.89892578125
4082087,42.05322265625
4082254,30.6396484375
4082297,28.076171875
4082336,32.89794921875
4082359,26.4892578125
4082428,28.25927734375
4082494,48.2177734375
4082599,27.7099609375
4082621,38.57421875
4082631,32.958984375
4082658,33.447265625
4082692,38.39111328125
4082752,35.7666015625
4082875,26.3671875
4082899,30.2734375
4082966,30.8837890625
4083008,37.29248046875
4083508,28.3203125
4083553,33.38623046875
4083577,31.18896484375
4083676,40.95458984375
4090612,66.5283203125
4090622,61.1572265625
4090663,112.1826171875
4090696,59.14306640625
4090714,28.99169921875
4090735,53.7109375
4090745,44.49462890625
4090773,27.34375
4090798,50.35400390625
4090816,36.92626953125
4090834,31.1279296875
4090846,27.52685546875
4090904,57.80029296875
4091015,38.14697265625
4091036,33.87451171875
4091051,26.55029296875
4091081,35.33935546875
4091097,34.36279296875
4091121,35.0341796875
4091146,29.541015625
4091167,39.55078125
4091310,31.25
4091326,49.072265625
4091361,28.076171875
4091503,43.45703125
4091535,35.09521484375
4091578,30.2734375
4091694,37.41455078125
4091746,29.6630859375
4091787,33.69140625
4091804,26.611328125
4091848,29.23583984375
4091944,33.50830078125
4092102,33.3251953125
4092143,35.7666015625
4092276,41.8701171875
4092449,28.3203125
4092459,27.7099609375
4100053,28.74755859375
4100112,63.29345703125
4100136,72.20458984375
4100158,60.97412109375
4100180,64.39208984375
4100204,30.517578125
4100225,83.1298828125
4100243,35.46142578125
4100271,38.4521484375
4100303,73.30322265625
4100313,36.31591796875
4100336,32.77587890625
4100400,53.466796875
4100439,30.94482421875
4100483,26.91650390625
4100550,38.4521484375
4100633,45.10498046875
4100646,27.4658203125
4100656,28.38134765625
4100707,37.53662109375
4100839,35.58349609375
4100870,50.59814453125
4101039,39.00146484375
4101075,28.564453125
4101108,29.47998046875
4101119,45.654296875
4101275,30.6396484375
4101348,30.517578125
4101382,30.2734375
4101723,27.77099609375
4101955,34.48486328125
4101986,26.67236328125
4102016,35.0341796875
4102162,43.9453125
4109066,108.154296875
4109116,93.994140625
4109133,59.2041015625
4109154,52.8564453125
4109169,27.7099609375
4109183,67.56591796875
4109208,34.5458984375
4109241,27.89306640625
4109258,74.52392578125
4109287,66.83349609375
4109307,29.6630859375
4109359,41.6259765625
4109447,36.9873046875
4109519,40.283203125
4109547,27.16064453125
4109581,34.423828125
4109689,54.26025390625
4109784,31.982421875
4109803,31.494140625
4109825,33.38623046875
4109899,39.85595703125
4110003,27.89306640625
4110095,48.64501953125
4110227,29.1748046875
4110283,33.203125
4110299,27.34375
4110348,48.583984375
4110469,31.25
4110506,36.2548828125
4110799,26.79443359375
4110815,30.94482421875
4110843,39.4287109375
4111085,34.85107421875
4111147,26.611328125
4111427,27.52685546875
4111437,31.8603515625
4111468,26.91650390625
4111849,37.841796875
4111895,32.2265625
4111926,39.4287109375
4111947,34.36279296875
4117212,52.06298828125
4117230,55.2978515625
4117265,43.39599609375
4117277,57.4951171875
4117302,31.06689453125
4117345,56.57958984375
4117366,29.96826171875
4117395,28.86962890625
4117412,26.91650390625
4117432,59.99755859375
4117475,68.90869140625
4117533,32.89794921875
4117560,48.9501953125
4117653,34.1796875
4117673,40.10009765625
4117691,26.85546875
4117715,35.888671875
4117882,37.04833984375
4117900,29.296875
4117916,50.10986328125
4118168,53.955078125
4118201,31.982421875
4118394,28.62548828125
4118426,26.4892578125
4118457,26.55029296875
4118558,45.34912109375
4118658,28.74755859375
4118717,27.2216796875
4119003,41.259765625
4119024,30.2734375
4124406,63.17138671875
4124431,61.58447265625
4124457,47.9736328125
4124481,46.81396484375
4124495,43.5791015625
4124515,30.76171875
4124550,48.64501953125
4124586,36.376953125
4124621,39.306640625
4124632,27.34375
4124645,83.251953125
4124804,40.34423828125
4124819,28.13720703125
4124839,26.85546875
4125000,38.9404296875
4125066,33.935546875
4125077,27.83203125
4125099,30.6396484375
4125132,27.16064453125
4125211,44.7998046875
4125294,37.841796875
4125349,39.48974609375
4125361,36.31591796875
4125501,41.3818359375
4125606,27.40478515625
4125629,29.35791015625
4125652,27.52685546875
4125690,31.25
4132824,62.255859375
4132867,44.37255859375
4132888,36.62109375
4132915,43.45703125
4132927,36.0107421875
4132963,54.87060546875
4132984,36.80419921875
4133066,49.86572265625
4133134,28.80859375
4133181,44.189453125
4133208,26.3671875
4133283,28.01513671875
4133336,51.57470703125
4133385,31.73828125
4133438,30.09033203125
4133470,29.541015625
4133541,61.21826171875
4133871,35.70556640625
4133923,32.40966796875
4133940,36.865234375
4133987,32.40966796875
4134034,34.97314453125
4134119,48.828125
4134266,31.31103515625
4134291,33.935546875
4134316,26.30615234375
4134359,28.62548828125
4134384,31.67724609375
4141999,63.29345703125
4142050,94.17724609375
4142073,34.1796875
4142091,34.97314453125
4142124,67.93212890625
4142140,27.28271484375
4142166,27.34375
4142191,31.1279296875
4142222,49.86572265625
4142334,31.005859375
4142361,28.99169921875
4142381,39.48974609375
4142399,28.50341796875
4142463,34.0576171875
4142580,53.1005859375
4142669,28.13720703125
4142693,28.99169921875
4142715,32.40966796875
4142743,38.818359375
4142822,41.32080078125
4143015,33.02001953125
4143035,26.3671875
4143252,35.7666015625
4143303,29.84619140625
4143330,28.076171875
4143361,28.01513671875
4143386,37.04833984375
4143671,31.25
4143738,32.470703125
4143754,30.517578125
4143783,31.92138671875
4150939,60.97412109375
4150956,76.59912109375
4150983,42.8466796875
4151010,50.6591796875
4151022,59.75341796875
4151043,31.79931640625
4151063,29.6630859375
4151079,58.59375
4151098,26.3671875
4151142,29.23583984375
4151162,35.09521484375
4151189,50.35400390625
4151212,30.8837890625
4151224,30.94482421875
4151302,26.42822265625
4151336,57.9833984375
4151362,41.93115234375
4151558,41.32080078125
4151568,33.5693359375
4151609,32.1044921875
4151822,28.564453125
4151873,47.2412109375
4152015,32.8369140625
4152096,35.7666015625
4152108,26.91650390625
4152287,28.6865234375
4152354,34.48486328125
4152731,38.26904296875
4152758,33.3251953125
4152824,32.65380859375
4152874,29.23583984375
4160574,27.7099609375
4160671,97.7783203125
4160702,38.818359375
4160719,70.73974609375
4160736,46.56982421875
4160756,46.7529296875
4160771,29.47998046875
4160788,67.3828125
4160806,45.5322265625
4160856,38.57421875
4160878,54.74853515625
4160994,29.72412109375
4161039,50.29296875
4161208,26.4892578125
4161241,52.6123046875
4161271,31.73828125
4161469,33.26416015625
4161485,29.11376953125
4161538,27.587890625
4161621,48.40087890625
4161699,33.447265625
4161723,30.76171875
4162030,27.28271484375
4162079,29.11376953125
4162143,30.029296875
4162397,30.8837890625
4162416,33.38623046875
4162448,32.3486328125
4162768,28.01513671875
4162828,28.9306640625
4162845,29.84619140625
4162864,26.9775390625
4168090,79.52880859375
4168106,61.279296875
4168142,43.02978515625
4168158,29.6630859375
4168192,43.02978515625
4168226,27.587890625
4168245,78.7353515625
4168258,28.38134765625
4168387,56.15234375
4168453,26.7333984375
4168551,30.94482421875
4168608,39.61181640625
4168695,48.15673828125
4168810,29.296875
4168841,28.25927734375
4168874,26.4892578125
4169050,27.03857421875
4169106,56.57958984375
4169347,26.85546875
4175723,55.6640625
4175738,67.81005859375
4175769,49.62158203125
4175791,44.7998046875
4175818,43.64013671875
4175832,37.29248046875
4175863,33.99658203125
4175904,59.38720703125
4175990,29.052734375
4176016,41.44287109375
4176028,38.4521484375
4176057,51.513671875
4176139,27.40478515625
4176228,32.8369140625
4176297,50.6591796875
4176427,29.78515625
4176617,26.4892578125
4176627,46.2646484375
4176647,26.4892578125
4176766,58.4716796875
4176940,37.90283203125
4177016,32.28759765625
4177259,34.72900390625
4177296,30.33447265625
4177318,28.74755859375
4177350,30.6396484375
4177377,26.2451171875
4185832,135.43701171875
4185878,59.6923828125
4185897,37.353515625
4185918,52.490234375
4185932,55.0537109375
4185953,33.38623046875
4185988,70.86181640625
4185998,39.85595703125
4186015,33.14208984375
4186053,34.423828125
4186077,27.2216796875
4186110,28.38134765625
4186132,44.61669921875
4186157,26.55029296875
4186204,26.42822265625
4186231,27.28271484375
4186353,47.30224609375
4186520,32.16552734375
4186553,28.80859375
4186630,52.1240234375
4186753,43.701171875
4186775,43.76220703125
4186809,29.9072265625
4186825,27.28271484375
4187033,35.21728515625
4187333,28.6865234375
4187431,28.13720703125
4197270,85.205078125
4197282,71.8994140625
4197315,57.373046875
4197328,60.60791015625
4197370,39.0625
4197396,44.43359375
4197409,64.63623046875
4197446,28.1982421875
4197501,37.9638671875
4197570,62.6220703125
4197618,26.79443359375
4197640,26.2451171875
4197655,31.1279296875
4197763,40.283203125
4197855,47.9736328125
4197889,27.9541015625
4198121,31.55517578125
4198300,29.72412109375
4198350,33.26416015625
4198524,32.77587890625
4198615,26.611328125
4198668,27.40478515625
4198783,37.2314453125
4199078,34.11865234375
4199101,26.7333984375
4199156,28.38134765625
4216533,131.7138671875
4216578,64.51416015625
4216611,42.724609375
4216648,60.36376953125
4216668,36.2548828125
4216691,56.884765625
4216713,30.76171875
4216756,27.9541015625
4216822,29.6630859375
4216857,69.4580078125
4216936,28.50341796875
4216973,31.18896484375
4217061,29.47998046875
4217079,29.1748046875
4217157,49.37744140625
4217275,32.2265625
4217531,26.30615234375
4217822,27.64892578125
4218085,29.4189453125
4218361,27.28271484375
4218415,31.1279296875
4218711,27.7099609375
4218799,34.5458984375
4218809,33.50830078125
4218836,29.052734375
4237966,130.43212890625
4238011,53.1005859375
4238030,31.43310546875
4238054,78.61328125
4238082,53.7109375
4238092,57.4951171875
4238111,31.67724609375
4238130,64.51416015625
4238152,29.72412109375
4238215,69.27490234375
4238284,30.21240234375
4238304,32.8369140625
4238372,68.4814453125
4238416,30.09033203125
4238480,26.79443359375
4238594,28.50341796875
4238765,26.4892578125
4238818,44.00634765625
4239146,26.9775390625
4239196,31.43310546875
4239869,27.03857421875
4240213,30.21240234375
4240476,30.3955078125
4240509,26.4892578125
4240534,26.9775390625
4240855,30.3955078125
4240865,35.400390625
4240904,27.28271484375
4240943,36.19384765625
4256935,82.8857421875
4256977,58.9599609375
4257017,75.3173828125
4257040,45.22705078125
4257052,62.80517578125
4257083,30.517578125
4257108,40.4052734375
4257141,73.54736328125
4257179,36.376953125
4257193,32.16552734375
4257309,32.5927734375
4257322,44.921875
4257349,44.677734375
4257468,38.26904296875
4257485,27.77099609375
4257636,27.64892578125
4258002,28.4423828125
4258105,31.982421875
4258224,28.99169921875
4258427,30.09033203125
4258498,31.18896484375
4259109,27.099609375
4259137,26.79443359375
4259161,33.50830078125
4894320,27.83203125
6543565,101.07421875
6543594,79.04052734375
6543628,89.66064453125
6543653,74.70703125
6543684,50.10986328125
6543717,33.0810546875
6543739,38.39111328125
6543757,45.2880859375
6543806,27.16064453125
6543848,29.6630859375
6543863,35.82763671875
6543926,40.83251953125
6543998,27.34375
6544106,27.2216796875
6544128,29.72412109375
6544154,39.36767578125
6544178,75.74462890625
6544191,53.77197265625
6544215,36.43798828125
6544249,38.14697265625
6544285,38.57421875
6544304,48.9501953125
6544314,31.31103515625
6544333,29.052734375
6544349,39.36767578125
6544374,50.84228515625
6544437,45.59326171875
6544495,35.400390625
6544534,37.841796875
6544572,28.74755859375
6544622,38.87939453125
6544642,27.34375
6553693,31.005859375
6553891,26.67236328125
6553962,27.2216796875
6553997,44.921875
6554019,64.453125
6554050,57.12890625
6554072,47.2412109375
6554099,42.6025390625
6554123,56.70166015625
6554140,32.53173828125
6554160,56.396484375
6554173,52.1240234375
6554206,32.2265625
6554227,86.7919921875
6554258,58.41064453125
6554273,41.50390625
6554301,75.927734375
6554317,53.03955078125
6554340,27.89306640625
6554363,28.076171875
6554388,61.21826171875
6554403,46.630859375
6554426,39.48974609375
6554464,39.36767578125
6554485,39.0625
6554512,28.13720703125
6554539,29.4189453125
6554566,26.4892578125
6554628,28.99169921875
6554714,34.36279296875
6555128,29.78515625
6555893,26.67236328125
6562524,27.9541015625
6563059,29.78515625
6564837,28.86962890625
6568823,27.03857421875
6570419,31.3720703125
6570923,27.52685546875
6572232,28.38134765625
6574478,28.74755859375
6575244,32.71484375
6577346,31.982421875
6578455,26.7333984375
6581558,28.86962890625
6591955,51.3916015625
6619711,29.84619140625
6619789,34.85107421875
6619817,92.59033203125
6619851,34.72900390625
6619876,77.45361328125
6619887,33.14208984375
6619914,75.01220703125
6619927,47.36328125
6619944,57.12890625
6619980,86.669921875
6619995,45.5322265625
6620020,51.33056640625
6620041,41.80908203125
6620057,72.8759765625
6620067,30.3955078125
6620086,31.31103515625
6620109,37.29248046875
6620128,27.9541015625
6620147,30.1513671875
6620178,31.494140625
6620195,30.21240234375
6620276,28.50341796875
6620290,26.4892578125
6620590,32.71484375
6620735,27.52685546875
6621584,32.40966796875
6627911,26.67236328125
6628478,30.76171875
6629797,30.21240234375
6630335,30.3955078125
6633384,28.4423828125
6636071,79.52880859375
6636134,81.23779296875
6636163,28.13720703125
6636188,68.7255859375
6636206,68.78662109375
6636228,38.0859375
6636244,37.29248046875
6636261,37.53662109375
6636277,53.28369140625
6636305,56.5185546875
6636339,74.52392578125
6636359,47.05810546875
6636386,37.53662109375
6636410,52.42919921875
6636469,40.83251953125
6636488,48.9501953125
6636498,33.02001953125
6636513,27.34375
6636530,30.029296875
6636554,30.3955078125
6636580,27.4658203125
6636601,30.8837890625
6636632,33.447265625
6636649,30.2734375
6636861,33.8134765625
6636988,28.74755859375
6640441,30.45654296875
6643951,28.076171875
6645751,27.4658203125
6646198,32.40966796875
6649919,53.16162109375
6649965,83.1298828125
6650009,86.48681640625
6650025,27.9541015625
6650065,57.861328125
6650097,62.255859375
6650115,69.4580078125
6650141,52.30712890625
6650156,80.13916015625
6650177,40.283203125
6650211,67.19970703125
6650231,59.814453125
6650246,37.90283203125
6650269,50.84228515625
6650283,50.59814453125
6650316,39.12353515625
6650335,33.99658203125
6650346,42.54150390625
6650377,27.587890625
6650403,45.166015625
6650419,47.91259765625
6650443,27.16064453125
6650465,29.84619140625
6650537,27.28271484375
6650579,36.0107421875
6650664,34.11865234375
6650675,26.42822265625
6650724,26.55029296875
6650776,27.16064453125
6650802,26.9775390625
6650822,26.611328125
6654216,27.099609375
6655043,26.30615234375
6655862,26.42822265625
6658009,32.5927734375
6659223,31.43310546875
6659665,27.77099609375
6662407,64.27001953125
6663371,27.83203125
6665385,53.40576171875
6666411,48.52294921875
6667016,76.84326171875
6667064,83.984375
6667096,72.81494140625
6667121,51.81884765625
6667143,78.43017578125
6667164,70.00732421875
6667188,107.11669921875
6667210,36.2548828125
6667224,65.91796875
6667257,62.744140625
6667268,30.029296875
6667288,52.1240234375
6667306,34.7900390625
6667328,34.912109375
6667346,30.45654296875
6667371,32.89794921875
6667391,29.84619140625
6667422,33.75244140625
6667481,43.9453125
6667526,27.83203125
6667824,27.16064453125
6667917,26.7333984375
6673912,27.099609375
6676575,26.2451171875
6679547,63.3544921875
6679567,27.099609375
6679618,79.4677734375
6679670,156.005859375
6679694,35.21728515625
6679709,39.0625
6679742,126.220703125
6679754,74.0966796875
6679781,67.0166015625
6679791,46.20361328125
6679816,39.97802734375
6679850,76.47705078125
6679866,39.12353515625
6679895,36.0107421875
6679913,46.630859375
6679928,29.72412109375
6679954,26.4892578125
6679975,30.8837890625
6679991,50.048828125
6680018,56.94580078125
6680056,31.43310546875
6680079,28.3203125
6680109,32.71484375
6680138,46.0205078125
6680155,29.296875
6680294,33.50830078125
6683126,26.9775390625
6691688,28.38134765625
6693559,28.25927734375
6694275,51.94091796875
6694370,31.18896484375
6694633,29.296875
6694708,52.67333984375
6694749,26.85546875
6694762,92.34619140625
6694785,78.2470703125
6694817,75.3173828125
6694846,81.9091796875
6694857,84.9609375
6694881,71.044921875
6694893,32.2265625
6694911,59.326171875
6694936,46.20361328125
6694957,41.748046875
6694986,55.7861328125
6695017,47.05810546875
6695030,42.96875
6695052,47.05810546875
6695082,37.7197265625
6695101,37.78076171875
6695113,36.0107421875
6695143,41.1376953125
6695179,37.78076171875
6695198,29.23583984375
6695217,28.74755859375
6697859,37.7197265625
6706175,29.541015625
6708818,50.84228515625
6709188,55.7861328125
6709210,76.5380859375
6709229,33.0810546875
6709254,71.77734375
6709294,27.2216796875
6709322,88.623046875
6709338,31.06689453125
6709351,91.30859375
6709386,66.34521484375
6709401,37.7197265625
6709424,73.73046875
6709459,116.27197265625
6709478,39.73388671875
6709495,50.35400390625
6709505,29.35791015625
6709531,54.931640625
6709544,28.564453125
6709585,30.70068359375
6709609,36.7431640625
6709619,31.1279296875
6709649,54.13818359375
6709687,46.69189453125
6709699,29.60205078125
6709769,29.78515625
6709796,27.2216796875
6709833,37.59765625
6709945,26.67236328125
6710081,26.611328125
6717648,28.6865234375
6719230,27.83203125
6723696,51.1474609375
6724292,53.40576171875
6724526,52.6123046875
6724554,79.77294921875
6724599,115.966796875
6724625,32.16552734375
6724643,95.947265625
6724674,84.1064453125
6724688,36.80419921875
6724720,74.52392578125
6724738,46.0205078125
6724749,69.2138671875
6724793,101.62353515625
6724807,29.23583984375
6724823,33.8134765625
6724836,32.2265625
6724868,61.46240234375
6724895,31.3720703125
6724923,27.16064453125
6724949,31.31103515625
6724991,36.376953125
6725013,33.75244140625
6725027,29.11376953125
6725051,27.83203125
6725073,32.1044921875
6725860,31.494140625
6726551,37.29248046875
6731614,27.89306640625
6736774,26.4892578125
6740347,58.28857421875
6740372,44.3115234375
6740395,78.79638671875
6740418,81.54296875
6740442,101.13525390625
6740464,88.92822265625
6740480,71.96044921875
6740493,48.2177734375
6740516,86.0595703125
6740545,42.8466796875
6740559,38.51318359375
6740586,44.921875
6740613,49.01123046875
6740641,41.259765625
6740652,30.45654296875
6740669,39.48974609375
6740696,26.67236328125
6740710,60.1806640625
6740740,39.24560546875
6740790,28.6865234375
6740850,44.49462890625
6740881,43.02978515625
6740951,35.7666015625
6740964,28.62548828125
6741028,30.82275390625
6741281,31.8603515625
6741439,28.99169921875
6741615,35.7666015625
6741850,35.400390625
6742225,38.0859375
6747830,27.03857421875
6751333,26.611328125
6751772,88.134765625
6751796,80.99365234375
6751816,69.580078125
6751840,61.46240234375
6751856,48.828125
6751870,65.91796875
6751888,61.46240234375
6751904,93.68896484375
6751939,88.2568359375
6751972,55.2978515625
6751983,43.701171875
6752017,26.55029296875
6752028,64.88037109375
6752048,43.15185546875
6752082,42.96875
6752094,48.33984375
6752125,36.92626953125
6752135,54.443359375
6752161,31.005859375
6752221,43.8232421875
6752243,27.77099609375
6752312,34.5458984375
6752339,69.03076171875
6752367,40.95458984375
6752402,43.39599609375
6752433,36.43798828125
6752465,42.17529296875
6752491,33.38623046875
6752510,32.16552734375
6752652,33.26416015625
6752672,52.18505859375
6752694,27.77099609375
6752728,38.0859375
6752747,32.65380859375
6752772,26.91650390625
6752812,39.794921875
6752833,38.4521484375
6752995,33.99658203125
6753234,34.48486328125
6760595,26.4892578125
6760634,29.96826171875
6760649,75.0732421875
6760667,92.7734375
6760690,57.18994140625
6760706,73.30322265625
6760726,84.89990234375
6760742,47.54638671875
6760762,40.4052734375
6760795,70.98388671875
6760817,64.3310546875
6760844,30.517578125
6760854,28.50341796875
6760880,31.005859375
6760901,67.87109375
6760928,28.1982421875
6760974,56.21337890625
6760990,39.306640625
6761007,40.1611328125
6761049,30.76171875
6761110,37.59765625
6761132,40.1611328125
6761249,39.1845703125
6761295,26.4892578125
6761323,29.1748046875
6761386,31.06689453125
6761529,33.935546875
6761607,44.5556640625
6761630,31.06689453125
6761753,43.3349609375
6761885,28.74755859375
6762006,41.50390625
6762103,28.99169921875
6762159,31.494140625
6762266,41.259765625
6762728,27.52685546875
6762739,31.18896484375
6762938,26.4892578125
6763025,29.9072265625
6763424,31.06689453125
6763457,29.6630859375
6763711,34.85107421875
6763736,29.47998046875
6763785,27.40478515625
6763801,30.09033203125
6763974,34.24072265625
6764006,29.72412109375
6764034,31.005859375
6764270,31.67724609375
6764301,36.7431640625
6764619,35.15625
6764908,42.41943359375
6764939,30.8837890625
6770595,27.40478515625
6770871,124.1455078125
6770903,31.18896484375
6770918,56.884765625
6770948,45.47119140625
6770958,96.25244140625
6770984,32.28759765625
6771026,49.74365234375
6771069,37.4755859375
6771133,40.22216796875
6771180,34.72900390625
6771197,30.1513671875
6771247,38.14697265625
6771280,62.1337890625
6771366,33.02001953125
6771400,38.14697265625
6771415,33.0810546875
6771518,48.33984375
6771539,30.517578125
6771576,32.470703125
6771691,32.2265625
6771795,33.0810546875
6771931,37.17041015625
6772022,33.935546875
6772163,42.90771484375
6772296,33.02001953125
6772309,26.2451171875
6772423,41.50390625
6779950,124.45068359375
6779994,46.9970703125
6780031,53.8330078125
6780047,29.84619140625
6780074,38.87939453125
6780094,28.25927734375
6780132,66.40625
6780155,27.2216796875
6780195,59.14306640625
6780234,43.3349609375
6780245,42.1142578125
6780280,30.6396484375
6780312,31.005859375
6780359,27.77099609375
6780414,34.60693359375
6780449,58.4716796875
6780501,30.517578125
6780511,46.7529296875
6780548,33.75244140625
6780570,35.58349609375
6780662,41.07666015625
6780681,27.03857421875
6780725,27.64892578125
6780752,27.34375
6780838,41.8701171875
6780915,36.07177734375
6781074,46.630859375
6781136,30.94482421875
6781292,35.2783203125
6781364,28.4423828125
6781391,29.052734375
6781616,36.9873046875
6781725,59.9365234375
6781784,35.58349609375
6790769,27.89306640625
6790837,76.11083984375
6790852,31.18896484375
6790872,48.828125
6790886,65.97900390625
6790912,50.537109375
6790943,59.08203125
6790953,30.09033203125
6790984,41.19873046875
6791004,34.24072265625
6791017,84.716796875
6791040,34.3017578125
6791051,33.87451171875
6791080,37.353515625
6791126,52.06298828125
6791159,30.94482421875
6791240,26.42822265625
6791251,54.01611328125
6791279,35.09521484375
6791379,54.50439453125
6791489,30.94482421875
6791532,45.8984375
6791542,33.935546875
6791585,33.38623046875
6791626,28.01513671875
6791740,35.5224609375
6791811,33.26416015625
6791951,51.1474609375
6791963,36.376953125
6791997,32.28759765625
6792280,26.3671875
6792304,28.3203125
6792686,26.4892578125
6792715,32.2265625
6792750,27.34375
6792774,28.25927734375
6793104,27.83203125
6793205,28.25927734375
6793229,31.31103515625
6793542,31.8603515625
6793574,27.03857421875
6801069,27.34375
6801149,75.439453125
6801168,67.93212890625
6801215,91.12548828125
6801231,28.74755859375
6801260,57.12890625
6801284,67.138671875
6801313,29.84619140625
6801342,33.3251953125
6801371,46.9970703125
6801412,56.884765625
6801424,36.2548828125
6801450,27.7099609375
6801472,27.03857421875
6801518,36.07177734375
6801548,38.4521484375
6801562,26.3671875
6801654,35.64453125
6801689,26.7333984375
6801735,26.67236328125
6801799,44.921875
6801961,28.62548828125
6801994,31.31103515625
6802005,40.4052734375
6802200,29.052734375
6802233,43.15185546875
6802435,33.87451171875
6802557,38.9404296875
6802808,33.0810546875
6803080,52.55126953125
6803107,28.564453125
6803447,47.8515625
6803470,26.3671875
6811918,74.89013671875
6811961,58.837890625
6811995,71.35009765625
6812009,46.630859375
6812042,58.4716796875
6812063,36.7431640625
6812095,61.70654296875
6812148,29.47998046875
6812178,29.052734375
6812191,34.5458984375
6812253,28.9306640625
6812284,28.564453125
6812305,26.42822265625
6812319,36.68212890625
6812377,26.42822265625
6812470,34.5458984375
6812604,26.67236328125
6812645,39.4287109375
6812700,32.958984375
6812887,40.22216796875
6812941,61.8896484375
6813134,33.447265625
6813430,28.25927734375
6813508,33.75244140625
6813778,27.2216796875
6814110,27.83203125
6823661,79.2236328125
6823673,83.92333984375
6823709,45.2880859375
6823725,39.6728515625
6823747,42.236328125
6823760,27.77099609375
6823775,40.83251953125
6823790,81.787109375
6823805,29.47998046875
6823852,35.400390625
6823870,28.1982421875
6823887,55.84716796875
6823909,29.23583984375
6823944,29.96826171875
6824025,29.47998046875
6824216,50.9033203125
6824426,28.86962890625
6824636,32.04345703125
6824674,29.541015625
6824702,30.70068359375
6824753,49.62158203125
6824953,27.4658203125
6825231,30.517578125
6825497,26.7333984375
6825514,29.47998046875
6825547,26.9775390625
6825611,29.1748046875
6825943,36.7431640625
6825953,32.16552734375
6826007,35.7666015625
6826046,27.89306640625
6833340,72.021484375
6833389,84.28955078125
6833407,35.400390625
6833432,75.0732421875
6833459,47.79052734375
6833477,33.50830078125
6833490,73.486328125
6833509,31.982421875
6833549,28.1982421875
6833580,32.77587890625
6833614,39.1845703125
6833653,28.076171875
6833734,29.23583984375
6833746,26.91650390625
6833769,48.33984375
6834037,49.98779296875
6834047,31.25
6834232,37.353515625
6834278,32.71484375
6834370,51.8798828125
6834556,28.01513671875
6834799,28.38134765625
6834841,33.935546875
6834873,30.3955078125
6835222,49.31640625
6835235,26.611328125
6835304,37.59765625
6835325,28.62548828125
6835354,27.83203125
6842394,118.1640625
6842417,30.3955078125
6842446,69.82421875
6842465,30.57861328125
6842484,53.03955078125
6842506,27.16064453125
6842519,39.97802734375
6842551,65.73486328125
6842570,26.3671875
6842674,35.09521484375
6842687,43.5791015625
6842762,26.2451171875
6842795,27.7099609375
6842872,46.5087890625
6842905,32.77587890625
6843075,26.2451171875
6843104,33.935546875
6843146,40.22216796875
6843355,32.1044921875
6843387,27.9541015625
6843458,34.48486328125
6843516,46.93603515625
6843619,30.3955078125
6843979,28.38134765625
6844101,29.60205078125
6844400,31.494140625
6844583,27.89306640625
6844602,31.25
6844650,28.13720703125
6844685,30.70068359375
6844699,28.9306640625
6856910,31.005859375
6857133,67.138671875
6857147,51.08642578125
6857167,39.0625
6857200,75.74462890625
6857233,67.3828125
6857246,43.701171875
6857277,34.97314453125
6857304,64.02587890625
6857335,27.89306640625
6857381,26.9775390625
6857431,49.6826171875
6857528,30.57861328125
6857549,26.55029296875
6857642,49.01123046875
6857680,26.611328125
6857880,43.9453125
6857895,32.28759765625
6857920,27.099609375
6858149,30.6396484375
6858225,26.91650390625
6858437,29.35791015625
6858714,27.34375
6858754,38.818359375
6858811,26.3671875
6858832,28.1982421875
6859090,28.076171875
6872005,64.88037109375
6872033,72.44873046875
6872054,46.2646484375
6872083,71.35009765625
6872095,40.8935546875
6872117,31.43310546875
6872138,53.22265625
6872157,26.9775390625
6872185,90.51513671875
6872206,27.83203125
6872228,28.50341796875
6872311,29.9072265625
6872330,62.01171875
6872439,44.00634765625
6872476,31.79931640625
6872496,39.97802734375
6872559,47.66845703125
6872626,31.43310546875
6872837,30.76171875
6873041,29.60205078125
6873105,28.86962890625
6873133,27.64892578125
6873276,27.9541015625
6873318,27.34375
6873563,30.3955078125
6873856,26.55029296875
6873870,32.40966796875
6873915,32.04345703125
6873963,26.42822265625
6874193,31.55517578125
6874246,32.04345703125
6874329,35.2783203125
6874386,26.9775390625
6912149,66.95556640625
6912164,31.494140625
6912194,59.326171875
6912212,59.38720703125
6912222,59.2041015625
6912248,47.7294921875
6912263,38.14697265625
6912286,42.8466796875
6912308,61.8896484375
6912337,28.564453125
6912364,62.1337890625
6912389,27.83203125
6912424,38.4521484375
6912463,38.26904296875
6912484,35.0341796875
6912532,29.1748046875
6912563,28.9306640625
6912575,26.9775390625
6912622,37.9638671875
6912655,32.3486328125
6912719,30.76171875
6912736,35.82763671875
6912768,43.15185546875
6912908,27.89306640625
6912926,32.04345703125
6912952,31.494140625
6912983,29.23583984375
6913131,32.53173828125
6913178,51.26953125
6913311,27.28271484375
6913501,28.076171875
6913813,36.62109375
6914047,26.7333984375
6914137,26.85546875
6914173,43.51806640625
6914540,34.0576171875
6914575,49.86572265625
