7799001,0
12920,32.53173828125
13340,37.9638671875
42190,41.3818359375
130422,38.39111328125
132717,34.97314453125
207133,33.0810546875
291550,43.02978515625
295443,34.97314453125
314755,35.33935546875
334054,32.1044921875
334290,40.1611328125
359075,41.3818359375
373901,39.4287109375
376082,34.72900390625
415111,34.85107421875
441290,41.07666015625
442022,44.25048828125
448211,40.771484375
502949,33.3251953125
503004,36.1328125
503028,71.044921875
503045,80.810546875
503066,86.60888671875
503076,43.39599609375
503097,83.92333984375
503111,103.1494140625
503134,62.92724609375
503149,41.1376953125
503169,78.0029296875
503197,56.0302734375
503223,94.6044921875
503233,42.90771484375
503299,68.54248046875
503312,38.39111328125
503373,76.59912109375
503447,53.16162109375
503549,35.70556640625
503561,37.109375
503586,35.888671875
503684,34.97314453125
503859,35.58349609375
503929,32.3486328125
503968,41.07666015625
503978,43.76220703125
504103,52.3681640625
504130,32.2265625
504182,66.40625
504278,45.59326171875
504296,37.41455078125
588851,33.8134765625
589917,32.89794921875
685966,32.470703125
696659,33.3251953125
709214,43.15185546875
714836,47.4853515625
722267,38.6962890625
723310,40.1611328125
733126,33.99658203125
733142,35.09521484375
733191,58.59375
733201,76.0498046875
733234,71.044921875
733262,72.265625
733272,56.82373046875
733301,71.83837890625
733319,51.1474609375
733353,45.166015625
733381,41.8701171875
733393,69.82421875
733444,37.53662109375
733485,42.1142578125
733528,52.06298828125
733592,34.97314453125
733625,38.9404296875
733637,32.1044921875
733679,33.63037109375
733744,38.6962890625
733810,36.56005859375
733863,45.10498046875
733920,32.1044921875
733960,37.9638671875
734112,49.9267578125
734224,37.841796875
734243,34.11865234375
734312,43.02978515625
734421,32.5927734375
734738,33.02001953125
754528,42.8466796875
755105,36.07177734375
834159,45.5322265625
835138,46.0205078125
847284,44.61669921875
847300,33.3251953125
847323,50.84228515625
847342,83.06884765625
847364,73.8525390625
847389,50.4150390625
847411,56.640625
847429,82.3974609375
847449,43.39599609375
847470,39.9169921875
847494,37.17041015625
847511,34.72900390625
847533,46.0205078125
847555,93.56689453125
847569,51.8798828125
847609,32.2265625
847637,37.9638671875
847668,37.41455078125
847708,67.81005859375
847745,41.07666015625
847777,61.6455078125
847836,43.27392578125
847928,51.33056640625
847967,42.66357421875
848014,32.89794921875
848028,41.015625
848111,50.84228515625
848288,37.59765625
848328,39.00146484375
848425,33.38623046875
848448,37.53662109375
848473,41.50390625
848511,38.51318359375
848545,37.41455078125
848640,47.54638671875
880653,43.64013671875
900733,41.93115234375
974313,39.4287109375
1003197,46.630859375
1004393,45.22705078125
1006132,45.2880859375
1011685,66.46728515625
1061834,39.85595703125
1061850,33.50830078125
1061878,63.65966796875
1061893,34.48486328125
1061916,69.3359375
1061933,53.466796875
1061950,70.3125
1061967,42.66357421875
1061995,78.0029296875
1062024,69.580078125
1062035,48.095703125
1062052,33.75244140625
1062066,33.3251953125
1062117,84.47265625
1062142,54.01611328125
1062173,81.6650390625
1062249,37.109375
1062289,70.068359375
1062375,39.306640625
1062405,32.65380859375
1062437,44.73876953125
1062562,47.9736328125
1062645,46.38671875
1062716,36.19384765625
1062809,36.68212890625
1062953,41.6259765625
1063001,35.82763671875
1063105,35.64453125
1063146,44.25048828125
1063240,49.37744140625
1063322,43.15185546875
1063446,35.5224609375
1213042,33.5693359375
1218859,37.90283203125
1728634,47.54638671875
1728671,50.048828125
1728686,90.33203125
1728706,96.49658203125
1728718,34.48486328125
1728735,66.22314453125
1728745,95.52001953125
1728778,40.95458984375
1728794,34.24072265625
1728812,47.4853515625
1728839,69.03076171875
1728873,35.82763671875
1728915,41.56494140625
1728929,53.7109375
1728950,44.0673828125
1729002,54.443359375
1729046,32.40966796875
1729068,43.0908203125
1729124,33.8134765625
1729402,34.66796875
1729490,36.0107421875
1729510,35.0341796875
1729520,33.69140625
1729699,33.203125
1729812,32.5927734375
1729891,32.1044921875
1729978,37.41455078125
1730001,38.51318359375
1730129,45.83740234375
1730586,35.7666015625
1804422,45.8984375
1806135,41.259765625
1810598,43.3349609375
1813163,39.36767578125
1830843,45.71533203125
1831999,42.54150390625
1852294,46.2646484375
2148301,44.921875
2149464,42.41943359375
2208961,34.0576171875
2213160,42.66357421875
2454090,45.71533203125
2513232,39.48974609375
2564332,32.71484375
2679730,40.4052734375
2686527,55.60302734375
2688696,44.73876953125
2741485,46.69189453125
2748243,45.41015625
2753095,32.16552734375
2860368,42.236328125
2861689,40.22216796875
2868097,35.09521484375
2869125,33.447265625
2869830,33.75244140625
3041600,49.1943359375
3048632,39.55078125
3218570,37.65869140625
3219584,44.5556640625
3223662,47.91259765625
3241087,39.306640625
3277493,41.6259765625
3280173,35.94970703125
3280758,41.07666015625
3282460,36.0107421875
3295545,49.1943359375
3302636,32.2265625
3326968,36.865234375
3330334,51.513671875
3334881,47.42431640625
3345271,43.0908203125
3604554,33.69140625
3605129,34.912109375
3683991,39.794921875
3870732,64.63623046875
3870747,42.96875
3870773,56.2744140625
3870814,76.7822265625
3870825,59.5703125
3870838,54.19921875
3870866,84.65576171875
3870887,70.068359375
3870899,33.87451171875
3870920,52.67333984375
3870932,57.06787109375
3870942,38.818359375
3870986,42.54150390625
3871004,75.3173828125
3871017,41.19873046875
3871040,36.7431640625
3871064,65.5517578125
3871094,35.64453125
3871121,47.36328125
3871143,32.3486328125
3871194,56.82373046875
3871245,35.5224609375
3871265,43.9453125
3871300,33.87451171875
3871363,37.841796875
3871426,41.19873046875
3871452,32.8369140625
3871788,35.33935546875
3871861,35.64453125
3871933,47.36328125
3871985,37.65869140625
3872050,40.1611328125
3872105,33.99658203125
3872130,35.64453125
3872195,33.5693359375
3872211,36.0107421875
3872292,38.818359375
3872314,38.14697265625
3872409,40.58837890625
3872426,46.142578125
3872629,50.9033203125
3872686,62.56103515625
3872803,56.2744140625
3873371,34.48486328125
3882076,37.65869140625
3882295,37.841796875
3882470,32.958984375
3882588,33.447265625
3882670,34.5458984375
3882686,36.43798828125
3882719,91.61376953125
3882747,106.26220703125
3882758,89.66064453125
3882774,47.42431640625
3882794,87.46337890625
3882830,41.1376953125
3882843,33.63037109375
3882868,61.6455078125
3882890,37.353515625
3882902,34.60693359375
3882933,94.6044921875
3882949,33.69140625
3883005,56.21337890625
3883055,46.69189453125
3883107,32.2265625
3883132,38.02490234375
3883194,37.78076171875
3883212,40.4052734375
3883268,35.70556640625
3883278,40.1611328125
3883337,40.95458984375
3883410,44.25048828125
3883431,33.203125
3883530,34.66796875
3883660,37.4755859375
3883699,33.8134765625
3883750,34.24072265625
3883786,34.36279296875
3883864,36.92626953125
3883903,45.654296875
3883954,36.865234375
3883975,34.0576171875
3884001,40.71044921875
3884024,37.109375
3884061,44.61669921875
3884116,34.423828125
3884155,41.32080078125
3884217,48.33984375
3884240,33.935546875
3884323,52.001953125
3884438,51.7578125
3884627,36.7431640625
3884870,33.38623046875
3893540,37.65869140625
3949146,84.65576171875
3949160,79.77294921875
3949187,52.67333984375
3949200,43.5791015625
3949214,36.865234375
3949236,42.6025390625
3949254,74.70703125
3949270,53.16162109375
3949292,34.1796875
3949343,90.14892578125
3949354,38.51318359375
3949399,48.88916015625
3949415,36.1328125
3949449,65.7958984375
3949519,39.73388671875
3949577,38.39111328125
3949649,43.15185546875
3949685,33.02001953125
3949707,34.7900390625
3949781,33.0810546875
3949796,34.3017578125
3949868,34.24072265625
3949930,39.24560546875
3949981,33.447265625
3950042,35.21728515625
3950071,36.56005859375
3950171,33.75244140625
3950219,43.64013671875
3950273,33.02001953125
3950305,44.7998046875
3950398,34.912109375
3950458,50.78125
3950475,37.353515625
3950536,39.9169921875
3950604,35.58349609375
3950620,32.53173828125
3950638,32.958984375
3950704,47.54638671875
3950753,44.5556640625
3950793,48.27880859375
3950855,46.93603515625
3951026,60.05859375
3951052,41.80908203125
3951227,48.88916015625
3951502,49.49951171875
3951561,38.87939453125
3951669,46.7529296875
3951816,32.2265625
3952125,34.423828125
3952472,32.71484375
3959720,32.71484375
3965527,76.904296875
3965561,62.92724609375
3965587,107.36083984375
3965607,75.8056640625
3965625,54.01611328125
3965647,50.72021484375
3965675,90.39306640625
3965695,48.76708984375
3965705,59.38720703125
3965718,45.95947265625
3965749,44.73876953125
3965763,35.46142578125
3965774,36.92626953125
3965794,35.94970703125
3965815,47.119140625
3965872,49.74365234375
3965882,47.30224609375
3965907,33.50830078125
3965951,47.119140625
3965965,47.119140625
3966000,35.5224609375
3966036,55.96923828125
3966065,32.958984375
3966091,45.654296875
3966122,66.10107421875
3966138,35.2783203125
3966163,33.99658203125
3966200,38.14697265625
3966237,40.95458984375
3966281,34.1796875
3966321,56.884765625
3966370,41.07666015625
3966390,52.490234375
3966431,32.71484375
3966456,43.76220703125
3966481,32.77587890625
3966516,53.8330078125
3966591,69.15283203125
3966669,47.79052734375
3966748,49.4384765625
3966851,50.6591796875
3966877,35.15625
3967035,52.001953125
3967434,52.24609375
3967537,35.58349609375
3967658,51.20849609375
3977966,36.376953125
3977983,82.33642578125
3978006,41.9921875
3978019,104.6142578125
3978057,55.6640625
3978080,36.2548828125
3978092,39.6728515625
3978124,54.01611328125
3978135,87.09716796875
3978168,33.02001953125
3978193,49.62158203125
3978220,42.05322265625
3978236,61.6455078125
3978272,36.19384765625
3978293,35.09521484375
3978319,34.36279296875
3978343,46.81396484375
3978360,38.818359375
3978396,77.1484375
3978445,33.14208984375
3978462,34.48486328125
3978499,60.4248046875
3978531,47.119140625
3978571,38.818359375
3978589,36.9873046875
3978631,63.8427734375
3978699,41.015625
3978720,46.9970703125
3978785,32.53173828125
3978805,38.02490234375
3978865,49.6826171875
3978887,35.400390625
3978989,55.96923828125
3979350,50.59814453125
3979856,56.0302734375
3987211,36.376953125
3989453,52.91748046875
3989478,56.45751953125
3989508,112.6708984375
3989525,59.87548828125
3989557,64.75830078125
3989572,35.5224609375
3989600,52.18505859375
3989614,38.6962890625
3989649,52.3681640625
3989662,41.93115234375
3989689,50.048828125
3989705,40.8935546875
3989731,41.3818359375
3989748,48.03466796875
3989772,39.85595703125
3989790,34.7900390625
3989806,40.10009765625
3989842,45.22705078125
3989891,41.3818359375
3989901,45.0439453125
3989927,34.423828125
3989976,66.0400390625
3990034,59.02099609375
3990046,38.02490234375
3990084,37.41455078125
3990163,51.08642578125
3990208,37.29248046875
3990276,70.3125
3990566,50.35400390625
4000704,32.16552734375
4000956,41.44287109375
4000978,39.0625
4000992,36.19384765625
4001022,45.34912109375
4001037,73.66943359375
4001061,95.947265625
4001078,37.04833984375
4001094,46.630859375
4001106,52.8564453125
4001147,107.48291015625
4001171,44.86083984375
4001205,44.921875
4001228,39.306640625
4001241,46.5087890625
4001278,60.4248046875
4001298,33.99658203125
4001358,49.01123046875
4001373,34.60693359375
4001386,41.1376953125
4001407,49.49951171875
4001452,41.32080078125
4001529,39.85595703125
4001553,40.46630859375
4001694,54.38232421875
4001718,51.33056640625
4002214,60.1806640625
4012523,32.40966796875
4012537,36.2548828125
4012568,58.4716796875
4012580,33.8134765625
4012605,35.400390625
4012634,38.51318359375
4012646,41.6259765625
4012682,46.56982421875
4012707,35.33935546875
4012725,49.6826171875
4012736,84.77783203125
4012766,39.12353515625
4012794,53.8330078125
4012820,63.53759765625
4012851,40.1611328125
4012865,46.56982421875
4012908,95.21484375
4012936,39.00146484375
4012973,37.78076171875
4012999,63.5986328125
4013010,51.26953125
4013131,54.13818359375
4023797,33.02001953125
4023853,45.5322265625
4023872,58.7158203125
4023921,56.884765625
4023935,80.01708984375
4023971,41.32080078125
4024004,64.94140625
4024024,115.17333984375
4024064,52.734375
4024090,41.259765625
4024124,70.37353515625
4024288,63.78173828125
4037565,40.34423828125
4037645,48.7060546875
4037657,62.98828125
4037674,55.84716796875
4037736,42.66357421875
4037758,47.119140625
4037773,80.810546875
4037800,50.47607421875
4037847,53.8330078125
4037859,65.3076171875
4037915,41.1376953125
4038007,33.26416015625
4038049,56.15234375
4038081,61.279296875
4048900,32.40966796875
4090851,32.65380859375
4109578,32.89794921875
4185487,44.73876953125
4190029,47.30224609375
4337037,33.447265625
4340551,43.0908203125
4343295,40.4052734375
4435730,43.212890625
4442421,40.52734375
4443919,43.02978515625
4449835,36.62109375
4452271,34.11865234375
4455591,40.71044921875
4497526,59.26513671875
5323943,44.921875
5325472,37.04833984375
5327502,37.04833984375
5489404,41.015625
5742473,40.10009765625
5745855,39.36767578125
5963575,45.95947265625
6005028,36.19384765625
6007120,46.32568359375
6008668,43.9453125
6016021,43.9453125
6021451,41.68701171875
6102399,41.259765625
6103516,47.30224609375
6109684,38.818359375
6119577,41.3818359375
6129556,39.24560546875
6142654,48.095703125
6158462,41.07666015625
6158755,36.80419921875
6231996,36.7431640625
6234030,43.39599609375
6235038,49.6826171875
6237682,38.818359375
6238023,42.1142578125
6243568,47.7294921875
6244773,39.55078125
6252606,43.15185546875
6253016,37.353515625
6261183,35.82763671875
6263833,37.7197265625
6397256,40.283203125
6412357,41.19873046875
6543805,33.26416015625
6543850,32.65380859375
6544043,54.8095703125
6544059,101.74560546875
6544073,42.29736328125
6544087,41.93115234375
6544106,69.3359375
6544134,60.11962890625
6544154,58.837890625
6544186,56.70166015625
6544201,59.26513671875
6544237,111.328125
6544264,43.8232421875
6544287,41.56494140625
6544305,80.74951171875
6544339,43.27392578125
6544361,42.3583984375
6544414,52.18505859375
6544442,32.77587890625
6544480,34.11865234375
6544535,37.59765625
6544588,42.3583984375
6544654,34.36279296875
6544732,36.376953125
6544866,32.77587890625
6545175,37.9638671875
6545311,37.29248046875
6545416,32.1044921875
6545465,32.89794921875
6545518,39.1845703125
6545528,34.72900390625
6545562,48.33984375
6545611,34.97314453125
6545653,32.1044921875
6545772,36.1328125
6545786,47.607421875
6545853,41.8701171875
6545875,35.400390625
6545918,38.14697265625
6545967,48.15673828125
6545999,41.80908203125
6546044,35.21728515625
6546082,49.31640625
6546147,45.71533203125
6546174,36.1328125
6546298,80.74951171875
6546488,55.84716796875
6547880,32.1044921875
6553867,36.9873046875
6553982,32.28759765625
6554032,34.66796875
6554107,37.9638671875
6554137,78.0029296875
6554159,72.57080078125
6554172,82.51953125
6554192,79.52880859375
6554210,67.93212890625
6554228,65.3076171875
6554243,47.66845703125
6554271,49.560546875
6554285,78.91845703125
6554315,45.2880859375
6554336,53.40576171875
6554387,39.0625
6554410,57.6171875
6554429,32.77587890625
6554456,37.109375
6554563,34.912109375
6554593,44.49462890625
6554642,37.59765625
6554696,33.02001953125
6554711,46.142578125
6554747,36.68212890625
6554769,40.34423828125
6554796,32.40966796875
6554807,37.29248046875
6554857,38.87939453125
6554913,32.77587890625
6554977,34.3017578125
6555125,41.80908203125
6555148,34.11865234375
6555227,40.52734375
6555278,34.5458984375
6555302,38.39111328125
6555354,38.63525390625
6555412,35.64453125
6555424,34.60693359375
6555445,34.0576171875
6555479,33.203125
6555556,33.99658203125
6555640,34.72900390625
6555698,32.2265625
6555820,44.86083984375
6556021,43.9453125
6556130,48.9501953125
6556310,50.84228515625
6556464,36.0107421875
6556517,44.37255859375
6615953,33.447265625
6619802,52.42919921875
6619813,106.62841796875
6619835,49.31640625
6619851,34.97314453125
6619873,37.04833984375
6619888,67.138671875
6619909,32.16552734375
6619928,87.158203125
6619939,62.68310546875
6619959,42.66357421875
6619979,57.55615234375
6619999,42.41943359375
6620009,52.001953125
6620028,57.80029296875
6620045,34.11865234375
6620076,38.818359375
6620107,32.28759765625
6620213,34.7900390625
6620284,39.55078125
6620329,40.22216796875
6620391,46.69189453125
6620414,40.283203125
6620436,32.1044921875
6620493,38.6962890625
6620623,36.62109375
6620756,33.8134765625
6620825,35.58349609375
6620884,35.400390625
6620992,35.70556640625
6621100,41.1376953125
6621134,32.1044921875
6621152,37.41455078125
6621271,42.1142578125
6621325,33.447265625
6621341,53.16162109375
6621420,60.72998046875
6621454,38.2080078125
6621520,41.8701171875
6621541,35.09521484375
6621573,47.9736328125
6621586,48.40087890625
6621689,33.0810546875
6621716,35.70556640625
6621847,41.44287109375
6621902,64.3310546875
6621918,39.61181640625
6622131,62.98828125
6622397,52.24609375
6623042,36.07177734375
6635954,33.14208984375
6636225,71.59423828125
6636264,52.42919921875
6636283,140.0146484375
6636308,67.2607421875
6636331,69.9462890625
6636342,56.09130859375
6636365,83.19091796875
6636397,50.84228515625
6636427,40.283203125
6636448,59.2041015625
6636463,46.0205078125
6636505,52.6123046875
6636523,41.015625
6636569,40.34423828125
6636603,38.02490234375
6636654,35.82763671875
6636688,42.78564453125
6636721,33.99658203125
6636746,34.1796875
6636773,36.68212890625
6636814,33.203125
6636870,67.626953125
6636891,53.5888671875
6636905,44.677734375
6636969,44.921875
6636994,46.5087890625
6637034,33.87451171875
6637075,53.89404296875
6637151,32.28759765625
6637180,44.5556640625
6637216,45.0439453125
6637274,57.55615234375
6637365,68.7255859375
6637426,44.7998046875
6637441,35.33935546875
6637497,48.27880859375
6637523,41.259765625
6637566,38.57421875
6637691,46.93603515625
6637723,55.11474609375
6637835,49.9267578125
6637894,57.7392578125
6638099,46.81396484375
6638354,55.419921875
6638949,36.2548828125
6638976,52.18505859375
6650112,34.66796875
6650182,33.02001953125
6650211,54.87060546875
6650222,37.65869140625
6650240,117.12646484375
6650253,47.18017578125
6650273,53.89404296875
6650291,75.5615234375
6650317,37.7197265625
6650349,50.59814453125
6650380,32.2265625
6650408,40.6494140625
6650430,47.36328125
6650446,40.22216796875
6650469,42.236328125
6650498,41.748046875
6650510,58.4716796875
6650579,40.22216796875
6650599,57.12890625
6650620,41.07666015625
6650637,46.08154296875
6650680,36.92626953125
6650704,41.748046875
6650751,47.66845703125
6650782,35.70556640625
6650835,40.52734375
6650856,60.05859375
6650898,38.330078125
6650935,38.4521484375
6650988,39.97802734375
6651008,36.2548828125
6651077,35.0341796875
6651110,46.7529296875
6651195,35.15625
6651224,55.6640625
6651303,49.1943359375
6651325,45.7763671875
6651439,52.42919921875
6651519,48.40087890625
6651748,52.67333984375
6651958,46.56982421875
6652801,37.29248046875
6667082,36.4990234375
6667127,39.61181640625
6667146,77.392578125
6667167,61.46240234375
6667184,44.3115234375
6667198,127.685546875
6667217,41.50390625
6667245,90.63720703125
6667263,68.54248046875
6667293,78.4912109375
6667308,78.61328125
6667321,39.48974609375
6667353,47.42431640625
6667365,39.73388671875
6667403,36.376953125
6667427,38.51318359375
6667470,40.1611328125
6667506,37.841796875
6667540,33.87451171875
6667591,64.5751953125
6667606,46.32568359375
6667655,54.87060546875
6667694,45.41015625
6667750,36.07177734375
6667814,45.47119140625
6667866,42.724609375
6667929,54.6875
6667952,32.1044921875
6668014,40.10009765625
6668029,37.04833984375
6668109,41.80908203125
6668148,35.58349609375
6668246,55.35888671875
6668289,42.8466796875
6668381,51.57470703125
6668501,52.06298828125
6668657,42.8466796875
6679870,68.66455078125
6679882,52.79541015625
6679915,55.35888671875
6679933,64.208984375
6679948,84.04541015625
6679977,39.85595703125
6679995,92.83447265625
6680019,69.39697265625
6680029,60.11962890625
6680069,49.74365234375
6680084,103.3935546875
6680115,42.8466796875
6680127,34.97314453125
6680158,38.39111328125
6680186,57.373046875
6680198,41.19873046875
6680242,52.1240234375
6680258,34.7900390625
6680303,53.52783203125
6680318,52.18505859375
6680351,37.9638671875
6680380,47.66845703125
6680398,35.64453125
6680436,39.61181640625
6680465,36.9873046875
6680514,45.22705078125
6680526,43.64013671875
6680571,37.2314453125
6680606,41.6259765625
6680713,62.31689453125
6680736,32.470703125
6680802,47.119140625
6681325,33.203125
6694907,63.17138671875
6694946,35.94970703125
6694972,98.14453125
6695003,38.75732421875
6695031,56.0302734375
6695048,101.25732421875
6695086,35.5224609375
6695099,52.55126953125
6695138,70.25146484375
6695165,49.560546875
6695189,41.015625
6695201,48.15673828125
6695231,48.9501953125
6695252,44.98291015625
6695301,32.958984375
6695329,86.60888671875
6695399,49.9267578125
6695431,46.38671875
6695451,37.353515625
6695469,39.00146484375
6695542,35.82763671875
6695587,45.41015625
6695608,38.57421875
6695672,44.921875
6695780,50.6591796875
6695920,34.3017578125
6705292,34.97314453125
6708447,34.0576171875
6709513,61.767578125
6709538,40.71044921875
6709555,40.283203125
6709586,62.92724609375
6709603,59.814453125
6709617,36.62109375
6709653,49.4384765625
6709666,65.7958984375
6709692,69.39697265625
6709710,35.33935546875
6709726,38.26904296875
6709772,56.15234375
6709787,74.5849609375
6709818,55.60302734375
6709862,52.79541015625
6709964,49.072265625
6710027,52.8564453125
6710080,53.955078125
6710306,56.5185546875
6718876,38.9404296875
6724841,50.84228515625
6724858,38.02490234375
6724882,34.66796875
6724917,46.5087890625
6724940,33.447265625
6724950,68.05419921875
6724999,57.55615234375
6725029,43.88427734375
6725057,68.9697265625
6725070,51.33056640625
6725092,63.17138671875
6725147,48.03466796875
6725158,33.3251953125
6725402,66.0400390625
6725622,36.62109375
6739775,60.4248046875
6740698,35.0341796875
6740728,32.77587890625
6740755,32.77587890625
6740767,69.64111328125
6740783,48.2177734375
6740819,40.58837890625
6740858,74.70703125
6740938,32.958984375
6740957,32.16552734375
6760780,32.8369140625
6761005,32.3486328125
6764143,44.49462890625
6780490,33.69140625
6789820,32.40966796875
7211717,37.7197265625
7237831,36.865234375
7250940,42.29736328125
7253606,39.85595703125
7255520,36.865234375
7258209,36.68212890625
7259621,37.109375
7360256,37.4755859375
