4799001,0
338979,28.74755859375
339053,25.93994140625
339126,21.91162109375
339240,23.25439453125
339285,21.30126953125
339348,45.95947265625
339402,29.72412109375
339415,22.5830078125
339432,37.04833984375
339460,22.27783203125
339484,24.96337890625
339515,31.1279296875
339535,34.912109375
339565,23.92578125
339631,22.76611328125
339680,28.076171875
394121,21.6064453125
394149,24.0478515625
394176,35.888671875
394199,44.5556640625
394215,35.09521484375
394257,21.3623046875
394279,24.23095703125
394557,21.484375
394791,23.92578125
394951,23.74267578125
395122,30.6396484375
433444,22.03369140625
433497,37.2314453125
433536,30.1513671875
433557,29.78515625
433576,28.80859375
433610,22.52197265625
433646,27.9541015625
434153,21.91162109375
434185,24.169921875
434309,22.88818359375
434383,23.92578125
434547,27.34375
481702,21.54541015625
481764,40.52734375
481799,27.89306640625
481820,38.2080078125
481855,28.74755859375
481869,36.4990234375
481897,24.35302734375
481908,24.4140625
481956,31.494140625
482329,21.54541015625
539449,26.67236328125
539587,23.0712890625
539609,42.66357421875
539671,25.7568359375
539697,39.61181640625
539721,25.0244140625
539737,26.7333984375
539754,29.35791015625
539789,24.7802734375
539802,30.45654296875
539842,27.89306640625
540091,21.78955078125
3588935,22.03369140625
3589037,24.5361328125
3589109,22.8271484375
