4799001,0
130991,40.34423828125
141860,48.40087890625
168765,29.47998046875
174750,41.56494140625
192378,49.072265625
264363,40.52734375
338642,25.69580078125
338770,23.8037109375
338833,25.93994140625
338879,25.2685546875
338890,27.4658203125
338942,24.169921875
338971,29.35791015625
338989,25.5126953125
339063,23.0712890625
339097,24.5361328125
339121,31.25
339137,31.79931640625
339156,29.84619140625
339189,45.7763671875
339214,70.4345703125
339229,46.630859375
339279,49.01123046875
339292,42.1142578125
339323,49.8046875
339350,65.12451171875
339378,68.66455078125
339388,54.3212890625
339408,43.88427734375
339422,114.1357421875
339438,69.88525390625
339452,62.68310546875
339475,70.068359375
339485,89.41650390625
339495,48.40087890625
339509,51.20849609375
339522,54.0771484375
339548,49.37744140625
339561,86.97509765625
339585,54.5654296875
339604,70.6787109375
339627,53.22265625
339639,40.22216796875
339662,48.40087890625
339696,49.560546875
339715,33.63037109375
339735,41.50390625
339747,39.4287109375
339776,27.587890625
339786,46.93603515625
339809,50.4150390625
339847,50.59814453125
339872,36.31591796875
339888,46.32568359375
339902,33.99658203125
339918,23.92578125
339931,33.38623046875
339943,33.75244140625
339964,30.1513671875
339989,36.19384765625
340007,26.55029296875
340025,32.71484375
340040,47.30224609375
340055,33.8134765625
340080,39.4287109375
340104,28.99169921875
340120,35.21728515625
340148,49.13330078125
340186,24.59716796875
340200,43.3349609375
340217,30.029296875
340251,58.837890625
340291,57.67822265625
340301,33.99658203125
340334,42.1142578125
340373,47.9736328125
340419,58.41064453125
340434,23.3154296875
340471,56.94580078125
340488,24.5361328125
340499,25.146484375
340513,30.57861328125
340540,45.71533203125
340649,49.37744140625
340662,29.78515625
340675,48.583984375
340728,48.03466796875
340768,26.30615234375
340780,50.1708984375
340817,27.89306640625
340923,23.25439453125
340934,63.65966796875
341013,23.74267578125
341029,28.62548828125
341088,55.11474609375
341109,23.25439453125
341143,25.0244140625
341279,25.634765625
341293,29.35791015625
341345,26.2451171875
341421,53.955078125
341481,28.01513671875
341502,28.25927734375
341543,31.982421875
341611,24.59716796875
341640,28.01513671875
341661,23.49853515625
341682,30.09033203125
341851,26.79443359375
341932,25.7568359375
341979,28.564453125
342007,28.6865234375
342084,39.12353515625
342194,27.34375
342297,25.5126953125
342438,25.57373046875
342560,27.40478515625
342650,43.88427734375
342667,25.45166015625
342720,44.12841796875
342794,28.62548828125
342906,23.49853515625
343028,25.32958984375
343285,35.7666015625
343456,51.33056640625
343538,23.13232421875
343706,26.9775390625
343837,23.98681640625
343962,27.28271484375
344239,27.52685546875
344318,42.48046875
344387,23.13232421875
344568,51.08642578125
344724,26.123046875
344888,26.79443359375
344988,23.92578125
345065,55.5419921875
345248,34.48486328125
345264,24.2919921875
345420,24.5361328125
345576,48.33984375
345595,23.3154296875
345781,25.57373046875
345960,23.62060546875
346134,26.55029296875
346384,47.36328125
346492,59.6923828125
346596,45.22705078125
346803,26.3671875
347084,52.24609375
347139,23.3154296875
347810,48.828125
349464,51.8798828125
351004,25.93994140625
360364,27.52685546875
361140,48.33984375
366355,46.142578125
393941,27.34375
393991,53.64990234375
394019,26.30615234375
394053,57.55615234375
394068,29.9072265625
394093,47.18017578125
394109,29.296875
394120,93.26171875
394151,75.98876953125
394168,61.4013671875
394187,97.35107421875
394205,81.48193359375
394215,84.04541015625
394239,83.67919921875
394260,70.1904296875
394284,57.55615234375
394302,55.2978515625
394328,67.9931640625
394356,69.03076171875
394373,62.5
394394,45.71533203125
394416,40.52734375
394440,54.5654296875
394457,23.25439453125
394468,49.1943359375
394487,59.87548828125
394511,42.17529296875
394541,72.93701171875
394564,45.22705078125
394575,51.025390625
394588,32.40966796875
394616,53.3447265625
394645,56.70166015625
394669,41.1376953125
394695,43.3349609375
394725,66.7724609375
394753,35.82763671875
394763,28.6865234375
394784,50.23193359375
394800,37.65869140625
394819,29.296875
394853,46.2646484375
394873,35.70556640625
394889,54.5654296875
394903,30.76171875
394919,44.0673828125
394945,35.70556640625
394956,41.68701171875
394968,26.9775390625
394995,53.64990234375
395029,63.96484375
395067,49.9267578125
395077,33.203125
395107,32.77587890625
395117,23.5595703125
395162,53.5888671875
395172,34.85107421875
395202,42.90771484375
395217,28.6865234375
395246,55.48095703125
395258,28.13720703125
395293,50.78125
395319,23.92578125
395345,48.095703125
395369,29.96826171875
395391,63.720703125
395442,49.25537109375
395466,33.447265625
395491,31.25
395501,48.27880859375
395554,58.53271484375
395575,25.08544921875
395603,46.9970703125
395618,25.57373046875
395653,49.86572265625
395680,30.1513671875
395708,48.27880859375
395770,62.80517578125
395834,54.87060546875
395853,46.32568359375
395897,30.8837890625
395912,25.146484375
395945,25.32958984375
395979,56.57958984375
396047,23.74267578125
396064,47.54638671875
396100,27.77099609375
396135,63.5986328125
396156,24.90234375
396181,23.5595703125
396213,29.9072265625
396234,47.8515625
396282,29.96826171875
396305,47.2412109375
396328,24.96337890625
396412,25.57373046875
396437,46.142578125
396461,26.18408203125
396527,45.41015625
396586,30.09033203125
396603,52.734375
396665,28.50341796875
396713,30.70068359375
396836,23.4375
396873,51.33056640625
396965,56.5185546875
397048,52.91748046875
397097,31.92138671875
397258,27.89306640625
397314,24.90234375
397337,48.03466796875
397396,26.18408203125
397424,51.45263671875
397588,48.03466796875
397660,28.3203125
397813,33.38623046875
397933,47.607421875
397984,24.10888671875
398034,55.2978515625
398444,48.095703125
398503,27.77099609375
398659,45.0439453125
398675,28.01513671875
398828,24.84130859375
398912,52.3681640625
399026,25.69580078125
399089,54.6875
399229,24.4140625
399383,49.072265625
399467,23.13232421875
399687,25.390625
399724,52.3681640625
399933,60.36376953125
400196,25.20751953125
400241,48.40087890625
400425,49.6826171875
400571,28.6865234375
400783,55.0537109375
401126,49.62158203125
401339,40.58837890625
402084,50.10986328125
402630,54.38232421875
404325,45.8984375
407532,24.10888671875
411239,45.7763671875
414188,52.8564453125
416282,44.98291015625
433131,24.4140625
433159,40.52734375
433170,41.07666015625
433205,25.81787109375
433230,69.4580078125
433270,28.74755859375
433310,26.85546875
433333,58.349609375
433351,38.0859375
433371,28.3203125
433392,74.03564453125
433404,33.8134765625
433418,38.0859375
433437,56.45751953125
433453,33.0810546875
433479,80.01708984375
433510,67.56591796875
433521,45.5322265625
433545,80.26123046875
433560,50.59814453125
433589,81.60400390625
433601,59.08203125
433612,94.42138671875
433639,51.69677734375
433650,45.59326171875
433676,73.30322265625
433686,61.34033203125
433708,79.04052734375
433732,45.654296875
433755,44.921875
433781,40.0390625
433793,26.0009765625
433809,54.5654296875
433836,27.52685546875
433866,49.8046875
433885,39.6728515625
433897,33.99658203125
433911,42.6025390625
433943,57.43408203125
433966,44.25048828125
433978,44.37255859375
433997,33.447265625
434027,29.78515625
434046,25.390625
434056,54.74853515625
434081,28.13720703125
434100,35.15625
434117,38.87939453125
434137,31.3720703125
434153,32.77587890625
434168,46.38671875
434182,34.3017578125
434204,39.24560546875
434217,32.28759765625
434251,40.4052734375
434286,35.5224609375
434309,36.92626953125
434341,40.6494140625
434353,43.76220703125
434393,39.1845703125
434408,32.1044921875
434439,36.68212890625
434451,32.8369140625
434478,48.15673828125
434491,28.01513671875
434522,25.2685546875
434543,31.43310546875
434575,57.67822265625
434590,27.9541015625
434624,43.45703125
434673,57.06787109375
434718,49.4384765625
434728,32.958984375
434769,43.51806640625
434789,34.97314453125
434823,51.3916015625
434842,23.3154296875
434874,46.56982421875
434919,32.53173828125
434980,55.7861328125
435006,28.6865234375
435038,43.39599609375
435062,27.52685546875
435098,56.884765625
435137,23.193359375
435163,53.52783203125
435230,26.79443359375
435286,51.33056640625
435360,50.72021484375
435417,24.10888671875
435435,55.23681640625
435504,55.84716796875
435528,27.587890625
435573,23.0712890625
435654,50.4150390625
435723,50.23193359375
435795,48.7060546875
435824,25.69580078125
435851,27.4658203125
435952,28.62548828125
435978,48.88916015625
436068,49.8046875
436079,25.69580078125
436142,59.9365234375
436172,26.18408203125
436218,46.32568359375
436303,56.45751953125
436363,24.84130859375
436382,51.3916015625
436450,28.076171875
436468,45.0439453125
436510,31.8603515625
436633,42.90771484375
436730,49.62158203125
436834,45.166015625
436914,47.42431640625
436974,24.84130859375
436993,54.50439453125
437077,53.64990234375
437163,47.7294921875
437243,36.4990234375
437315,24.169921875
437421,55.48095703125
437475,26.06201171875
437505,48.27880859375
437609,26.42822265625
437658,23.13232421875
437701,47.79052734375
437793,49.6826171875
437818,24.71923828125
437888,44.43359375
438008,52.18505859375
438102,51.20849609375
438174,24.5361328125
438219,23.98681640625
438487,63.5986328125
438586,47.18017578125
438682,47.18017578125
438779,48.52294921875
439151,44.12841796875
439253,46.875
439448,48.27880859375
439677,46.7529296875
439773,47.9736328125
439887,43.45703125
440011,53.1005859375
440156,28.01513671875
440249,42.3583984375
440365,49.560546875
440508,64.02587890625
440641,43.8232421875
440770,48.33984375
440998,46.56982421875
441145,51.20849609375
441267,52.490234375
441487,58.04443359375
441785,46.5087890625
442131,52.91748046875
442194,25.45166015625
442524,52.6123046875
442733,55.0537109375
442955,46.69189453125
443511,49.86572265625
443887,44.0673828125
444130,53.3447265625
444767,50.78125
445392,54.62646484375
446172,54.50439453125
481241,24.71923828125
481321,25.08544921875
481363,43.701171875
481376,34.48486328125
481468,26.123046875
481479,30.8837890625
481512,37.59765625
481529,44.98291015625
481548,29.4189453125
481573,25.57373046875
481593,71.35009765625
481609,60.72998046875
481645,48.583984375
481660,29.35791015625
481677,34.7900390625
481694,46.56982421875
481711,72.69287109375
481730,55.6640625
481771,52.978515625
481795,60.72998046875
481818,58.41064453125
481835,42.29736328125
481861,57.0068359375
481874,60.302734375
481894,39.6728515625
481915,71.83837890625
481930,59.814453125
481952,38.818359375
481969,78.369140625
481995,49.98779296875
482020,33.63037109375
482041,70.9228515625
482068,37.90283203125
482092,29.6630859375
482116,50.10986328125
482133,33.203125
482158,30.1513671875
482171,50.72021484375
482196,45.59326171875
482208,49.01123046875
482226,24.5361328125
482254,47.05810546875
482281,33.8134765625
482291,31.55517578125
482317,41.32080078125
482353,44.12841796875
482365,23.25439453125
482396,31.79931640625
482416,35.09521484375
482452,49.1943359375
482484,54.6875
482525,46.9970703125
482537,30.45654296875
482563,40.46630859375
482599,44.43359375
482620,31.06689453125
482647,52.8564453125
482665,30.76171875
482687,38.0859375
482717,26.2451171875
482727,37.90283203125
482764,25.0244140625
482827,50.47607421875
482857,36.0107421875
482874,41.9921875
482928,51.20849609375
482949,28.25927734375
482982,45.47119140625
483003,23.62060546875
483022,26.4892578125
483034,49.49951171875
483095,39.306640625
483157,46.38671875
483221,47.36328125
483255,33.75244140625
483280,61.6455078125
483337,27.9541015625
483349,36.9873046875
483413,48.583984375
483436,25.2685546875
483464,31.005859375
483484,47.7294921875
483501,26.611328125
483548,45.59326171875
483587,28.3203125
483618,47.8515625
483681,50.84228515625
483751,28.80859375
483871,54.3212890625
483944,47.91259765625
484012,41.6259765625
484079,47.42431640625
484153,48.40087890625
484283,26.0009765625
484385,41.748046875
484407,23.193359375
484461,45.41015625
484528,39.55078125
484597,42.724609375
484679,53.64990234375
484825,35.2783203125
484901,27.40478515625
484955,50.537109375
484971,25.32958984375
485035,47.18017578125
485116,49.37744140625
485191,23.62060546875
485254,24.169921875
485269,53.22265625
485347,44.86083984375
485433,47.119140625
485524,38.4521484375
485613,45.5322265625
485814,46.93603515625
485910,40.283203125
485949,24.90234375
485996,46.9970703125
486076,41.80908203125
486181,50.23193359375
486268,47.91259765625
486298,26.85546875
486354,43.76220703125
486434,47.607421875
486523,40.1611328125
486617,50.1708984375
486628,26.123046875
486715,46.69189453125
486812,41.015625
486905,50.6591796875
487009,53.89404296875
487110,45.8984375
487203,45.34912109375
487299,49.86572265625
487541,42.48046875
487635,46.20361328125
487834,49.8046875
487953,48.64501953125
488056,45.34912109375
488134,28.01513671875
488272,46.20361328125
488380,53.16162109375
488439,25.93994140625
488524,42.8466796875
488645,55.11474609375
488765,49.37744140625
488883,50.35400390625
489012,49.9267578125
489130,66.22314453125
489249,46.630859375
489380,51.7578125
489521,47.36328125
489803,45.654296875
489937,51.1474609375
490093,48.583984375
490205,51.26953125
490357,50.78125
490523,44.921875
490868,50.72021484375
491044,52.79541015625
491383,54.13818359375
491564,54.8095703125
491737,53.955078125
491902,46.2646484375
492204,51.33056640625
492412,45.34912109375
492617,44.189453125
492858,46.69189453125
494702,59.02099609375
494999,56.7626953125
506901,40.52734375
514050,44.61669921875
514150,51.57470703125
539083,59.2041015625
539182,24.7802734375
539216,29.11376953125
539234,25.634765625
539251,52.001953125
539304,29.6630859375
539319,39.36767578125
539349,72.69287109375
539378,23.25439453125
539390,63.41552734375
539422,27.40478515625
539448,31.67724609375
539467,31.79931640625
539489,57.18994140625
539500,38.63525390625
539526,29.84619140625
539552,36.376953125
539588,53.28369140625
539600,62.6220703125
539622,82.8857421875
539645,68.115234375
539678,103.3935546875
539709,39.55078125
539723,76.171875
539733,68.05419921875
539758,52.67333984375
539769,85.205078125
539795,68.66455078125
539806,64.8193359375
539824,66.40625
539844,31.18896484375
539856,34.72900390625
539877,45.654296875
539895,43.701171875
539907,30.94482421875
539922,31.79931640625
539963,57.861328125
539984,51.81884765625
540015,40.46630859375
540026,30.8837890625
540050,39.306640625
540068,36.0107421875
540091,52.55126953125
540106,47.54638671875
540137,67.44384765625
540166,32.1044921875
540197,63.90380859375
540233,54.6875
540264,65.49072265625
540280,23.74267578125
540300,28.076171875
540310,30.8837890625
540340,41.44287109375
540356,28.99169921875
540382,42.90771484375
540427,54.26025390625
540449,27.28271484375
540464,65.12451171875
540498,24.23095703125
540508,45.47119140625
540553,49.6826171875
540564,24.90234375
540606,39.36767578125
540657,45.166015625
540711,49.31640625
540725,26.30615234375
540756,24.10888671875
540768,43.88427734375
540798,32.2265625
540825,49.62158203125
540884,60.97412109375
540908,23.25439453125
540944,61.70654296875
540966,36.19384765625
540983,23.74267578125
541012,36.92626953125
541082,40.4052734375
541141,30.70068359375
541151,49.13330078125
541220,49.13330078125
541288,58.28857421875
541364,46.38671875
541428,25.5126953125
541512,46.44775390625
541570,26.0009765625
541617,25.20751953125
541648,55.48095703125
541717,57.92236328125
541801,45.95947265625
541875,51.6357421875
542193,54.6875
542274,47.91259765625
542360,41.1376953125
542447,36.19384765625
542525,47.05810546875
542613,44.5556640625
542702,38.9404296875
542967,52.1240234375
543048,55.48095703125
543287,24.47509765625
543479,51.7578125
543571,52.91748046875
543669,49.1943359375
543763,53.40576171875
543868,55.0537109375
543962,42.3583984375
544060,38.39111328125
544161,54.19921875
544261,54.8095703125
544357,41.07666015625
544454,48.52294921875
544555,44.921875
544783,45.71533203125
544879,44.98291015625
545095,49.86572265625
545205,55.96923828125
545312,48.64501953125
545348,29.11376953125
545581,25.20751953125
545720,51.69677734375
545831,48.15673828125
545963,47.607421875
546087,49.01123046875
546226,47.9736328125
546365,44.00634765625
546504,47.7294921875
546648,42.8466796875
546777,40.6494140625
547026,44.3115234375
547320,48.64501953125
547655,41.68701171875
547829,48.095703125
548208,42.29736328125
548411,45.41015625
548818,45.0439453125
549498,49.13330078125
549717,49.4384765625
550538,46.38671875
618850,24.84130859375
1283489,23.5595703125
1441841,25.146484375
1445109,26.42822265625
1536712,51.08642578125
2160306,41.9921875
2249028,24.96337890625
2490416,44.61669921875
2514355,30.1513671875
2706358,28.38134765625
2708976,26.30615234375
2820910,25.634765625
2854937,25.69580078125
3434682,23.98681640625
3486921,58.89892578125
3503470,24.35302734375
3580586,24.23095703125
3588600,26.7333984375
3588779,23.13232421875
3588820,29.1748046875
3588918,26.06201171875
3588991,26.18408203125
3589062,31.92138671875
3589100,28.50341796875
3589156,34.423828125
3589199,27.099609375
3589236,23.86474609375
3589281,24.4140625
3589361,27.16064453125
3589536,29.60205078125
3589551,24.5361328125
4071020,36.31591796875
4644413,29.1748046875
4650786,28.80859375
