8999000,0
18196,36.31591796875
56328,36.376953125
181423,35.94970703125
365557,36.68212890625
392072,37.841796875
640343,37.2314453125
721568,36.19384765625
823211,36.62109375
848001,35.58349609375
911056,36.376953125
1193424,36.43798828125
1393487,36.9873046875
1723429,38.51318359375
1933576,41.748046875
2043009,35.82763671875
2369205,36.1328125
2469887,37.65869140625
2676325,40.8935546875
2758350,38.14697265625
2838180,37.7197265625
2967163,36.56005859375
3033662,35.46142578125
3125182,35.82763671875
3216155,39.97802734375
3238194,36.43798828125
3282537,38.57421875
3416157,37.4755859375
3474890,37.9638671875
3510065,37.17041015625
3626800,40.771484375
3691316,35.94970703125
3772999,35.58349609375
3929434,38.4521484375
4207157,38.330078125
4353417,39.4287109375
4616140,36.2548828125
4655474,43.76220703125
4714299,35.888671875
4858606,36.68212890625
5016107,36.62109375
5075611,35.888671875
5166792,37.53662109375
5304318,35.58349609375
5365756,38.6962890625
5403217,36.80419921875
5660798,37.353515625
5825952,36.56005859375
5997312,37.04833984375
6055947,35.888671875
6479515,43.15185546875
6742836,37.53662109375
6826761,35.5224609375
6934579,35.7666015625
6980995,36.31591796875
7230112,44.73876953125
7468491,39.794921875
7488496,36.2548828125
7652155,36.43798828125
7708932,36.4990234375
7858330,36.43798828125
7880010,36.92626953125
8098934,37.17041015625
8250871,35.46142578125
8406889,36.80419921875
8627935,37.2314453125
8661842,35.46142578125
8760312,37.17041015625
8908669,40.58837890625
