8999000,0
2773,54.99267578125
7898,56.21337890625
15053,57.861328125
15512,37.59765625
18926,56.5185546875
24624,56.33544921875
33700,36.0107421875
40358,36.376953125
40380,50.72021484375
45523,56.15234375
50201,49.1943359375
58399,59.26513671875
60161,56.09130859375
64756,41.32080078125
67124,57.4951171875
71917,53.3447265625
77814,50.84228515625
82216,62.744140625
87072,54.74853515625
89311,36.1328125
94540,55.84716796875
97846,46.0205078125
105637,56.0302734375
107658,34.97314453125
110440,55.35888671875
119607,48.76708984375
123472,61.46240234375
129352,48.76708984375
131962,32.71484375
136333,54.0771484375
140380,46.69189453125
146509,57.18994140625
152249,62.5
155758,43.3349609375
156664,46.32568359375
163341,50.537109375
168538,53.7109375
173041,34.0576171875
173778,52.24609375
179658,53.8330078125
180820,33.50830078125
187276,58.10546875
193603,66.2841796875
197318,60.85205078125
204175,51.3916015625
204429,37.41455078125
210689,53.8330078125
216488,49.62158203125
217735,35.70556640625
219823,32.3486328125
220674,48.4619140625
226833,55.908203125
228045,37.841796875
231333,58.04443359375
235506,45.59326171875
242248,54.3212890625
246783,47.607421875
251138,37.29248046875
251280,51.1474609375
258128,52.42919921875
263025,50.78125
269654,51.45263671875
272525,36.0107421875
273919,54.19921875
281157,53.52783203125
289019,60.4248046875
295297,56.0302734375
296969,34.11865234375
301574,56.5185546875
305324,55.908203125
312630,56.82373046875
319148,58.89892578125
321437,39.12353515625
326427,55.0537109375
331004,50.35400390625
336352,54.13818359375
343010,52.30712890625
343406,35.58349609375
350514,54.38232421875
355183,52.6123046875
362873,52.001953125
370194,55.84716796875
375801,52.67333984375
382157,54.8095703125
388163,43.76220703125
392678,44.5556640625
398110,52.001953125
403930,44.25048828125
408627,54.38232421875
408714,33.99658203125
413861,53.7109375
421678,55.5419921875
428613,46.93603515625
433754,63.41552734375
439336,58.04443359375
447141,51.57470703125
455804,46.5087890625
460328,55.0537109375
465399,64.3310546875
475209,58.77685546875
477884,36.2548828125
480772,59.26513671875
487732,53.7109375
494358,51.513671875
499370,39.4287109375
499826,59.99755859375
507947,54.0771484375
513164,31.92138671875
514759,41.80908203125
518714,55.908203125
525912,51.94091796875
534480,55.5419921875
535850,34.5458984375
540990,55.908203125
547832,61.09619140625
556376,51.94091796875
564976,51.8798828125
570565,60.546875
577141,34.97314453125
580149,58.4716796875
587424,49.8046875
594447,52.06298828125
600117,40.46630859375
601535,58.41064453125
611268,46.5087890625
618053,47.7294921875
622457,33.63037109375
624632,56.70166015625
633447,57.12890625
642583,48.15673828125
648015,40.771484375
650487,54.13818359375
657765,51.513671875
665058,50.10986328125
671390,36.1328125
674982,51.3916015625
685144,60.11962890625
691953,43.39599609375
693975,52.734375
703036,46.875
710109,48.7060546875
711212,42.90771484375
717305,57.6171875
725792,53.52783203125
731186,54.0771484375
735714,34.85107421875
738091,50.72021484375
744774,59.14306640625
751946,58.53271484375
758517,57.55615234375
765429,47.9736328125
772206,55.72509765625
780399,59.9365234375
782733,32.3486328125
788514,47.9736328125
793898,53.77197265625
803115,57.4951171875
809065,35.70556640625
814559,52.3681640625
823497,56.09130859375
830967,49.13330078125
833907,35.0341796875
837904,50.84228515625
844731,50.23193359375
852043,46.93603515625
859312,53.22265625
865516,53.955078125
873929,54.74853515625
879432,56.21337890625
883205,33.69140625
886193,55.60302734375
894120,56.884765625
905197,57.43408203125
906580,39.0625
911301,61.6455078125
918680,50.6591796875
925874,62.98828125
932893,43.76220703125
933996,62.92724609375
940612,55.84716796875
947242,55.23681640625
955989,48.64501953125
958954,36.9873046875
959060,53.64990234375
966530,57.0068359375
972786,57.67822265625
982154,45.47119140625
982461,37.29248046875
988837,57.80029296875
995780,53.28369140625
1000077,53.955078125
1005900,43.701171875
1012455,56.884765625
1015840,51.3916015625
1025305,46.2646484375
1031909,33.26416015625
1034012,48.52294921875
1041968,49.9267578125
1050400,58.53271484375
1054769,50.29296875
1058459,35.46142578125
1064600,54.5654296875
1070808,66.7724609375
1078765,51.3916015625
1085566,41.32080078125
1087304,58.2275390625
1092765,54.87060546875
1099062,56.15234375
1108668,59.6923828125
1109884,39.306640625
1116837,61.09619140625
1126407,52.978515625
1133331,50.72021484375
1136458,42.6025390625
1141497,53.8330078125
1148422,63.3544921875
1158443,57.4951171875
1159551,40.4052734375
1166711,47.54638671875
1172693,57.55615234375
1178524,49.62158203125
1185374,52.79541015625
1191003,54.931640625
1203165,57.43408203125
1211467,56.09130859375
1217320,48.64501953125
1226102,53.28369140625
1234357,53.64990234375
1236251,36.68212890625
1241136,43.8232421875
1247366,49.9267578125
1256146,50.35400390625
1265336,58.349609375
1273060,54.0771484375
1279607,50.537109375
1288159,33.63037109375
1290160,55.48095703125
1297718,55.84716796875
1302376,54.5654296875
1311432,55.60302734375
1313790,31.73828125
1318872,52.79541015625
1325456,57.43408203125
1330235,50.9033203125
1339613,41.259765625
1340425,54.443359375
1347961,55.84716796875
1358136,58.77685546875
1362354,49.13330078125
1365161,32.71484375
1371044,55.7861328125
1378395,57.7392578125
1384555,56.5185546875
1390489,36.19384765625
1391804,55.84716796875
1399342,50.048828125
1406481,55.6640625
1412576,58.04443359375
1414460,39.0625
1419886,54.99267578125
1430045,52.3681640625
1437614,62.68310546875
1444770,60.85205078125
1453538,53.28369140625
1461655,59.38720703125
1467785,37.53662109375
1469978,62.43896484375
1476836,63.04931640625
1484163,55.11474609375
1493096,58.9599609375
1497549,38.6962890625
1503290,49.9267578125
1512243,55.6640625
1519721,61.5234375
1523919,36.1328125
1526496,48.583984375
1535644,57.67822265625
1542911,57.92236328125
1547424,35.2783203125
1548675,54.931640625
1556956,61.767578125
1563321,62.80517578125
1568013,36.31591796875
1568957,33.3251953125
1573177,50.537109375
1580712,47.119140625
1589669,51.26953125
1589757,34.97314453125
1598648,50.96435546875
1605774,48.7060546875
1616379,61.279296875
1621474,52.6123046875
1634137,59.38720703125
1639553,44.189453125
1641138,55.23681640625
1649421,51.1474609375
1658541,61.1572265625
1661536,54.19921875
1668636,48.2177734375
1675261,60.11962890625
1682601,54.19921875
1689324,34.423828125
1690551,58.53271484375
1698488,53.5888671875
1705501,53.52783203125
1711978,34.66796875
1712004,61.4013671875
1714205,38.26904296875
1721321,52.6123046875
1728341,55.48095703125
1736824,37.4755859375
1738109,61.21826171875
1747061,58.04443359375
1753760,62.80517578125
1759935,49.8046875
1763981,41.80908203125
1768906,55.419921875
1775034,57.12890625
1783057,62.31689453125
1787786,59.08203125
1790930,45.95947265625
1795940,60.05859375
1801631,56.21337890625
1809486,56.45751953125
1817673,52.91748046875
1818200,46.38671875
1819319,31.79931640625
1825628,56.33544921875
1835847,63.41552734375
1843838,55.48095703125
1845775,39.0625
1853589,60.05859375
1860258,54.26025390625
1868353,56.57958984375
1871149,32.71484375
1873937,56.884765625
1882235,54.99267578125
1888032,55.23681640625
1894637,55.72509765625
1898631,37.41455078125
1902871,53.52783203125
1910653,59.99755859375
1918361,54.38232421875
1925431,43.5791015625
1930599,59.14306640625
1932192,47.42431640625
1943359,62.19482421875
1949967,48.03466796875
1953492,33.14208984375
1955578,53.3447265625
1963338,56.33544921875
1969184,34.66796875
1971566,64.3310546875
1977141,33.203125
1977775,62.31689453125
1988121,54.13818359375
1994425,56.7626953125
2000725,53.89404296875
2001994,42.78564453125
2008071,55.5419921875
2013598,59.9365234375
2021476,33.203125
2022550,56.640625
2029404,60.60791015625
2031140,39.61181640625
2035927,60.4248046875
2042410,66.95556640625
2044142,49.74365234375
2055230,62.56103515625
2056213,45.2880859375
2064021,67.626953125
2070818,52.3681640625
2077321,57.31201171875
2083406,38.51318359375
2084448,59.08203125
2095347,54.87060546875
2098731,52.978515625
2107933,48.33984375
2111075,38.39111328125
2112567,52.6123046875
2118643,55.96923828125
2125609,54.62646484375
2133746,51.7578125
2138549,38.9404296875
2141726,55.96923828125
2145283,62.5
2155010,55.23681640625
2162549,59.326171875
2164239,39.0625
2170167,52.55126953125
2175999,56.57958984375
2184040,52.001953125
2188492,54.99267578125
2190039,38.02490234375
2194732,32.8369140625
2195239,50.47607421875
2202311,55.5419921875
2209269,64.94140625
2214864,57.80029296875
2218639,36.376953125
2221595,53.64990234375
2229321,59.2041015625
2235047,58.04443359375
2243564,54.38232421875
2246462,35.400390625
2251103,55.7861328125
2255810,53.52783203125
2264972,58.349609375
2271462,57.55615234375
2277880,61.82861328125
2285426,54.50439453125
2288529,32.28759765625
2291184,52.8564453125
2297733,58.16650390625
2303301,38.51318359375
2305735,58.59375
2309328,57.861328125
2317089,57.12890625
2323429,55.6640625
2329724,59.02099609375
2330699,39.97802734375
2336511,58.16650390625
2340761,32.470703125
2344114,59.08203125
2350027,63.90380859375
2356712,59.6923828125
2359286,41.259765625
2365703,57.6171875
2370659,55.908203125
2376874,57.31201171875
2384164,57.18994140625
2386495,38.818359375
2389627,59.02099609375
2396143,52.6123046875
2402230,56.82373046875
2408813,57.4951171875
2414816,37.29248046875
2415295,61.6455078125
2421950,54.8095703125
2428978,53.16162109375
2435446,66.0400390625
2437319,50.35400390625
2442267,39.36767578125
2446545,51.33056640625
2454060,56.45751953125
2460396,50.9033203125
2466905,63.1103515625
2470072,45.2880859375
2472288,57.6171875
2478321,62.98828125
2482392,57.6171875
2489422,61.6455078125
2496142,56.7626953125
2498662,36.865234375
2501794,53.22265625
2509940,54.0771484375
2515023,51.81884765625
2522365,58.10546875
2526963,37.53662109375
2527526,63.04931640625
2531102,52.67333984375
2537762,49.49951171875
2544989,54.443359375
2551348,54.01611328125
2553312,31.79931640625
2553597,33.50830078125
2557568,57.55615234375
2560765,54.50439453125
2569064,50.9033203125
2572741,65.36865234375
2579062,62.01171875
2579713,37.29248046875
2581131,54.8095703125
2591168,58.7158203125
2597033,54.50439453125
2604799,33.14208984375
2607621,40.6494140625
2611630,61.58447265625
2616647,54.3212890625
2622662,46.44775390625
2629753,57.0068359375
2636003,59.75341796875
2636883,40.771484375
2640883,58.89892578125
2649523,55.5419921875
2655620,63.90380859375
2661478,37.353515625
2661514,53.77197265625
2670404,56.7626953125
2672900,54.50439453125
2679015,51.513671875
2689988,41.07666015625
2690449,58.16650390625
2692751,57.9833984375
2701618,55.84716796875
2706262,62.80517578125
2710681,56.09130859375
2716406,60.1806640625
2720691,32.8369140625
2723803,66.34521484375
2730560,67.0166015625
2735407,64.02587890625
2737197,35.46142578125
2742768,60.546875
2747661,58.77685546875
2750238,39.00146484375
2751109,55.17578125
2757724,65.5517578125
2760132,55.17578125
2769997,59.75341796875
2770111,33.63037109375
2771782,52.8564453125
2778273,55.2978515625
2779883,38.51318359375
2781104,32.71484375
2781838,51.33056640625
2786880,58.59375
2792639,55.84716796875
2798157,54.50439453125
2806602,55.5419921875
2810417,47.9736328125
2813340,62.1337890625
2815149,47.4853515625
2823653,58.9599609375
2828800,32.16552734375
2830650,53.955078125
2834075,51.26953125
2840408,40.771484375
2842497,60.97412109375
2847962,52.490234375
2851841,53.89404296875
2859464,51.513671875
2864715,37.04833984375
2865087,52.18505859375
2873353,59.38720703125
2879633,58.53271484375
2884204,52.79541015625
2886597,32.2265625
2890334,59.9365234375
2895401,44.00634765625
2897363,54.01611328125
2902301,64.208984375
2908555,48.03466796875
2912535,52.67333984375
2920264,57.7392578125
2924251,40.283203125
2925327,55.72509765625
2928161,32.89794921875
2929973,61.34033203125
2935213,59.99755859375
2942421,64.208984375
2946780,59.2041015625
2953445,58.349609375
2953854,42.48046875
2959835,56.21337890625
2964960,56.0302734375
2969631,61.6455078125
2973296,34.11865234375
2977663,59.6923828125
2982388,56.5185546875
2986320,40.71044921875
2987459,54.74853515625
2995426,32.16552734375
3001579,55.72509765625
3001624,33.3251953125
3006181,53.5888671875
3010668,60.546875
3013792,42.54150390625
3017234,53.16162109375
3021470,51.3916015625
3022620,32.28759765625
3022669,38.63525390625
3028200,57.31201171875
3033448,53.28369140625
3036023,42.6025390625
3044107,64.14794921875
3046662,32.28759765625
3049432,59.14306640625
3053424,50.29296875
3054037,40.34423828125
3059945,56.94580078125
3067183,54.62646484375
3070739,54.87060546875
3077766,64.3310546875
3078618,49.560546875
3086645,57.55615234375
3087625,42.3583984375
3091542,58.349609375
3094982,55.2978515625
3098891,57.31201171875
3101321,33.02001953125
3103909,58.10546875
3110113,33.02001953125
3112148,61.4013671875
3115171,46.630859375
3118024,52.67333984375
3123445,56.70166015625
3127511,56.396484375
3133598,55.7861328125
3137643,55.419921875
3141687,55.419921875
3143720,36.31591796875
3147436,56.45751953125
3152704,59.38720703125
3155031,53.28369140625
3162803,59.63134765625
3168629,59.14306640625
3173311,55.72509765625
3178094,39.1845703125
3179484,62.07275390625
3185690,54.13818359375
3191449,57.18994140625
3196379,57.2509765625
3203695,64.27001953125
3206655,44.921875
3207275,54.26025390625
3212404,60.302734375
3216526,59.9365234375
3219709,32.28759765625
3222127,65.5517578125
3226478,57.9833984375
3231586,58.7158203125
3237299,55.48095703125
3237783,35.21728515625
3241280,56.0302734375
3243035,31.8603515625
3246384,57.43408203125
3252756,67.81005859375
3253827,56.45751953125
3260827,61.279296875
3265865,60.05859375
3266457,35.82763671875
3271626,64.14794921875
3274787,38.02490234375
3276700,58.89892578125
3281831,53.28369140625
3287083,59.87548828125
3292178,63.65966796875
3296937,59.9365234375
3303219,56.0302734375
3303852,44.61669921875
3309061,60.97412109375
3312732,59.6923828125
3320093,60.72998046875
3322074,32.470703125
3323129,54.74853515625
3329975,54.62646484375
3332921,46.7529296875
3334631,57.80029296875
3339644,64.02587890625
3340636,56.0302734375
3348833,62.68310546875
3352390,59.6923828125
3352856,35.2783203125
3358908,53.77197265625
3362355,33.75244140625
3362425,61.70654296875
3366121,49.62158203125
3368522,65.49072265625
3374348,60.546875
3380864,59.08203125
3382990,53.955078125
3389036,32.3486328125
3389344,35.21728515625
3396129,57.80029296875
3397336,46.93603515625
3398827,60.05859375
3406066,61.279296875
3409364,52.3681640625
3412896,50.9033203125
3421135,60.85205078125
3424177,44.37255859375
3424851,52.3681640625
3428838,55.0537109375
3432879,34.24072265625
3436340,59.63134765625
3442832,55.6640625
3446846,52.001953125
3450472,56.2744140625
3455870,35.46142578125
3457396,37.04833984375
3458195,60.36376953125
3461410,53.64990234375
3464270,35.64453125
3466147,33.75244140625
3470356,35.64453125
3471838,58.16650390625
3472303,33.38623046875
3477301,59.14306640625
3479658,51.025390625
3485695,64.8193359375
3486298,32.71484375
3489983,59.9365234375
3495728,53.40576171875
3496638,40.6494140625
3499322,51.94091796875
3505088,59.9365234375
3506802,31.92138671875
3509402,64.63623046875
3517453,66.40625
3520337,57.2509765625
3525344,33.63037109375
3526178,32.5927734375
3529631,56.0302734375
3530472,42.724609375
3535777,63.3544921875
3540482,59.02099609375
3542962,63.90380859375
3550113,52.30712890625
3554013,51.8798828125
3559834,50.6591796875
3559930,69.76318359375
3566557,58.65478515625
3570903,58.10546875
3574702,60.48583984375
3579285,48.828125
3584515,64.453125
3588996,56.94580078125
3590153,41.015625
3593409,52.978515625
3597784,56.15234375
3600046,34.423828125
3603674,50.9033203125
3605248,48.76708984375
3611734,61.34033203125
3617919,52.001953125
3620147,57.67822265625
3621547,35.94970703125
3625822,60.05859375
3631633,59.5703125
3636414,68.78662109375
3642345,54.50439453125
3644757,56.0302734375
3652020,62.1337890625
3652220,33.99658203125
3655243,33.5693359375
3655335,56.2744140625
3658987,59.2041015625
3661080,43.5791015625
3663412,57.0068359375
3666861,34.97314453125
3667971,67.07763671875
3673262,63.65966796875
3677181,66.71142578125
3682687,55.48095703125
3688706,50.4150390625
3689857,53.64990234375
3690179,42.41943359375
3691170,36.92626953125
3698647,65.85693359375
3703835,68.29833984375
3707765,57.373046875
3714365,55.2978515625
3718018,56.640625
3719035,34.423828125
3722134,44.73876953125
3724415,64.8193359375
3726167,61.46240234375
3729982,54.6875
3735427,51.513671875
3742531,63.53759765625
3744479,61.279296875
3749543,54.26025390625
3753907,41.56494140625
3755376,54.5654296875
3760773,61.4013671875
3764333,60.36376953125
3768061,63.65966796875
3773944,70.556640625
3774981,52.42919921875
3781603,37.7197265625
3781695,59.26513671875
3783766,40.1611328125
3786860,50.6591796875
3790422,51.3916015625
3795969,32.5927734375
3796535,60.97412109375
3799371,34.11865234375
3799731,51.20849609375
3800195,32.8369140625
3804437,59.02099609375
3809953,63.3544921875
3814500,33.935546875
3815445,53.466796875
3819856,64.75830078125
3822829,34.48486328125
3823946,58.4716796875
3826465,31.79931640625
3827941,56.2744140625
3835216,53.466796875
3841146,59.326171875
3843892,49.6826171875
3844352,40.95458984375
3849426,50.537109375
3853036,52.978515625
3860034,53.3447265625
3862987,34.3017578125
3864038,58.41064453125
3867221,59.4482421875
3871883,60.72998046875
3878489,36.07177734375
3879771,37.41455078125
3881914,36.80419921875
3883486,52.8564453125
3886415,57.4951171875
3892593,58.53271484375
3896416,62.98828125
3904063,61.279296875
3907132,53.03955078125
3907880,43.02978515625
3909242,32.65380859375
3909824,47.54638671875
3914422,53.16162109375
3920152,55.7861328125
3924985,61.58447265625
3929338,33.50830078125
3930288,51.6357421875
3937755,42.54150390625
3938210,35.888671875
3940437,50.537109375
3946714,57.373046875
3947736,46.32568359375
3949000,32.71484375
3955616,57.373046875
3959764,53.16162109375
3962667,59.63134765625
3968571,33.8134765625
3969292,56.396484375
3972122,55.96923828125
3972743,33.14208984375
3974224,40.46630859375
3977224,34.24072265625
3981997,54.38232421875
3984025,52.24609375
3990096,54.931640625
3992749,34.60693359375
3993649,52.001953125
3997150,51.20849609375
4003324,46.32568359375
4004231,60.791015625
4004626,36.7431640625
4007613,56.396484375
4007804,33.14208984375
4013148,54.38232421875
4018871,56.640625
4022134,59.814453125
4026476,53.466796875
4033026,63.17138671875
4036238,35.400390625
4036965,60.85205078125
4040123,50.72021484375
4045982,60.36376953125
4051547,31.73828125
4053104,54.6875
4057891,55.84716796875
4062653,58.837890625
4069550,32.958984375
4069959,40.83251953125
4070989,60.72998046875
4077471,55.72509765625
4082851,52.42919921875
4085224,56.09130859375
4091247,60.6689453125
4097318,70.73974609375
4099714,54.87060546875
4099755,44.921875
4103270,45.47119140625
4110880,61.767578125
4113447,66.7724609375
4119508,57.92236328125
4123795,54.8095703125
4127972,60.36376953125
4129649,39.97802734375
4133912,51.08642578125
4140684,58.89892578125
4140958,35.09521484375
4144183,56.396484375
4146488,34.1796875
4148226,56.09130859375
4152362,59.814453125
4158082,59.75341796875
4164356,62.07275390625
4165337,50.96435546875
4167401,49.62158203125
4172811,59.38720703125
4177505,57.31201171875
4181111,49.1943359375
4182741,32.470703125
4184699,56.70166015625
4188934,33.99658203125
4190162,58.41064453125
4192196,53.40576171875
4193061,32.16552734375
4195043,32.1044921875
4195290,32.28759765625
4199700,59.814453125
4202967,37.41455078125
4203675,60.9130859375
4208861,63.1103515625
4209449,34.11865234375
4211800,56.640625
4216262,64.51416015625
4217120,31.67724609375
4219311,48.27880859375
4226173,60.24169921875
4226330,47.79052734375
4230198,62.01171875
4237021,61.58447265625
4241932,60.546875
4244849,59.5703125
4246321,36.1328125
4248890,47.607421875
4253660,51.3916015625
4259043,47.30224609375
4259198,63.4765625
4263704,65.12451171875
4267526,55.6640625
4268755,55.6640625
4276999,61.4013671875
4279632,63.41552734375
4284445,54.8095703125
4287393,37.04833984375
4288432,61.70654296875
4290385,32.470703125
4294358,60.546875
4298845,63.29345703125
4302135,51.69677734375
4304496,34.423828125
4305133,53.28369140625
4311878,64.697265625
4313072,54.87060546875
4317805,34.60693359375
4320703,54.8095703125
4325131,63.41552734375
4329292,60.4248046875
4334956,64.8193359375
4339708,56.33544921875
4341513,49.01123046875
4342389,33.99658203125
4348751,63.04931640625
4349641,39.9169921875
4352389,62.19482421875
4357675,64.453125
4360481,53.1005859375
4369192,58.349609375
4372371,61.8896484375
4375086,61.5234375
4375903,38.51318359375
4381006,57.373046875
4383729,61.82861328125
4389978,57.373046875
4392394,58.28857421875
4398673,57.18994140625
4402913,57.2509765625
4408433,48.76708984375
4408828,52.91748046875
4412305,65.12451171875
4416302,60.60791015625
4421578,54.50439453125
4423521,32.40966796875
4426805,32.71484375
4429778,36.07177734375
4431445,59.9365234375
4433270,47.9736328125
4437895,51.33056640625
4444244,56.884765625
4444595,44.677734375
4445870,59.2041015625
4451250,32.65380859375
4457250,62.5
4460171,54.13818359375
4462312,42.6025390625
4465726,57.6171875
4468933,50.537109375
4472647,59.08203125
4475719,42.3583984375
4478606,58.4716796875
4484212,58.9599609375
4487522,55.48095703125
4488477,46.93603515625
4496923,63.04931640625
4498096,50.96435546875
4500883,33.50830078125
4503417,54.443359375
4503961,31.73828125
4505403,36.31591796875
4508338,52.06298828125
4512206,31.73828125
4513309,58.10546875
4516461,66.58935546875
4520989,57.31201171875
4528637,65.36865234375
4529810,56.396484375
4529894,35.888671875
4534553,60.11962890625
4537566,44.5556640625
4539436,49.98779296875
4541552,61.46240234375
4544014,35.5224609375
4547261,49.13330078125
4551214,35.888671875
4552273,51.1474609375
4554351,53.16162109375
4560133,48.88916015625
4567327,57.18994140625
4569369,33.203125
4569860,50.4150390625
4573042,53.5888671875
4577833,57.18994140625
4579584,57.55615234375
4580627,53.22265625
4588456,58.349609375
4592527,62.31689453125
4595475,48.40087890625
4598823,33.63037109375
4600723,57.0068359375
4601462,37.17041015625
4605155,59.75341796875
4610304,56.70166015625
4611299,57.55615234375
4619171,63.29345703125
4622944,54.443359375
4626148,48.88916015625
4627449,41.8701171875
4631882,57.861328125
4634754,54.0771484375
4640827,50.84228515625
4642999,56.640625
4648185,53.64990234375
4651656,57.373046875
4652599,39.794921875
4657355,57.6171875
4660312,52.734375
4666435,50.23193359375
4670869,55.2978515625
4673510,48.64501953125
4678458,51.1474609375
4680133,52.79541015625
4680265,44.12841796875
4687074,59.814453125
4689883,59.08203125
4690832,36.1328125
4697571,52.06298828125
4698944,56.5185546875
4703525,60.302734375
4708250,53.955078125
4711076,43.701171875
4712033,59.87548828125
4716899,59.08203125
4722646,41.44287109375
4723454,66.650390625
4725101,44.7998046875
4728732,56.09130859375
4736069,32.2265625
4739763,51.7578125
4740229,35.46142578125
4741319,52.978515625
4747880,55.17578125
4750140,56.70166015625
4756403,55.908203125
4758727,48.828125
4763464,52.55126953125
4767013,52.67333984375
4769999,42.17529296875
4771671,56.640625
4775470,59.75341796875
4780698,57.31201171875
4783716,54.8095703125
4788219,52.24609375
4792553,58.4716796875
4796552,60.24169921875
4796708,40.46630859375
4800437,59.814453125
4804251,57.67822265625
4809092,58.59375
4813922,68.78662109375
4818835,51.20849609375
4821194,58.89892578125
4825780,43.9453125
4825907,61.34033203125
4831114,45.83740234375
4835342,57.373046875
4838014,31.73828125
4839858,68.05419921875
4844199,53.64990234375
4847258,33.87451171875
4848636,42.3583984375
4854186,41.19873046875
4855619,63.4765625
4858134,50.84228515625
4864662,47.4853515625
4868843,67.56591796875
4870973,49.62158203125
4877072,62.80517578125
4880432,52.79541015625
4883570,47.79052734375
4884258,52.490234375
4888886,50.78125
4893561,61.4013671875
4896553,52.79541015625
4900981,54.8095703125
4903806,49.560546875
4908188,34.3017578125
4908207,47.18017578125
4909912,40.34423828125
4911901,55.5419921875
4916769,57.06787109375
4921112,52.55126953125
4926128,59.02099609375
4930618,58.53271484375
4935532,39.6728515625
4935731,64.39208984375
4938186,32.8369140625
4944411,33.203125
4944567,56.45751953125
4948464,62.68310546875
4951869,55.908203125
4955387,55.5419921875
4960290,52.24609375
4964007,38.4521484375
4964966,64.27001953125
4966842,65.4296875
4971946,54.38232421875
4976131,55.2978515625
4979733,56.09130859375
4985136,60.9130859375
4988633,31.79931640625
4992338,57.373046875
4992457,35.888671875
4997002,60.4248046875
5001994,57.55615234375
5005929,60.36376953125
5010278,60.11962890625
5013183,32.1044921875
5013684,53.1005859375
5019248,57.55615234375
5022008,51.08642578125
5023115,38.2080078125
5025843,53.89404296875
5031758,57.12890625
5034518,49.86572265625
5039732,52.91748046875
5044889,52.1240234375
5049687,51.81884765625
5050911,39.1845703125
5052717,50.35400390625
5058048,64.453125
5061043,61.03515625
5063863,34.3017578125
5065425,60.60791015625
5070552,54.62646484375
5071596,33.02001953125
5074285,55.6640625
5075821,32.5927734375
5076017,47.36328125
5077149,48.2177734375
5082036,55.419921875
5086758,58.53271484375
5090283,64.51416015625
5096197,55.48095703125
5099214,58.04443359375
5103964,37.29248046875
5105875,58.7158203125
5109672,58.9599609375
5116824,56.21337890625
5120334,63.53759765625
5124133,50.23193359375
5130116,58.89892578125
5131230,43.3349609375
5133152,52.3681640625
5135897,51.3916015625
5141895,55.0537109375
5145218,56.640625
5146231,43.8232421875
5152863,59.99755859375
5157783,37.53662109375
5158479,48.15673828125
5158974,35.70556640625
5159614,34.48486328125
5161547,50.78125
5166357,34.60693359375
5166382,58.4716796875
5170521,59.2041015625
5174768,57.0068359375
5181697,53.77197265625
5183111,44.49462890625
5183696,56.21337890625
5188681,63.96484375
5189562,32.40966796875
5193434,54.50439453125
5198709,56.82373046875
5202913,37.59765625
5202933,50.29296875
5207064,54.87060546875
5208534,37.29248046875
5212035,62.68310546875
5213988,54.13818359375
5220898,66.46728515625
5224422,57.861328125
5230738,63.1103515625
5234324,53.40576171875
5236697,46.9970703125
5238781,51.94091796875
5241867,56.7626953125
5245830,48.27880859375
5249933,54.5654296875
5256094,57.18994140625
5261019,61.09619140625
5263058,37.4755859375
5263677,53.1005859375
5269139,57.43408203125
5272676,53.1005859375
5278596,51.08642578125
5282035,55.6640625
5288184,51.08642578125
5291668,54.19921875
5292250,36.92626953125
5296421,61.21826171875
5299283,52.6123046875
5305643,54.99267578125
5308819,55.96923828125
5312016,55.419921875
5317785,53.1005859375
5321463,56.640625
5326784,60.24169921875
5332068,64.51416015625
5337034,58.59375
5341077,49.31640625
5341464,43.27392578125
5345681,58.89892578125
5351023,57.18994140625
5353871,58.10546875
5355377,31.67724609375
5360772,56.70166015625
5363253,49.560546875
5364793,36.43798828125
5370219,55.84716796875
5374294,59.38720703125
5377902,56.09130859375
5382114,60.97412109375
5385523,46.7529296875
5389438,38.02490234375
5390455,50.59814453125
5394604,33.203125
5396669,57.2509765625
5401875,65.3076171875
5406038,55.72509765625
5411315,58.53271484375
5414436,62.92724609375
5420266,56.94580078125
5421753,53.52783203125
5426528,54.62646484375
5431734,53.16162109375
5436163,53.52783203125
5441223,65.61279296875
5441366,37.17041015625
5443730,52.490234375
5445658,58.53271484375
5451588,32.5927734375
5453437,61.21826171875
5457849,54.5654296875
5459534,50.10986328125
5465658,54.931640625
5467057,44.189453125
5470513,56.33544921875
5474521,53.5888671875
5478684,55.5419921875
5483819,56.884765625
5488046,59.814453125
5489210,38.26904296875
5490939,34.5458984375
5490963,49.98779296875
5495656,59.14306640625
5499318,57.6171875
5504206,61.03515625
5508908,59.87548828125
5511207,40.1611328125
5511508,31.73828125
5515203,34.7900390625
5515532,61.46240234375
5521169,56.396484375
5525293,60.11962890625
5529749,49.86572265625
5534868,51.025390625
5539213,61.4013671875
5541427,55.0537109375
5542512,39.73388671875
5545563,59.814453125
5550725,51.1474609375
5555335,57.4951171875
5559348,59.326171875
5564765,58.10546875
5565453,35.46142578125
5566744,53.89404296875
5572311,56.33544921875
5575970,52.67333984375
5579943,38.75732421875
5581885,54.38232421875
5584977,58.59375
5589040,38.6962890625
5590302,56.33544921875
5592520,56.70166015625
5596610,62.43896484375
5603418,57.0068359375
5607993,52.67333984375
5611795,49.86572265625
5612087,38.818359375
5616232,60.1806640625
5619263,55.6640625
5622632,33.14208984375
5623921,66.34521484375
5627171,57.67822265625
5632112,55.96923828125
5635069,41.748046875
5638594,56.33544921875
5641015,55.7861328125
5646782,51.26953125
5650849,52.18505859375
5653970,54.443359375
5655950,38.87939453125
5659572,61.03515625
5663754,53.28369140625
5667563,56.21337890625
5672829,58.77685546875
5675321,54.26025390625
5677025,52.978515625
5678008,32.65380859375
5684628,61.279296875
5687743,53.16162109375
5694016,67.32177734375
5696093,50.23193359375
5700245,51.20849609375
5701495,37.78076171875
5705595,56.7626953125
5710238,53.77197265625
5714731,57.12890625
5718864,57.373046875
5722849,50.72021484375
5727016,36.80419921875
5727533,63.5986328125
5732005,56.82373046875
5735333,58.4716796875
5739700,51.26953125
5746425,56.09130859375
5748907,35.5224609375
5750306,51.94091796875
5755697,59.9365234375
5759694,51.45263671875
5764553,52.3681640625
5767448,37.78076171875
5770459,62.56103515625
5772962,51.45263671875
5779061,49.62158203125
5780859,52.490234375
5786419,39.48974609375
5787502,33.75244140625
5791462,59.814453125
5796494,59.814453125
5801200,59.63134765625
5804694,55.908203125
5805296,34.72900390625
5806538,38.330078125
5809821,57.861328125
5813679,53.89404296875
5819415,55.72509765625
5822628,32.40966796875
5825204,62.01171875
5827933,35.400390625
5829706,61.6455078125
5832876,54.931640625
5838251,57.80029296875
5843791,54.87060546875
5846610,51.57470703125
5850224,39.6728515625
5850900,56.82373046875
5852104,50.9033203125
5857894,52.6123046875
5863256,63.1103515625
5868043,52.42919921875
5870936,56.7626953125
5879331,63.1103515625
5882736,54.0771484375
5888101,56.09130859375
5893184,56.15234375
5896283,36.865234375
5899225,54.50439453125
5902806,48.76708984375
5906988,56.396484375
5912161,56.09130859375
5915247,56.94580078125
5920193,58.10546875
5924068,52.734375
5925590,41.6259765625
5928093,53.955078125
5933460,42.90771484375
5935365,55.72509765625
5942044,55.6640625
5945270,49.01123046875
5948334,62.5
5950547,36.0107421875
5954024,52.06298828125
5957728,57.12890625
5962965,51.94091796875
5964890,55.7861328125
5970899,33.69140625
5972400,35.33935546875
5977171,55.7861328125
5981637,62.5
5986123,54.443359375
5990768,60.05859375
5997044,58.2275390625
6002076,57.2509765625
6006651,57.9833984375
6011271,53.64990234375
6016657,56.94580078125
6017513,37.7197265625
6021774,59.75341796875
6024300,53.955078125
6030665,60.97412109375
6034284,60.9130859375
6035058,33.0810546875
6038996,54.87060546875
6041227,33.02001953125
6043508,60.1806640625
6047685,50.59814453125
6052694,60.60791015625
6057980,53.7109375
6062910,51.1474609375
6064855,43.45703125
6068028,64.27001953125
6072273,55.23681640625
6078572,53.1005859375
6081654,35.7666015625
6083054,50.72021484375
6089133,62.255859375
6092138,51.8798828125
6095739,50.96435546875
6100960,39.794921875
6102176,58.10546875
6105376,52.3681640625
6110504,52.18505859375
6116226,50.72021484375
6119116,52.30712890625
6123199,35.400390625
6124147,67.87109375
6126394,54.931640625
6132490,57.18994140625
6136144,35.400390625
6143044,58.16650390625
6143577,32.958984375
6145126,55.11474609375
6151088,58.41064453125
6155512,55.72509765625
6158407,58.04443359375
6162452,50.4150390625
6165647,34.24072265625
6166486,44.921875
6174075,48.7060546875
6175910,44.73876953125
6177002,44.12841796875
6180327,33.935546875
6181222,55.84716796875
6186853,50.23193359375
6191897,54.01611328125
6196075,57.31201171875
6198906,53.955078125
6199121,39.0625
6204961,64.51416015625
6206354,56.5185546875
6214085,58.41064453125
6218740,59.63134765625
6222327,48.52294921875
6228108,58.2275390625
6233682,62.92724609375
6237423,57.9833984375
6242853,57.18994140625
6243688,42.29736328125
6248728,56.15234375
6252908,49.86572265625
6259006,63.17138671875
6260943,50.35400390625
6268238,63.04931640625
6272111,46.875
6276598,58.2275390625
6280499,55.60302734375
6285676,57.55615234375
6289741,50.59814453125
6296153,65.49072265625
6302323,56.57958984375
6305327,56.45751953125
6307945,49.01123046875
6311251,42.78564453125
6316006,51.45263671875
6320103,51.513671875
6323401,53.955078125
6329566,54.50439453125
6334141,32.65380859375
6334440,51.8798828125
6335542,40.71044921875
6339237,54.5654296875
6342923,51.513671875
6346846,54.931640625
6352573,60.48583984375
6355946,39.0625
6357734,54.13818359375
6360555,53.16162109375
6366684,59.9365234375
6368489,54.8095703125
6373458,56.33544921875
6377391,37.841796875
6379066,47.66845703125
6382477,54.3212890625
6385971,49.86572265625
6391859,55.5419921875
6395801,52.67333984375
6401541,62.07275390625
6407396,57.6171875
6410071,56.94580078125
6415505,54.74853515625
6419270,49.01123046875
6424077,52.490234375
6428541,55.17578125
6432999,56.94580078125
6437204,54.931640625
6441717,52.55126953125
6441845,39.73388671875
6442405,31.8603515625
6445750,58.41064453125
6451128,52.001953125
6454108,55.60302734375
6460282,33.5693359375
6460488,32.65380859375
6465364,54.0771484375
6468348,55.84716796875
6475993,52.734375
6478496,46.08154296875
6482098,53.52783203125
6483255,41.68701171875
6484353,32.958984375
6488740,53.22265625
6492548,53.1005859375
6497157,54.0771484375
6500883,60.05859375
6504189,36.68212890625
6505552,51.6357421875
6509094,55.96923828125
6515475,58.16650390625
6518041,48.33984375
6523241,60.11962890625
6525568,51.45263671875
6525964,32.5927734375
6531887,60.302734375
6536964,61.03515625
6542803,58.41064453125
6546788,35.46142578125
6547939,54.38232421875
6548628,40.83251953125
6552275,57.31201171875
6559558,53.22265625
6561278,47.54638671875
6565733,53.52783203125
6569887,62.8662109375
6571750,35.7666015625
6575067,51.7578125
6578166,53.466796875
6583511,58.65478515625
6590057,34.423828125
6594717,55.11474609375
6599004,57.4951171875
6603453,64.27001953125
6608462,63.65966796875
6610382,68.2373046875
6617049,57.55615234375
6617523,36.19384765625
6622066,58.53271484375
6625512,53.77197265625
6630256,52.001953125
6634303,54.6875
6638527,53.64990234375
6644815,62.98828125
6648215,51.20849609375
6652712,53.22265625
6656577,34.85107421875
6658742,51.69677734375
6661563,54.87060546875
6666686,56.640625
6668789,52.91748046875
6676901,57.6171875
6678782,34.85107421875
6681821,58.77685546875
6686590,50.10986328125
6689529,52.55126953125
6696209,56.45751953125
6698121,37.9638671875
6701792,53.77197265625
6707090,51.45263671875
6710470,57.06787109375
6714065,46.9970703125
6718635,54.13818359375
6721717,36.0107421875
6722926,52.79541015625
6726589,52.55126953125
6730950,55.23681640625
6735375,57.373046875
6739063,60.1806640625
6743725,61.58447265625
6744597,41.9921875
6745286,32.53173828125
6748851,52.18505859375
6754694,54.19921875
6759062,58.65478515625
6764405,43.88427734375
6764546,53.40576171875
6767082,49.4384765625
6773318,54.19921875
6776032,49.560546875
6780589,52.3681640625
6783896,36.80419921875
6786490,60.36376953125
6791846,68.7255859375
6795736,55.7861328125
6802236,53.52783203125
6806157,40.8935546875
6806706,54.50439453125
6810827,36.31591796875
6815877,56.0302734375
6820713,57.9833984375
6825604,49.98779296875
6826152,35.82763671875
6829202,55.60302734375
6832380,49.072265625
6838371,56.82373046875
6843163,40.6494140625
6846382,34.423828125
6847046,55.35888671875
6853301,60.05859375
6856082,53.16162109375
6863680,62.1337890625
6867868,59.326171875
6867961,35.888671875
6875703,53.40576171875
6881333,55.5419921875
6884566,47.7294921875
6890247,44.00634765625
6890335,39.48974609375
6894180,43.76220703125
6899008,56.09130859375
6902506,51.26953125
6907834,54.3212890625
6911960,31.79931640625
6912219,32.2265625
6918338,60.36376953125
6922775,53.7109375
6923638,43.51806640625
6932070,52.8564453125
6932399,36.4990234375
6935758,57.4951171875
6937677,37.4755859375
6940524,58.4716796875
6943176,49.01123046875
6949016,57.31201171875
6952569,57.06787109375
6957443,52.06298828125
6957891,43.02978515625
6962909,49.9267578125
6968574,55.7861328125
6972780,53.89404296875
6975238,35.888671875
6975895,60.6689453125
6981159,52.734375
6984315,60.6689453125
6987167,53.89404296875
6992347,62.07275390625
6998747,55.0537109375
7002927,55.17578125
7004538,52.79541015625
7010800,64.697265625
7014868,58.349609375
7015017,33.26416015625
7019610,57.80029296875
7025077,57.80029296875
7028560,53.52783203125
7033453,39.24560546875
7034308,58.10546875
7039078,49.49951171875
7043195,58.59375
7049766,63.17138671875
7052685,57.80029296875
7055401,42.3583984375
7057652,45.166015625
7062937,59.326171875
7067510,47.54638671875
7071520,68.05419921875
7077492,40.771484375
7078456,58.41064453125
7081184,51.33056640625
7087720,57.9833984375
7089682,55.48095703125
7095834,51.7578125
7096528,41.93115234375
7098409,33.50830078125
7101005,60.72998046875
7105787,57.7392578125
7111622,57.06787109375
7117360,32.16552734375
7118343,32.71484375
7121376,56.33544921875
7128564,59.4482421875
7130694,33.3251953125
7132481,52.978515625
7136305,50.84228515625
7141351,31.67724609375
7147085,56.70166015625
7150411,36.92626953125
7151691,57.12890625
7155579,59.814453125
7158919,50.72021484375
7166575,54.01611328125
7169301,41.1376953125
7171349,61.82861328125
7172877,31.79931640625
7173053,52.24609375
7179893,50.4150390625
7184348,48.4619140625
7189012,31.982421875
7191360,51.33056640625
7195532,46.69189453125
7199366,62.07275390625
7204734,52.30712890625
7207142,38.2080078125
7210193,61.03515625
7212275,55.48095703125
7219555,59.2041015625
7224211,53.7109375
7228375,38.02490234375
7230666,57.373046875
7234486,54.38232421875
7238900,55.6640625
7246628,56.0302734375
7247393,36.2548828125
7250159,61.03515625
7253781,54.0771484375
7260520,59.6923828125
7264824,48.03466796875
7267243,56.45751953125
7267379,38.2080078125
7273014,59.50927734375
7276471,57.4951171875
7280758,52.79541015625
7285497,53.52783203125
7289594,55.84716796875
7289673,32.28759765625
7293844,52.24609375
7302412,31.92138671875
7307128,58.4716796875
7308514,56.94580078125
7312437,34.72900390625
7315433,53.77197265625
7320075,64.39208984375
7327964,59.6923828125
7330538,54.443359375
7334808,54.19921875
7339015,44.5556640625
7343316,52.79541015625
7350052,58.9599609375
7353185,35.21728515625
7354930,62.01171875
7359813,56.57958984375
7364691,57.373046875
7368550,42.54150390625
7371245,40.95458984375
7373015,61.767578125
7376861,52.18505859375
7383119,55.96923828125
7386708,55.908203125
7392106,51.7578125
7392245,38.330078125
7397965,41.80908203125
7402111,57.0068359375
7405945,54.443359375
7411902,55.48095703125
7414374,38.9404296875
7415710,58.16650390625
7419447,57.80029296875
7421110,33.447265625
7424622,53.955078125
7430745,57.67822265625
7433172,35.888671875
7435098,49.62158203125
7441593,60.97412109375
7446787,54.0771484375
7453323,62.43896484375
7454484,39.00146484375
7457470,48.88916015625
7460758,51.025390625
7464827,50.6591796875
7471133,49.31640625
7473714,33.203125
7475564,53.955078125
7482707,59.50927734375
7483373,39.306640625
7487215,51.94091796875
7491347,57.06787109375
7495545,53.28369140625
7499982,53.7109375
7503203,33.50830078125
7506059,57.92236328125
7511994,57.6171875
7515821,59.326171875
7520460,54.443359375
7525951,56.82373046875
7526080,33.69140625
7529660,51.81884765625
7535796,61.95068359375
7539688,54.87060546875
7544398,51.6357421875
7549604,60.302734375
7555281,50.9033203125
7560705,54.5654296875
7562083,31.67724609375
7565864,48.7060546875
7569878,60.791015625
7574137,50.47607421875
7578381,32.3486328125
7579304,57.80029296875
7585497,53.8330078125
7590916,58.28857421875
7595639,46.69189453125
7602858,61.767578125
7602942,35.0341796875
7607554,45.22705078125
7610141,60.36376953125
7615668,56.884765625
7622388,45.71533203125
7623491,31.8603515625
7626794,57.43408203125
7631855,61.5234375
7635996,54.01611328125
7641921,57.06787109375
7642050,38.0859375
7645027,54.87060546875
7651623,63.1103515625
7654962,51.08642578125
7657836,55.72509765625
7661082,32.65380859375
7664347,54.443359375
7668852,55.84716796875
7673962,55.17578125
7681370,55.908203125
7686589,54.6875
7691474,54.6875
7694108,35.7666015625
7694296,61.21826171875
7700464,50.59814453125
7705798,44.189453125
7709272,41.93115234375
7714923,33.26416015625
7716247,53.1005859375
7718206,58.53271484375
7723048,55.7861328125
7728463,54.0771484375
7734416,52.42919921875
7734589,32.2265625
7738648,48.15673828125
7743634,56.94580078125
7749733,57.31201171875
7753445,56.396484375
7754823,45.7763671875
7759147,51.57470703125
7765285,48.03466796875
7766986,58.65478515625
7774875,52.1240234375
7776825,37.841796875
7777153,55.5419921875
7782355,54.74853515625
7786571,58.41064453125
7791314,52.79541015625
7796293,33.447265625
7796606,52.8564453125
7801077,60.05859375
7805946,56.94580078125
7807984,33.75244140625
7808767,55.17578125
7813527,59.14306640625
7818853,36.1328125
7821662,60.85205078125
7826104,53.16162109375
7832055,55.48095703125
7836233,46.20361328125
7839733,38.02490234375
7841870,53.77197265625
7845490,55.11474609375
7851805,50.10986328125
7856089,51.57470703125
7859404,31.67724609375
7859750,57.373046875
7860594,32.470703125
7864576,47.119140625
7868580,53.28369140625
7872776,56.70166015625
7876699,54.01611328125
7880205,32.16552734375
7883658,58.89892578125
7886748,48.583984375
7891760,60.36376953125
7895719,33.8134765625
7895872,49.9267578125
7902147,60.4248046875
7905585,54.99267578125
7910107,53.03955078125
7914686,56.0302734375
7918814,54.443359375
7923701,58.53271484375
7923810,38.57421875
7928506,57.6171875
7934497,62.01171875
7938707,52.18505859375
7941819,36.80419921875
7942875,48.52294921875
7947938,56.70166015625
7952396,51.1474609375
7959172,54.931640625
7961773,36.376953125
7961851,56.33544921875
7965332,52.55126953125
7970003,47.2412109375
7975978,58.9599609375
7979312,54.13818359375
7981938,32.53173828125
7986802,59.38720703125
7991084,62.68310546875
7993682,44.61669921875
8000575,57.2509765625
8001945,34.912109375
8004562,56.94580078125
8009736,51.6357421875
8014627,59.26513671875
8020452,37.109375
8023074,34.36279296875
8024529,52.1240234375
8027732,53.64990234375
8035245,62.01171875
8040913,60.791015625
8042552,36.68212890625
8042988,52.91748046875
8048789,56.09130859375
8053609,53.28369140625
8058210,51.45263671875
8062387,45.7763671875
8068930,62.01171875
8071352,55.35888671875
8076899,53.77197265625
8078063,33.5693359375
8082420,56.70166015625
8083791,56.09130859375
8090764,56.0302734375
8094972,54.5654296875
8096208,37.59765625
8100995,50.6591796875
8105467,34.24072265625
8106833,57.9833984375
8108640,53.40576171875
8116331,61.279296875
8121061,49.25537109375
8126387,37.59765625
8128269,32.04345703125
8129671,43.39599609375
8136200,52.79541015625
8139696,56.45751953125
8144117,54.01611328125
8145433,40.52734375
8148931,52.6123046875
8153694,58.41064453125
8157961,53.28369140625
8160278,32.53173828125
8167362,52.30712890625
8170178,59.63134765625
8176075,42.78564453125
8176416,32.28759765625
8179596,50.47607421875
8183417,55.17578125
8188331,55.6640625
8194775,59.75341796875
8195160,37.59765625
8199896,32.5927734375
8203350,57.55615234375
8210758,54.443359375
8212458,35.21728515625
8215333,48.88916015625
8220768,55.5419921875
8225136,54.13818359375
8231401,53.03955078125
8232971,42.05322265625
8233950,37.65869140625
8236856,64.3310546875
8240735,56.94580078125
8244320,54.0771484375
8250801,52.3681640625
8253242,37.78076171875
8254378,51.57470703125
8259588,54.13818359375
8264089,57.55615234375
8268533,57.18994140625
8273116,55.84716796875
8274093,33.26416015625
8276391,54.26025390625
8281839,51.69677734375
8287122,48.9501953125
8293975,50.84228515625
8294659,32.16552734375
8299513,58.10546875
8304066,58.837890625
8310565,49.86572265625
8312261,48.583984375
8314640,31.73828125
8318605,56.82373046875
8321656,41.3818359375
8328097,33.87451171875
8332198,52.55126953125
8335317,35.0341796875
8337631,55.60302734375
8342992,51.3916015625
8350110,55.419921875
8353405,59.38720703125
8357907,35.2783203125
8357973,48.64501953125
8364052,57.18994140625
8369651,56.5185546875
8376832,57.373046875
8378236,54.26025390625
8379144,40.95458984375
8386325,53.52783203125
8391673,49.86572265625
8394412,36.0107421875
8395563,56.396484375
8400717,53.1005859375
8405064,54.443359375
8410504,57.18994140625
8411780,36.56005859375
8412077,51.3916015625
8417663,31.982421875
8422918,57.0068359375
8428351,62.56103515625
8430147,37.2314453125
8431131,50.10986328125
8435527,51.81884765625
8436149,34.72900390625
8442688,51.8798828125
8446872,50.96435546875
8451034,55.0537109375
8456544,31.92138671875
8461868,60.1806640625
8468118,49.6826171875
8469367,34.36279296875
8474448,57.861328125
8476188,34.97314453125
8479139,60.9130859375
8482132,52.8564453125
8489414,51.6357421875
8491063,60.48583984375
8496036,49.98779296875
8496777,33.3251953125
8503375,49.74365234375
8505792,53.8330078125
8511700,59.9365234375
8517084,54.443359375
8517890,35.33935546875
8522511,62.744140625
8525801,49.31640625
8530397,49.86572265625
8535662,56.70166015625
8539277,35.7666015625
8540029,54.74853515625
8542069,52.67333984375
8548717,55.11474609375
8555780,53.89404296875
8560243,58.89892578125
8561089,40.6494140625
8564846,56.33544921875
8570173,52.8564453125
8573828,55.908203125
8580465,57.31201171875
8582930,35.33935546875
8583624,46.2646484375
8588124,51.20849609375
8591013,56.5185546875
8597847,63.53759765625
8598793,33.75244140625
8600704,55.7861328125
8604814,35.82763671875
8607672,51.6357421875
8613104,61.1572265625
8615340,48.4619140625
8621489,58.04443359375
8626585,36.56005859375
8626772,62.92724609375
8630436,48.2177734375
8634839,55.72509765625
8639380,60.302734375
8646903,64.39208984375
8649871,37.9638671875
8651433,56.640625
8656980,49.8046875
8661940,52.978515625
8665712,52.67333984375
8670960,59.326171875
8676156,61.767578125
8678388,49.4384765625
8684109,55.48095703125
8689708,59.26513671875
8690915,36.56005859375
8692401,47.30224609375
8698791,60.11962890625
8703819,41.44287109375
8707076,59.6923828125
8711829,55.48095703125
8712886,39.0625
8718006,60.24169921875
8722844,59.2041015625
8728344,45.47119140625
8730603,53.28369140625
8732187,35.82763671875
8737017,33.8134765625
8742223,52.6123046875
8746771,62.744140625
8751308,58.9599609375
8751318,33.14208984375
8753103,55.908203125
8760462,49.6826171875
8764973,49.37744140625
8769680,59.63134765625
8771938,36.7431640625
8775263,33.99658203125
8779980,62.92724609375
8784521,54.0771484375
8790834,47.54638671875
8793280,35.94970703125
8796252,52.67333984375
8799944,61.4013671875
8803847,55.11474609375
8807756,44.49462890625
8813284,47.2412109375
8813859,39.6728515625
8818379,51.3916015625
8822653,52.1240234375
8827839,57.12890625
8833180,34.85107421875
8834416,56.640625
8837150,50.72021484375
8842885,56.15234375
8848045,61.58447265625
8850746,36.865234375
8853449,55.17578125
8857057,61.03515625
8862721,52.91748046875
8866306,50.9033203125
8868751,35.0341796875
8870882,47.66845703125
8875782,57.67822265625
8879818,52.1240234375
8885061,50.29296875
8889207,45.0439453125
8890183,65.85693359375
8892573,58.59375
8898683,57.0068359375
8902026,43.39599609375
8908089,48.828125
8912758,34.423828125
8913262,54.13818359375
8917521,50.84228515625
8922406,60.9130859375
8925452,61.09619140625
8932369,60.9130859375
8935811,44.86083984375
8939597,47.66845703125
8946175,58.837890625
8949738,50.1708984375
8952916,58.77685546875
8956173,33.26416015625
8958053,47.607421875
8965379,56.33544921875
8969558,62.19482421875
8971830,44.43359375
8978294,57.373046875
8981696,37.04833984375
8982613,33.99658203125
8985234,55.60302734375
8991507,56.33544921875
8996474,54.19921875
