7799001,0
120626,31.6162109375
491627,33.3251953125
636885,40.771484375
965403,39.00146484375
973291,45.83740234375
974884,44.12841796875
1021110,42.6025390625
1022186,40.46630859375
1023621,45.5322265625
1023750,39.1845703125
1023974,39.00146484375
1024514,38.75732421875
1026051,41.56494140625
1153765,37.41455078125
1153953,39.12353515625
1157636,43.212890625
1159558,35.888671875
1168192,36.62109375
1170052,40.34423828125
1172119,48.27880859375
1173530,44.37255859375
1173732,45.654296875
1180825,38.39111328125
1201044,43.39599609375
1202428,36.7431640625
1205176,39.85595703125
1361641,37.59765625
1500933,33.447265625
2284978,32.1044921875
3021040,40.22216796875
3471717,31.31103515625
4199738,35.400390625
4317019,34.72900390625
6446491,33.26416015625
7046037,33.8134765625
7416850,31.25
7782014,33.14208984375
