2999000,0
17773,49.8046875
17825,44.98291015625
17856,47.2412109375
17921,34.24072265625
18013,34.48486328125
32247,289.24560546875
132255,282.470703125
182259,300.1708984375
232263,282.1044921875
282267,282.8369140625
323599,41.1376953125
323631,51.025390625
323668,40.0390625
323680,40.283203125
323708,39.6728515625
323721,34.24072265625
323746,36.62109375
323814,37.59765625
332271,289.00146484375
368692,35.0341796875
368768,33.75244140625
368792,43.64013671875
368836,39.61181640625
382275,285.5224609375
385107,54.931640625
385168,43.212890625
385230,39.1845703125
385263,33.50830078125
402429,42.05322265625
402477,33.0810546875
402808,39.6728515625
421756,39.4287109375
421838,38.6962890625
432279,280.70068359375
438218,39.36767578125
438331,55.23681640625
438415,35.2783203125
454733,34.1796875
454988,59.6923828125
455107,40.0390625
455469,38.02490234375
470183,34.11865234375
470235,33.14208984375
479385,34.72900390625
482285,373.046875
488846,33.75244140625
502891,33.99658203125
503092,33.50830078125
512993,35.15625
632295,288.4521484375
682299,283.69140625
695733,38.14697265625
696178,34.3017578125
744319,33.38623046875
782307,276.9775390625
832311,287.353515625
932319,281.005859375
982323,290.283203125
1132335,286.2548828125
1799072,39.73388671875
1799110,37.353515625
1799204,43.3349609375
1799291,36.62109375
1799311,33.26416015625
1800289,32.8369140625
1809814,34.3017578125
1839908,35.64453125
1839920,37.17041015625
1840028,38.818359375
1862386,43.701171875
1862444,43.3349609375
1862486,34.36279296875
1862552,44.7998046875
1862647,36.68212890625
1862805,34.72900390625
1887746,45.5322265625
1887924,34.85107421875
1908842,38.2080078125
1908915,37.53662109375
1908988,36.31591796875
1931086,44.43359375
1931160,32.89794921875
1931199,34.60693359375
1963695,33.50830078125
1964370,37.4755859375
1964490,32.958984375
1964589,40.34423828125
1995952,35.21728515625
1996038,33.50830078125
1996062,37.109375
1996277,43.8232421875
1996388,53.8330078125
1996539,42.1142578125
1996654,33.75244140625
1996666,33.26416015625
2030517,36.80419921875
2030628,33.447265625
2030991,55.48095703125
2031083,39.55078125
2031156,34.0576171875
2057705,40.52734375
2057847,33.447265625
2057940,42.66357421875
2058052,36.865234375
2058252,34.3017578125
2099620,40.83251953125
2099687,40.46630859375
2099743,36.7431640625
2099762,36.19384765625
2099823,33.935546875
2099975,33.75244140625
2143196,34.85107421875
2143234,45.83740234375
2143268,42.1142578125
2143422,34.60693359375
2170414,34.60693359375
2170725,34.0576171875
2170763,36.2548828125
2170849,41.6259765625
2171021,52.06298828125
2889948,40.22216796875
2889962,43.701171875
2890026,50.29296875
2890089,33.447265625
2890126,36.0107421875
2891635,34.7900390625
