11999000,0
290725,18.1884765625
290884,20.20263671875
290915,20.1416015625
290928,23.13232421875
290964,17.7001953125
291012,18.798828125
291077,21.3623046875
291100,21.30126953125
291139,20.01953125
291165,17.822265625
291191,22.5830078125
291327,17.02880859375
291868,19.34814453125
292654,19.4091796875
292952,18.1884765625
293118,19.22607421875
293251,18.00537109375
293296,17.76123046875
293437,18.49365234375
293490,19.83642578125
293569,17.4560546875
293657,17.578125
293888,18.4326171875
294297,20.3857421875
295131,17.08984375
340297,18.12744140625
340349,16.90673828125
340390,25.32958984375
340644,18.4326171875
340672,18.24951171875
340779,17.7001953125
341025,19.10400390625
341086,17.76123046875
341202,18.4326171875
341254,23.3154296875
341346,16.90673828125
341469,17.51708984375
341695,18.98193359375
341740,17.2119140625
1868127,27.4658203125
1913411,18.06640625
1913451,18.73779296875
1913526,18.06640625
1913658,17.88330078125
1913678,28.99169921875
1913801,17.51708984375
1913870,23.62060546875
1914096,19.775390625
1914215,16.9677734375
1914290,17.02880859375
1914390,19.22607421875
1914467,18.98193359375
1914564,18.98193359375
1914705,19.775390625
1914766,19.53125
1914856,21.484375
1915215,19.6533203125
1915399,17.822265625
1915562,19.47021484375
1915679,21.484375
2500643,20.81298828125
2500704,19.59228515625
2500803,20.1416015625
2501060,19.53125
2888983,21.240234375
2889081,18.61572265625
2889102,21.05712890625
2889173,19.83642578125
2889228,18.00537109375
2889269,17.15087890625
2889302,22.5830078125
2889351,18.37158203125
2889515,17.88330078125
2889574,19.1650390625
2889597,17.02880859375
2889727,19.83642578125
2889807,17.4560546875
2889892,19.83642578125
2890012,17.02880859375
2890288,17.27294921875
2890891,20.99609375
2891077,18.06640625
2891476,20.32470703125
2891628,19.1650390625
2891757,21.728515625
2892037,16.9677734375
2892194,17.578125
2892534,18.12744140625
2892646,17.9443359375
2893011,16.9677734375
2893406,18.85986328125
2893829,18.310546875
2895792,19.04296875
2947350,19.10400390625
2947384,17.39501953125
2947514,23.8037109375
2947635,19.83642578125
2959451,17.15087890625
2959669,22.94921875
2959761,17.63916015625
2959826,20.81298828125
2960036,17.9443359375
2979240,18.310546875
2979471,23.49853515625
2979527,18.61572265625
2979649,16.9677734375
2979664,19.53125
2979734,19.22607421875
2979819,17.76123046875
2979867,18.00537109375
2979926,17.7001953125
2980009,17.08984375
2993896,18.37158203125
2993991,16.90673828125
3012129,22.76611328125
3012267,20.263671875
3012280,21.6064453125
3012403,17.4560546875
3049746,17.15087890625
5019346,18.4326171875
5019424,19.4091796875
5019447,18.24951171875
5019508,23.3154296875
5019527,19.4091796875
5019655,18.24951171875
5019689,19.775390625
5019740,24.59716796875
5019765,18.06640625
5019813,20.8740234375
5019838,24.0478515625
5019875,17.9443359375
5019928,18.5546875
5019952,25.2685546875
5020028,17.08984375
5020158,22.52197265625
5020583,17.333984375
5021044,18.310546875
5021265,17.63916015625
5021905,17.7001953125
5022157,22.94921875
5022326,20.01953125
5022638,17.76123046875
5023210,17.08984375
5023405,21.6064453125
5023818,17.333984375
5024030,18.4326171875
5061074,22.39990234375
5073071,17.333984375
5073135,20.08056640625
5073345,20.69091796875
5073384,18.310546875
5073431,17.39501953125
5073534,20.751953125
5073585,17.76123046875
5073657,20.32470703125
5073710,16.9677734375
5073783,20.5078125
5073796,19.287109375
5073862,18.98193359375
5073943,18.73779296875
5074001,18.5546875
5074093,17.08984375
5074151,18.49365234375
5074174,17.63916015625
5074467,18.73779296875
5074546,16.90673828125
5098809,16.90673828125
5098842,17.333984375
5098898,18.37158203125
5098917,18.37158203125
5099012,17.7001953125
5099084,18.37158203125
5099108,17.578125
5099221,23.4375
5099394,19.34814453125
5099493,17.7001953125
5099584,22.94921875
5099657,16.9677734375
5099778,20.99609375
5099847,18.98193359375
5127868,17.27294921875
5128185,17.15087890625
5128270,17.15087890625
5128371,21.42333984375
5128453,19.34814453125
5128524,16.90673828125
5128560,17.27294921875
5128576,22.5830078125
5128678,18.1884765625
5128729,18.24951171875
5128757,19.34814453125
5128944,18.6767578125
5129445,17.08984375
5129522,23.37646484375
5129830,22.4609375
5179795,21.97265625
5179827,21.8505859375
5179848,18.310546875
5179907,19.04296875
5179940,20.81298828125
5179962,21.1181640625
5180017,20.01953125
5180052,18.5546875
5180129,20.32470703125
5180154,17.51708984375
5180332,17.27294921875
5180530,17.02880859375
5180666,17.7001953125
5180847,17.51708984375
5181031,17.27294921875
5181158,16.90673828125
5181172,17.822265625
5181792,16.9677734375
5185820,20.32470703125
5236759,17.2119140625
5236834,17.39501953125
5236886,25.20751953125
5236947,18.06640625
5237054,18.00537109375
5237088,21.42333984375
5237182,17.63916015625
5237335,17.4560546875
5237420,18.73779296875
5237435,18.00537109375
5237477,23.01025390625
5238154,17.76123046875
5239452,17.7001953125
5270905,17.76123046875
5270972,22.0947265625
5270986,17.88330078125
5271027,17.02880859375
5271116,21.78955078125
5271237,18.5546875
5271254,20.751953125
5271317,17.2119140625
5271431,18.798828125
5271492,18.310546875
5271596,22.705078125
5272138,21.8505859375
5285571,20.263671875
6853194,17.15087890625
6853255,17.578125
6853327,22.52197265625
6853452,24.2919921875
6853570,20.20263671875
6853759,22.52197265625
6853805,17.2119140625
6853858,17.02880859375
6853887,19.1650390625
6853922,19.53125
6854000,22.76611328125
6854071,19.34814453125
6854160,18.00537109375
6854289,18.49365234375
6855268,17.4560546875
6855383,18.73779296875
6855523,18.06640625
6855647,17.2119140625
6855665,18.49365234375
6855798,18.798828125
6857314,17.9443359375
7523044,16.90673828125
7804732,16.9677734375
7804992,18.06640625
7805010,19.04296875
7805146,20.32470703125
7805176,23.681640625
7805247,27.28271484375
7805362,27.099609375
7805470,19.83642578125
7805516,20.08056640625
7805679,17.15087890625
7806427,18.12744140625
7806519,18.00537109375
7806567,20.3857421875
7806690,18.12744140625
7807142,18.73779296875
7807154,18.85986328125
7807300,17.51708984375
7807496,17.15087890625
7807528,17.822265625
7807627,17.7001953125
7807811,17.4560546875
7808261,18.73779296875
7809032,18.61572265625
7940702,20.1416015625
7940736,17.51708984375
7940861,22.4609375
7940881,18.98193359375
7940905,19.775390625
7940966,18.73779296875
7940993,24.96337890625
7941041,17.4560546875
7941058,17.02880859375
7941078,22.52197265625
7941108,19.4091796875
7941225,16.90673828125
7941328,18.73779296875
7941416,16.9677734375
7941526,17.88330078125
7941548,19.1650390625
7942495,17.9443359375
7942882,17.578125
7943009,19.04296875
7943437,17.578125
7944089,17.27294921875
7999480,18.1884765625
7999566,17.63916015625
7999603,20.08056640625
7999768,17.63916015625
7999835,18.98193359375
7999862,21.3623046875
7999881,20.93505859375
7999907,19.1650390625
7999979,20.32470703125
8000047,18.6767578125
8000084,17.51708984375
8000151,17.02880859375
8000210,20.20263671875
8000246,18.06640625
8000486,16.9677734375
8000625,17.39501953125
8000770,17.02880859375
8001062,17.63916015625
8001493,18.37158203125
8001692,17.7001953125
8001804,17.9443359375
8002348,19.34814453125
8002725,17.7001953125
8003726,22.8271484375
8016703,18.06640625
8022558,16.9677734375
8022709,17.76123046875
8022738,17.51708984375
8029843,23.3154296875
8030081,18.37158203125
8030098,17.15087890625
8030224,20.32470703125
8037021,18.37158203125
8037126,25.57373046875
8037440,17.63916015625
8037499,21.54541015625
8037624,21.1181640625
8051243,22.94921875
8051305,17.02880859375
8051334,17.51708984375
8051362,18.1884765625
8051401,21.05712890625
8051428,23.13232421875
8051473,20.1416015625
8051515,17.2119140625
8051525,20.44677734375
8051577,18.00537109375
8051655,21.66748046875
8051693,18.798828125
8051703,17.08984375
8051772,17.2119140625
8051800,18.5546875
8052019,18.12744140625
8052046,21.3623046875
8052067,18.12744140625
8052227,20.3857421875
8052561,17.27294921875
8052944,17.822265625
8053163,18.00537109375
8067022,18.310546875
8082130,19.83642578125
8082227,18.6767578125
8082286,21.97265625
8082351,18.1884765625
8082403,19.22607421875
8082452,23.0712890625
8082513,19.95849609375
8082583,17.9443359375
8082665,18.98193359375
8082700,18.37158203125
8083324,17.02880859375
8102110,24.71923828125
8102171,23.681640625
8102225,17.2119140625
8102298,17.88330078125
8102376,18.49365234375
8102394,19.47021484375
8102455,18.310546875
8102502,24.96337890625
8102512,21.240234375
8102600,18.4326171875
8102904,18.310546875
8125534,17.15087890625
8125612,20.32470703125
8125632,19.59228515625
8125657,20.1416015625
8125743,20.01953125
8125838,17.51708984375
9717153,22.39990234375
9717199,17.63916015625
9717214,20.20263671875
9717243,18.6767578125
9717285,18.6767578125
9717422,17.27294921875
9717462,19.287109375
9717501,25.7568359375
9717518,21.8505859375
9717574,19.53125
9717619,21.66748046875
9717671,24.169921875
9717783,18.00537109375
9717832,22.88818359375
9718027,20.01953125
9718207,17.4560546875
9718755,18.06640625
9719171,19.04296875
9719321,22.3388671875
9719443,19.71435546875
9719532,17.4560546875
9719545,24.2919921875
9719673,18.00537109375
9720183,17.08984375
10280353,17.88330078125
10280390,17.333984375
10280440,17.9443359375
10280486,18.00537109375
10280548,21.8505859375
10280675,19.04296875
10280725,17.76123046875
10280827,21.240234375
10280847,17.63916015625
10280990,18.12744140625
10281079,25.93994140625
10281150,17.822265625
10281198,16.90673828125
10281295,18.73779296875
10281354,17.4560546875
10281738,17.63916015625
10281763,17.578125
10282023,18.798828125
10282606,17.822265625
10422701,19.04296875
10810501,18.12744140625
11532328,18.73779296875
11567093,17.822265625
11567149,19.10400390625
11567208,25.390625
11567234,18.06640625
11567252,20.99609375
11567291,17.7001953125
11567316,21.66748046875
11567401,22.5830078125
11567466,24.0478515625
11567569,17.15087890625
11567854,17.08984375
11567957,17.02880859375
11569008,18.73779296875
11569125,18.1884765625
11569560,21.30126953125
11569679,19.10400390625
11569843,19.10400390625
11569963,17.333984375
11570084,22.27783203125
11570192,18.61572265625
11570293,21.6064453125
11622830,18.98193359375
11622894,22.88818359375
11622963,18.24951171875
11622980,17.7001953125
11623031,19.04296875
11623095,23.37646484375
11623178,20.20263671875
11623222,24.90234375
11623290,22.8271484375
11623367,26.67236328125
11623411,18.06640625
11623428,17.7001953125
11623465,18.00537109375
11623535,20.5078125
11623552,21.54541015625
11623594,18.37158203125
11623728,20.08056640625
11624180,17.333984375
11624317,18.73779296875
11624799,19.71435546875
11625739,20.32470703125
11626490,17.578125
11653088,18.49365234375
11653128,18.73779296875
11653213,18.85986328125
11653225,18.06640625
11653274,26.2451171875
11653340,18.37158203125
11653424,17.08984375
11653434,18.24951171875
11653631,19.10400390625
11653917,20.32470703125
11673121,22.705078125
11673138,17.9443359375
11673190,28.3203125
11673287,24.47509765625
11673511,20.32470703125
11673590,17.51708984375
11673619,18.24951171875
11673712,18.4326171875
11673843,17.08984375
11674109,17.08984375
11674145,16.9677734375
11674386,18.1884765625
11674797,22.76611328125
11683534,19.71435546875
11683589,20.81298828125
11693483,19.8974609375
11693563,18.24951171875
11693660,17.333984375
11693746,18.73779296875
11693856,18.49365234375
11694015,17.15087890625
11703257,17.63916015625
11703281,23.01025390625
11703353,20.44677734375
11703480,24.5361328125
11703529,18.00537109375
11703560,18.00537109375
11703599,18.06640625
11703635,18.98193359375
11703692,18.98193359375
11703744,23.4375
11703892,20.32470703125
11703930,18.37158203125
11704067,18.310546875
