7799001,0
215621,15.19775390625
637624,15.0146484375
710579,15.2587890625
1001314,15.13671875
1224680,15.380859375
1540603,16.11328125
1611178,15.9912109375
1649752,15.9912109375
1824755,15.56396484375
1995450,15.31982421875
2328406,16.2353515625
2613743,16.4794921875
2795773,16.90673828125
3002579,14.95361328125
3002690,14.95361328125
3128269,15.9912109375
3298336,15.2587890625
3551941,15.93017578125
3832828,16.2353515625
4112444,17.15087890625
4112560,15.56396484375
4393596,15.13671875
4568148,14.95361328125
4708114,15.869140625
5026692,15.44189453125
5041559,15.31982421875
5124874,15.625
5789426,15.2587890625
5826330,15.869140625
6354644,15.380859375
6499716,15.07568359375
6650124,15.19775390625
6841083,16.11328125
6976196,15.19775390625
7013845,17.02880859375
7098881,15.80810546875
7505658,16.17431640625
7570652,15.19775390625
7646172,14.95361328125
7765673,15.07568359375
