7799001,0
71167,29.47998046875
126859,35.33935546875
126890,25.87890625
151190,35.33935546875
182019,34.85107421875
182086,34.912109375
182114,30.70068359375
182151,28.38134765625
212450,35.46142578125
230396,25.87890625
230439,31.73828125
230454,28.076171875
230495,28.4423828125
268137,33.447265625
268185,27.52685546875
294102,36.7431640625
294142,29.541015625
294170,37.90283203125
314795,26.30615234375
325943,29.96826171875
326021,31.6162109375
343195,30.09033203125
343243,30.82275390625
357146,26.4892578125
357166,30.21240234375
357199,29.23583984375
372770,35.7666015625
372867,33.69140625
372938,26.85546875
389787,25.93994140625
389808,31.8603515625
389827,36.9873046875
389945,30.3955078125
389994,26.67236328125
405969,29.96826171875
406122,27.34375
419008,32.8369140625
419040,26.7333984375
419100,32.28759765625
419223,26.67236328125
434701,26.7333984375
434747,26.79443359375
446986,26.0009765625
447041,31.31103515625
447067,29.1748046875
460645,26.67236328125
460812,26.123046875
473364,29.78515625
473436,29.4189453125
473679,26.79443359375
481295,26.4892578125
481385,30.1513671875
492148,26.55029296875
492177,32.77587890625
502878,27.40478515625
502925,30.1513671875
502987,27.099609375
503063,27.587890625
512841,29.78515625
513025,27.52685546875
522191,26.79443359375
522286,30.1513671875
539923,30.57861328125
548407,38.4521484375
548565,31.8603515625
556267,26.06201171875
556302,26.06201171875
556553,25.81787109375
570779,27.89306640625
578370,26.85546875
586069,29.72412109375
593686,26.06201171875
607596,27.2216796875
622047,28.13720703125
710864,25.81787109375
1041141,30.3955078125
1041199,34.423828125
1041571,36.9873046875
1041803,33.99658203125
1379100,39.9169921875
1432994,32.1044921875
1466222,34.423828125
1466293,37.41455078125
1491945,31.73828125
1517236,27.099609375
1517349,35.46142578125
1517366,29.052734375
1517573,34.24072265625
1533666,28.9306640625
1533679,26.42822265625
1545262,39.306640625
1560885,27.9541015625
1560914,41.56494140625
1560940,28.99169921875
1561001,26.2451171875
1575308,27.4658203125
1575389,30.21240234375
1575407,25.81787109375
1575457,28.01513671875
1588153,35.7666015625
1588252,25.69580078125
1588316,32.04345703125
1603929,29.296875
1603962,27.2216796875
1603991,41.1376953125
1615915,27.587890625
1642044,37.78076171875
1642105,27.2216796875
1642140,26.42822265625
1654703,31.55517578125
1654713,33.38623046875
1688223,32.16552734375
1698902,38.63525390625
1709544,39.73388671875
1709655,28.25927734375
1709690,30.76171875
1723295,33.203125
1741323,26.42822265625
1741383,25.69580078125
1741485,30.21240234375
1763069,27.7099609375
1763087,28.80859375
1763107,28.62548828125
1775751,34.5458984375
1787100,41.259765625
1797746,31.73828125
1807968,59.63134765625
1817898,31.005859375
1843441,26.85546875
1843499,39.61181640625
1843576,28.25927734375
1843603,27.52685546875
1867918,26.18408203125
1881840,32.77587890625
1881864,27.4658203125
1889610,26.85546875
1902107,37.65869140625
1902151,26.2451171875
1902194,29.296875
1902267,25.87890625
1902329,27.099609375
1920578,29.4189453125
1920621,35.33935546875
1920683,27.587890625
1953261,25.7568359375
1953285,35.7666015625
1960628,28.1982421875
1979398,28.564453125
1979449,26.4892578125
1979470,26.67236328125
1996657,34.5458984375
1996690,30.09033203125
1996717,30.21240234375
1996788,27.89306640625
2008201,29.9072265625
2008251,29.84619140625
2008276,37.65869140625
2023213,34.1796875
2045856,48.095703125
2082328,28.3203125
2082345,28.1982421875
2082399,39.24560546875
2109990,25.87890625
2118611,28.50341796875
2127027,27.03857421875
2127079,27.4658203125
2136277,26.611328125
2144735,33.203125
2144820,29.052734375
2154307,26.2451171875
2154320,29.23583984375
2173203,25.87890625
2173258,27.34375
2205170,25.81787109375
2233136,25.7568359375
2233156,25.69580078125
2233203,26.4892578125
2284916,28.74755859375
2284940,30.94482421875
2691153,32.53173828125
2691170,28.9306640625
2691316,38.26904296875
2691423,28.9306640625
2691443,29.60205078125
2691519,26.2451171875
2691638,26.85546875
2691787,34.72900390625
2691890,25.81787109375
2795728,33.0810546875
2867579,37.353515625
2907004,26.7333984375
2907052,28.25927734375
2907075,35.2783203125
2907175,27.64892578125
2907322,27.16064453125
2919915,27.16064453125
2919942,25.69580078125
2932965,26.18408203125
2932980,26.42822265625
2933023,26.91650390625
2933081,29.296875
2933212,27.7099609375
2933384,26.91650390625
2945712,27.03857421875
2964292,27.83203125
2981821,29.84619140625
2999763,29.11376953125
3029247,27.9541015625
3039016,31.43310546875
3039052,27.2216796875
3039204,29.84619140625
3056947,27.16064453125
3057064,29.1748046875
3125243,27.2216796875
3158299,29.9072265625
3667783,34.66796875
3668021,39.00146484375
3668091,33.447265625
3668125,33.63037109375
3668259,30.8837890625
3668616,31.25
3697007,31.982421875
3697157,36.56005859375
3697210,27.4658203125
3697254,28.99169921875
3697334,26.7333984375
3697372,33.203125
3697497,36.56005859375
3697731,26.67236328125
3697845,33.0810546875
3755979,30.82275390625
3770374,32.65380859375
3770396,27.2216796875
3770510,30.45654296875
3770704,32.1044921875
3770911,25.69580078125
3770967,29.96826171875
3771034,29.84619140625
3771160,34.36279296875
3771287,30.57861328125
3771411,25.81787109375
3771466,28.564453125
3771529,30.6396484375
3798553,26.7333984375
3798746,28.9306640625
3844032,33.5693359375
3876078,28.01513671875
3876104,33.99658203125
3876337,37.841796875
3876376,31.25
3876439,27.9541015625
3876656,28.62548828125
3876771,26.85546875
4506387,35.2783203125
4506518,33.935546875
4506604,32.958984375
4506693,34.36279296875
4506822,29.541015625
4506962,30.57861328125
4507154,28.13720703125
4507336,31.005859375
4635031,28.4423828125
4635128,40.10009765625
4635293,30.76171875
4635408,34.60693359375
4635599,32.3486328125
4635697,35.888671875
4635787,33.8134765625
4635929,28.50341796875
4636024,30.1513671875
4636234,28.6865234375
4650493,31.18896484375
4650574,27.4658203125
4650701,35.82763671875
4650836,28.4423828125
4650892,27.83203125
4650975,31.005859375
4651150,35.5224609375
4651205,28.86962890625
4651351,29.9072265625
4714610,30.029296875
4714665,33.203125
4748621,41.68701171875
4774820,26.06201171875
4825786,31.43310546875
4825811,29.11376953125
4857444,27.16064453125
4857497,27.16064453125
4857528,26.67236328125
4857554,33.203125
4857811,27.16064453125
4962194,26.4892578125
4996763,31.73828125
4996888,36.2548828125
4996918,34.85107421875
4997037,32.71484375
4997157,32.2265625
4997410,28.74755859375
5044520,34.72900390625
5044683,28.3203125
5061883,37.109375
5084284,32.04345703125
5098799,29.23583984375
5157356,26.85546875
5157618,27.34375
5180409,29.296875
5192847,26.91650390625
5214930,31.005859375
5215071,25.69580078125
5215196,27.03857421875
5233120,26.06201171875
5243576,29.72412109375
5243664,26.18408203125
5243703,34.7900390625
5534835,26.91650390625
5791696,38.39111328125
5791940,28.50341796875
5882599,33.38623046875
5882708,38.87939453125
5882898,32.3486328125
5882962,31.92138671875
5883117,28.13720703125
5883131,27.40478515625
5883249,29.84619140625
5883334,27.7099609375
5883425,26.9775390625
5883566,25.81787109375
5903166,30.09033203125
6188226,26.123046875
6188287,36.0107421875
6248997,33.5693359375
6249180,31.25
6249551,34.0576171875
6249807,31.73828125
6250034,28.6865234375
6286800,46.81396484375
6286867,34.36279296875
6315357,32.71484375
6315488,36.92626953125
6354616,40.8935546875
6354658,31.494140625
6354709,29.296875
6354753,25.7568359375
6354779,31.31103515625
6354801,26.55029296875
6354884,25.634765625
6354983,32.40966796875
6355087,30.94482421875
6389703,37.7197265625
6389738,29.4189453125
6389758,35.400390625
6389773,30.45654296875
6389799,27.9541015625
6389828,31.25
6389869,26.0009765625
6389915,29.6630859375
6389947,31.31103515625
6390031,28.74755859375
6390095,27.89306640625
6390198,25.81787109375
6390283,27.83203125
6390724,26.06201171875
6390952,44.49462890625
6390978,28.076171875
6391052,47.2412109375
6391140,37.78076171875
6391211,26.9775390625
6391250,45.34912109375
6391362,37.59765625
6391480,40.6494140625
6391500,25.7568359375
6391606,40.6494140625
6391733,34.1796875
6391888,33.447265625
6393023,41.015625
6432496,25.7568359375
6432535,28.6865234375
6432595,30.82275390625
6432652,30.09033203125
6432688,25.81787109375
6432745,26.55029296875
6432865,34.11865234375
6433185,26.18408203125
6450014,26.18408203125
6450042,26.79443359375
6450112,31.005859375
6450154,27.64892578125
6450201,27.587890625
6465891,29.72412109375
6471705,32.16552734375
6471794,35.21728515625
6471892,27.89306640625
6472219,27.16064453125
6480462,30.1513671875
6480522,27.16064453125
6480590,27.03857421875
6487272,27.64892578125
6487308,31.982421875
6487353,28.80859375
6487442,28.076171875
6506663,27.28271484375
6512151,26.611328125
6512171,30.029296875
6512235,26.2451171875
6513502,27.587890625
6525039,28.01513671875
6525101,30.09033203125
6525129,29.4189453125
6525218,26.30615234375
6525351,25.93994140625
6525380,26.18408203125
6536718,27.52685546875
6536771,29.6630859375
6536786,36.68212890625
6536931,27.52685546875
6536965,27.03857421875
6537113,27.587890625
6537242,31.1279296875
6546676,25.87890625
6546838,27.34375
6557600,27.28271484375
6570221,28.50341796875
6570312,35.33935546875
6570376,36.43798828125
6570635,30.33447265625
6570764,27.28271484375
6571070,27.9541015625
6571106,39.0625
6571259,33.5693359375
6571448,36.7431640625
6571705,33.5693359375
6571974,38.02490234375
6600922,27.40478515625
6611055,28.74755859375
6625487,26.123046875
6625616,25.7568359375
6625662,32.89794921875
6625686,27.9541015625
6625895,27.40478515625
6626017,26.06201171875
6647566,27.64892578125
6647622,27.34375
6648072,26.3671875
6659359,31.31103515625
6670716,26.55029296875
6680597,25.7568359375
6680621,26.9775390625
6680874,36.19384765625
6693849,40.1611328125
6708899,28.25927734375
6708983,26.30615234375
6709071,33.5693359375
6709236,28.74755859375
6709371,27.64892578125
6724791,32.77587890625
6724852,25.87890625
6724882,29.9072265625
6725360,25.69580078125
6747861,33.75244140625
6759036,26.91650390625
6759148,30.21240234375
6771506,26.123046875
6789555,28.9306640625
6789652,31.25
6789770,28.86962890625
6790742,25.81787109375
6790991,25.93994140625
6804962,28.076171875
6845476,29.9072265625
6845751,28.4423828125
6861448,27.28271484375
6861558,29.47998046875
6887311,29.052734375
7440175,32.16552734375
7440283,28.80859375
7440377,31.3720703125
7440460,26.30615234375
7440474,26.123046875
7440576,32.53173828125
7440655,34.423828125
7440777,30.09033203125
7440911,36.07177734375
7440959,26.7333984375
7441212,27.34375
7441339,29.6630859375
7442749,26.18408203125
7558303,33.935546875
7558437,38.26904296875
7558550,30.21240234375
7558696,30.1513671875
7558892,35.94970703125
7559060,31.06689453125
7559271,30.21240234375
7636118,28.01513671875
7636247,29.35791015625
7636391,35.94970703125
7636513,39.36767578125
7636580,29.23583984375
7636735,30.517578125
7636895,33.63037109375
7637017,28.86962890625
7637179,28.25927734375
7690922,42.54150390625
7690950,35.2783203125
7691157,28.1982421875
7691309,33.87451171875
7691603,28.25927734375
7691956,30.517578125
7716118,27.52685546875
7716210,27.64892578125
7716253,37.9638671875
7716393,32.65380859375
7716581,27.64892578125
7716791,37.04833984375
7716964,31.494140625
7748890,25.93994140625
7748973,28.86962890625
7749012,28.74755859375
7749279,36.62109375
7766743,30.57861328125
7766964,34.24072265625
7767141,31.06689453125
7767376,29.9072265625
7792703,26.611328125
7792746,28.38134765625
7792808,31.6162109375
