7799001,0
151372,31.6162109375
294117,30.1513671875
294252,31.005859375
343229,30.1513671875
357297,30.3955078125
419071,31.67724609375
419174,30.94482421875
419343,29.6630859375
434736,34.85107421875
434987,30.517578125
447126,29.78515625
460883,31.31103515625
461014,30.029296875
473472,34.72900390625
481251,29.47998046875
481473,31.73828125
492123,32.3486328125
492299,31.73828125
503028,35.15625
503056,30.8837890625
512738,29.6630859375
512857,30.3955078125
513122,39.61181640625
513330,29.84619140625
513563,32.65380859375
522638,41.07666015625
531004,39.36767578125
531195,32.04345703125
531256,34.5458984375
531374,29.72412109375
539923,30.517578125
539971,32.958984375
540008,35.5224609375
548382,30.1513671875
548626,29.47998046875
556274,30.1513671875
556367,32.8369140625
563544,34.60693359375
563599,33.26416015625
570943,29.9072265625
578418,32.3486328125
578475,31.55517578125
586135,30.2734375
586406,29.96826171875
594170,31.18896484375
600778,29.72412109375
607649,30.82275390625
622223,29.72412109375
635892,30.029296875
636024,34.3017578125
643634,34.48486328125
650337,31.06689453125
656988,30.8837890625
663964,31.3720703125
664046,32.470703125
670910,29.6630859375
671009,30.94482421875
677960,33.5693359375
678072,32.958984375
678301,30.029296875
685028,34.66796875
685195,31.494140625
685323,29.60205078125
692537,37.4755859375
692800,29.6630859375
710926,30.3955078125
718575,32.53173828125
726832,35.888671875
726976,33.5693359375
727164,31.79931640625
743684,29.35791015625
768959,29.60205078125
769006,33.14208984375
769346,31.67724609375
778152,29.9072265625
786499,33.50830078125
807982,29.6630859375
1041252,32.71484375
1086046,33.02001953125
1105237,33.50830078125
1105334,33.447265625
1105497,29.541015625
1131184,31.3720703125
1131427,29.9072265625
1143155,32.40966796875
1156203,60.85205078125
1178192,30.21240234375
1178353,47.05810546875
1188061,33.26416015625
1188184,30.33447265625
1188221,39.00146484375
1197837,31.1279296875
1197894,30.21240234375
1197985,41.9921875
1198018,34.7900390625
1207325,30.1513671875
1207390,37.353515625
1219134,30.6396484375
1219156,46.5087890625
1219167,35.33935546875
1219235,30.45654296875
1219299,40.10009765625
1219426,31.6162109375
1219437,46.44775390625
1237999,30.33447265625
1238158,30.029296875
1238175,53.03955078125
1247312,30.94482421875
1247370,59.26513671875
1247436,34.97314453125
1247478,30.76171875
1247504,32.71484375
1247610,38.2080078125
1247828,30.3955078125
1257923,32.958984375
1267148,41.1376953125
1267173,29.35791015625
1267191,32.04345703125
1267251,48.76708984375
1267382,35.94970703125
1277841,32.04345703125
1277965,44.0673828125
1278110,32.5927734375
1288094,38.818359375
1288151,34.5458984375
1288219,29.96826171875
1298223,30.45654296875
1298319,44.0673828125
1314280,44.49462890625
1314296,30.21240234375
1322740,37.17041015625
1322799,32.958984375
1322904,29.541015625
1331015,34.24072265625
1331025,47.8515625
1331056,32.16552734375
1340688,30.3955078125
1340787,29.6630859375
1340839,30.33447265625
1350318,29.6630859375
1350349,33.447265625
1350523,38.26904296875
1359385,32.89794921875
1368802,30.45654296875
1368858,30.029296875
1379005,32.04345703125
1379164,33.447265625
1389353,31.1279296875
1399761,32.77587890625
1399789,35.5224609375
1409946,33.935546875
1419985,30.94482421875
1432816,29.96826171875
1432961,29.35791015625
1433006,41.68701171875
1433558,30.517578125
1491652,30.21240234375
1560856,30.45654296875
1560952,30.3955078125
1560980,36.62109375
1575875,30.029296875
1604308,29.78515625
1604512,31.18896484375
1605060,31.67724609375
1741460,40.46630859375
1741729,37.17041015625
1763156,38.6962890625
1775811,33.14208984375
1817971,31.982421875
1843799,36.2548828125
1867882,32.5927734375
1881901,30.70068359375
1902019,30.33447265625
1902147,35.15625
1902223,35.400390625
1902234,58.28857421875
1960625,30.09033203125
1979501,30.029296875
2008245,37.353515625
2008272,30.82275390625
2008326,31.67724609375
2082408,30.517578125
2136579,29.78515625
2173155,32.1044921875
2185628,29.78515625
2205139,54.99267578125
2205212,33.3251953125
2233066,30.2734375
2233101,31.8603515625
2233181,47.42431640625
2233200,33.63037109375
2233227,30.21240234375
2824622,31.005859375
2867316,31.982421875
2867456,29.96826171875
2867639,30.1513671875
2906999,36.62109375
2907031,59.87548828125
2907094,61.8896484375
2907301,30.8837890625
2919927,31.494140625
2933023,39.9169921875
2933036,33.38623046875
2933071,50.47607421875
2933086,31.55517578125
2933139,34.72900390625
2933305,35.400390625
2933668,38.330078125
2955522,32.3486328125
2955599,34.24072265625
2964295,31.43310546875
2964319,38.63525390625
2964367,29.96826171875
2964452,29.541015625
2973270,53.1005859375
2973293,29.47998046875
2981649,31.25
2988930,31.92138671875
2989015,31.982421875
2989125,37.353515625
2989148,36.376953125
2989259,40.34423828125
2989432,29.541015625
2999730,36.19384765625
2999755,46.32568359375
2999770,37.29248046875
2999830,41.07666015625
2999840,33.50830078125
2999905,42.724609375
2999960,31.43310546875
3000004,36.7431640625
3000057,33.02001953125
3000147,31.1279296875
3000214,35.2783203125
3000298,42.96875
3020054,29.6630859375
3020105,29.96826171875
3020175,34.66796875
3020231,33.02001953125
3028999,29.60205078125
3029077,35.15625
3029117,35.15625
3029136,36.31591796875
3029157,31.494140625
3029168,32.16552734375
3029191,45.166015625
3029203,48.33984375
3029228,33.0810546875
3029270,45.47119140625
3029341,31.005859375
3029369,34.85107421875
3029437,32.1044921875
3029537,34.0576171875
3029743,35.82763671875
3038967,42.78564453125
3039060,44.98291015625
3039125,31.79931640625
3039160,52.490234375
3039257,39.85595703125
3039390,41.32080078125
3048140,29.6630859375
3048258,30.76171875
3048356,33.5693359375
3048478,33.87451171875
3056975,36.2548828125
3056997,34.423828125
3057011,29.60205078125
3057042,40.34423828125
3057113,29.4189453125
3057133,43.701171875
3057180,31.06689453125
3057213,30.33447265625
3057439,33.63037109375
3065605,32.65380859375
3065761,45.654296875
3073178,30.21240234375
3073196,42.41943359375
3073208,29.9072265625
3081281,34.11865234375
3081362,38.14697265625
3081411,32.04345703125
3081431,34.912109375
3089989,29.84619140625
3090084,33.3251953125
3090204,39.0625
3090228,30.33447265625
3090319,29.72412109375
3099267,29.9072265625
3099317,44.921875
3099337,30.8837890625
3099434,36.80419921875
3109167,34.7900390625
3109299,30.21240234375
3109351,34.85107421875
3109499,34.0576171875
3109703,30.09033203125
3117848,30.45654296875
3125255,31.06689453125
3132776,30.029296875
3141628,33.5693359375
3141705,32.40966796875
3141888,42.724609375
3149960,30.57861328125
3150040,31.005859375
3158208,31.67724609375
3165895,32.958984375
3224392,31.494140625
3697107,37.353515625
3697136,30.3955078125
3697219,31.005859375
3755873,32.3486328125
3798471,30.1513671875
3798497,65.12451171875
3798540,30.1513671875
3798610,46.32568359375
3798676,33.38623046875
3798747,30.8837890625
3799222,29.60205078125
3799306,30.21240234375
3859008,37.90283203125
3859039,40.95458984375
3859086,43.212890625
3859130,35.82763671875
3859147,30.82275390625
3859185,29.47998046875
3888357,29.9072265625
3888389,30.76171875
3888435,31.92138671875
3888517,35.33935546875
3888685,30.21240234375
3902422,31.18896484375
3902472,31.43310546875
3902482,34.1796875
3902510,44.5556640625
3902541,30.09033203125
3902564,31.55517578125
3902591,51.45263671875
3902655,38.9404296875
3902735,33.87451171875
3902808,37.65869140625
3902838,30.94482421875
3903007,39.36767578125
3903383,29.96826171875
3931143,33.69140625
3939366,31.06689453125
3939423,29.47998046875
3939446,31.982421875
3939462,41.748046875
3939501,65.73486328125
3954927,30.21240234375
3954985,30.94482421875
3955024,37.109375
3955046,39.0625
3955069,32.16552734375
3955166,51.26953125
3955440,29.4189453125
3964180,29.6630859375
3964205,30.82275390625
3972352,31.005859375
3972438,30.8837890625
3972514,31.43310546875
3972603,46.81396484375
3981528,36.31591796875
3990985,31.92138671875
3991214,32.65380859375
4010886,34.36279296875
4010905,31.18896484375
4010940,29.78515625
4010962,35.09521484375
4011011,32.77587890625
4028649,29.9072265625
4028775,31.25
4028824,36.9873046875
4028894,32.40966796875
4028958,30.57861328125
4029114,29.35791015625
4040819,30.6396484375
4041237,29.35791015625
4053975,31.18896484375
4054188,36.56005859375
4054261,32.3486328125
4054295,32.2265625
4054442,29.4189453125
4071907,29.47998046875
4071963,33.50830078125
4072126,29.47998046875
4093826,31.92138671875
4093911,29.60205078125
4094133,29.35791015625
4094491,30.21240234375
4113844,29.35791015625
4125017,32.04345703125
4134643,30.1513671875
4146432,33.63037109375
4146448,35.58349609375
4160015,31.1279296875
4160166,29.47998046875
4179370,29.6630859375
4635163,29.72412109375
4826268,29.96826171875
4868737,32.53173828125
4868827,40.283203125
4961850,42.1142578125
4961910,33.02001953125
4961932,29.78515625
4961949,33.0810546875
4961983,41.1376953125
4962067,34.423828125
4962099,30.76171875
4962537,30.029296875
4962598,33.935546875
4962745,29.72412109375
5014361,33.50830078125
5014392,49.13330078125
5014471,39.85595703125
5014507,57.67822265625
5014583,31.6162109375
5014840,32.958984375
5014896,32.8369140625
5044284,31.06689453125
5044308,47.8515625
5044322,30.94482421875
5044354,53.28369140625
5044386,32.470703125
5044427,32.28759765625
5044439,48.828125
5044467,41.07666015625
5044521,31.43310546875
5044547,31.31103515625
5044567,31.6162109375
5044720,33.50830078125
5044749,31.55517578125
5061639,38.330078125
5061825,32.5927734375
5073445,33.5693359375
5073520,32.5927734375
5073580,37.04833984375
5073595,45.7763671875
5073614,58.41064453125
5073693,29.35791015625
5084171,32.1044921875
5084222,65.5517578125
5084274,43.64013671875
5084311,39.00146484375
5084339,32.470703125
5098620,47.30224609375
5098640,71.1669921875
5098659,29.78515625
5098710,54.6875
5098731,30.76171875
5098783,37.59765625
5098801,30.82275390625
5098829,36.376953125
5098890,31.31103515625
5098907,38.63525390625
5098990,35.82763671875
5099160,30.33447265625
5099211,43.701171875
5099280,29.78515625
5113194,29.541015625
5113316,51.7578125
5113507,30.3955078125
5123177,30.6396484375
5123200,50.35400390625
5123309,34.48486328125
5123340,30.45654296875
5123380,30.70068359375
5134222,40.0390625
5134265,49.49951171875
5134287,34.85107421875
5134299,39.85595703125
5134350,41.748046875
5134391,34.97314453125
5134409,35.15625
5134427,51.81884765625
5134454,30.82275390625
5134501,38.2080078125
5134530,50.96435546875
5134581,33.02001953125
5134641,30.1513671875
5134695,33.935546875
5146038,33.3251953125
5146148,33.38623046875
5157050,30.45654296875
5157139,30.57861328125
5157166,50.1708984375
5157184,30.82275390625
5157196,50.10986328125
5157226,30.3955078125
5157256,52.978515625
5157293,31.43310546875
5157316,30.33447265625
5157372,45.7763671875
5157426,31.6162109375
5157451,50.29296875
5157637,31.31103515625
5157650,31.1279296875
5157804,30.94482421875
5157873,37.04833984375
5170812,30.8837890625
5170839,35.94970703125
5170917,35.82763671875
5180154,52.24609375
5180185,37.29248046875
5180222,36.19384765625
5180235,45.654296875
5180266,32.89794921875
5180317,33.75244140625
5180335,43.27392578125
5180408,65.24658203125
5180487,44.189453125
5180581,29.541015625
5180840,29.60205078125
5192176,29.78515625
5192192,56.7626953125
5192212,35.5224609375
5192293,33.69140625
5192325,30.57861328125
5192368,31.005859375
5192416,35.2783203125
5192447,46.08154296875
5192511,29.4189453125
5192573,35.15625
5192637,33.50830078125
5204517,38.4521484375
5204602,49.8046875
5214665,29.35791015625
5214694,30.76171875
5214727,33.935546875
5214740,34.48486328125
5214805,54.931640625
5214852,43.701171875
5214909,39.0625
5214979,31.73828125
5214998,32.04345703125
5215051,29.47998046875
5215112,33.50830078125
5215303,31.1279296875
5232931,49.1943359375
5232949,31.25
5232972,30.517578125
5233019,33.69140625
5233030,33.63037109375
5233122,37.9638671875
5233253,35.21728515625
5233560,33.5693359375
5243260,30.6396484375
5243280,29.9072265625
5243333,34.48486328125
5243345,33.26416015625
5243378,43.9453125
5243447,32.04345703125
5243472,36.4990234375
5243497,33.02001953125
5243518,31.1279296875
5243551,34.48486328125
5243600,37.90283203125
5243625,31.3720703125
5243805,29.47998046875
5243903,33.935546875
5254972,33.87451171875
5255092,52.3681640625
5255107,29.4189453125
5255216,42.05322265625
5265546,34.1796875
5265662,48.52294921875
5265723,36.2548828125
5265761,48.33984375
5265845,38.26904296875
5266063,35.33935546875
5275150,37.53662109375
5275198,29.4189453125
5275373,30.45654296875
5313762,31.25
5314092,32.53173828125
5328001,30.33447265625
5341969,29.84619140625
5354872,30.029296875
5382383,34.36279296875
5382429,30.6396484375
5395167,32.04345703125
5395214,29.4189453125
5460687,29.4189453125
5460842,48.52294921875
5476295,29.541015625
5492154,37.04833984375
5534566,30.029296875
5534809,29.6630859375
5534825,57.7392578125
5534839,49.25537109375
5534975,39.12353515625
5882420,30.3955078125
6188347,32.77587890625
6216191,56.0302734375
6248807,30.3955078125
6249387,33.14208984375
6286882,37.7197265625
6286929,30.517578125
6315393,35.7666015625
6315417,50.537109375
6315681,30.029296875
6354585,45.47119140625
6354607,48.095703125
6354628,50.59814453125
6354659,38.9404296875
6354708,34.36279296875
6354735,36.43798828125
6354788,38.9404296875
6354878,32.1044921875
6354888,29.6630859375
6354947,37.2314453125
6355051,34.423828125
6355070,29.541015625
6355308,37.4755859375
6355422,52.42919921875
6375277,40.34423828125
6389597,37.7197265625
6389612,35.58349609375
6389643,47.42431640625
6389674,36.376953125
6389695,39.85595703125
6389736,43.88427734375
6389755,41.44287109375
6389785,42.3583984375
6389795,35.0341796875
6389809,41.6259765625
6389857,32.1044921875
6389920,30.09033203125
6389942,30.09033203125
6389955,40.46630859375
6390073,42.54150390625
6390099,55.11474609375
6390131,36.43798828125
6390149,35.33935546875
6390253,30.1513671875
6390319,31.18896484375
6390775,34.97314453125
6391312,32.04345703125
6409999,30.1513671875
6410318,57.18994140625
6420162,29.9072265625
6420402,45.654296875
6420430,35.21728515625
6420585,46.630859375
6420694,32.958984375
6432420,42.05322265625
6432449,41.259765625
6432479,32.8369140625
6432491,61.34033203125
6432554,34.7900390625
6432579,40.8935546875
6432606,37.2314453125
6432654,31.3720703125
6432669,31.982421875
6432692,33.38623046875
6432726,40.83251953125
6432925,30.09033203125
6432971,31.005859375
6449919,30.21240234375
6450020,49.072265625
6450042,29.96826171875
6450081,40.71044921875
6450117,41.68701171875
6450149,48.76708984375
6450164,43.76220703125
6450227,40.95458984375
6450286,34.423828125
6450312,53.5888671875
6450433,34.36279296875
6450513,32.89794921875
6459843,37.53662109375
6459960,29.84619140625
6460013,53.8330078125
6460066,33.935546875
6460093,43.27392578125
6460193,45.71533203125
6460206,42.236328125
6460259,44.43359375
6460284,30.029296875
6460360,34.5458984375
6460438,34.36279296875
6471677,30.3955078125
6471690,35.33935546875
6471763,31.3720703125
6471820,46.20361328125
6471860,48.76708984375
6471890,29.78515625
6471908,45.8984375
6471959,30.45654296875
6472003,37.90283203125
6472049,31.73828125
6472108,34.36279296875
6472213,41.56494140625
6472316,33.87451171875
6480497,47.05810546875
6480551,31.67724609375
6480578,45.654296875
6480637,35.46142578125
6480661,31.31103515625
6487171,30.09033203125
6487191,44.37255859375
6487245,42.54150390625
6487263,38.02490234375
6487325,32.1044921875
6487353,39.55078125
6487381,41.56494140625
6487438,55.419921875
6487477,32.53173828125
6487499,29.4189453125
6487533,42.3583984375
6487617,38.57421875
6487777,38.14697265625
6494868,35.15625
6499983,33.0810546875
6500014,34.36279296875
6500080,35.64453125
6500095,46.93603515625
6500164,36.43798828125
6500178,43.9453125
6500347,32.8369140625
6500553,34.60693359375
6500698,35.7666015625
6512089,31.6162109375
6512114,39.61181640625
6512139,31.25
6512166,45.95947265625
6512231,41.19873046875
6512290,39.306640625
6512346,32.04345703125
6512361,34.3017578125
6512421,32.77587890625
6512474,36.62109375
6512540,31.25
6512583,33.99658203125
6512595,32.1044921875
6512667,29.6630859375
6512907,29.78515625
6525052,37.41455078125
6525074,51.20849609375
6525085,30.3955078125
6525145,30.3955078125
6525159,61.46240234375
6525204,31.005859375
6525261,31.67724609375
6525292,31.92138671875
6525327,31.25
6525517,32.5927734375
6536577,38.02490234375
6536681,32.40966796875
6536714,38.57421875
6536754,39.97802734375
6536776,50.29296875
6536821,38.87939453125
6536843,31.55517578125
6536881,38.4521484375
6536958,34.72900390625
6536994,38.87939453125
6537107,36.1328125
6537346,30.2734375
6546103,32.958984375
6546144,44.0673828125
6546161,33.26416015625
6546216,39.0625
6546229,36.80419921875
6546275,43.39599609375
6546287,31.55517578125
6546322,41.748046875
6546372,36.07177734375
6546427,38.26904296875
6546448,29.4189453125
6546478,42.29736328125
6546503,41.44287109375
6546529,36.43798828125
6546551,32.2265625
6546577,32.958984375
6546617,40.1611328125
6546803,39.48974609375
6546916,29.4189453125
6557562,40.283203125
6557616,32.8369140625
6557649,55.908203125
6557665,29.47998046875
6557710,35.888671875
6557761,31.18896484375
6557786,37.17041015625
6557862,36.7431640625
6557948,31.25
6558011,31.982421875
6570154,52.001953125
6570209,31.67724609375
6570231,36.80419921875
6570253,50.96435546875
6570271,33.26416015625
6570289,35.7666015625
6570330,38.63525390625
6570366,36.31591796875
6570391,47.30224609375
6570432,35.15625
6570505,40.8935546875
6570549,29.84619140625
6570562,30.82275390625
6570629,48.2177734375
6570671,29.78515625
6570769,33.75244140625
6583577,33.447265625
6583670,31.79931640625
6583722,36.80419921875
6589358,30.09033203125
6589383,39.48974609375
6589405,29.72412109375
6589438,52.67333984375
6589458,35.94970703125
6589523,49.1943359375
6589534,33.02001953125
6589581,37.04833984375
6589615,38.0859375
6589715,29.541015625
6600820,30.45654296875
6600847,35.46142578125
6600887,30.8837890625
6600938,41.9921875
6600969,32.53173828125
6600990,40.771484375
6601087,30.6396484375
6601102,37.2314453125
6601148,34.5458984375
6601168,31.8603515625
6601221,32.5927734375
6601573,29.60205078125
6610821,35.46142578125
6610914,36.07177734375
6610966,30.76171875
6610981,53.52783203125
6611039,34.3017578125
6611066,42.1142578125
6611090,29.60205078125
6625444,33.0810546875
6625472,44.25048828125
6625503,44.7998046875
6625520,33.69140625
6625530,54.74853515625
6625582,35.82763671875
6625621,34.48486328125
6625639,36.0107421875
6625684,33.38623046875
6625725,29.72412109375
6625766,31.982421875
6625882,31.67724609375
6625935,34.85107421875
6637903,35.82763671875
6637948,29.47998046875
6637978,34.60693359375
6638000,30.1513671875
6638017,30.029296875
6638043,45.22705078125
6638109,37.17041015625
6638129,37.65869140625
6638199,41.8701171875
6638224,48.76708984375
6638415,36.19384765625
6647345,38.75732421875
6647417,37.109375
6647470,43.76220703125
6647488,30.3955078125
6647501,32.71484375
6647543,31.005859375
6647555,31.92138671875
6647596,45.166015625
6647655,35.09521484375
6647667,33.5693359375
6647865,46.44775390625
6647936,32.5927734375
6659029,38.02490234375
6659045,38.57421875
6659090,42.41943359375
6659108,30.76171875
6659134,37.29248046875
6659151,31.6162109375
6659176,30.21240234375
6659189,41.8701171875
6659274,34.36279296875
6659309,33.0810546875
6659391,34.85107421875
6670457,44.189453125
6670518,35.58349609375
6670558,40.6494140625
6670600,31.67724609375
6670635,32.958984375
6670653,30.8837890625
6670687,40.8935546875
6670787,34.5458984375
6670818,29.47998046875
6670964,30.8837890625
6680454,32.2265625
6680512,55.7861328125
6680528,31.25
6680567,42.8466796875
6680602,32.470703125
6680622,36.1328125
6680663,29.4189453125
6680673,33.69140625
6680722,47.2412109375
6680795,43.88427734375
6693581,38.75732421875
6693635,45.22705078125
6693660,38.39111328125
6693737,63.53759765625
6693768,35.21728515625
6693806,32.470703125
6693845,41.50390625
6693872,44.73876953125
6693921,30.82275390625
6693988,34.5458984375
6694039,30.2734375
6708736,48.583984375
6708798,32.2265625
6708829,37.7197265625
6708842,42.41943359375
6708883,41.19873046875
6708932,35.15625
6708942,39.48974609375
6708972,36.07177734375
6709013,30.70068359375
6709127,33.3251953125
6724584,33.14208984375
6724631,30.1513671875
6724663,54.5654296875
6724686,37.841796875
6724705,37.841796875
6724726,32.71484375
6724755,37.353515625
6724781,40.58837890625
6724812,35.400390625
6724885,34.3017578125
6724922,31.73828125
6725063,35.5224609375
6725500,32.8369140625
6737110,38.0859375
6737223,32.04345703125
6737250,46.32568359375
6737271,32.958984375
6737286,36.9873046875
6737327,33.14208984375
6737462,34.912109375
6747700,33.935546875
6747757,44.5556640625
6747767,38.6962890625
6747797,35.0341796875
6747815,31.18896484375
6747845,61.95068359375
6747885,30.33447265625
6747946,31.005859375
6748016,31.982421875
6748069,51.1474609375
6748173,29.60205078125
6758914,34.85107421875
6758982,33.8134765625
6759012,33.75244140625
6759033,34.0576171875
6759045,39.85595703125
6759078,44.0673828125
6759143,40.83251953125
6759683,31.67724609375
6771222,35.82763671875
6771283,47.7294921875
6771311,30.1513671875
6771357,30.2734375
6771382,38.87939453125
6771423,46.81396484375
6771505,37.90283203125
6771600,43.64013671875
6771613,29.72412109375
6771874,34.60693359375
6772171,32.04345703125
6789495,60.1806640625
6789545,40.83251953125
6789569,32.40966796875
6789597,33.5693359375
6789607,31.43310546875
6789637,37.59765625
6789718,44.86083984375
6790411,30.09033203125
6804741,44.7998046875
6804805,31.79931640625
6804883,48.76708984375
6804893,32.8369140625
6804968,34.72900390625
6805027,30.2734375
6805059,31.6162109375
6805636,43.02978515625
6817228,33.50830078125
6817326,31.06689453125
6817392,34.85107421875
6817446,38.2080078125
6817528,31.8603515625
6817604,35.2783203125
6830944,38.330078125
6830970,30.21240234375
6831002,31.8603515625
6831039,39.61181640625
6831071,36.43798828125
6831242,39.36767578125
6831295,38.4521484375
6831441,31.18896484375
6831663,34.66796875
6845522,30.09033203125
6845612,43.02978515625
6845662,29.9072265625
6845742,31.79931640625
6845979,38.6962890625
6846030,33.3251953125
6846277,41.07666015625
6861354,35.888671875
6861426,35.888671875
6861481,37.353515625
6861518,29.9072265625
6861660,30.94482421875
6862019,40.1611328125
6862268,31.6162109375
6874684,30.8837890625
6874745,41.80908203125
6874825,37.90283203125
6875091,35.82763671875
6887242,38.75732421875
6887307,33.87451171875
6887371,38.6962890625
6887463,36.62109375
6887657,33.87451171875
6906396,29.72412109375
6906427,39.306640625
6906476,32.04345703125
6906545,29.60205078125
6906562,30.6396484375
6906623,31.494140625
6906853,29.47998046875
6921896,37.53662109375
6921955,29.541015625
6922002,29.78515625
6922015,31.3720703125
6922161,36.31591796875
6946433,36.9873046875
6946485,42.05322265625
6946541,51.57470703125
6946573,32.89794921875
7440112,46.142578125
7440169,35.82763671875
7440214,34.48486328125
7440273,31.79931640625
7557913,31.73828125
7558401,44.61669921875
7636108,40.34423828125
7690612,29.4189453125
7690697,48.7060546875
7690749,43.0908203125
7690788,34.60693359375
7690802,41.80908203125
7690815,56.5185546875
7690851,29.541015625
7690871,30.517578125
7690923,33.5693359375
7690954,31.494140625
7690983,38.6962890625
7691084,29.541015625
7691327,49.9267578125
7716125,29.47998046875
7716256,31.18896484375
7716268,37.353515625
7716409,39.55078125
7748679,31.005859375
7748810,61.279296875
7748863,39.12353515625
7748897,51.3916015625
7748925,50.47607421875
7748951,34.60693359375
7748996,36.0107421875
7749047,35.94970703125
7749113,36.31591796875
7749211,31.79931640625
7749281,42.17529296875
7749302,33.38623046875
7766656,41.56494140625
7792563,32.470703125
7792583,56.396484375
7792593,41.07666015625
7792614,59.2041015625
7792637,29.96826171875
7792661,33.3251953125
7792671,33.203125
7792698,29.84619140625
7792710,29.35791015625
7792741,32.8369140625
7792758,40.34423828125
7792783,39.12353515625
7792808,30.8837890625
7792820,29.541015625
7792846,35.64453125
7792883,45.8984375
7792902,35.09521484375
7792978,37.90283203125
7793060,36.62109375
7793087,36.865234375
7793147,29.6630859375
7793603,31.73828125
