7799001,0
6832,25.93994140625
6961,46.69189453125
7215,36.4990234375
7501,28.62548828125
7531,31.25
7593,32.958984375
7901,26.79443359375
13374,28.6865234375
26464,26.42822265625
41013,26.9775390625
71162,26.3671875
71302,36.376953125
71800,26.4892578125
72088,27.28271484375
72463,26.30615234375
74109,25.93994140625
75393,29.052734375
96146,26.55029296875
126875,41.44287109375
126889,27.77099609375
127057,36.2548828125
127207,37.4755859375
127220,26.7333984375
127757,33.0810546875
151217,31.06689453125
151236,37.4755859375
151270,30.517578125
151294,34.48486328125
151316,48.03466796875
151455,41.259765625
155114,26.42822265625
181974,32.04345703125
182019,25.7568359375
182100,29.60205078125
182129,27.83203125
182157,35.15625
212264,27.9541015625
212281,27.64892578125
212320,35.400390625
212438,34.36279296875
212471,29.35791015625
212538,27.4658203125
212598,35.0341796875
230411,34.85107421875
230438,32.16552734375
230474,36.07177734375
230484,35.0341796875
230509,50.4150390625
243885,26.18408203125
250590,26.3671875
250653,29.84619140625
250680,28.564453125
260679,29.72412109375
267872,26.123046875
268063,27.03857421875
268099,33.02001953125
268109,27.77099609375
268142,27.34375
268157,51.94091796875
268178,48.15673828125
268191,42.41943359375
268206,34.66796875
268228,32.958984375
268270,30.2734375
268289,31.1279296875
294059,31.92138671875
294083,26.7333984375
294104,30.57861328125
294116,26.42822265625
294140,26.91650390625
294156,35.5224609375
294168,40.8935546875
294181,29.72412109375
294202,83.3740234375
294237,26.7333984375
294288,35.21728515625
314810,26.42822265625
315036,40.0390625
325471,32.5927734375
325693,28.6865234375
325906,26.55029296875
325949,26.2451171875
325985,58.7158203125
326039,35.33935546875
326057,27.40478515625
326074,32.53173828125
326155,27.28271484375
343108,26.30615234375
343132,31.494140625
343203,31.3720703125
343310,36.80419921875
357121,33.99658203125
357185,29.9072265625
357211,28.01513671875
357266,33.26416015625
357281,28.9306640625
357300,32.77587890625
357319,27.34375
372739,26.2451171875
372774,26.9775390625
372818,47.05810546875
372828,47.7294921875
372847,31.43310546875
382903,27.34375
389770,25.93994140625
389815,32.958984375
389833,33.447265625
389850,29.052734375
389869,58.89892578125
389886,38.2080078125
389900,27.28271484375
389944,29.6630859375
405963,29.60205078125
406017,26.79443359375
406033,32.5927734375
406068,33.26416015625
406138,26.123046875
419037,31.55517578125
419061,27.64892578125
419083,43.76220703125
419131,26.7333984375
419149,29.4189453125
419226,29.60205078125
419338,25.81787109375
419602,27.587890625
434636,30.33447265625
434652,26.2451171875
434677,32.470703125
434707,29.1748046875
434723,48.7060546875
434742,32.1044921875
434763,26.611328125
434881,26.06201171875
440490,34.0576171875
446824,26.3671875
446914,26.7333984375
446941,33.02001953125
446973,31.55517578125
447023,33.14208984375
447089,26.30615234375
447109,28.80859375
447165,30.517578125
460775,31.43310546875
460875,36.9873046875
460973,28.1982421875
461016,38.9404296875
465100,27.52685546875
473290,29.96826171875
473310,28.38134765625
473327,26.91650390625
473344,26.67236328125
473365,40.283203125
473499,32.28759765625
473591,26.67236328125
473622,32.53173828125
481358,40.1611328125
481442,29.11376953125
481467,27.16064453125
481559,28.01513671875
481606,34.85107421875
491974,25.93994140625
492005,29.35791015625
492025,32.77587890625
492075,36.4990234375
492123,28.6865234375
492160,26.85546875
492202,26.0009765625
492258,26.4892578125
492314,28.80859375
492335,29.541015625
492414,30.029296875
492531,27.16064453125
502826,30.09033203125
502864,33.5693359375
502881,26.2451171875
502908,31.25
502929,26.611328125
502961,31.6162109375
503106,27.64892578125
503149,29.47998046875
503467,26.79443359375
512802,32.1044921875
512868,27.40478515625
512890,28.4423828125
512928,25.87890625
512949,26.611328125
512975,31.73828125
513070,28.86962890625
513100,26.123046875
513125,28.38134765625
513399,27.099609375
522139,25.93994140625
522231,25.87890625
522243,27.89306640625
522298,26.55029296875
522400,26.4892578125
522464,27.34375
522533,27.40478515625
522660,26.06201171875
522732,27.16064453125
530900,26.4892578125
530914,40.0390625
530978,28.86962890625
531056,25.87890625
531066,43.5791015625
531114,49.62158203125
531172,27.40478515625
531197,30.1513671875
531270,27.40478515625
531374,27.9541015625
539815,33.14208984375
539842,30.76171875
539878,26.85546875
539917,32.89794921875
539935,27.40478515625
539977,36.1328125
540030,28.3203125
540085,28.74755859375
540096,29.35791015625
540201,25.7568359375
548294,29.60205078125
548335,26.06201171875
548360,38.14697265625
548381,34.60693359375
548405,35.58349609375
548456,25.7568359375
548468,28.4423828125
548544,27.28271484375
548561,26.67236328125
548607,28.50341796875
549160,27.7099609375
556142,28.13720703125
556174,33.69140625
556230,39.61181640625
556240,28.3203125
556269,41.93115234375
556301,28.9306640625
556393,29.35791015625
556407,27.2216796875
556452,28.4423828125
563522,27.16064453125
563542,29.60205078125
563580,35.64453125
563594,27.83203125
563629,32.77587890625
563641,30.21240234375
563696,26.611328125
563723,32.8369140625
563916,28.62548828125
570577,32.3486328125
570615,30.517578125
570672,31.73828125
570703,26.91650390625
570718,31.1279296875
570808,26.18408203125
570896,28.9306640625
570914,28.4423828125
571052,28.1982421875
578329,31.8603515625
578382,28.74755859375
578442,33.203125
578458,26.18408203125
578499,31.67724609375
578525,26.611328125
578599,29.4189453125
578617,25.81787109375
578652,36.07177734375
578684,29.296875
585940,27.52685546875
585995,37.841796875
586019,32.89794921875
586035,27.2216796875
586092,32.5927734375
586123,28.74755859375
586144,32.2265625
586161,32.3486328125
586261,26.06201171875
586412,28.80859375
593593,27.40478515625
593619,28.1982421875
593661,26.7333984375
593672,27.9541015625
593686,28.50341796875
593727,28.25927734375
593768,33.3251953125
593847,32.53173828125
593890,26.2451171875
600453,28.74755859375
600537,27.52685546875
600571,26.2451171875
600581,48.583984375
600600,26.79443359375
600612,32.8369140625
600648,26.06201171875
600672,26.3671875
600796,26.91650390625
600825,28.4423828125
607420,29.296875
607452,31.06689453125
607481,32.77587890625
607507,45.2880859375
607530,31.43310546875
607567,33.75244140625
607609,26.55029296875
607637,26.30615234375
614745,32.3486328125
614818,32.3486328125
614853,26.30615234375
614873,31.005859375
614886,27.03857421875
614935,29.23583984375
614957,33.3251953125
614999,27.77099609375
615019,28.4423828125
615082,26.3671875
615104,27.64892578125
615187,26.9775390625
621575,26.91650390625
621848,29.6630859375
621885,26.91650390625
621922,31.005859375
621955,30.029296875
622046,26.18408203125
622092,29.84619140625
622106,32.470703125
622183,36.1328125
622219,26.4892578125
622334,28.25927734375
622347,27.64892578125
622429,26.55029296875
622458,25.87890625
629053,27.4658203125
629133,29.35791015625
629161,29.4189453125
629175,30.8837890625
629231,28.25927734375
629315,26.67236328125
629357,26.91650390625
635756,36.92626953125
635871,28.13720703125
635916,28.86962890625
635929,27.9541015625
636026,30.517578125
636037,33.99658203125
636062,27.64892578125
636112,33.0810546875
636178,28.3203125
636301,27.52685546875
637679,29.47998046875
639296,26.18408203125
643364,27.7099609375
643496,26.123046875
643542,30.33447265625
643573,28.80859375
643590,26.611328125
643619,27.52685546875
643659,31.79931640625
643672,26.3671875
643716,30.57861328125
643741,28.6865234375
643787,26.06201171875
643822,29.23583984375
643833,26.85546875
643867,30.517578125
643897,40.771484375
650233,28.6865234375
650283,26.7333984375
650305,27.52685546875
650336,37.109375
650362,43.45703125
650426,28.99169921875
650490,29.78515625
650689,27.89306640625
650742,25.87890625
650922,27.587890625
651038,26.79443359375
651083,25.93994140625
656547,28.01513671875
656682,25.7568359375
656861,30.3955078125
656871,41.80908203125
656920,29.6630859375
656991,41.748046875
657012,26.2451171875
657038,28.86962890625
657066,27.52685546875
657192,26.4892578125
657291,26.123046875
657402,29.1748046875
663641,27.16064453125
663874,28.1982421875
663903,31.67724609375
663936,32.3486328125
663960,34.60693359375
663996,31.73828125
664020,30.21240234375
664066,29.60205078125
664122,28.6865234375
664141,29.6630859375
664444,27.28271484375
664467,26.4892578125
670805,26.9775390625
670840,28.01513671875
670919,30.57861328125
670952,28.6865234375
670970,35.58349609375
671089,29.96826171875
671099,28.4423828125
671125,28.80859375
671166,37.109375
671215,34.72900390625
671233,29.35791015625
671351,26.85546875
671563,25.81787109375
677627,27.16064453125
677982,27.03857421875
678041,26.3671875
678060,27.9541015625
678093,33.3251953125
678257,29.6630859375
684978,27.34375
685016,30.2734375
685048,35.58349609375
685107,29.11376953125
685117,30.70068359375
685183,25.87890625
685223,32.40966796875
685243,26.85546875
685382,26.85546875
692467,30.21240234375
692509,26.55029296875
692525,26.2451171875
692555,31.1279296875
692586,27.89306640625
692605,36.07177734375
692648,38.818359375
692668,29.47998046875
692689,27.03857421875
692708,26.06201171875
692755,27.64892578125
692799,27.16064453125
693009,25.87890625
702452,31.1279296875
702629,28.86962890625
702717,26.0009765625
702747,27.89306640625
702770,26.91650390625
702789,26.85546875
702814,28.1982421875
702829,25.81787109375
702932,46.142578125
702944,32.28759765625
703069,30.2734375
703131,27.77099609375
703307,26.2451171875
710493,30.21240234375
710537,28.1982421875
710647,30.2734375
710711,32.1044921875
710739,28.62548828125
710821,27.89306640625
710844,32.77587890625
710880,25.81787109375
710928,31.3720703125
711634,26.611328125
718086,27.77099609375
718364,27.7099609375
718560,26.42822265625
718573,34.97314453125
718599,31.31103515625
718674,27.099609375
718698,33.935546875
718721,26.42822265625
718757,33.02001953125
718769,29.541015625
718798,26.0009765625
718847,27.40478515625
726604,26.18408203125
726681,26.42822265625
726806,31.3720703125
726821,26.0009765625
726872,26.9775390625
726914,33.63037109375
726957,32.28759765625
727022,28.3203125
727089,36.43798828125
727099,27.587890625
727127,29.35791015625
727497,26.67236328125
732002,27.099609375
735193,29.052734375
735356,26.18408203125
735368,36.80419921875
735385,28.25927734375
735403,33.3251953125
735431,26.30615234375
735493,28.01513671875
735544,34.60693359375
735627,25.87890625
735824,29.78515625
739525,26.3671875
742958,26.67236328125
743149,27.77099609375
743207,26.30615234375
743381,28.25927734375
743458,28.6865234375
743468,28.62548828125
743515,26.79443359375
743940,27.52685546875
751656,26.123046875
751670,31.31103515625
751727,26.42822265625
751753,26.30615234375
751805,30.029296875
751834,26.2451171875
751883,30.1513671875
752060,26.91650390625
752249,28.564453125
752440,27.16064453125
760480,33.203125
760510,32.3486328125
760521,29.4189453125
760548,30.21240234375
760648,31.25
760662,38.6962890625
760683,33.203125
760740,25.87890625
760755,35.21728515625
760797,26.0009765625
760847,25.93994140625
760889,26.123046875
761399,25.87890625
768524,26.7333984375
768732,31.67724609375
768743,30.029296875
768823,27.34375
768884,27.83203125
768953,35.46142578125
768968,32.8369140625
768991,29.296875
769025,33.8134765625
769099,46.875
769171,27.9541015625
769282,25.7568359375
777806,26.42822265625
777863,32.89794921875
777898,27.7099609375
777923,27.9541015625
777953,26.3671875
777978,39.0625
778013,33.87451171875
778071,25.93994140625
778196,36.1328125
786179,27.77099609375
786304,33.203125
786467,44.25048828125
786491,26.67236328125
786549,25.81787109375
786755,29.96826171875
793518,26.9775390625
793611,25.7568359375
793645,26.30615234375
793677,33.8134765625
793743,28.80859375
793808,30.1513671875
793840,30.2734375
793908,26.79443359375
794056,25.7568359375
794074,26.18408203125
801313,29.35791015625
801511,28.076171875
801630,33.75244140625
801648,35.70556640625
801697,29.541015625
801849,27.2216796875
802358,27.28271484375
807551,26.42822265625
807574,26.55029296875
807614,28.99169921875
807642,28.62548828125
807740,26.2451171875
807791,26.0009765625
807891,30.09033203125
807955,28.80859375
807983,26.3671875
815471,29.1748046875
816117,28.50341796875
816393,27.34375
816422,31.25
816471,42.3583984375
816570,26.2451171875
816650,30.82275390625
816794,27.4658203125
816842,27.83203125
816873,31.982421875
817018,28.01513671875
828608,30.8837890625
828765,29.4189453125
828815,30.33447265625
828835,34.85107421875
829025,27.16064453125
829049,27.52685546875
829146,28.3203125
829157,27.28271484375
829231,26.123046875
829431,28.01513671875
837566,27.7099609375
837745,41.748046875
837906,29.541015625
838071,27.16064453125
838098,25.93994140625
838193,26.4892578125
850348,27.77099609375
850372,39.0625
850552,30.517578125
850665,30.8837890625
850693,29.9072265625
850729,29.96826171875
850742,34.3017578125
850765,25.81787109375
850932,31.55517578125
851088,27.2216796875
864573,29.1748046875
864628,25.87890625
864729,26.9775390625
864770,30.1513671875
864792,34.36279296875
864936,25.81787109375
864952,27.9541015625
865050,32.2265625
865291,30.45654296875
878933,26.30615234375
879053,31.1279296875
879090,26.123046875
879121,28.13720703125
879151,27.4658203125
879354,26.123046875
879376,26.2451171875
879563,28.99169921875
879591,27.099609375
879760,30.21240234375
879780,26.06201171875
880212,28.13720703125
880316,27.587890625
891968,25.87890625
892120,29.60205078125
892137,37.90283203125
892445,38.818359375
892657,27.28271484375
892702,31.18896484375
892818,27.83203125
905560,27.28271484375
906706,36.376953125
906894,26.91650390625
907056,32.77587890625
907527,28.25927734375
921762,26.2451171875
921838,30.6396484375
921938,28.86962890625
922021,26.7333984375
922033,28.13720703125
922292,26.42822265625
922485,29.96826171875
1011762,27.9541015625
1012075,27.099609375
1012228,28.6865234375
1041315,27.4658203125
1041526,36.80419921875
1084942,30.517578125
1085308,30.2734375
1086128,25.93994140625
1086143,33.14208984375
1086265,35.46142578125
1086295,34.72900390625
1086700,35.46142578125
1105448,33.447265625
1105460,28.3203125
1105527,29.1748046875
1119077,26.0009765625
1131206,31.005859375
1131243,28.9306640625
1131257,28.62548828125
1131331,29.60205078125
1131356,46.32568359375
1131465,32.04345703125
1142903,26.9775390625
1142916,42.17529296875
1142935,26.06201171875
1143080,43.0908203125
1143090,26.7333984375
1156085,27.9541015625
1156106,26.06201171875
1168161,42.90771484375
1168197,28.6865234375
1178377,28.38134765625
1178500,27.83203125
1188069,26.611328125
1188393,27.64892578125
1197810,30.029296875
1197871,26.42822265625
1197987,32.1044921875
1198043,25.93994140625
1198092,25.93994140625
1207202,27.16064453125
1207273,29.6630859375
1207323,34.11865234375
1219084,29.6630859375
1219148,26.611328125
1219182,26.42822265625
1219259,34.72900390625
1229515,27.2216796875
1229584,26.9775390625
1238228,34.423828125
1238255,27.34375
1238478,30.94482421875
1247381,27.03857421875
1247424,27.16064453125
1247448,50.6591796875
1247561,31.6162109375
1247584,36.31591796875
1257866,28.38134765625
1257906,27.4658203125
1257950,30.33447265625
1266995,33.38623046875
1267120,29.1748046875
1267186,31.31103515625
1267198,28.6865234375
1277927,31.982421875
1288062,27.2216796875
1288076,35.33935546875
1288171,39.0625
1288241,25.93994140625
1298275,26.7333984375
1298288,54.50439453125
1306193,31.79931640625
1314246,29.11376953125
1314450,44.3115234375
1322576,25.7568359375
1322664,27.2216796875
1322766,25.93994140625
1322808,27.4658203125
1322913,26.30615234375
1340627,28.564453125
1340718,28.9306640625
1340780,26.79443359375
1340823,51.20849609375
1350368,38.63525390625
1350412,27.9541015625
1350461,31.6162109375
1359236,28.25927734375
1359406,25.93994140625
1359434,26.2451171875
1359718,28.25927734375
1367662,26.2451171875
1368811,26.611328125
1368863,36.62109375
1378837,27.587890625
1378961,27.52685546875
1379047,27.9541015625
1379081,29.47998046875
1379101,28.01513671875
1379130,40.34423828125
1389382,33.26416015625
1389410,30.029296875
1389532,27.587890625
1399689,27.34375
1399709,31.92138671875
1410074,30.45654296875
1419678,26.7333984375
1419821,45.166015625
1419913,26.2451171875
1419944,28.9306640625
1425466,27.099609375
1432789,25.7568359375
1432930,28.1982421875
1432987,28.80859375
1433043,39.00146484375
1433054,30.94482421875
1433089,25.87890625
1445935,30.57861328125
1446063,30.57861328125
1446076,40.8935546875
1446194,43.39599609375
1452975,25.7568359375
1456688,26.30615234375
1456963,32.8369140625
1457067,39.55078125
1457089,26.611328125
1457103,29.11376953125
1457120,39.48974609375
1466306,26.611328125
1466336,48.2177734375
1466350,26.2451171875
1467311,40.4052734375
1467434,26.85546875
1467466,27.64892578125
1479702,26.123046875
1479781,45.8984375
1479804,32.5927734375
1479827,26.67236328125
1479862,27.28271484375
1479899,29.47998046875
1479909,50.6591796875
1479957,42.17529296875
1480113,28.076171875
1491789,25.81787109375
1491890,42.724609375
1491994,36.1328125
1492005,46.93603515625
1504767,41.56494140625
1504828,31.18896484375
1504885,31.67724609375
1504919,53.89404296875
1504983,26.7333984375
1504998,27.16064453125
1517312,27.7099609375
1517341,46.7529296875
1517394,39.73388671875
1517548,36.4990234375
1517582,29.6630859375
1533217,25.7568359375
1533358,25.93994140625
1533488,26.0009765625
1533545,26.0009765625
1533560,33.26416015625
1533600,29.47998046875
1533610,32.2265625
1533636,29.47998046875
1533666,30.2734375
1533706,30.21240234375
1533754,39.794921875
1545289,28.86962890625
1545349,26.67236328125
1545411,26.06201171875
1545671,27.52685546875
1546570,29.84619140625
1546582,31.8603515625
1546640,30.57861328125
1560538,28.3203125
1560814,35.09521484375
1560839,33.14208984375
1560859,27.03857421875
1560900,32.65380859375
1560917,31.73828125
1560937,61.95068359375
1560953,44.677734375
1561001,28.38134765625
1561024,35.94970703125
1575402,26.611328125
1575413,49.6826171875
1575431,32.3486328125
1575447,26.79443359375
1575490,28.9306640625
1575703,27.587890625
1575863,26.611328125
1575883,36.0107421875
1588324,27.2216796875
1588598,30.3955078125
1589125,30.21240234375
1589452,30.3955078125
1603971,45.166015625
1603992,38.0859375
1604023,41.259765625
1604061,31.18896484375
1604686,26.611328125
1604800,28.80859375
1604952,29.96826171875
1605146,26.3671875
1605338,27.4658203125
1615937,29.78515625
1616100,26.611328125
1616150,28.13720703125
1616696,27.28271484375
1628494,30.517578125
1628572,26.7333984375
1628595,28.74755859375
1628715,26.30615234375
1628735,29.78515625
1628909,30.70068359375
1629048,26.79443359375
1629078,28.25927734375
1629104,26.18408203125
1629183,28.86962890625
1629251,28.4423828125
1629384,26.67236328125
1629439,41.6259765625
1642052,46.9970703125
1642074,41.32080078125
1642104,26.611328125
1642129,57.0068359375
1642139,55.0537109375
1642196,40.58837890625
1653705,30.09033203125
1654296,28.50341796875
1654348,29.23583984375
1654374,26.611328125
1654391,28.80859375
1654418,56.21337890625
1654429,28.74755859375
1654613,28.564453125
1654867,31.982421875
1667167,27.77099609375
1667245,28.1982421875
1667388,37.04833984375
1667502,27.28271484375
1667645,31.67724609375
1668083,27.64892578125
1687809,28.9306640625
1688167,42.05322265625
1688187,41.3818359375
1688197,27.52685546875
1688239,33.447265625
1688250,29.4189453125
1688342,26.3671875
1698765,31.92138671875
1698813,37.65869140625
1698826,32.53173828125
1698882,34.72900390625
1698901,43.64013671875
1698916,48.33984375
1699048,29.72412109375
1706374,26.123046875
1709378,27.40478515625
1709455,25.93994140625
1709477,30.45654296875
1709512,31.3720703125
1709536,27.7099609375
1709553,33.87451171875
1709658,40.771484375
1709687,26.3671875
1709767,35.888671875
1723218,31.06689453125
1723244,30.6396484375
1723265,25.7568359375
1723374,27.64892578125
1723386,56.0302734375
1734994,29.541015625
1735095,28.99169921875
1735142,32.1044921875
1735209,33.14208984375
1741297,26.91650390625
1741319,29.4189453125
1741361,36.376953125
1741386,28.564453125
1741414,72.32666015625
1741427,37.17041015625
1741441,36.2548828125
1741487,27.4658203125
1741665,26.79443359375
1751809,26.0009765625
1751855,32.5927734375
1751866,44.189453125
1751896,62.19482421875
1751912,48.583984375
1752080,27.77099609375
1752292,27.77099609375
1761779,26.9775390625
1762994,28.62548828125
1763038,25.7568359375
1763072,41.748046875
1763094,56.21337890625
1763124,31.982421875
1763169,26.67236328125
1775506,31.55517578125
1775676,27.83203125
1775705,44.61669921875
1775726,35.94970703125
1775778,71.1669921875
1775929,32.40966796875
1786996,31.982421875
1787025,37.109375
1787037,26.611328125
1787063,47.42431640625
1787112,26.3671875
1787134,36.9873046875
1787148,30.45654296875
1797650,25.87890625
1797674,29.11376953125
1797725,37.90283203125
1797757,27.16064453125
1797819,36.68212890625
1807896,26.79443359375
1807924,40.46630859375
1807946,29.541015625
1807986,38.0859375
1808012,47.36328125
1808191,35.15625
1817801,31.73828125
1817823,29.9072265625
1817868,27.2216796875
1817898,63.90380859375
1817922,38.51318359375
1817948,37.353515625
1818047,29.23583984375
1827009,26.4892578125
1827025,36.376953125
1827053,29.96826171875
1827187,38.4521484375
1827217,46.44775390625
1827227,32.53173828125
1834574,27.099609375
1835007,29.6630859375
1835047,31.494140625
1835064,36.19384765625
1835134,34.7900390625
1835156,40.71044921875
1835186,30.029296875
1835222,42.90771484375
1835428,26.55029296875
1843462,29.23583984375
1843477,48.15673828125
1843497,35.2783203125
1843522,39.36767578125
1843536,32.71484375
1843569,39.1845703125
1843582,55.96923828125
1843612,28.86962890625
1843686,38.9404296875
1843799,28.62548828125
1852218,44.7998046875
1852245,32.2265625
1852279,27.16064453125
1852372,32.53173828125
1852576,26.42822265625
1857780,27.2216796875
1860208,30.09033203125
1860219,33.8134765625
1860242,49.37744140625
1860267,29.72412109375
1860342,26.06201171875
1860371,27.16064453125
1860395,39.48974609375
1860415,29.35791015625
1860447,32.3486328125
1867714,27.89306640625
1867728,26.18408203125
1867784,37.353515625
1867807,31.31103515625
1867818,59.326171875
1867841,30.33447265625
1867882,36.1328125
1867900,36.865234375
1867962,44.98291015625
1875022,26.3671875
1875053,26.7333984375
1875219,27.89306640625
1875248,31.43310546875
1875302,37.90283203125
1875336,27.7099609375
1875485,28.4423828125
1876024,32.8369140625
1876043,28.564453125
1876055,25.93994140625
1881356,27.77099609375
1881711,32.16552734375
1881735,34.423828125
1881745,34.423828125
1881769,36.2548828125
1881795,40.58837890625
1881810,27.587890625
1881827,48.15673828125
1881860,60.6689453125
1881876,34.3017578125
1889202,32.2265625
1889225,32.65380859375
1889246,26.611328125
1889554,34.60693359375
1889564,29.84619140625
1895577,37.65869140625
1901982,28.01513671875
1902027,36.0107421875
1902043,47.9736328125
1902066,37.17041015625
1902087,40.8935546875
1902110,34.3017578125
1902137,41.68701171875
1902158,28.3203125
1902184,62.1337890625
1902210,27.03857421875
1902269,26.67236328125
1902279,32.16552734375
1902487,29.96826171875
1909783,28.62548828125
1909862,43.3349609375
1909894,31.982421875
1909922,36.43798828125
1909996,25.7568359375
1910047,27.03857421875
1910285,28.62548828125
1910660,30.09033203125
1910708,32.16552734375
1910748,32.28759765625
1910758,43.3349609375
1915786,26.85546875
1920426,32.3486328125
1920463,25.7568359375
1920503,30.6396484375
1920519,38.87939453125
1920564,30.76171875
1920577,38.330078125
1920615,26.30615234375
1920647,33.5693359375
1920673,51.45263671875
1927297,26.9775390625
1927361,33.99658203125
1927383,34.1796875
1927459,33.14208984375
1927488,30.94482421875
1927578,27.89306640625
1933968,26.611328125
1933985,25.87890625
1934007,26.0009765625
1934145,27.16064453125
1934172,33.935546875
1934190,53.64990234375
1934816,27.52685546875
1934924,26.79443359375
1934948,39.1845703125
1940312,28.62548828125
1940343,32.28759765625
1940391,26.30615234375
1940435,32.16552734375
1940455,30.82275390625
1946134,27.7099609375
1946290,29.47998046875
1946384,32.16552734375
1946459,26.30615234375
1946503,26.06201171875
1953116,29.1748046875
1953139,35.0341796875
1953186,26.91650390625
1953200,40.71044921875
1953224,30.2734375
1953254,33.87451171875
1953270,42.1142578125
1953298,50.78125
1953315,29.60205078125
1953354,26.79443359375
1953401,28.74755859375
1960494,26.91650390625
1960582,38.39111328125
1960598,34.1796875
1960624,27.28271484375
1960637,29.052734375
1961128,27.587890625
1966395,27.9541015625
1966563,27.64892578125
1966689,33.203125
1966745,26.18408203125
1971790,29.1748046875
1972100,28.80859375
1972114,26.42822265625
1972135,28.62548828125
1972164,31.55517578125
1972192,32.28759765625
1972211,41.259765625
1972255,25.81787109375
1972293,43.3349609375
1972412,26.18408203125
1972427,29.78515625
1979257,27.9541015625
1979359,39.794921875
1979371,35.0341796875
1979401,48.03466796875
1979417,39.12353515625
1979455,28.80859375
1979476,30.1513671875
1979489,25.7568359375
1979513,46.20361328125
1984731,27.64892578125
1985482,27.52685546875
1985607,28.38134765625
1985653,27.4658203125
1996532,29.23583984375
1996579,36.4990234375
1996596,31.79931640625
1996620,45.95947265625
1996650,38.14697265625
1996674,35.33935546875
1996698,31.55517578125
1996728,35.7666015625
1996747,31.73828125
1996793,40.283203125
2003431,26.2451171875
2007743,31.18896484375
2008082,37.841796875
2008108,29.11376953125
2008163,27.099609375
2008177,38.26904296875
2008197,36.92626953125
2008216,36.31591796875
2008229,28.86962890625
2008261,36.43798828125
2008271,49.86572265625
2008291,34.11865234375
2008319,28.13720703125
2018332,27.34375
2019816,26.55029296875
2023031,31.3720703125
2023094,26.4892578125
2023121,27.89306640625
2023139,31.005859375
2023179,29.35791015625
2023210,33.935546875
2023272,30.1513671875
2023337,41.50390625
2028150,27.03857421875
2032201,26.9775390625
2032226,36.92626953125
2032402,25.7568359375
2036950,29.1748046875
2037026,27.099609375
2037085,27.16064453125
2037108,31.1279296875
2037119,27.28271484375
2037157,31.06689453125
2037755,26.611328125
2037792,27.2216796875
2037812,26.55029296875
2037833,33.447265625
2037975,26.18408203125
2038009,26.42822265625
2038034,26.85546875
2038055,28.9306640625
2045582,26.67236328125
2045669,35.7666015625
2045686,34.912109375
2045809,36.68212890625
2045823,35.82763671875
2045872,30.1513671875
2057497,25.93994140625
2057532,28.9306640625
2057591,26.06201171875
2058290,25.87890625
2058446,27.64892578125
2058473,25.81787109375
2058664,28.25927734375
2063925,28.50341796875
2064704,29.47998046875
2064736,28.564453125
2064911,28.076171875
2064923,52.91748046875
2064965,39.4287109375
2065012,25.93994140625
2065060,26.611328125
2065084,29.23583984375
2065101,35.0341796875
2067552,30.57861328125
2067650,30.09033203125
2067687,28.50341796875
2073360,33.38623046875
2073389,38.63525390625
2080978,26.2451171875
2081112,25.81787109375
2081281,25.87890625
2081291,26.123046875
2081429,26.2451171875
2081728,26.06201171875
2082326,34.60693359375
2082343,31.982421875
2082355,28.076171875
2082388,26.4892578125
2082415,35.70556640625
2091640,28.80859375
2091750,32.77587890625
2091805,25.93994140625
2099637,27.587890625
2099749,27.83203125
2099800,26.91650390625
2099860,32.2265625
2100205,30.45654296875
2101094,29.6630859375
2101116,38.02490234375
2101138,26.42822265625
2101163,27.34375
2101285,27.83203125
2106423,28.62548828125
2109842,25.81787109375
2109915,30.70068359375
2110034,29.4189453125
2110099,29.96826171875
2110485,25.93994140625
2118402,25.7568359375
2118459,27.099609375
2118480,25.7568359375
2118518,30.1513671875
2118553,34.423828125
2118687,26.18408203125
2126958,34.11865234375
2126989,29.296875
2127032,33.63037109375
2127590,29.11376953125
2127625,25.93994140625
2136235,27.40478515625
2136254,36.2548828125
2136265,27.099609375
2136309,28.9306640625
2136404,34.0576171875
2144191,31.494140625
2144700,41.1376953125
2144760,54.50439453125
2144789,33.3251953125
2144809,34.7900390625
2154289,33.5693359375
2154302,30.45654296875
2154339,29.47998046875
2163772,29.052734375
2173088,26.06201171875
2173134,29.541015625
2173231,27.587890625
2173263,44.7998046875
2173505,26.4892578125
2185767,26.91650390625
2185836,38.2080078125
2185953,32.2265625
2205175,41.3818359375
2205199,65.673828125
2205220,45.41015625
2205236,27.099609375
2205310,31.18896484375
2233091,30.45654296875
2233119,28.01513671875
2233146,26.9775390625
2233171,66.83349609375
2233192,41.32080078125
2233219,57.4951171875
2233421,34.36279296875
2265233,26.79443359375
2268055,26.91650390625
2284702,31.005859375
2310201,27.9541015625
2319780,29.23583984375
2327572,30.76171875
2394002,27.89306640625
2421994,25.7568359375
2578000,26.85546875
2610212,26.42822265625
2686746,28.01513671875
2771999,26.4892578125
2786164,26.4892578125
2815895,27.64892578125
2820491,26.55029296875
2822939,26.67236328125
2824872,45.2880859375
2825025,28.99169921875
2825236,30.517578125
2825262,34.11865234375
2825291,31.55517578125
2825501,31.06689453125
2826015,28.13720703125
2863215,26.42822265625
2867361,28.1982421875
2867408,26.91650390625
2867454,31.982421875
2867481,25.7568359375
2867520,27.2216796875
2867536,34.60693359375
2867564,27.77099609375
2867583,50.78125
2867594,38.63525390625
2867609,42.54150390625
2867673,30.1513671875
2867774,30.517578125
2891238,26.3671875
2891405,31.06689453125
2891416,28.01513671875
2891483,28.13720703125
2891931,25.7568359375
2892133,30.45654296875
2906906,34.3017578125
2906918,35.0341796875
2906944,55.48095703125
2906956,46.81396484375
2906986,31.67724609375
2907011,52.79541015625
2907027,70.00732421875
2907081,38.818359375
2907093,53.16162109375
2907106,25.7568359375
2919744,29.84619140625
2919767,27.34375
2919790,47.79052734375
2919807,26.7333984375
2919888,42.1142578125
2919902,45.47119140625
2919917,30.3955078125
2919938,27.4658203125
2919961,32.53173828125
2920025,26.9775390625
2920120,28.564453125
2920272,25.7568359375
2932893,26.611328125
2932915,28.1982421875
2932967,34.912109375
2932979,26.123046875
2932997,29.4189453125
2933030,50.6591796875
2933066,26.55029296875
2933082,27.7099609375
2933153,25.87890625
2945285,27.83203125
2945403,25.87890625
2945461,30.029296875
2945519,30.45654296875
2945534,36.865234375
2945564,35.33935546875
2945588,29.6630859375
2945601,38.818359375
2945622,31.6162109375
2945643,32.53173828125
2945727,27.2216796875
2945922,26.67236328125
2955357,34.3017578125
2955369,35.15625
2955404,35.888671875
2955471,34.7900390625
2955485,50.1708984375
2955514,30.3955078125
2955542,28.1982421875
2955565,30.2734375
2955592,28.50341796875
2955664,35.46142578125
2963997,27.9541015625
2964049,31.6162109375
2964127,26.2451171875
2964146,31.73828125
2964180,27.34375
2964245,25.81787109375
2964255,34.3017578125
2964343,33.5693359375
2964416,28.50341796875
2964587,29.84619140625
2973048,26.18408203125
2973125,30.2734375
2973145,39.24560546875
2973212,32.1044921875
2973232,30.70068359375
2973273,37.109375
2973290,34.1796875
2981647,33.5693359375
2981779,35.94970703125
2981830,26.67236328125
2981856,38.330078125
2982017,25.87890625
2988838,27.099609375
2988874,25.81787109375
2988886,32.71484375
2988906,33.203125
2988934,51.08642578125
2988948,34.3017578125
2988978,28.1982421875
2989009,30.70068359375
2989031,28.4423828125
2989082,28.01513671875
2989096,40.95458984375
2989186,26.91650390625
2989234,35.400390625
2989287,50.84228515625
2999606,34.66796875
2999649,38.51318359375
2999685,48.88916015625
2999716,29.6630859375
2999745,29.72412109375
2999764,39.48974609375
2999776,30.33447265625
2999802,30.1513671875
2999823,29.052734375
2999853,28.3203125
2999869,36.9873046875
2999908,35.94970703125
2999928,50.23193359375
3000009,27.52685546875
3000031,26.2451171875
3000084,26.06201171875
3000172,31.73828125
3000342,33.75244140625
3011241,27.52685546875
3011682,32.53173828125
3011851,27.83203125
3019855,31.73828125
3019968,40.10009765625
3020018,25.7568359375
3020061,31.06689453125
3020083,40.22216796875
3020116,34.912109375
3020171,38.330078125
3020290,28.38134765625
3028227,27.28271484375
3029039,39.85595703125
3029051,27.7099609375
3029076,29.11376953125
3029100,59.4482421875
3029155,50.29296875
3029169,31.55517578125
3029197,26.0009765625
3029280,30.517578125
3029305,32.71484375
3029351,26.42822265625
3029384,26.55029296875
3029400,28.1982421875
3029457,26.9775390625
3029488,28.74755859375
3038887,31.1279296875
3038942,28.564453125
3038975,33.99658203125
3039008,36.865234375
3039036,32.16552734375
3039054,29.96826171875
3039064,32.16552734375
3039162,26.91650390625
3039199,33.447265625
3039223,28.564453125
3039289,26.9775390625
3048127,44.25048828125
3048168,46.142578125
3048212,32.89794921875
3048227,26.42822265625
3048254,32.2265625
3048270,31.06689453125
3048312,28.13720703125
3048331,30.76171875
3048350,32.16552734375
3048399,27.2216796875
3048602,25.81787109375
3056851,29.47998046875
3056895,26.91650390625
3056913,41.3818359375
3056940,27.89306640625
3056955,38.57421875
3056967,26.7333984375
3056986,27.52685546875
3057006,43.45703125
3057022,36.07177734375
3057046,34.7900390625
3057072,38.4521484375
3057082,34.36279296875
3057110,27.16064453125
3057127,28.6865234375
3057154,44.25048828125
3057190,27.28271484375
3057225,27.03857421875
3057368,27.64892578125
3057482,27.099609375
3065592,27.28271484375
3065627,40.6494140625
3065644,30.517578125
3065678,25.93994140625
3065700,31.79931640625
3065720,27.9541015625
3065734,26.0009765625
3065765,29.6630859375
3065797,30.45654296875
3065814,33.5693359375
3065837,26.18408203125
3065855,27.9541015625
3065883,25.87890625
3065928,26.91650390625
3072965,30.2734375
3073016,30.3955078125
3073033,32.8369140625
3073057,26.06201171875
3073078,36.31591796875
3073131,28.4423828125
3073161,27.34375
3073173,60.48583984375
3073274,27.099609375
3073299,25.81787109375
3073400,26.91650390625
3081178,33.8134765625
3081197,39.48974609375
3081216,35.94970703125
3081247,36.07177734375
3081295,49.98779296875
3081316,34.3017578125
3081337,29.1748046875
3081389,37.65869140625
3081399,37.841796875
3081410,26.9775390625
3081484,30.45654296875
3081552,26.85546875
3089068,28.25927734375
3089842,25.87890625
3089910,26.0009765625
3089941,37.90283203125
3089971,30.8837890625
3089997,38.57421875
3090038,40.71044921875
3090088,32.958984375
3090173,36.1328125
3099169,28.99169921875
3099185,52.6123046875
3099210,26.0009765625
3099224,30.57861328125
3099265,31.3720703125
3099302,27.587890625
3099324,33.26416015625
3099410,29.72412109375
3099453,29.23583984375
3099558,27.34375
3099583,26.91650390625
3108988,27.099609375
3109023,25.81787109375
3109064,36.376953125
3109093,27.2216796875
3109161,27.16064453125
3109207,26.79443359375
3109234,31.3720703125
3109257,31.79931640625
3109336,32.40966796875
3109392,31.67724609375
3117519,26.30615234375
3117739,45.41015625
3117751,37.109375
3117777,25.7568359375
3117794,29.84619140625
3117841,26.42822265625
3117855,27.83203125
3117908,28.01513671875
3117987,28.80859375
3118006,30.76171875
3118025,27.9541015625
3124613,27.2216796875
3124719,25.93994140625
3125134,26.0009765625
3125162,30.70068359375
3125200,32.28759765625
3125211,30.2734375
3125254,26.0009765625
3125307,26.4892578125
3125358,32.40966796875
3125459,26.30615234375
3125497,40.1611328125
3132598,30.45654296875
3132641,28.3203125
3132672,33.38623046875
3132738,27.28271484375
3132795,33.3251953125
3132825,25.93994140625
3141493,25.81787109375
3141561,36.376953125
3141572,38.9404296875
3141599,26.4892578125
3141624,28.01513671875
3141657,26.18408203125
3141691,37.9638671875
3141706,39.9169921875
3141723,29.11376953125
3141746,36.92626953125
3141818,27.2216796875
3141853,58.837890625
3141864,26.123046875
3141877,29.23583984375
3142046,29.35791015625
3149775,31.1279296875
3149860,28.564453125
3149892,28.1982421875
3149935,26.30615234375
3149968,40.283203125
3150033,26.55029296875
3150119,41.6259765625
3157843,28.13720703125
3157853,33.203125
3157991,33.02001953125
3158004,26.123046875
3158031,26.18408203125
3158084,29.4189453125
3158100,36.2548828125
3158128,31.79931640625
3158142,37.9638671875
3158221,26.2451171875
3158241,37.353515625
3158259,33.99658203125
3158384,26.3671875
3165696,25.93994140625
3165833,31.1279296875
3165854,27.2216796875
3165896,28.25927734375
3165987,31.005859375
3166000,31.55517578125
3166052,35.15625
3166142,34.97314453125
3173089,25.81787109375
3173193,41.44287109375
3173246,27.03857421875
3173305,42.41943359375
3173366,27.099609375
3173396,27.9541015625
3180886,26.91650390625
3181013,26.3671875
3181220,26.9775390625
3181309,33.8134765625
3181330,32.53173828125
3181341,28.9306640625
3181448,30.70068359375
3181478,31.8603515625
3188872,28.076171875
3189094,25.7568359375
3189124,37.78076171875
3189612,26.42822265625
3196305,34.5458984375
3196452,32.28759765625
3196466,27.4658203125
3196602,28.99169921875
3203523,33.75244140625
3205405,25.93994140625
3205496,26.85546875
3205525,31.06689453125
3205552,40.0390625
3205592,28.6865234375
3205676,35.46142578125
3205708,34.24072265625
3205725,27.7099609375
3205767,27.40478515625
3205863,41.80908203125
3205893,43.88427734375
3206101,27.34375
3214657,28.25927734375
3214698,26.7333984375
3214814,33.935546875
3214847,28.1982421875
3214999,27.40478515625
3215010,29.35791015625
3223948,31.982421875
3223985,34.48486328125
3224044,28.86962890625
3224085,28.3203125
3224112,36.376953125
3224168,33.63037109375
3224188,26.123046875
3224249,26.79443359375
3224265,30.57861328125
3224399,27.16064453125
3224444,26.7333984375
3230830,28.076171875
3245519,26.85546875
3245557,25.87890625
3245662,26.67236328125
3245687,27.03857421875
3245782,56.396484375
3245804,30.57861328125
3245825,28.1982421875
3245881,47.42431640625
3245987,25.87890625
3246140,27.16064453125
3246185,37.7197265625
3246304,27.64892578125
3269586,34.423828125
3269609,27.77099609375
3269640,26.123046875
3269663,32.04345703125
3269676,25.93994140625
3269699,38.39111328125
3269716,26.91650390625
3269744,41.6259765625
3269778,40.46630859375
3269866,31.494140625
3269897,29.1748046875
3269916,35.400390625
3269974,25.7568359375
3269996,26.30615234375
3270080,29.1748046875
3270148,27.28271484375
3270246,34.24072265625
3270380,29.84619140625
3270477,27.4658203125
3313634,29.541015625
3329177,27.587890625
3352130,26.611328125
3382485,26.3671875
3399737,26.2451171875
3412848,28.1982421875
3428292,30.09033203125
3447344,25.93994140625
3471948,27.34375
3482869,26.30615234375
3506661,28.86962890625
3509757,29.6630859375
3520901,26.06201171875
3553942,27.64892578125
3590731,26.3671875
3633937,26.123046875
3674834,31.92138671875
3693504,26.3671875
3756341,38.2080078125
3768020,29.541015625
3798470,25.93994140625
3798508,27.28271484375
3798519,36.376953125
3798531,35.09521484375
3798767,28.99169921875
3808954,28.1982421875
3817401,29.052734375
3859026,28.3203125
3859054,41.8701171875
3859072,49.31640625
3859091,31.06689453125
3859113,26.611328125
3859157,25.81787109375
3859228,26.2451171875
3859270,27.9541015625
3859370,25.87890625
3859600,33.87451171875
3888457,40.22216796875
3888473,30.1513671875
3888503,37.53662109375
3888518,31.18896484375
3888704,40.71044921875
3902468,31.31103515625
3902516,35.15625
3902537,61.46240234375
3902584,25.7568359375
3902615,27.89306640625
3902651,47.79052734375
3902664,26.91650390625
3902754,31.005859375
3903160,30.45654296875
3919963,28.25927734375
3924571,27.34375
3931133,33.5693359375
3939366,26.42822265625
3939411,26.123046875
3939421,25.87890625
3939472,28.25927734375
3939507,33.3251953125
3939524,47.05810546875
3939552,28.564453125
3939570,28.076171875
3939685,29.6630859375
3954732,27.2216796875
3954947,26.55029296875
3955000,38.39111328125
3955016,31.25
3955046,65.24658203125
3955080,26.67236328125
3955138,25.87890625
3964312,36.19384765625
3972497,27.4658203125
3972509,26.4892578125
3972529,27.40478515625
3972555,28.1982421875
3981791,26.06201171875
3991046,35.46142578125
3991086,26.85546875
3991129,28.62548828125
4000495,31.3720703125
4010871,27.34375
4010902,33.935546875
4010964,33.203125
4010975,32.65380859375
4011001,51.33056640625
4011030,26.85546875
4011348,25.81787109375
4020238,25.93994140625
4028691,25.87890625
4028720,32.16552734375
4028810,26.42822265625
4028856,26.9775390625
4028873,46.93603515625
4029043,28.9306640625
4038190,26.0009765625
4040580,26.67236328125
4054361,37.841796875
4064197,26.06201171875
4071829,27.28271484375
4071897,31.73828125
4071959,27.7099609375
4072289,25.87890625
4082629,30.1513671875
4082761,30.1513671875
4082864,29.296875
4082989,32.71484375
4093913,41.19873046875
4093924,46.7529296875
4094407,29.11376953125
4101138,26.3671875
4104020,26.3671875
4104037,25.81787109375
4104174,29.296875
4104281,26.7333984375
4113673,26.9775390625
4113923,25.81787109375
4114150,26.30615234375
4125054,30.76171875
4125082,28.13720703125
4145754,26.55029296875
4146268,29.60205078125
4146900,29.60205078125
4153459,26.2451171875
4155341,28.62548828125
4160210,30.1513671875
4160383,41.80908203125
4160526,27.16064453125
4178993,31.67724609375
4179255,28.80859375
4179345,27.77099609375
4179362,27.34375
4179563,29.9072265625
4189217,26.42822265625
4189235,28.6865234375
4189447,28.99169921875
4189564,28.4423828125
4198613,26.123046875
4198897,31.31103515625
4198999,27.03857421875
4199120,27.28271484375
4208628,27.89306640625
4208971,29.541015625
4209189,28.74755859375
4209230,26.3671875
4209326,29.052734375
4223747,32.958984375
4223772,28.86962890625
4223782,26.611328125
4223885,36.9873046875
4223899,29.296875
4233707,28.6865234375
4238204,26.67236328125
4238227,26.30615234375
4238416,27.83203125
4238848,29.35791015625
4250932,27.52685546875
4251021,28.86962890625
4251241,26.42822265625
4251328,41.32080078125
4265835,31.1279296875
4269009,29.9072265625
4316534,29.541015625
4399567,28.25927734375
4455864,28.86962890625
4456555,31.43310546875
4474823,29.47998046875
4504946,28.80859375
4565145,27.16064453125
4586047,25.7568359375
4616319,29.72412109375
4634965,25.93994140625
4650949,25.93994140625
4664791,35.21728515625
4707391,27.099609375
4712780,28.50341796875
4714478,29.541015625
4714519,32.77587890625
4714635,29.23583984375
4714663,32.5927734375
4714712,34.97314453125
4714728,28.50341796875
4714764,27.587890625
4739786,27.7099609375
4748470,28.25927734375
4748518,30.1513671875
4748536,30.33447265625
4748586,31.25
4748658,52.1240234375
4757323,29.23583984375
4772934,27.03857421875
4774775,31.43310546875
4774795,28.13720703125
4774892,29.541015625
4774910,33.5693359375
4795118,25.81787109375
4796111,28.076171875
4825805,27.587890625
4825835,38.818359375
4825861,27.16064453125
4825882,42.6025390625
4825906,32.04345703125
4825965,26.85546875
4826201,37.65869140625
4834506,29.78515625
4857273,35.82763671875
4857475,29.11376953125
4857519,43.27392578125
4857747,26.7333984375
4857821,37.53662109375
4857841,28.62548828125
4857897,25.87890625
4857986,45.8984375
4868854,25.7568359375
4869018,25.7568359375
4945794,26.30615234375
4961932,27.52685546875
4961994,27.52685546875
4962013,47.8515625
4962044,34.912109375
4962080,28.62548828125
4962109,41.56494140625
4962191,26.2451171875
4962472,26.79443359375
4995495,28.13720703125
5014395,32.3486328125
5014424,30.029296875
5014458,40.83251953125
5014472,57.31201171875
5014544,26.4892578125
5014576,27.099609375
5044270,47.18017578125
5044306,28.076171875
5044323,40.46630859375
5044339,43.39599609375
5044357,38.87939453125
5044389,63.17138671875
5044434,28.62548828125
5044468,30.1513671875
5044779,27.9541015625
5061638,33.3251953125
5061747,26.3671875
5073534,33.447265625
5073552,26.3671875
5073625,26.0009765625
5073661,27.16064453125
5084128,34.423828125
5084205,33.87451171875
5084237,37.41455078125
5084318,31.1279296875
5084468,35.5224609375
5084492,31.494140625
5098588,27.77099609375
5098639,27.64892578125
5098655,26.79443359375
5098694,28.13720703125
5098719,41.80908203125
5098737,38.2080078125
5098766,57.7392578125
5098854,25.87890625
5098872,29.96826171875
5099243,27.2216796875
5108365,26.611328125
5113159,26.2451171875
5113183,26.91650390625
5113280,26.30615234375
5113310,27.28271484375
5113338,37.4755859375
5113350,29.296875
5113478,26.2451171875
5123122,25.7568359375
5123227,25.81787109375
5123246,37.841796875
5123258,36.07177734375
5123295,29.35791015625
5123430,30.1513671875
5123482,27.77099609375
5134204,27.03857421875
5134228,28.076171875
5134286,31.79931640625
5134325,26.123046875
5134363,29.96826171875
5134401,40.95458984375
5134535,28.564453125
5134578,49.98779296875
5146028,28.13720703125
5146190,26.42822265625
5153992,25.93994140625
5157192,30.029296875
5157208,40.34423828125
5157246,50.78125
5157261,25.81787109375
5157286,38.02490234375
5157317,40.283203125
5157343,26.123046875
5157380,38.6962890625
5157390,51.08642578125
5157400,30.09033203125
5157441,26.3671875
5157500,27.9541015625
5157539,26.9775390625
5157577,33.63037109375
5157613,28.076171875
5157637,25.93994140625
5157818,27.28271484375
5170783,32.2265625
5180174,25.87890625
5180202,27.52685546875
5180222,31.25
5180238,25.81787109375
5180250,29.052734375
5180303,42.41943359375
5180327,46.56982421875
5180343,27.099609375
5180400,36.2548828125
5180639,26.79443359375
5192089,26.4892578125
5192173,25.87890625
5192233,29.96826171875
5192270,35.7666015625
5192292,44.3115234375
5192305,27.16064453125
5192336,26.123046875
5192374,26.611328125
5192431,27.77099609375
5192466,40.83251953125
5192525,29.78515625
5192611,47.30224609375
5192727,26.06201171875
5192847,26.30615234375
5204273,28.25927734375
5214580,26.9775390625
5214597,26.30615234375
5214642,39.306640625
5214675,38.51318359375
5214702,35.2783203125
5214717,41.56494140625
5214741,28.9306640625
5214766,40.95458984375
5214786,79.28466796875
5214807,51.45263671875
5214818,30.029296875
5214847,37.841796875
5214872,32.28759765625
5214913,38.51318359375
5214941,27.34375
5214963,31.06689453125
5214987,28.74755859375
5215044,26.30615234375
5215095,43.5791015625
5232904,35.21728515625
5232924,26.67236328125
5232977,34.11865234375
5232990,32.1044921875
5233007,27.89306640625
5233036,28.74755859375
5233064,49.1943359375
5233081,33.0810546875
5233110,34.85107421875
5233121,30.1513671875
5233132,26.0009765625
5233248,28.86962890625
5233318,26.42822265625
5242132,26.0009765625
5243369,31.31103515625
5243385,33.02001953125
5243437,26.9775390625
5243449,70.12939453125
5243472,34.24072265625
5243495,34.423828125
5243512,32.5927734375
5243531,35.46142578125
5243576,35.09521484375
5243605,26.30615234375
5243624,33.203125
5243635,28.74755859375
5243680,30.6396484375
5243707,49.37744140625
5243810,29.541015625
5243872,26.79443359375
5244008,27.9541015625
5254027,31.79931640625
5254726,27.2216796875
5254887,29.296875
5254905,28.74755859375
5254960,26.123046875
5254997,30.82275390625
5255020,50.048828125
5255041,37.4755859375
5255058,29.296875
5255121,32.5927734375
5255132,31.31103515625
5255145,28.25927734375
5255222,28.86962890625
5255247,29.541015625
5265641,26.85546875
5265662,37.7197265625
5265672,31.25
5265699,27.099609375
5265712,32.89794921875
5265741,39.12353515625
5265767,25.93994140625
5265787,30.70068359375
5265823,47.607421875
5265837,26.3671875
5265921,28.50341796875
5266021,28.86962890625
5266126,25.81787109375
5266231,26.42822265625
5274223,31.73828125
5274859,26.91650390625
5275133,26.0009765625
5275205,38.63525390625
5275243,28.1982421875
5275310,31.79931640625
5275374,28.01513671875
5275395,29.11376953125
5275821,27.9541015625
5283447,27.4658203125
5283599,30.94482421875
5283728,31.73828125
5283817,26.611328125
5283859,27.2216796875
5283979,25.7568359375
5284038,26.91650390625
5284181,26.67236328125
5284254,26.123046875
5284311,29.23583984375
5291901,27.77099609375
5292985,30.517578125
5293135,33.3251953125
5293437,25.81787109375
5301296,30.57861328125
5301314,30.3955078125
5301770,26.7333984375
5302323,29.60205078125
5302460,26.9775390625
5309013,30.82275390625
5313628,35.94970703125
5313639,30.82275390625
5313661,40.52734375
5313686,26.2451171875
5313720,28.1982421875
5313739,36.31591796875
5313752,34.1796875
5313786,33.75244140625
5313808,43.9453125
5313841,30.6396484375
5313877,29.296875
5313888,28.01513671875
5313918,27.9541015625
5313973,47.119140625
5322302,25.7568359375
5322698,26.2451171875
5327443,25.7568359375
5327609,37.2314453125
5327646,35.7666015625
5327790,36.0107421875
5327802,27.4658203125
5327834,27.64892578125
5327927,27.099609375
5327974,31.6162109375
5327992,29.4189453125
5328022,29.541015625
5328111,30.2734375
5341530,29.4189453125
5341549,27.587890625
5341698,26.9775390625
5341724,35.46142578125
5341740,35.94970703125
5341974,30.45654296875
5349285,26.06201171875
5349517,26.123046875
5349544,25.87890625
5354365,30.70068359375
5354638,27.587890625
5354685,31.005859375
5354708,26.3671875
5354812,27.77099609375
5354833,28.86962890625
5354857,40.8935546875
5354886,34.48486328125
5355004,27.2216796875
5355020,26.3671875
5355258,26.3671875
5355309,27.03857421875
5360270,26.06201171875
5362361,33.02001953125
5362643,26.611328125
5368148,29.296875
5368294,36.2548828125
5368310,26.0009765625
5368343,28.1982421875
5368437,29.35791015625
5368468,27.4658203125
5368586,26.67236328125
5368598,26.611328125
5368769,26.0009765625
5368930,39.12353515625
5376334,30.76171875
5381753,27.099609375
5382124,27.64892578125
5382275,29.11376953125
5382524,28.9306640625
5382555,45.71533203125
5389814,26.18408203125
5394492,25.93994140625
5394711,27.099609375
5394737,27.03857421875
5394883,30.6396484375
5394901,26.7333984375
5394974,28.9306640625
5395097,26.85546875
5395413,27.03857421875
5405232,26.79443359375
5405456,27.64892578125
5405557,25.81787109375
5405831,38.87939453125
5406295,27.77099609375
5406556,26.0009765625
5406573,25.93994140625
5416297,31.92138671875
5417195,30.33447265625
5428942,26.30615234375
5429124,30.1513671875
5429303,34.11865234375
5429334,26.91650390625
5429470,26.2451171875
5429589,25.93994140625
5429656,27.34375
5429687,32.958984375
5429795,33.75244140625
5429898,27.28271484375
5442061,29.6630859375
5442274,26.79443359375
5442317,29.052734375
5449605,26.42822265625
5450151,25.81787109375
5450205,25.93994140625
5460038,27.83203125
5460346,35.7666015625
5460564,26.30615234375
5460586,30.029296875
5460730,35.0341796875
5460775,32.89794921875
5460808,26.2451171875
5460818,37.353515625
5460882,27.587890625
5460988,33.38623046875
5461118,31.1279296875
5461288,26.85546875
5475397,26.2451171875
5475621,35.70556640625
5475831,27.099609375
5484778,27.587890625
5491240,27.099609375
5491483,26.611328125
5491514,25.81787109375
5491660,26.611328125
5491854,26.123046875
5491887,26.0009765625
5491923,30.029296875
5491953,30.09033203125
5491984,30.82275390625
5491998,42.48046875
5492016,32.8369140625
5492052,26.18408203125
5492103,28.13720703125
5492118,27.89306640625
5492165,31.6162109375
5492242,46.56982421875
5492267,28.25927734375
5492279,27.4658203125
5492396,27.34375
5512674,27.89306640625
5512987,27.9541015625
5513042,27.9541015625
5513137,37.7197265625
5513277,27.7099609375
5513511,27.28271484375
5513664,28.9306640625
5533506,28.74755859375
5533863,31.18896484375
5534365,27.28271484375
5534486,25.93994140625
5534609,28.74755859375
5534666,27.64892578125
5534680,29.052734375
5534698,29.052734375
5534716,41.50390625
5534741,33.3251953125
5534778,39.24560546875
5534792,37.41455078125
5534831,27.28271484375
5534856,31.92138671875
5534914,38.26904296875
5534925,31.55517578125
5535035,30.3955078125
5535280,31.31103515625
5535411,27.099609375
5535457,26.2451171875
5609956,25.93994140625
5860427,28.13720703125
5874753,25.81787109375
5882455,26.123046875
5962350,27.40478515625
6027614,27.40478515625
6028223,26.7333984375
6028233,27.16064453125
6028502,26.0009765625
6028698,27.4658203125
6028892,38.9404296875
6037526,26.55029296875
6115091,29.11376953125
6187754,28.13720703125
6188202,32.2265625
6188218,31.005859375
6188231,34.1796875
6188273,31.494140625
6188343,27.16064453125
6188357,26.42822265625
6188415,26.3671875
6198030,26.4892578125
6215867,29.60205078125
6216068,40.58837890625
6216105,27.40478515625
6216160,32.77587890625
6216196,26.9775390625
6216208,26.123046875
6249055,31.18896484375
6268190,26.0009765625
6273640,26.0009765625
6275126,28.74755859375
6286598,33.87451171875
6286691,26.7333984375
6286725,26.55029296875
6286750,31.67724609375
6286786,41.19873046875
6286805,35.7666015625
6286817,36.9873046875
6286844,39.61181640625
6286863,27.77099609375
6286899,25.81787109375
6286995,33.26416015625
6287430,26.91650390625
6315303,33.8134765625
6315344,37.7197265625
6315365,67.5048828125
6315377,43.02978515625
6315401,38.87939453125
6315431,26.30615234375
6315442,34.36279296875
6315470,29.78515625
6315489,54.01611328125
6315532,39.1845703125
6354517,30.21240234375
6354529,44.00634765625
6354567,26.30615234375
6354585,28.25927734375
6354611,35.64453125
6354621,63.78173828125
6354646,31.25
6354667,58.9599609375
6354688,51.08642578125
6354716,34.24072265625
6354738,26.4892578125
6354759,59.814453125
6354781,35.46142578125
6354803,26.85546875
6354824,27.7099609375
6354897,25.7568359375
6354912,46.44775390625
6355092,37.29248046875
6379831,26.42822265625
6379870,27.34375
6389598,26.30615234375
6389633,28.01513671875
6389645,27.40478515625
6389667,30.94482421875
6389689,55.48095703125
6389700,74.8291015625
6389741,58.2275390625
6389751,67.5048828125
6389772,41.80908203125
6389803,84.41162109375
6389820,43.5791015625
6389834,34.11865234375
6389865,56.33544921875
6389884,31.3720703125
6389900,34.1796875
6389921,63.96484375
6389942,55.2978515625
6389969,29.72412109375
6389982,27.83203125
6389997,42.724609375
6390020,56.2744140625
6390037,49.37744140625
6390073,35.46142578125
6390084,27.52685546875
6390123,55.23681640625
6390162,34.48486328125
6390205,45.8984375
6390235,41.44287109375
6390253,32.470703125
6390269,26.9775390625
6390290,27.03857421875
6390314,34.912109375
6390339,35.15625
6390372,35.94970703125
6390389,44.00634765625
6390449,30.517578125
6390481,37.353515625
6390501,30.029296875
6390563,37.53662109375
6390634,35.400390625
6390667,27.4658203125
6390740,41.93115234375
6390765,30.029296875
6390892,30.82275390625
6391058,31.25
6404628,27.34375
6405625,26.9775390625
6407511,28.38134765625
6409257,27.89306640625
6409331,25.81787109375
6409598,25.81787109375
6409789,32.470703125
6410495,27.64892578125
6414689,26.91650390625
6415013,33.02001953125
6416600,28.01513671875
6416829,26.123046875
6420368,28.62548828125
6420511,28.80859375
6420541,36.1328125
6420568,33.63037109375
6420591,52.734375
6420623,33.75244140625
6420664,26.123046875
6420760,30.2734375
6423552,28.99169921875
6424142,26.30615234375
6426709,26.85546875
6427140,28.076171875
6427172,28.076171875
6427218,29.11376953125
6427313,36.2548828125
6427503,25.81787109375
6427538,26.67236328125
6431428,26.4892578125
6432351,27.34375
6432412,28.50341796875
6432439,30.09033203125
6432453,26.9775390625
6432496,76.7822265625
6432536,40.283203125
6432549,25.93994140625
6432563,55.11474609375
6432584,31.25
6432614,77.63671875
6432632,33.14208984375
6432657,32.2265625
6432675,31.6162109375
6432691,39.00146484375
6432715,33.0810546875
6432743,31.8603515625
6432787,27.34375
6432860,59.63134765625
6432923,27.89306640625
6432977,32.77587890625
6433168,28.076171875
6438383,26.2451171875
6439547,26.91650390625
6439644,26.0009765625
6439719,32.8369140625
6439935,28.3203125
6442629,26.0009765625
6442679,27.77099609375
6442862,26.3671875
6442983,27.9541015625
6443188,29.60205078125
6443272,29.11376953125
6443285,36.7431640625
6443353,27.03857421875
6443580,26.611328125
6443837,27.89306640625
6447369,36.62109375
6449725,32.77587890625
6449866,29.11376953125
6449901,38.51318359375
6449951,30.94482421875
6450033,31.3720703125
6450048,84.228515625
6450060,28.01513671875
6450087,26.79443359375
6450116,30.3955078125
6450133,42.05322265625
6450182,31.73828125
6450212,26.9775390625
6450233,31.67724609375
6450290,36.92626953125
6450437,26.91650390625
6455743,32.2265625
6455875,33.75244140625
6455900,28.076171875
6455927,26.79443359375
6456003,28.9306640625
6456050,30.517578125
6456068,34.5458984375
6459544,41.80908203125
6459593,25.87890625
6459686,31.55517578125
6459729,30.33447265625
6459750,29.72412109375
6459792,33.99658203125
6459815,27.099609375
6459833,35.58349609375
6459906,41.3818359375
6459930,32.28759765625
6459947,32.40966796875
6459983,31.55517578125
6460029,26.85546875
6460054,25.93994140625
6460072,26.18408203125
6460104,34.48486328125
6460186,28.01513671875
6460208,26.0009765625
6460309,26.30615234375
6460353,27.83203125
6460393,35.09521484375
6460518,27.9541015625
6465643,26.30615234375
6465735,28.4423828125
6465807,33.447265625
6465831,28.80859375
6465889,26.85546875
6465914,30.029296875
6465933,38.0859375
6466001,40.52734375
6467263,25.81787109375
6471535,26.123046875
6471554,40.10009765625
6471571,28.076171875
6471601,26.18408203125
6471631,38.9404296875
6471666,29.72412109375
6471683,27.83203125
6471713,59.14306640625
6471726,43.45703125
6471753,30.6396484375
6471780,55.84716796875
6471807,61.58447265625
6471833,31.005859375
6471862,35.58349609375
6471886,33.87451171875
6471908,27.28271484375
6471928,47.9736328125
6472198,26.30615234375
6480353,26.2451171875
6480459,26.2451171875
6480489,31.43310546875
6480509,26.7333984375
6480529,31.494140625
6480562,26.4892578125
6480573,45.95947265625
6480613,26.0009765625
6480640,33.02001953125
6480682,29.72412109375
6480696,29.11376953125
6486760,26.123046875
6487018,30.8837890625
6487061,28.80859375
6487084,28.80859375
6487138,32.5927734375
6487163,46.875
6487189,49.6826171875
6487218,35.33935546875
6487235,44.37255859375
6487262,62.43896484375
6487288,27.83203125
6487322,28.25927734375
6487335,41.56494140625
6487392,27.7099609375
6487412,29.4189453125
6487436,29.35791015625
6487468,33.3251953125
6487598,35.0341796875
6494634,30.94482421875
6494682,29.11376953125
6494740,31.494140625
6494752,45.5322265625
6494793,33.14208984375
6494813,28.86962890625
6494852,26.55029296875
6494956,26.55029296875
6499802,35.0341796875
6499838,27.2216796875
6499878,27.40478515625
6499905,26.611328125
6499918,42.236328125
6499954,34.66796875
6500039,28.564453125
6500050,35.64453125
6500130,32.1044921875
6500223,32.470703125
6506452,29.052734375
6506534,26.91650390625
6506584,27.099609375
6506604,31.8603515625
6506618,27.16064453125
6506658,26.30615234375
6506678,43.0908203125
6506705,30.94482421875
6511959,28.076171875
6512003,36.62109375
6512026,34.36279296875
6512038,26.79443359375
6512072,32.53173828125
6512096,46.5087890625
6512114,27.099609375
6512139,54.13818359375
6512167,40.83251953125
6512186,29.6630859375
6512213,37.4755859375
6512239,31.79931640625
6512253,31.8603515625
6512285,27.03857421875
6512313,28.564453125
6512364,30.6396484375
6512374,26.06201171875
6512404,26.91650390625
6512463,26.06201171875
6512505,32.04345703125
6512518,30.09033203125
6519775,27.89306640625
6519808,30.82275390625
6519883,25.93994140625
6524734,27.83203125
6524956,31.43310546875
6525008,31.73828125
6525034,41.80908203125
6525067,39.1845703125
6525088,33.38623046875
6525154,29.052734375
6525168,29.23583984375
6525179,39.61181640625
6525209,29.84619140625
6525242,61.82861328125
6525262,30.029296875
6525316,28.076171875
6525329,53.52783203125
6525393,38.51318359375
6525408,27.77099609375
6525501,27.34375
6532446,26.123046875
6536558,27.587890625
6536572,41.19873046875
6536604,29.23583984375
6536644,26.67236328125
6536668,35.82763671875
6536694,31.18896484375
6536704,38.75732421875
6536733,41.8701171875
6536746,61.09619140625
6536759,47.8515625
6536769,29.78515625
6536794,63.78173828125
6536833,38.87939453125
6536849,48.40087890625
6536880,26.85546875
6536903,26.9775390625
6536926,30.57861328125
6536958,33.99658203125
6536974,31.494140625
6536993,28.80859375
6537053,27.52685546875
6546007,27.2216796875
6546037,32.1044921875
6546051,28.13720703125
6546065,28.99169921875
6546091,29.47998046875
6546110,32.04345703125
6546143,26.85546875
6546160,67.68798828125
6546180,30.3955078125
6546222,44.677734375
6546246,27.7099609375
6546264,44.7998046875
6546288,25.93994140625
6546331,31.06689453125
6546373,34.85107421875
6546398,30.82275390625
6546423,65.5517578125
6546444,29.1748046875
6546549,25.7568359375
6546580,40.46630859375
6546711,29.35791015625
6546763,27.099609375
6557333,26.79443359375
6557381,37.7197265625
6557397,31.494140625
6557436,28.74755859375
6557498,30.517578125
6557544,30.2734375
6557603,34.24072265625
6557661,31.67724609375
6557671,26.42822265625
6557718,34.36279296875
6557728,31.31103515625
6557834,26.18408203125
6557861,43.701171875
6557954,26.4892578125
6564938,34.85107421875
6569990,26.79443359375
6570013,29.47998046875
6570073,30.82275390625
6570088,27.83203125
6570110,26.79443359375
6570122,28.6865234375
6570164,35.21728515625
6570180,35.2783203125
6570214,36.19384765625
6570244,38.51318359375
6570272,61.34033203125
6570284,39.6728515625
6570321,28.076171875
6570360,72.20458984375
6570383,35.21728515625
6570407,31.43310546875
6570469,31.55517578125
6570496,83.19091796875
6570507,39.73388671875
6570555,27.9541015625
6570565,33.935546875
6570588,49.62158203125
6570640,44.12841796875
6570667,27.2216796875
6570692,35.46142578125
6570770,44.73876953125
6570819,28.076171875
6571027,27.16064453125
6583340,32.5927734375
6583667,39.85595703125
6583698,32.2265625
6583772,27.9541015625
6583820,26.4892578125
6589007,30.82275390625
6589160,27.64892578125
6589221,31.25
6589254,28.38134765625
6589310,34.5458984375
6589343,32.958984375
6589369,38.39111328125
6589380,41.56494140625
6589405,37.65869140625
6589432,33.447265625
6589460,28.50341796875
6589481,40.71044921875
6589505,30.45654296875
6589539,35.5224609375
6589617,26.91650390625
6589736,27.099609375
6589769,27.64892578125
6589876,26.0009765625
6596126,27.03857421875
6596463,26.123046875
6600538,31.3720703125
6600670,34.3017578125
6600736,28.99169921875
6600753,27.28271484375
6600794,32.40966796875
6600842,39.36767578125
6600853,28.564453125
6600872,25.81787109375
6600904,34.66796875
6600921,39.61181640625
6600931,71.47216796875
6600959,42.1142578125
6600975,31.494140625
6601026,45.95947265625
6601041,27.28271484375
6601073,29.35791015625
6601106,29.23583984375
6601141,33.935546875
6601157,29.541015625
6601190,40.8935546875
6601224,32.1044921875
6601266,28.25927734375
6610544,33.14208984375
6610671,28.3203125
6610700,37.78076171875
6610772,26.18408203125
6610789,31.494140625
6610820,36.865234375
6610877,28.25927734375
6610908,25.7568359375
6610973,28.4423828125
6610987,33.69140625
6611017,29.47998046875
6611044,29.6630859375
6611082,30.3955078125
6611127,28.13720703125
6611211,47.30224609375
6611261,26.123046875
6619235,34.7900390625
6619333,32.77587890625
6619508,27.34375
6625189,26.2451171875
6625310,28.74755859375
6625328,28.38134765625
6625386,28.50341796875
6625404,32.1044921875
6625445,27.099609375
6625464,28.99169921875
6625498,26.85546875
6625520,28.076171875
6625536,33.0810546875
6625569,29.47998046875
6625605,32.77587890625
6625625,45.7763671875
6625643,54.13818359375
6625657,34.48486328125
6625674,89.41650390625
6625703,39.306640625
6625731,40.95458984375
6625741,42.6025390625
6625792,28.3203125
6625802,37.65869140625
6625819,31.92138671875
6625919,32.77587890625
6625942,29.60205078125
6625965,27.03857421875
6626022,42.90771484375
6637312,29.6630859375
6637501,31.982421875
6637706,27.83203125
6637799,33.5693359375
6637841,25.87890625
6637876,26.611328125
6637902,30.94482421875
6637934,26.42822265625
6637964,49.4384765625
6637991,30.029296875
6638021,40.4052734375
6638059,26.67236328125
6638146,26.4892578125
6638246,29.23583984375
6646985,25.93994140625
6647056,27.40478515625
6647128,26.91650390625
6647175,27.40478515625
6647204,26.123046875
6647331,25.87890625
6647363,32.5927734375
6647387,28.3203125
6647412,32.53173828125
6647423,33.99658203125
6647440,31.06689453125
6647491,26.0009765625
6647508,31.06689453125
6647519,28.86962890625
6647544,34.0576171875
6647576,27.28271484375
6647600,33.447265625
6647622,26.9775390625
6647687,26.85546875
6647743,27.34375
6647789,29.78515625
6647947,26.30615234375
6658755,44.12841796875
6658894,34.85107421875
6658914,26.18408203125
6658944,33.203125
6659006,36.2548828125
6659035,27.4658203125
6659054,26.0009765625
6659085,26.0009765625
6659133,29.9072265625
6659174,35.09521484375
6659184,60.72998046875
6659217,41.259765625
6659246,36.865234375
6659284,26.123046875
6659302,62.43896484375
6659356,29.60205078125
6659389,29.052734375
6659437,26.85546875
6659489,27.77099609375
6659616,26.0009765625
6659651,25.81787109375
6659720,30.45654296875
6669967,26.79443359375
6670254,47.7294921875
6670277,26.06201171875
6670541,34.66796875
6670561,30.45654296875
6670628,41.259765625
6670659,26.85546875
6670738,26.42822265625
6670758,29.78515625
6670780,26.3671875
6670911,30.517578125
6676339,27.83203125
6680130,26.67236328125
6680166,36.07177734375
6680332,29.4189453125
6680348,28.076171875
6680379,26.85546875
6680462,25.7568359375
6680472,33.99658203125
6680537,36.4990234375
6680570,34.85107421875
6680632,29.35791015625
6680656,44.677734375
6680682,31.982421875
6680707,29.47998046875
6680752,41.8701171875
6680775,28.3203125
6680786,27.4658203125
6680802,33.203125
6680827,28.62548828125
6680959,27.587890625
6688440,30.3955078125
6693188,25.93994140625
6693329,31.005859375
6693418,27.34375
6693525,25.81787109375
6693570,28.076171875
6693596,35.58349609375
6693620,30.8837890625
6693668,49.31640625
6693678,33.99658203125
6693699,26.67236328125
6693710,38.75732421875
6693740,34.1796875
6693777,36.43798828125
6693803,28.01513671875
6693841,26.4892578125
6693862,29.9072265625
6693875,40.22216796875
6693918,28.01513671875
6693933,35.15625
6693954,62.3779296875
6693986,29.11376953125
6694003,29.1748046875
6694149,28.86962890625
6694434,26.4892578125
6708395,28.13720703125
6708533,27.4658203125
6708564,39.12353515625
6708585,30.8837890625
6708600,28.3203125
6708703,26.2451171875
6708722,27.28271484375
6708757,28.3203125
6708770,35.2783203125
6708801,35.0341796875
6708817,32.71484375
6708843,34.11865234375
6708860,60.546875
6708874,51.08642578125
6708898,28.80859375
6708917,31.18896484375
6708928,30.82275390625
6708942,42.724609375
6708972,30.2734375
6708987,44.86083984375
6709007,40.4052734375
6709068,27.9541015625
6709094,33.26416015625
6709118,31.79931640625
6709182,32.2265625
6709199,27.77099609375
6709243,25.87890625
6709343,32.28759765625
6724371,35.5224609375
6724458,26.85546875
6724521,27.2216796875
6724576,31.18896484375
6724606,27.89306640625
6724627,36.2548828125
6724655,33.75244140625
6724671,26.55029296875
6724701,27.03857421875
6724718,90.27099609375
6724757,26.91650390625
6724789,44.61669921875
6724822,27.52685546875
6724854,25.81787109375
6724874,35.64453125
6724921,27.77099609375
6724940,36.56005859375
6724975,36.1328125
6725063,31.18896484375
6725091,26.79443359375
6725203,29.78515625
6725414,33.99658203125
6736855,29.47998046875
6736963,26.67236328125
6736980,25.7568359375
6737024,26.0009765625
6737064,28.50341796875
6737132,26.67236328125
6737153,34.11865234375
6737217,30.517578125
6737252,30.029296875
6737283,37.53662109375
6737307,31.79931640625
6737338,36.31591796875
6737405,28.25927734375
6737423,27.03857421875
6737435,26.7333984375
6737456,27.28271484375
6737492,28.62548828125
6737600,29.541015625
6737639,26.123046875
6747317,30.3955078125
6747384,30.76171875
6747505,33.99658203125
6747531,29.47998046875
6747611,26.7333984375
6747655,27.03857421875
6747685,40.771484375
6747723,28.9306640625
6747763,26.67236328125
6747794,26.0009765625
6747808,27.03857421875
6747831,28.74755859375
6747862,31.55517578125
6747898,31.18896484375
6747925,27.83203125
6747980,27.77099609375
6748028,37.04833984375
6748068,26.55029296875
6748120,28.4423828125
6748184,34.60693359375
6748308,26.2451171875
6758396,26.18408203125
6758616,27.52685546875
6758648,26.3671875
6758753,28.4423828125
6758877,29.96826171875
6758890,38.63525390625
6758960,28.6865234375
6758970,28.50341796875
6759001,44.25048828125
6759035,37.04833984375
6759080,39.4287109375
6759091,27.52685546875
6759105,27.89306640625
6759162,35.21728515625
6759199,27.03857421875
6759216,26.611328125
6759253,28.3203125
6759290,38.57421875
6759349,26.30615234375
6759385,26.67236328125
6759460,26.0009765625
6771038,26.0009765625
6771065,41.3818359375
6771175,28.86962890625
6771197,45.10498046875
6771266,40.0390625
6771288,33.69140625
6771300,31.55517578125
6771347,26.3671875
6771376,26.9775390625
6771403,33.8134765625
6771413,27.03857421875
6771448,39.306640625
6771464,51.3916015625
6771485,39.97802734375
6771532,29.72412109375
6771543,32.8369140625
6771577,29.541015625
6771604,38.39111328125
6771623,28.076171875
6771667,60.05859375
6771766,34.5458984375
6771785,27.2216796875
6771890,26.7333984375
6771928,37.7197265625
6772279,26.2451171875
6784575,26.3671875
6789309,46.2646484375
6789371,30.33447265625
6789419,38.02490234375
6789461,25.81787109375
6789472,26.3671875
6789505,27.587890625
6789524,40.8935546875
6789556,33.447265625
6789581,50.96435546875
6789593,60.1806640625
6789624,30.8837890625
6789641,54.74853515625
6789677,36.376953125
6789701,41.015625
6789728,26.4892578125
6789747,52.001953125
6789782,28.25927734375
6789799,46.142578125
6789886,38.87939453125
6789897,25.93994140625
6789993,31.43310546875
6790038,26.85546875
6790096,27.40478515625
6790238,29.1748046875
6790535,25.93994140625
6792092,26.3671875
6804500,30.82275390625
6804514,27.28271484375
6804645,37.65869140625
6804726,30.8837890625
6804751,27.77099609375
6804775,36.68212890625
6804795,28.3203125
6804823,26.91650390625
6804853,49.98779296875
6804879,26.0009765625
6804891,27.89306640625
6804925,55.84716796875
6804954,35.33935546875
6804978,41.3818359375
6804992,33.447265625
6805072,30.33447265625
6805093,38.330078125
6805120,27.64892578125
6805158,29.23583984375
6805208,34.66796875
6805376,28.9306640625
6805558,27.64892578125
6813350,28.50341796875
6815171,26.42822265625
6817008,27.03857421875
6817032,26.2451171875
6817200,26.91650390625
6817264,26.7333984375
6817342,29.6630859375
6817401,30.2734375
6817431,27.2216796875
6817452,28.4423828125
6817484,48.64501953125
6817498,27.34375
6817534,27.40478515625
6817566,31.92138671875
6817588,34.66796875
6817640,33.75244140625
6817662,26.30615234375
6817742,36.68212890625
6817768,26.55029296875
6818008,28.13720703125
6830742,31.06689453125
6830765,40.83251953125
6830832,28.13720703125
6830871,30.029296875
6830896,25.93994140625
6830927,26.2451171875
6830957,38.0859375
6830976,26.06201171875
6830999,39.0625
6831026,31.73828125
6831053,30.517578125
6831070,39.1845703125
6831103,63.17138671875
6831114,28.80859375
6831147,28.25927734375
6831187,29.47998046875
6831201,30.70068359375
6831261,25.93994140625
6831300,29.296875
6831317,38.75732421875
6831382,26.0009765625
6831414,30.2734375
6831552,30.57861328125
6831835,40.83251953125
6845262,32.04345703125
6845322,31.92138671875
6845421,26.85546875
6845446,28.74755859375
6845514,28.74755859375
6845540,25.87890625
6845562,33.26416015625
6845601,28.01513671875
6845624,26.4892578125
6845695,26.611328125
6845747,49.98779296875
6845806,29.052734375
6845830,34.912109375
6845929,33.87451171875
6845950,25.87890625
6846046,26.0009765625
6846080,26.85546875
6846099,27.64892578125
6846222,27.9541015625
6861017,28.62548828125
6861113,32.16552734375
6861209,25.87890625
6861269,31.55517578125
6861292,26.06201171875
6861323,41.50390625
6861380,29.23583984375
6861428,31.1279296875
6861450,39.73388671875
6861472,37.17041015625
6861521,28.80859375
6861533,26.611328125
6861543,71.6552734375
6861569,28.13720703125
6861615,31.92138671875
6861648,25.7568359375
6861667,27.89306640625
6861682,28.076171875
6861754,31.3720703125
6861801,26.30615234375
6861922,30.21240234375
6862001,27.03857421875
6862098,28.3203125
6874428,25.81787109375
6874453,32.3486328125
6874470,27.40478515625
6874581,29.72412109375
6874601,27.03857421875
6874623,31.31103515625
6874648,25.93994140625
6874684,27.83203125
6874719,40.95458984375
6874809,25.87890625
6874865,29.9072265625
6874916,34.1796875
6874998,29.6630859375
6875022,28.74755859375
6875086,25.87890625
6875114,36.62109375
6875194,31.6162109375
6875214,33.69140625
6886823,25.7568359375
6886837,29.78515625
6886869,32.40966796875
6886883,32.8369140625
6887023,26.06201171875
6887051,36.9873046875
6887093,27.16064453125
6887136,27.64892578125
6887171,31.31103515625
6887234,47.119140625
6887325,34.912109375
6887342,29.11376953125
6887363,27.64892578125
6887449,29.84619140625
6887524,26.9775390625
6887630,26.06201171875
6887860,29.72412109375
6905992,26.67236328125
6906031,27.83203125
6906179,33.935546875
6906214,33.203125
6906244,25.7568359375
6906276,36.865234375
6906294,27.2216796875
6906395,27.77099609375
6906415,35.0341796875
6906442,32.40966796875
6906471,41.8701171875
6906502,37.90283203125
6906516,27.64892578125
6906538,25.93994140625
6906567,35.5224609375
6906580,28.62548828125
6906618,26.9775390625
6906666,27.64892578125
6906691,45.2880859375
6906758,32.65380859375
6906861,27.4658203125
6906883,28.86962890625
6906943,29.35791015625
6918698,25.93994140625
6921383,28.9306640625
6921531,26.611328125
6921606,31.25
6921662,27.099609375
6921771,35.2783203125
6921815,26.55029296875
6921844,33.75244140625
6921854,29.4189453125
6921898,29.4189453125
6921921,27.587890625
6921944,30.45654296875
6922026,28.9306640625
6922051,40.95458984375
6922073,30.33447265625
6922084,38.63525390625
6922181,28.99169921875
6922203,28.62548828125
6922499,32.470703125
6945874,27.4658203125
6945887,30.45654296875
6946044,26.42822265625
6946083,30.70068359375
6946095,30.3955078125
6946123,43.212890625
6946164,29.1748046875
6946189,30.09033203125
6946211,31.8603515625
6946244,27.52685546875
6946282,29.47998046875
6946295,33.5693359375
6946355,26.9775390625
6946372,30.82275390625
6946399,34.3017578125
6946418,45.41015625
6946457,28.6865234375
6946514,28.3203125
6946584,26.9775390625
6946604,49.4384765625
6946684,27.16064453125
6946724,27.52685546875
6946776,26.79443359375
6946978,29.11376953125
7441117,27.03857421875
7521549,26.3671875
7586880,30.517578125
7592012,26.55029296875
7614905,26.91650390625
7615865,28.38134765625
7620455,27.16064453125
7621079,30.82275390625
7634005,29.47998046875
7635994,27.2216796875
7636097,29.296875
7690677,26.2451171875
7690766,26.3671875
7690795,47.607421875
7690805,63.90380859375
7690842,26.611328125
7690902,58.349609375
7691092,35.2783203125
7691155,26.85546875
7716313,27.52685546875
7736103,26.06201171875
7748855,28.38134765625
7748886,50.29296875
7748896,45.7763671875
7748936,60.11962890625
7748946,26.30615234375
7748969,54.8095703125
7748997,58.65478515625
7749064,44.00634765625
7749076,27.2216796875
7749097,27.64892578125
7749110,25.81787109375
7749225,28.01513671875
7749308,25.87890625
7749424,27.099609375
7766073,26.30615234375
7766728,26.30615234375
7792596,25.81787109375
7792608,29.4189453125
7792645,41.9921875
7792661,29.1748046875
7792693,64.88037109375
7792709,39.6728515625
7792733,26.9775390625
7792765,46.9970703125
7792793,40.0390625
7792836,25.93994140625
7792851,51.08642578125
