7799001,0
357286,31.73828125
447001,31.06689453125
492021,29.78515625
492097,58.65478515625
502843,29.72412109375
656769,30.09033203125
664144,31.25
1084953,32.65380859375
1238277,31.55517578125
1277978,30.57861328125
1314248,47.8515625
1340766,33.75244140625
1368801,31.31103515625
1378935,29.9072265625
1399533,31.67724609375
1409741,30.33447265625
1533790,62.255859375
1642088,32.8369140625
1642247,29.72412109375
1709270,30.70068359375
1723374,30.1513671875
1763098,49.560546875
1775771,32.3486328125
1787071,30.2734375
1807886,30.82275390625
1843812,51.94091796875
1843942,60.24169921875
1867849,59.63134765625
1868004,31.43310546875
1875494,30.09033203125
1881749,62.3779296875
1881774,30.33447265625
1902227,49.25537109375
1920575,29.541015625
1953278,41.50390625
1972194,53.77197265625
1979360,52.6123046875
1979386,30.33447265625
1996726,51.20849609375
2023274,34.423828125
2867601,50.537109375
2906859,29.9072265625
2907027,31.92138671875
2907075,69.88525390625
2919873,31.06689453125
2919969,33.69140625
2920023,58.65478515625
2989049,59.26513671875
2999822,31.43310546875
3029131,35.888671875
3057012,46.32568359375
3057024,33.02001953125
3081293,29.84619140625
3141609,29.60205078125
3224204,31.494140625
3825862,67.2607421875
3859061,32.2265625
3902607,33.50830078125
3931208,31.6162109375
3954965,33.75244140625
3991108,51.025390625
4010861,32.65380859375
4011030,49.98779296875
4028767,42.3583984375
4040549,30.57861328125
4040646,32.28759765625
4040752,31.43310546875
4072014,71.47216796875
4093815,64.94140625
4093919,30.6396484375
4134471,31.1279296875
4134603,48.76708984375
4146232,47.91259765625
4179120,29.541015625
4189196,29.72412109375
4961890,31.25
4961982,47.8515625
5014381,48.828125
5014521,48.76708984375
5044253,47.05810546875
5044339,40.771484375
5044433,30.1513671875
5073520,32.16552734375
5084207,52.67333984375
5098680,54.38232421875
5098790,55.35888671875
5098901,29.9072265625
5099014,49.8046875
5123093,29.72412109375
5123226,30.029296875
5123241,49.74365234375
5134299,51.81884765625
5134448,55.60302734375
5134559,45.7763671875
5157155,60.36376953125
5157232,39.24560546875
5157332,52.18505859375
5157412,36.80419921875
5157503,47.18017578125
5170811,29.84619140625
5170827,39.55078125
5180225,56.57958984375
5180276,49.6826171875
5180355,38.6962890625
5180383,29.72412109375
5192168,46.93603515625
5192231,40.0390625
5192251,31.982421875
5192307,47.79052734375
5192367,36.865234375
5192456,49.1943359375
5192549,38.330078125
5204437,38.87939453125
5204511,44.921875
5204614,44.25048828125
5214657,41.748046875
5214707,41.68701171875
5214772,34.912109375
5214784,31.982421875
5214844,38.2080078125
5214901,37.109375
5214980,43.212890625
5215087,38.2080078125
5215320,31.494140625
5232931,52.734375
5233015,31.73828125
5233070,31.43310546875
5233110,41.3818359375
5233208,29.84619140625
5243369,32.958984375
5243388,31.31103515625
5243441,49.560546875
5243502,46.44775390625
5243550,29.72412109375
5243631,33.38623046875
5243766,35.94970703125
5243851,31.92138671875
5243950,40.52734375
5254935,31.005859375
5255003,56.45751953125
5255119,48.76708984375
5255182,30.33447265625
5255198,32.77587890625
5265617,32.28759765625
5265664,41.3818359375
5265780,39.61181640625
5265885,42.236328125
5266024,29.9072265625
5275273,41.1376953125
5275484,47.42431640625
5293409,49.8046875
5313674,43.45703125
5313810,44.86083984375
5327836,33.14208984375
5430244,30.57861328125
5491853,31.6162109375
5492016,32.2265625
6354663,31.1279296875
6354709,29.6630859375
6354751,53.3447265625
6354814,49.8046875
6354870,33.87451171875
6354933,50.47607421875
6355008,31.1279296875
6389632,33.935546875
6389648,49.74365234375
6389707,49.072265625
6389782,47.8515625
6389811,30.70068359375
6389840,47.36328125
6389893,39.9169921875
6389950,31.494140625
6389998,32.8369140625
6405162,33.87451171875
6409266,35.5224609375
6410405,35.58349609375
6414125,31.982421875
6414995,42.8466796875
6417462,40.0390625
6418973,33.5693359375
6420329,36.376953125
6420484,41.93115234375
6420636,32.470703125
6426605,41.015625
6427403,37.17041015625
6431101,31.005859375
6431328,41.748046875
6431792,35.46142578125
6432420,43.15185546875
6432533,44.677734375
6432611,29.96826171875
6439481,38.4521484375
6442730,39.1845703125
6447288,43.5791015625
6449697,36.0107421875
6449939,37.841796875
6450083,29.78515625
6450210,39.6728515625
6455813,50.9033203125
6459532,37.41455078125
6459734,43.8232421875
6465833,46.56982421875
6471553,48.7060546875
6471663,31.67724609375
6471682,38.2080078125
6471784,30.8837890625
6471803,33.203125
6471909,36.7431640625
6480405,47.05810546875
6480511,37.9638671875
6480636,37.59765625
6487061,30.94482421875
6487182,30.6396484375
6487203,34.1796875
6487260,44.37255859375
6487332,30.82275390625
6499845,40.8935546875
6499994,31.67724609375
6506482,36.7431640625
6506665,45.2880859375
6511955,29.72412109375
6511987,45.47119140625
6512111,32.04345703125
6512140,34.912109375
6512227,41.44287109375
6512319,34.0576171875
6512336,42.1142578125
6524975,53.7109375
6525092,36.0107421875
6525172,32.89794921875
6525200,49.13330078125
6536616,45.71533203125
6536631,35.5224609375
6536739,47.05810546875
6536819,39.97802734375
6536907,35.58349609375
6546149,59.814453125
6546245,32.958984375
6546304,31.31103515625
6546372,41.44287109375
6546589,36.56005859375
6557535,44.0673828125
6557689,33.75244140625
6570096,55.23681640625
6570166,29.96826171875
6570215,45.95947265625
6570285,29.96826171875
6570296,30.45654296875
6570378,30.82275390625
6570915,30.2734375
6589302,45.10498046875
6589423,40.34423828125
6589451,32.3486328125
6589583,46.7529296875
6600859,43.8232421875
6600978,32.2265625
6601083,34.5458984375
6601093,34.5458984375
6601171,34.36279296875
6601402,39.9169921875
6610851,39.9169921875
6611000,46.0205078125
6611140,40.0390625
6625440,42.29736328125
6625521,34.97314453125
6625583,37.04833984375
6625606,31.6162109375
6625656,30.33447265625
6625688,30.09033203125
6625776,31.25
6625902,30.57861328125
6637947,35.70556640625
6638131,46.81396484375
6638243,34.1796875
6647375,56.5185546875
6647484,34.1796875
6647572,37.04833984375
6647664,30.82275390625
6647795,36.31591796875
6658998,30.1513671875
6659070,42.8466796875
6659167,53.64990234375
6659238,36.68212890625
6670496,46.20361328125
6670644,36.376953125
6670756,32.65380859375
6680477,48.095703125
6680587,41.44287109375
6680680,48.15673828125
6680808,30.6396484375
6680934,36.2548828125
6693575,49.37744140625
6693692,42.8466796875
6693773,41.32080078125
6708747,51.69677734375
6708803,29.541015625
6708852,46.5087890625
6708918,35.0341796875
6708985,29.96826171875
6709171,31.25
6724624,48.76708984375
6724715,36.376953125
6724857,32.16552734375
6724974,30.09033203125
6725091,33.8134765625
6725293,30.1513671875
6737177,43.212890625
6737275,36.62109375
6737366,36.19384765625
6737514,39.00146484375
6747736,50.9033203125
6747832,46.38671875
6747926,30.3955078125
6748020,37.841796875
6748073,29.9072265625
6758903,35.15625
6759038,51.81884765625
6759060,30.33447265625
6759134,37.65869140625
6759230,43.88427734375
6759335,36.0107421875
6771337,49.62158203125
6771409,33.14208984375
6771494,38.87939453125
6771542,30.45654296875
6771558,38.26904296875
6789376,30.70068359375
6789517,42.48046875
6789592,35.46142578125
6789629,36.07177734375
6789792,33.38623046875
6789864,31.494140625
6789938,34.36279296875
6790093,29.78515625
6790186,31.43310546875
6804799,44.61669921875
6804894,41.8701171875
6804988,36.1328125
6805055,35.70556640625
6805173,38.39111328125
6805291,33.5693359375
6817454,37.90283203125
6817609,46.56982421875
6817737,48.88916015625
6830953,44.5556640625
6831048,59.14306640625
6831130,36.68212890625
6831227,37.841796875
6831307,37.65869140625
6831395,29.6630859375
6831405,33.75244140625
6831589,31.43310546875
6845609,48.2177734375
6845715,50.47607421875
6845827,42.724609375
6845938,30.029296875
6861367,40.71044921875
6861461,39.61181640625
6861565,34.912109375
6861671,45.41015625
6861896,36.376953125
6874888,36.56005859375
6875001,35.888671875
6887200,29.9072265625
6887389,43.39599609375
6906391,31.67724609375
6906633,56.884765625
6946687,31.1279296875
7748934,32.77587890625
7749018,47.42431640625
7749116,46.20361328125
7792636,38.6962890625
7792662,48.9501953125
7792713,39.97802734375
7792791,59.99755859375
7792877,36.62109375
