11999000,0
50806,20.81298828125
50888,18.61572265625
50956,18.24951171875
50966,19.4091796875
51008,17.88330078125
51046,18.4326171875
51096,17.7001953125
51117,19.47021484375
51376,21.97265625
56112,17.9443359375
56830,18.61572265625
57312,17.76123046875
58565,18.06640625
60486,18.49365234375
61430,18.4326171875
136499,19.775390625
136549,21.240234375
136598,20.01953125
136642,18.310546875
136716,18.37158203125
136732,17.7001953125
136780,19.47021484375
136834,17.39501953125
137028,18.37158203125
142739,18.49365234375
143164,18.12744140625
144216,18.12744140625
145106,18.4326171875
146279,19.53125
149881,18.798828125
251276,24.23095703125
251373,26.2451171875
251420,22.216796875
251795,19.95849609375
255997,17.39501953125
256675,17.333984375
258701,18.798828125
259579,18.1884765625
260421,18.06640625
265674,22.0947265625
301580,26.123046875
328246,19.1650390625
328353,21.6064453125
328398,17.333984375
328448,18.61572265625
328506,25.57373046875
328545,18.00537109375
328587,18.4326171875
328654,17.7001953125
334361,19.53125
334674,17.27294921875
335422,17.39501953125
336389,19.4091796875
337100,20.08056640625
337686,21.78955078125
338257,21.66748046875
338941,18.73779296875
339909,19.6533203125
341110,18.85986328125
341965,22.0947265625
345486,18.00537109375
362953,20.751953125
363253,18.98193359375
363375,17.333984375
363468,25.2685546875
363571,18.49365234375
363631,18.310546875
363749,18.24951171875
364130,19.10400390625
369970,20.01953125
370611,18.73779296875
370988,18.00537109375
371303,18.98193359375
372015,19.34814453125
372400,17.2119140625
372878,18.1884765625
373262,18.1884765625
373667,21.17919921875
374088,21.484375
374578,19.22607421875
375021,18.98193359375
375529,24.35302734375
376194,18.310546875
376720,22.52197265625
377263,18.798828125
377999,17.76123046875
379098,21.42333984375
379984,19.10400390625
380647,21.8505859375
381436,17.63916015625
382146,20.1416015625
383185,20.3857421875
383890,18.61572265625
385249,22.0947265625
386239,22.0947265625
387855,18.06640625
389649,18.06640625
391449,19.71435546875
392331,20.44677734375
395139,18.37158203125
400367,22.4609375
401624,21.05712890625
401843,21.66748046875
401947,22.4609375
402025,17.333984375
402084,21.97265625
402122,18.4326171875
402436,18.06640625
408099,17.2119140625
410497,18.49365234375
410790,19.4091796875
411780,17.39501953125
412463,17.51708984375
412795,17.9443359375
413520,19.04296875
413892,19.4091796875
414286,22.4609375
423082,18.310546875
423364,17.9443359375
423940,19.6533203125
424251,18.310546875
434875,17.88330078125
437221,17.9443359375
446707,17.51708984375
453626,17.76123046875
516233,18.37158203125
571757,18.4326171875
625441,17.76123046875
651626,17.88330078125
656942,19.83642578125
704778,18.9208984375
725993,17.88330078125
727826,17.4560546875
736248,18.798828125
737628,17.822265625
740524,20.8740234375
747878,18.4326171875
749140,19.287109375
753289,17.7001953125
756923,22.64404296875
757126,17.88330078125
765115,18.5546875
769611,17.51708984375
773322,17.7001953125
775297,17.4560546875
778559,18.00537109375
784026,17.333984375
790739,19.83642578125
792947,17.2119140625
795545,17.333984375
796772,19.6533203125
809369,18.24951171875
812928,18.61572265625
813232,19.10400390625
816779,17.4560546875
817816,18.37158203125
821762,21.05712890625
828477,17.333984375
832385,17.333984375
833564,20.01953125
833988,17.88330078125
834516,18.49365234375
835262,18.24951171875
846037,18.4326171875
849400,19.34814453125
853579,17.333984375
855661,18.24951171875
856529,17.76123046875
861961,18.6767578125
862370,17.2119140625
863033,18.37158203125
867197,20.1416015625
881637,20.20263671875
882174,17.333984375
882364,17.578125
886931,19.1650390625
887630,20.32470703125
889435,17.39501953125
892539,18.73779296875
896317,20.32470703125
900394,18.1884765625
905224,19.59228515625
908258,20.20263671875
908834,20.93505859375
909011,19.53125
915217,17.578125
917568,17.333984375
918076,18.9208984375
918217,18.61572265625
919010,17.822265625
920069,18.00537109375
927274,21.484375
927474,25.45166015625
927623,18.37158203125
928003,18.4326171875
928281,17.2119140625
928590,17.2119140625
933891,17.39501953125
934553,18.00537109375
943501,24.47509765625
944036,20.99609375
945825,20.08056640625
955381,18.798828125
955955,19.34814453125
962541,20.99609375
965953,17.27294921875
966140,19.83642578125
967262,18.85986328125
971962,19.04296875
977664,17.88330078125
977800,18.310546875
986417,18.4326171875
986564,21.17919921875
986692,17.333984375
986895,18.00537109375
987183,20.6298828125
987454,19.1650390625
988376,18.5546875
1001890,18.61572265625
1002476,18.6767578125
1003467,21.30126953125
1004558,18.12744140625
1008782,17.51708984375
1011715,21.66748046875
1013314,18.4326171875
1014123,18.73779296875
1019876,18.98193359375
1026560,20.1416015625
1026883,18.73779296875
1027033,18.73779296875
1027198,18.61572265625
1034021,19.59228515625
1049547,18.6767578125
1049770,18.06640625
1049923,19.22607421875
1050359,17.578125
1059933,22.27783203125
1060255,22.4609375
1060391,20.8740234375
1060499,19.10400390625
1060758,19.47021484375
1061009,17.51708984375
1061278,19.775390625
1069597,19.287109375
1069787,18.00537109375
1070010,18.5546875
1070204,17.88330078125
1070541,17.822265625
1070811,18.4326171875
1071095,17.27294921875
1082239,20.20263671875
1082337,19.6533203125
1082537,21.05712890625
1082922,17.39501953125
1083144,17.63916015625
1083374,19.22607421875
1090954,17.51708984375
1091351,20.99609375
1091438,20.5078125
1091663,17.51708984375
1092349,18.61572265625
1101333,20.3857421875
1101721,20.08056640625
1102086,19.22607421875
1102419,21.240234375
1117635,17.39501953125
1118143,20.751953125
1118312,19.47021484375
1118931,17.822265625
1119650,19.71435546875
1133181,17.333984375
1133266,19.8974609375
1133416,19.22607421875
1133573,25.390625
1133775,17.76123046875
1133948,17.88330078125
1134142,20.6298828125
1134379,18.310546875
1135989,17.4560546875
1145512,25.81787109375
1145726,18.61572265625
1145889,17.39501953125
1146089,19.775390625
1146927,17.51708984375
1170597,19.775390625
1170712,19.71435546875
1170833,19.04296875
1171002,22.4609375
1171159,17.2119140625
1171481,18.1884765625
1172516,17.2119140625
1172830,17.51708984375
1191293,17.88330078125
1191381,20.01953125
1191531,22.03369140625
1191673,18.9208984375
1191815,18.310546875
1192138,18.5546875
1192312,19.34814453125
1214567,18.4326171875
1215485,18.1884765625
1216099,17.822265625
1217684,17.88330078125
1218094,20.44677734375
1218368,17.63916015625
1218480,17.39501953125
1218729,17.39501953125
1218880,19.10400390625
1219018,18.9208984375
1219133,19.775390625
1222431,18.73779296875
1224659,19.6533203125
1225251,17.27294921875
1226859,19.8974609375
1229719,19.775390625
1230541,17.27294921875
1231159,17.822265625
1233588,17.578125
1234818,21.17919921875
1236764,20.81298828125
1238253,19.22607421875
1238923,20.08056640625
1239069,18.310546875
1239384,17.822265625
1239514,17.822265625
1240088,19.59228515625
1247842,17.7001953125
1248206,19.775390625
1249060,18.4326171875
1252721,18.00537109375
1255350,17.88330078125
1263411,17.4560546875
1264003,18.4326171875
1264590,19.6533203125
1265387,18.310546875
1266384,18.24951171875
1266674,18.49365234375
1266818,17.822265625
1267616,17.27294921875
1267924,19.53125
1268322,17.2119140625
1277554,18.6767578125
1277874,17.578125
1284595,18.1884765625
1284974,17.333984375
1288163,18.6767578125
1288515,17.333984375
1289344,19.22607421875
1291133,17.7001953125
1291972,18.12744140625
1295503,18.12744140625
1295565,22.52197265625
1295728,17.333984375
1296285,18.61572265625
1331781,17.9443359375
1332569,18.24951171875
1422877,17.51708984375
1428747,18.00537109375
1429821,17.822265625
1431257,18.06640625
1435757,17.333984375
1441066,17.27294921875
1442426,17.88330078125
1455205,17.27294921875
1458057,17.39501953125
1458864,18.61572265625
1464326,17.333984375
1471058,17.76123046875
1474366,18.9208984375
1474943,18.61572265625
1478229,17.4560546875
1487720,17.76123046875
1490407,17.333984375
1493915,18.12744140625
1495536,18.1884765625
1496970,18.798828125
1497485,17.333984375
1499450,18.73779296875
1500211,17.578125
1502910,19.10400390625
1504726,18.5546875
1508525,19.53125
1509960,17.578125
1513132,17.88330078125
1515151,19.6533203125
1518573,17.63916015625
1520645,17.2119140625
1523567,18.12744140625
1524887,17.2119140625
1526577,19.287109375
1528678,17.4560546875
1530388,17.27294921875
1533369,17.9443359375
1537862,18.1884765625
1549519,21.42333984375
1553891,22.03369140625
1554349,20.8740234375
1560062,18.73779296875
1574653,17.88330078125
1575378,19.34814453125
1575433,17.39501953125
1575726,17.76123046875
1575885,17.578125
1586984,18.49365234375
1594061,17.4560546875
1595856,17.39501953125
1596992,18.4326171875
1597484,18.5546875
1598100,17.76123046875
1599236,19.8974609375
1601367,17.76123046875
1602127,19.287109375
1602795,17.4560546875
1604260,17.4560546875
1605999,18.85986328125
1607646,17.9443359375
1613161,19.287109375
1613846,17.2119140625
1618528,17.39501953125
1619485,18.5546875
1623204,17.4560546875
1624100,18.12744140625
1626452,17.4560546875
1627649,18.12744140625
1634755,22.216796875
1635644,17.578125
1639401,17.88330078125
1642903,17.51708984375
1647059,17.9443359375
1648213,18.798828125
1649524,19.22607421875
1651239,17.7001953125
1657589,20.32470703125
1661649,18.49365234375
1666579,20.1416015625
1666839,22.8271484375
1666881,20.44677734375
1666969,17.4560546875
1667135,17.27294921875
1667252,18.24951171875
1682485,18.98193359375
1685011,18.4326171875
1696258,17.578125
1697975,19.04296875
1700405,19.71435546875
1701797,17.333984375
1705462,19.1650390625
1708573,17.4560546875
1709387,18.06640625
1713044,17.27294921875
1713641,17.2119140625
1716881,17.51708984375
1720187,17.333984375
1727555,22.03369140625
1728488,18.12744140625
1731740,18.12744140625
1734099,18.798828125
1737715,19.34814453125
1738599,19.4091796875
1741579,18.85986328125
1745744,19.83642578125
1747174,20.1416015625
1748944,18.6767578125
1754483,20.20263671875
1757431,17.2119140625
1760547,19.95849609375
1768833,18.24951171875
1771880,17.578125
1774319,18.06640625
1776803,19.4091796875
1777182,18.9208984375
1777946,18.9208984375
1785178,19.22607421875
1787920,17.578125
1791260,18.12744140625
1795035,18.9208984375
1803098,17.9443359375
1914373,17.27294921875
1914435,20.32470703125
1914508,23.193359375
1914565,18.00537109375
1919400,17.27294921875
1920723,17.27294921875
1923999,17.27294921875
1925124,18.73779296875
1927878,18.12744140625
1929195,19.8974609375
1932141,19.71435546875
1933028,19.04296875
1934049,19.287109375
1935678,17.822265625
1938184,19.6533203125
1945920,17.822265625
1958135,18.61572265625
2191293,23.8037109375
2191360,20.263671875
2191414,19.34814453125
2191457,20.56884765625
2192574,24.10888671875
2196526,17.51708984375
2197032,18.00537109375
2198090,18.24951171875
2199649,18.73779296875
2200697,17.4560546875
2201323,17.63916015625
2203417,18.61572265625
2205024,20.44677734375
2209773,21.30126953125
2636893,27.89306640625
2636955,20.01953125
2637009,19.59228515625
2637050,20.01953125
2637136,24.23095703125
2637523,17.76123046875
2637621,18.61572265625
2638170,19.83642578125
2645834,18.12744140625
2646343,17.822265625
2647562,19.34814453125
2648122,17.27294921875
2650578,18.12744140625
2651665,17.39501953125
2652077,18.49365234375
2652917,19.10400390625
2653999,19.10400390625
2654406,18.00537109375
2654798,18.310546875
2655229,22.03369140625
2657162,18.00537109375
2658445,20.20263671875
2658844,18.4326171875
2659369,18.798828125
2659855,19.04296875
2660939,18.310546875
2662046,19.10400390625
2662831,17.822265625
2663579,17.27294921875
2664140,18.73779296875
2664898,18.73779296875
2665660,18.73779296875
2666741,17.27294921875
2667570,18.61572265625
2668305,18.73779296875
2669055,20.56884765625
2669991,17.4560546875
2671204,23.25439453125
2672901,26.18408203125
2674273,19.47021484375
2675008,17.88330078125
2676337,19.47021484375
2677395,20.93505859375
2678367,20.3857421875
2679588,19.34814453125
2681365,19.59228515625
2682960,21.240234375
2684237,19.775390625
2685033,19.1650390625
2686353,17.9443359375
2688440,18.6767578125
2689433,24.47509765625
2690954,20.263671875
2692431,18.798828125
2693751,18.49365234375
2694660,22.64404296875
2696300,19.04296875
2698820,18.37158203125
2700315,22.8271484375
2701728,17.63916015625
2702704,19.47021484375
2705307,17.7001953125
2706737,21.17919921875
2708438,18.1884765625
2711094,17.39501953125
2712810,20.8740234375
2714499,23.3154296875
2717929,17.4560546875
2723347,19.53125
2725265,17.27294921875
2728184,20.8740234375
2729633,21.6064453125
2731052,19.71435546875
2732632,18.6767578125
2738855,17.7001953125
2740259,18.6767578125
2744369,22.27783203125
2748153,20.69091796875
2749351,21.17919921875
2756360,24.2919921875
2758161,19.287109375
2761392,21.42333984375
2764358,22.03369140625
2766939,24.5361328125
2768115,18.73779296875
2772405,17.2119140625
2784982,22.5830078125
2790372,20.32470703125
2794879,18.49365234375
2807489,18.61572265625
2811044,23.74267578125
2840184,20.263671875
2891112,22.64404296875
2909044,21.05712890625
2909116,24.90234375
2909183,17.88330078125
2909205,22.27783203125
2909234,17.333984375
2909290,17.2119140625
2909333,17.822265625
2909737,18.37158203125
3276645,17.27294921875
3322475,17.39501953125
3367934,18.73779296875
3367948,19.95849609375
3368005,17.822265625
3416665,17.51708984375
3763843,18.06640625
3775618,19.34814453125
3781678,22.64404296875
3781764,19.95849609375
3782114,19.04296875
3872884,18.24951171875
3912716,17.9443359375
3918469,17.88330078125
3957932,19.287109375
3958401,18.00537109375
3958504,23.4375
3958700,17.88330078125
3958759,17.51708984375
3959181,20.99609375
4019859,17.578125
4047508,17.333984375
4048001,18.1884765625
4048108,18.73779296875
4231271,17.4560546875
4231674,17.88330078125
4231896,17.578125
4232266,17.822265625
4364580,18.9208984375
4364882,18.5546875
4365038,19.22607421875
4365094,20.3857421875
4365444,18.00537109375
4582878,18.6767578125
4707013,19.34814453125
4707228,20.6298828125
4707864,20.263671875
4958739,18.12744140625
4997641,20.263671875
5002158,17.4560546875
5021415,17.7001953125
5031049,17.4560546875
5047245,17.333984375
5047621,20.6298828125
5048328,17.51708984375
5049131,18.06640625
5051130,17.2119140625
5278830,17.578125
5286584,17.76123046875
5297229,18.73779296875
5308619,17.2119140625
5332813,17.4560546875
5361908,17.39501953125
5362776,18.98193359375
5363306,21.54541015625
5363319,17.76123046875
5363567,18.37158203125
5363853,17.39501953125
5384127,19.4091796875
6085357,18.06640625
6085396,18.98193359375
6085443,20.32470703125
6085493,19.83642578125
6086037,22.76611328125
6129183,17.27294921875
6411143,21.05712890625
6411248,17.51708984375
6411375,18.1884765625
6411530,20.1416015625
6411574,21.05712890625
6535186,19.59228515625
6660960,19.47021484375
6661809,20.99609375
6713006,18.5546875
6713072,18.310546875
6713133,18.4326171875
6959732,17.578125
6959748,20.751953125
6959790,19.83642578125
6959913,19.22607421875
6959945,19.71435546875
6960223,18.49365234375
7138897,17.39501953125
7406139,17.27294921875
7406216,18.1884765625
7406257,20.6298828125
7665360,18.49365234375
7666038,17.9443359375
7714792,18.24951171875
7714909,18.24951171875
7714972,18.310546875
7715244,18.6767578125
7715651,17.39501953125
10188618,18.73779296875
10188770,17.7001953125
10188852,18.37158203125
10189169,17.27294921875
10189227,19.4091796875
10189353,19.1650390625
10189463,17.63916015625
10217386,17.51708984375
10559036,18.00537109375
10559590,19.59228515625
10559707,17.333984375
11103369,18.06640625
11103649,23.681640625
11200495,18.73779296875
11200546,22.15576171875
11332799,17.578125
11396684,17.88330078125
11396749,17.7001953125
11547196,17.4560546875
11547375,17.333984375
11853429,18.00537109375
11853485,23.193359375
11854004,17.51708984375
11854315,18.24951171875
11854866,17.76123046875
