7799001,0
216117,31.79931640625
216183,36.1328125
216195,22.03369140625
217690,34.72900390625
788713,22.03369140625
788762,23.01025390625
788778,22.39990234375
788790,34.3017578125
788840,25.32958984375
790234,22.5830078125
790298,28.4423828125
1162122,26.42822265625
1162194,34.5458984375
1162214,31.18896484375
1173019,22.52197265625
1173189,32.04345703125
1173265,30.70068359375
1173280,34.85107421875
1173342,24.84130859375
1185741,22.4609375
1186496,43.02978515625
1186564,31.06689453125
1424356,24.23095703125
1424617,28.13720703125
1424652,35.46142578125
1424693,21.66748046875
1436633,23.01025390625
1436808,23.193359375
1436898,35.09521484375
1450406,21.6064453125
1451110,22.03369140625
1451297,24.169921875
1451466,29.052734375
1451537,21.78955078125
1477631,23.86474609375
1910418,27.099609375
1910491,39.73388671875
1910513,33.447265625
1910537,26.7333984375
1910556,23.4375
2411912,23.0712890625
2603378,29.052734375
2815227,21.54541015625
2815292,21.728515625
2815304,23.0712890625
2815318,27.4658203125
2815348,21.6064453125
2817963,22.27783203125
3119933,39.4287109375
3119954,32.1044921875
3119996,26.611328125
3130247,29.23583984375
3130549,22.03369140625
3130704,27.03857421875
3130781,43.02978515625
3143236,23.0712890625
3143593,23.37646484375
3143815,26.85546875
3143984,22.76611328125
3144015,26.06201171875
3144068,26.67236328125
3144126,21.728515625
3715073,25.87890625
3715136,54.0771484375
3715182,23.13232421875
3717300,21.54541015625
3729086,27.03857421875
3729356,25.69580078125
3729426,22.52197265625
3740553,22.76611328125
4473439,25.634765625
4488201,24.47509765625
4488258,25.7568359375
4488269,37.90283203125
4488313,21.728515625
4489891,22.5830078125
4512477,23.4375
4512853,21.484375
4512951,29.1748046875
4513019,23.4375
4513052,21.78955078125
4529053,25.08544921875
4775813,22.27783203125
4775890,31.43310546875
4775910,23.25439453125
4777283,23.01025390625
4785945,22.216796875
4786110,29.35791015625
4786158,22.0947265625
4786193,34.72900390625
4798855,23.74267578125
4799197,22.8271484375
4799576,30.09033203125
4799648,22.8271484375
4812514,24.5361328125
4813176,24.71923828125
5748030,26.0009765625
5748110,25.5126953125
5748130,39.12353515625
5748185,25.93994140625
6535257,21.78955078125
6535329,22.216796875
6535459,24.59716796875
6545407,23.62060546875
6546125,23.0712890625
6546256,27.7099609375
6546325,46.81396484375
6546389,21.97265625
6557334,22.15576171875
6557604,22.15576171875
6557803,21.6064453125
6557971,24.84130859375
6558053,22.03369140625
6558063,22.216796875
6558133,24.2919921875
7303423,22.52197265625
7303515,24.59716796875
7303543,35.70556640625
7317291,23.8037109375
7317554,24.71923828125
7317642,28.86962890625
7317661,29.541015625
7317672,24.96337890625
7317707,24.47509765625
7329106,25.634765625
7329683,22.0947265625
7329988,23.92578125
7330216,22.03369140625
7330309,23.8037109375
7330335,27.03857421875
7330432,22.03369140625
7343615,23.0712890625
7355405,26.611328125
