4799001,0
115486,41.19873046875
211359,26.0009765625
211377,34.60693359375
211402,42.1142578125
211424,28.50341796875
211467,23.5595703125
211479,36.9873046875
211501,81.1767578125
211526,84.8388671875
211552,72.75390625
211572,29.60205078125
211582,58.41064453125
211605,36.31591796875
211618,24.2919921875
211628,31.67724609375
211661,40.6494140625
211675,48.2177734375
211698,31.494140625
211729,25.0244140625
211743,41.748046875
211755,25.45166015625
211774,30.45654296875
211792,21.91162109375
211804,22.705078125
211858,22.8271484375
211870,41.07666015625
211919,33.63037109375
211944,30.3955078125
211955,34.48486328125
211982,21.17919921875
211999,27.7099609375
212036,22.0947265625
212048,23.8037109375
212078,22.8271484375
212121,22.64404296875
212188,21.66748046875
212282,31.3720703125
212306,23.01025390625
212424,22.15576171875
212529,21.240234375
212565,22.39990234375
212588,24.10888671875
212675,22.64404296875
226648,21.66748046875
227910,22.03369140625
229545,21.728515625
236238,22.76611328125
236275,39.1845703125
250023,24.84130859375
310944,22.3388671875
311041,21.42333984375
311060,41.44287109375
311086,39.9169921875
311120,26.123046875
311133,59.4482421875
311159,33.0810546875
311180,32.5927734375
311193,45.47119140625
311216,61.8896484375
311247,74.40185546875
311261,40.52734375
311281,62.31689453125
311297,45.10498046875
311307,27.9541015625
311334,39.12353515625
311352,52.001953125
311370,57.12890625
311382,29.72412109375
311415,35.5224609375
311425,21.484375
311447,23.0712890625
311458,50.048828125
311477,32.40966796875
311505,33.8134765625
311525,30.70068359375
311536,43.9453125
311566,31.55517578125
311582,27.28271484375
311610,24.2919921875
311627,25.146484375
311652,26.123046875
311667,27.28271484375
311689,28.99169921875
311713,27.89306640625
311745,25.0244140625
311796,22.4609375
311831,26.30615234375
311889,32.53173828125
311960,23.3154296875
312006,25.81787109375
312039,21.66748046875
312067,27.40478515625
312149,23.37646484375
312362,24.47509765625
330401,22.76611328125
334211,21.30126953125
355636,24.658203125
355698,28.1982421875
355750,34.60693359375
355767,35.33935546875
355788,28.86962890625
355803,35.46142578125
355835,48.33984375
355860,59.9365234375
355878,37.41455078125
355900,48.76708984375
355919,73.2421875
355959,58.349609375
355973,49.560546875
356005,32.28759765625
356019,43.5791015625
356034,37.04833984375
356068,32.3486328125
356081,28.4423828125
356109,34.0576171875
356137,31.43310546875
356163,29.47998046875
356179,40.10009765625
356197,31.43310546875
356214,29.541015625
356225,33.87451171875
356238,21.17919921875
356272,31.06689453125
356301,31.79931640625
356326,27.4658203125
356360,37.109375
356383,26.55029296875
356407,29.9072265625
356421,36.2548828125
356449,22.705078125
356468,22.0947265625
356536,28.25927734375
356551,34.48486328125
356567,24.96337890625
356585,23.193359375
356627,24.71923828125
356641,33.5693359375
356669,22.8271484375
356698,29.052734375
356737,22.8271484375
356763,25.390625
356814,26.2451171875
356839,23.13232421875
356899,22.216796875
356937,21.240234375
357097,22.39990234375
357129,22.4609375
357225,29.96826171875
357373,22.94921875
357557,21.8505859375
361087,23.74267578125
394085,28.50341796875
394100,22.705078125
394141,21.54541015625
394153,37.17041015625
394186,28.86962890625
394209,21.42333984375
394238,21.728515625
394257,51.3916015625
394276,43.0908203125
394296,54.01611328125
394313,36.68212890625
394340,75.74462890625
394374,50.78125
394398,57.373046875
394408,45.95947265625
394427,38.87939453125
394461,37.109375
394487,44.189453125
394498,44.43359375
394510,25.2685546875
394522,28.4423828125
394538,38.330078125
394576,31.31103515625
394590,32.28759765625
394621,33.87451171875
394647,37.7197265625
394660,24.4140625
394682,38.9404296875
394694,29.23583984375
394710,23.98681640625
394721,34.72900390625
394738,22.216796875
394751,26.2451171875
394789,30.517578125
394802,21.728515625
394831,26.18408203125
394850,25.2685546875
394902,21.42333984375
394938,30.45654296875
394951,24.47509765625
394972,23.13232421875
394988,22.3388671875
395013,33.0810546875
395041,25.08544921875
395055,33.26416015625
395144,26.9775390625
395171,21.728515625
395207,21.240234375
395281,21.484375
395344,24.4140625
395376,22.3388671875
395435,21.91162109375
395597,23.5595703125
395651,21.3623046875
396144,27.28271484375
412225,24.0478515625
446716,21.54541015625
446767,21.91162109375
446798,21.30126953125
446854,26.06201171875
446881,21.97265625
446897,36.7431640625
446910,22.705078125
446932,31.8603515625
446943,32.5927734375
446976,24.90234375
446988,36.9873046875
447004,38.39111328125
447022,82.21435546875
447047,62.5
447076,29.1748046875
447091,23.01025390625
447117,58.89892578125
447142,46.7529296875
447154,65.36865234375
447193,37.2314453125
447229,39.9169921875
447245,31.18896484375
447263,41.44287109375
447280,35.33935546875
447296,28.99169921875
447315,32.470703125
447325,31.982421875
447342,26.30615234375
447362,32.958984375
447382,30.45654296875
447397,32.77587890625
447419,39.24560546875
447441,28.62548828125
447454,22.27783203125
447498,24.658203125
447529,32.2265625
447546,25.69580078125
447569,31.494140625
447583,27.52685546875
447616,21.240234375
447633,35.21728515625
447653,25.08544921875
447724,22.0947265625
447737,21.6064453125
447853,21.66748046875
447892,23.193359375
447914,21.30126953125
448081,21.54541015625
448128,22.76611328125
448188,23.0712890625
448378,22.4609375
1246773,27.16064453125
1951483,21.97265625
1951556,22.5830078125
1951579,29.296875
1951603,34.72900390625
1951629,23.86474609375
1951645,27.64892578125
1951665,24.10888671875
1951688,51.1474609375
1951719,60.60791015625
1951741,84.53369140625
1951752,75.86669921875
1951771,40.771484375
1951791,50.23193359375
1951810,34.912109375
1951823,39.85595703125
1951847,35.94970703125
1951870,45.83740234375
1951888,49.072265625
1951907,40.4052734375
1951939,33.50830078125
1951959,26.4892578125
1951978,44.189453125
1951998,26.0009765625
1952010,40.83251953125
1952040,31.982421875
1952062,25.57373046875
1952087,25.57373046875
1952099,26.4892578125
1952130,23.193359375
1952191,26.67236328125
1952203,28.86962890625
1952231,24.169921875
1952292,31.494140625
1952306,26.67236328125
1952415,22.39990234375
1952448,28.13720703125
1952542,23.3154296875
1952644,26.42822265625
1952706,21.91162109375
1952777,22.0947265625
1952829,24.2919921875
1952873,21.728515625
1953190,28.62548828125
1974172,21.484375
2123127,28.076171875
2206981,25.2685546875
2206994,23.4375
2207037,22.03369140625
2207067,34.60693359375
2207094,71.4111328125
2207112,39.1845703125
2207128,39.61181640625
2207141,37.41455078125
2207160,75.439453125
2207181,57.0068359375
2207209,80.01708984375
2207228,28.38134765625
2207242,27.4658203125
2207261,45.59326171875
2207283,46.93603515625
2207306,26.2451171875
2207322,42.724609375
2207344,31.3720703125
2207357,48.03466796875
2207376,28.01513671875
2207397,22.64404296875
2207413,39.48974609375
2207441,34.3017578125
2207478,36.80419921875
2207506,23.0712890625
2207552,22.216796875
2207594,21.66748046875
2207625,21.1181640625
2207649,23.01025390625
2207692,23.4375
2207715,25.20751953125
2207725,21.728515625
2207763,25.45166015625
2207798,22.39990234375
2207838,24.47509765625
2208168,24.7802734375
2208415,26.7333984375
2208733,26.79443359375
2208870,23.5595703125
2215984,21.91162109375
2225523,25.634765625
2234758,21.484375
2256001,21.3623046875
2256024,21.30126953125
2256040,34.1796875
2256077,38.9404296875
2256096,29.35791015625
2256120,33.02001953125
2256142,54.01611328125
2256165,64.02587890625
2256195,72.75390625
2256205,38.4521484375
2256229,41.07666015625
2256246,68.54248046875
2256257,27.16064453125
2256270,44.86083984375
2256296,40.46630859375
2256315,39.55078125
2256348,45.71533203125
2256377,56.15234375
2256389,45.166015625
2256417,34.60693359375
2256434,34.24072265625
2256457,21.91162109375
2256468,32.2265625
2256492,41.9921875
2256519,38.02490234375
2256534,24.59716796875
2256557,37.841796875
2256577,29.1748046875
2256599,30.8837890625
2256630,26.91650390625
2256641,23.37646484375
2256689,28.80859375
2256707,29.60205078125
2256721,22.705078125
2256760,31.92138671875
2256778,22.52197265625
2256900,26.611328125
2256936,28.86962890625
2256965,26.55029296875
2257039,25.0244140625
2257091,22.3388671875
2257125,26.91650390625
2257161,31.06689453125
2257173,21.240234375
2257265,24.4140625
2257332,22.64404296875
2257451,21.17919921875
2257478,25.390625
2257502,30.3955078125
2258215,21.97265625
2258426,24.35302734375
2262299,21.1181640625
2271995,22.216796875
2288444,34.912109375
2288460,25.57373046875
2288471,34.0576171875
2288504,23.86474609375
2288517,29.78515625
2288532,25.2685546875
2288548,21.97265625
2288569,73.91357421875
2288596,35.33935546875
2288614,29.541015625
2288635,71.4111328125
2288645,78.9794921875
2288667,29.052734375
2288686,83.984375
2288704,78.2470703125
2288723,85.26611328125
2288754,54.01611328125
2288764,48.03466796875
2288795,33.14208984375
2288815,33.3251953125
2288830,25.57373046875
2288853,38.9404296875
2288872,40.0390625
2288906,39.6728515625
2288932,30.33447265625
2288960,31.67724609375
2288979,22.76611328125
2288989,28.3203125
2289014,21.78955078125
2289037,25.5126953125
2289065,27.7099609375
2289079,22.0947265625
2289108,37.2314453125
2289145,22.15576171875
2289182,21.42333984375
2289213,23.37646484375
2289253,24.10888671875
2289289,22.216796875
2289330,22.27783203125
2289344,29.1748046875
2289370,26.7333984375
2289394,30.70068359375
2289428,23.3154296875
2289492,21.1181640625
2289527,23.74267578125
2289564,28.6865234375
2289579,24.4140625
2289698,21.3623046875
2289783,21.66748046875
2289850,21.8505859375
2289951,25.2685546875
2289987,21.17919921875
2290423,24.5361328125
2290656,25.93994140625
2290989,26.91650390625
2292025,23.681640625
2297348,21.91162109375
2329579,21.91162109375
2329604,23.8037109375
2329636,23.49853515625
2329656,42.8466796875
2329676,31.67724609375
2329708,31.73828125
2329728,28.01513671875
2329754,42.05322265625
2329768,56.396484375
2329791,63.4765625
2329814,46.142578125
2329839,44.43359375
2329853,27.16064453125
2329865,82.58056640625
2329901,46.44775390625
2329920,43.27392578125
2329945,43.701171875
2329968,57.0068359375
2329989,32.40966796875
2330012,34.66796875
2330041,43.0908203125
2330069,37.78076171875
2330100,31.25
2330128,23.74267578125
2330159,27.9541015625
2330177,24.2919921875
2330195,29.84619140625
2330232,22.0947265625
2330243,22.76611328125
2330265,26.9775390625
2330300,33.87451171875
2330325,22.03369140625
2330343,40.4052734375
2330391,22.39990234375
2330424,29.84619140625
2330504,23.0712890625
2330532,22.94921875
2330549,24.23095703125
2330624,26.91650390625
2330679,27.4658203125
2330720,23.3154296875
2330764,21.66748046875
2330822,21.30126953125
2330965,27.77099609375
2331046,22.705078125
2331243,23.681640625
2331518,21.97265625
2342476,21.78955078125
2383340,21.97265625
2383366,30.2734375
2383393,22.5830078125
2383419,31.6162109375
2383437,39.9169921875
2383456,22.39990234375
2383479,52.30712890625
2383504,49.6826171875
2383516,50.35400390625
2383538,71.8994140625
2383562,62.5
2383590,54.6875
2383621,69.27490234375
2383642,43.701171875
2383670,54.26025390625
2383680,43.212890625
2383711,29.541015625
2383735,48.03466796875
2383747,55.0537109375
2383771,44.0673828125
2383788,27.03857421875
2383815,32.16552734375
2383833,33.38623046875
2383858,27.099609375
2383872,22.4609375
2383916,34.5458984375
2383931,27.34375
2383951,34.60693359375
2383978,28.80859375
2383989,21.484375
2384014,26.7333984375
2384031,21.42333984375
2384043,54.62646484375
2384071,25.87890625
2384088,22.94921875
2384144,22.03369140625
2384173,29.78515625
2384213,21.6064453125
2384257,23.13232421875
2384290,21.78955078125
2384391,23.0712890625
2384583,27.28271484375
2384785,24.96337890625
2440021,35.2783203125
2440053,33.14208984375
2440093,27.9541015625
2440127,27.28271484375
2440156,38.818359375
2440168,24.5361328125
2440209,43.9453125
2440220,57.373046875
2440240,90.88134765625
2440259,43.88427734375
2440270,32.16552734375
2440304,60.9130859375
2440330,38.14697265625
2440340,28.13720703125
2440358,57.0068359375
2440372,31.6162109375
2440403,46.630859375
2440416,41.8701171875
2440426,31.3720703125
2440439,28.86962890625
2440460,32.65380859375
2440480,38.2080078125
2440495,29.47998046875
2440509,31.494140625
2440521,25.7568359375
2440549,27.9541015625
2440562,26.91650390625
2440593,23.74267578125
2440621,27.099609375
2440645,22.64404296875
2440667,22.8271484375
2440696,27.64892578125
2440726,32.958984375
2440753,33.0810546875
2440794,26.0009765625
2440854,22.76611328125
2440870,37.78076171875
2440922,23.49853515625
2440932,23.13232421875
2441004,25.32958984375
2441163,21.3623046875
2441196,21.240234375
2441239,21.91162109375
2441486,26.85546875
2442222,21.3623046875
2452417,23.25439453125
2487620,23.92578125
2487668,23.25439453125
2487690,29.4189453125
2487722,23.62060546875
2487748,31.31103515625
2487767,28.38134765625
2487789,24.4140625
2487808,33.5693359375
2487834,66.89453125
2487847,36.4990234375
2487857,64.39208984375
2487883,44.12841796875
2487904,59.4482421875
2487922,39.24560546875
2487954,76.47705078125
2487983,62.19482421875
2488009,46.0205078125
2488033,36.62109375
2488043,41.015625
2488063,28.4423828125
2488083,28.62548828125
2488101,35.5224609375
2488125,34.66796875
2488139,33.447265625
2488161,36.80419921875
2488201,22.5830078125
2488219,50.23193359375
2488254,35.70556640625
2488280,25.69580078125
2488312,31.1279296875
2488347,29.6630859375
2488372,25.81787109375
2488383,29.1748046875
2488418,25.45166015625
2488490,28.38134765625
2488503,23.5595703125
2488528,22.8271484375
2488578,32.53173828125
2488773,21.17919921875
2488786,21.484375
2488808,23.8037109375
2489022,23.13232421875
2489090,21.17919921875
2490520,26.55029296875
2512084,22.3388671875
2513579,25.69580078125
2513631,24.23095703125
2513654,23.62060546875
2513675,34.0576171875
2513689,31.43310546875
2513718,27.52685546875
2513729,26.79443359375
2513766,39.1845703125
2513783,36.62109375
2513809,24.7802734375
2513820,68.17626953125
2513847,34.423828125
2513858,54.5654296875
2513882,21.3623046875
2513905,39.4287109375
2513917,27.40478515625
2513931,70.61767578125
2513961,45.166015625
2513994,76.96533203125
2514024,36.68212890625
2514057,80.56640625
2514067,56.15234375
2514099,29.96826171875
2514111,24.5361328125
2514149,38.87939453125
2514167,45.59326171875
2514182,31.494140625
2514203,34.912109375
2514213,50.537109375
2514247,58.16650390625
2514261,40.771484375
2514282,27.4658203125
2514317,21.484375
2514348,26.7333984375
2514379,31.79931640625
2514400,21.54541015625
2514424,31.73828125
2514453,30.33447265625
2514488,31.06689453125
2514509,23.62060546875
2514527,24.10888671875
2514584,31.06689453125
2514629,26.4892578125
2514648,22.8271484375
2514669,39.306640625
2514745,22.8271484375
2514861,26.7333984375
2515138,24.35302734375
2515183,22.4609375
2586461,24.4140625
2609151,36.80419921875
2609200,35.400390625
2609239,26.55029296875
2609272,37.90283203125
2609297,35.64453125
2609312,23.8037109375
2609337,21.66748046875
2609347,45.41015625
2609390,24.90234375
2609406,29.541015625
2609426,52.24609375
2609444,31.8603515625
2609470,34.36279296875
2609486,34.24072265625
2609506,37.2314453125
2609523,43.8232421875
2609538,38.02490234375
2609576,39.0625
2609599,26.2451171875
2609621,49.37744140625
2609636,25.93994140625
2609652,22.52197265625
2609662,51.025390625
2609684,43.15185546875
2609714,39.4287109375
2609739,31.55517578125
2609765,26.30615234375
2609776,43.701171875
2609821,58.4716796875
2609834,27.2216796875
2609844,27.099609375
2609858,27.28271484375
2609875,30.1513671875
2609888,28.86962890625
2609907,26.85546875
2609941,34.1796875
2609967,22.705078125
2610000,29.47998046875
2610035,28.3203125
2610051,21.8505859375
2610076,23.62060546875
2610087,34.7900390625
2610110,23.37646484375
2610181,23.3154296875
2610208,26.4892578125
2610231,25.93994140625
3081305,21.8505859375
3108441,42.96875
3898986,35.888671875
3936716,21.3623046875
3936761,29.296875
3936792,39.73388671875
3936837,40.771484375
3936850,39.9169921875
3936891,71.47216796875
3936907,60.72998046875
3936926,41.56494140625
3936956,56.21337890625
3936967,39.0625
3936987,41.19873046875
3937003,61.767578125
3937014,26.42822265625
3937027,38.26904296875
3937050,25.45166015625
3937071,28.9306640625
3937087,36.92626953125
3937116,31.06689453125
3937130,29.4189453125
3937145,23.49853515625
3937163,37.2314453125
3937179,22.27783203125
3937198,31.73828125
3937224,27.34375
3937237,23.49853515625
3937256,26.7333984375
3937271,26.55029296875
3937309,22.88818359375
3937324,29.72412109375
3937379,31.92138671875
3937397,25.146484375
3937435,30.21240234375
3937466,22.52197265625
3937551,22.216796875
3937746,22.27783203125
3937876,21.30126953125
3937939,28.564453125
3938741,21.54541015625
3954814,23.3154296875
3956180,21.6064453125
3957475,22.3388671875
3961370,22.5830078125
3961992,21.484375
3963598,21.42333984375
3967073,21.484375
4059234,36.07177734375
4273227,36.68212890625
4274414,40.22216796875
4275953,40.46630859375
4280078,41.259765625
4286378,36.9873046875
4287358,38.0859375
4346159,44.3115234375
4359789,33.3251953125
4669641,26.0009765625
4669671,24.96337890625
4669759,22.5830078125
4669782,24.169921875
4669815,38.2080078125
4669837,33.8134765625
4669869,28.25927734375
4669886,51.08642578125
4669909,48.76708984375
4669934,36.56005859375
4669950,95.5810546875
4669974,30.029296875
4670000,39.9169921875
4670024,42.48046875
4670035,63.65966796875
4670049,22.88818359375
4670073,54.50439453125
4670091,47.2412109375
4670116,26.06201171875
4670126,41.44287109375
4670149,25.7568359375
4670176,39.97802734375
4670186,36.4990234375
4670202,27.099609375
4670223,30.517578125
4670236,24.90234375
4670253,36.62109375
4670272,26.7333984375
4670284,29.60205078125
4670314,28.3203125
4670335,24.2919921875
4670347,27.34375
4670358,22.88818359375
4670378,21.66748046875
4670392,23.3154296875
4670409,25.146484375
4670477,23.681640625
4670518,32.8369140625
4670553,22.8271484375
4670629,24.71923828125
4670652,25.634765625
4670747,24.96337890625
4670764,21.240234375
4671115,25.390625
4682216,21.30126953125
4695190,21.17919921875
4706196,41.748046875
4726528,22.64404296875
4730257,38.26904296875
4734473,24.96337890625
