4799001,0
211378,38.63525390625
211441,41.50390625
211473,30.029296875
211494,58.9599609375
211523,30.57861328125
211538,48.9501953125
211548,35.2783203125
211565,20.3857421875
211583,27.77099609375
211610,37.17041015625
211631,47.9736328125
211651,21.3623046875
211673,21.484375
211723,27.83203125
211892,20.93505859375
211903,25.390625
211944,20.44677734375
212029,22.76611328125
212168,21.30126953125
212290,20.751953125
212645,20.751953125
310855,20.3857421875
310927,41.93115234375
310969,24.2919921875
311002,45.2880859375
311068,54.87060546875
311128,56.33544921875
311162,38.02490234375
311194,69.9462890625
311215,20.6298828125
311229,27.7099609375
311254,20.44677734375
311283,42.17529296875
311298,29.96826171875
311344,25.146484375
311354,31.005859375
311376,30.21240234375
311538,21.42333984375
311629,22.5830078125
355517,21.1181640625
355576,20.6298828125
355642,42.48046875
355701,31.25
355769,24.47509765625
355789,25.634765625
355821,26.7333984375
355836,45.2880859375
355865,23.0712890625
355895,43.15185546875
355919,36.56005859375
355935,20.99609375
355953,38.39111328125
355974,31.06689453125
355987,25.634765625
356008,28.74755859375
356030,45.71533203125
356046,27.2216796875
356087,41.1376953125
356117,23.681640625
356148,24.4140625
356172,26.3671875
356195,22.03369140625
356339,25.45166015625
393930,25.0244140625
394105,40.71044921875
394141,22.8271484375
394175,34.24072265625
394189,29.1748046875
394243,26.611328125
394261,54.62646484375
394278,38.87939453125
394289,21.3623046875
394318,26.2451171875
394335,23.8037109375
394366,43.88427734375
394387,22.3388671875
394420,27.64892578125
394444,26.30615234375
394459,35.33935546875
394479,37.353515625
394502,21.54541015625
394517,28.99169921875
394533,25.390625
394568,22.15576171875
394600,21.78955078125
394636,24.2919921875
395216,23.4375
397134,38.818359375
413343,21.91162109375
446901,37.04833984375
446965,21.97265625
446975,36.1328125
447011,21.3623046875
447030,26.18408203125
447047,48.03466796875
447101,61.21826171875
447121,46.69189453125
447142,35.2783203125
447154,30.029296875
447182,29.78515625
447200,30.21240234375
447215,27.587890625
447234,28.99169921875
447244,22.88818359375
447271,32.89794921875
447301,23.62060546875
447317,34.7900390625
447359,23.98681640625
447369,23.74267578125
447412,25.57373046875
447464,22.52197265625
447475,21.05712890625
448926,44.43359375
776171,47.8515625
776351,26.3671875
776375,38.6962890625
776527,33.3251953125
776713,33.14208984375
776779,25.5126953125
777025,28.3203125
777192,23.25439453125
777411,27.83203125
777489,20.81298828125
777849,27.4658203125
777983,20.69091796875
994933,20.5078125
1675984,22.216796875
1743777,24.35302734375
1744369,20.69091796875
1951620,47.2412109375
1951689,31.25
1951702,25.08544921875
1951731,27.28271484375
1951744,58.837890625
1951764,37.9638671875
1951783,35.94970703125
1951810,30.029296875
1951837,32.1044921875
1951847,24.84130859375
1951877,21.240234375
1951906,27.4658203125
1951922,43.02978515625
1951937,36.43798828125
1951959,22.76611328125
1951992,25.0244140625
1952043,24.71923828125
1952120,24.5361328125
2207066,45.2880859375
2207095,20.93505859375
2207126,46.08154296875
2207154,29.9072265625
2207167,59.4482421875
2207199,39.48974609375
2207216,27.03857421875
2207251,26.7333984375
2207275,29.47998046875
2207297,34.423828125
2207337,32.89794921875
2207377,20.69091796875
2207402,23.193359375
2207467,26.30615234375
2207552,21.240234375
2208041,20.32470703125
2255896,25.5126953125
2255982,21.484375
2255994,49.86572265625
2256047,36.0107421875
2256064,21.78955078125
2256106,24.23095703125
2256131,42.29736328125
2256148,23.3154296875
2256166,45.654296875
2256191,33.38623046875
2256209,47.119140625
2256230,24.2919921875
2256251,20.44677734375
2256272,33.02001953125
2256303,28.076171875
2256319,24.71923828125
2256336,24.35302734375
2256363,24.169921875
2256393,20.93505859375
2256418,21.17919921875
2256433,21.1181640625
2256453,20.8740234375
2256463,26.9775390625
2256519,25.08544921875
2256734,25.5126953125
2257010,23.74267578125
2288313,20.3857421875
2288397,23.5595703125
2288454,38.0859375
2288491,27.2216796875
2288509,23.25439453125
2288519,28.13720703125
2288551,22.0947265625
2288573,54.87060546875
2288583,31.8603515625
2288593,32.04345703125
2288617,20.69091796875
2288630,39.9169921875
2288651,26.79443359375
2288663,31.005859375
2288685,54.3212890625
2288696,20.8740234375
2288751,27.64892578125
2288764,38.2080078125
2288779,20.751953125
2288807,23.86474609375
2288817,34.97314453125
2288854,23.681640625
2288891,20.93505859375
2288918,20.99609375
2288934,21.1181640625
2288956,21.54541015625
2289635,20.81298828125
2289900,20.32470703125
2329524,23.13232421875
2329613,20.3857421875
2329654,40.95458984375
2329693,24.0478515625
2329714,33.50830078125
2329754,46.32568359375
2329782,48.88916015625
2329792,36.2548828125
2329819,37.41455078125
2329832,44.73876953125
2329864,51.08642578125
2329878,25.81787109375
2329899,27.03857421875
2329919,33.99658203125
2329946,29.23583984375
2329973,24.2919921875
2330000,22.8271484375
2330018,20.32470703125
2330056,34.48486328125
2330083,20.99609375
2330107,20.81298828125
2330137,20.5078125
2330293,29.541015625
2330348,22.4609375
2330396,23.193359375
2383403,39.12353515625
2383458,38.26904296875
2383497,41.8701171875
2383519,77.08740234375
2383532,20.44677734375
2383572,34.72900390625
2383599,42.05322265625
2383623,47.54638671875
2383645,27.28271484375
2383670,24.23095703125
2383700,43.64013671875
2383726,28.076171875
2383736,23.37646484375
2383747,20.44677734375
2383999,20.44677734375
2440063,20.69091796875
2440098,43.51806640625
2440169,29.96826171875
2440210,24.59716796875
2440238,69.2138671875
2440281,20.8740234375
2440298,36.31591796875
2440317,37.109375
2440335,36.7431640625
2440356,26.18408203125
2440381,33.203125
2440393,36.62109375
2440408,22.705078125
2440430,58.59375
2440461,20.8740234375
2440473,26.85546875
2440495,21.8505859375
2440516,25.93994140625
2440546,22.88818359375
2440560,23.74267578125
2440704,21.97265625
2481444,23.3154296875
2482629,22.8271484375
2487583,20.32470703125
2487708,45.5322265625
2487751,20.5078125
2487771,36.4990234375
2487793,23.0712890625
2487830,46.2646484375
2487861,52.490234375
2487909,44.00634765625
2487932,38.51318359375
2487954,22.216796875
2487972,22.64404296875
2487994,31.55517578125
2488008,36.7431640625
2488037,22.76611328125
2488058,28.25927734375
2488077,27.099609375
2488111,25.20751953125
2488182,21.1181640625
2488250,25.7568359375
2488319,27.34375
2513922,21.54541015625
2513949,48.88916015625
2513973,38.51318359375
2513988,26.42822265625
2514027,45.95947265625
2514047,27.89306640625
2514084,36.376953125
2514106,27.83203125
2514125,26.18408203125
2514142,24.96337890625
2514166,33.87451171875
2514201,36.2548828125
2514213,21.05712890625
2514228,38.57421875
2514300,22.705078125
2514326,26.79443359375
2514344,22.3388671875
2514358,20.56884765625
2514395,22.0947265625
2514417,23.86474609375
2514556,23.98681640625
2609346,21.484375
2609360,34.72900390625
2609433,36.80419921875
2609468,21.54541015625
2609503,23.3154296875
2609515,27.89306640625
2609564,55.7861328125
2609601,32.65380859375
2609632,44.61669921875
2609664,32.5927734375
2609684,33.14208984375
2609697,27.03857421875
2609720,32.04345703125
2609737,27.83203125
2609769,21.91162109375
2609795,26.4892578125
2609825,23.3154296875
2609851,22.4609375
2609887,22.64404296875
2609999,34.3017578125
2610148,20.751953125
2888416,44.189453125
3194422,20.56884765625
3212321,20.5078125
3936780,40.22216796875
3936840,32.71484375
3936859,25.81787109375
3936888,23.4375
3936916,34.85107421875
3936940,45.2880859375
3936953,35.09521484375
3936985,20.8740234375
3937000,25.634765625
3937026,51.81884765625
3937052,31.494140625
3937064,24.5361328125
3937083,22.88818359375
3937133,20.99609375
3937180,29.84619140625
3937201,20.32470703125
3937236,22.216796875
3937296,21.66748046875
3937590,22.52197265625
3937603,30.8837890625
3937689,23.3154296875
4064992,22.15576171875
4157400,21.54541015625
4165333,50.96435546875
4420767,20.8740234375
4424138,22.76611328125
4424236,21.6064453125
4579203,20.6298828125
4669495,22.5830078125
4669550,43.212890625
4669616,33.87451171875
4669730,33.38623046875
4669745,30.1513671875
4669829,50.1708984375
4669842,20.3857421875
4669888,24.96337890625
4669919,49.31640625
4669943,27.89306640625
4669953,66.95556640625
4669978,21.484375
4669990,49.072265625
4670008,25.81787109375
4670024,21.484375
4670041,32.89794921875
4670077,30.029296875
4670091,20.3857421875
4670137,25.634765625
4670157,23.3154296875
4670187,21.78955078125
4670212,22.5830078125
4670318,26.85546875
4670357,25.57373046875
4766079,21.6064453125
