7799001,0
109230,17.4560546875
109284,37.7197265625
109438,25.08544921875
109475,22.52197265625
109497,19.59228515625
109541,19.59228515625
109555,26.79443359375
109591,17.51708984375
109629,21.30126953125
109645,20.5078125
109686,36.31591796875
109697,20.5078125
109720,23.86474609375
109738,24.4140625
109759,21.3623046875
109792,25.634765625
109811,19.71435546875
109842,18.06640625
109871,23.98681640625
109915,17.822265625
109953,19.22607421875
122034,24.23095703125
122064,19.4091796875
122119,17.02880859375
122173,20.81298828125
122183,25.20751953125
122222,32.28759765625
122255,23.98681640625
122282,31.31103515625
122298,35.888671875
122320,17.39501953125
122354,39.55078125
122368,18.4326171875
122402,20.20263671875
122424,19.8974609375
122449,21.3623046875
122475,16.90673828125
122525,19.8974609375
122645,18.4326171875
122716,17.39501953125
240488,24.0478515625
240515,22.15576171875
240567,16.78466796875
240594,26.67236328125
240610,17.51708984375
240623,23.86474609375
240654,17.27294921875
240671,17.39501953125
240685,20.44677734375
240710,27.7099609375
240731,40.52734375
240750,26.91650390625
240774,23.98681640625
240839,23.13232421875
240871,21.54541015625
251802,21.3623046875
251824,17.822265625
251842,17.27294921875
251871,18.9208984375
251889,19.53125
251940,19.71435546875
251962,21.240234375
251984,25.08544921875
252008,20.69091796875
252018,24.35302734375
252041,19.22607421875
252058,30.21240234375
252073,23.74267578125
252102,22.0947265625
252135,24.10888671875
252149,18.24951171875
252199,29.541015625
252225,17.2119140625
252243,20.8740234375
252276,20.3857421875
252561,18.798828125
252891,17.2119140625
371071,35.33935546875
371153,19.83642578125
371180,27.40478515625
371209,27.52685546875
371242,24.658203125
371252,25.57373046875
371269,28.38134765625
371309,18.310546875
371322,25.45166015625
371353,32.470703125
371371,26.85546875
371381,24.5361328125
371412,18.06640625
371450,19.47021484375
371524,18.1884765625
371556,18.37158203125
371649,16.9677734375
442672,18.06640625
442738,20.81298828125
442755,17.08984375
442821,18.1884765625
442863,17.39501953125
442911,22.8271484375
442935,26.85546875
442956,43.39599609375
442978,24.90234375
442991,23.86474609375
443014,22.27783203125
443029,27.40478515625
443043,28.3203125
443073,18.4326171875
443089,18.6767578125
443121,18.98193359375
443157,18.9208984375
443173,18.37158203125
601134,21.1181640625
601286,17.39501953125
601328,22.3388671875
601340,23.49853515625
601371,22.39990234375
601395,26.9775390625
601418,19.10400390625
601440,23.62060546875
601461,28.74755859375
601484,25.69580078125
601501,30.029296875
601522,23.0712890625
601538,31.79931640625
601586,17.08984375
601619,23.193359375
601712,19.83642578125
602792,16.78466796875
613937,20.56884765625
614179,18.73779296875
614223,19.34814453125
614247,16.78466796875
614265,17.27294921875
614293,18.1884765625
614340,21.54541015625
614352,21.8505859375
614385,26.42822265625
614399,25.93994140625
614416,22.5830078125
614435,18.5546875
614460,17.4560546875
614485,27.9541015625
614522,22.216796875
614543,18.61572265625
614554,17.02880859375
614678,17.02880859375
614707,16.78466796875
614904,16.845703125
626458,17.88330078125
628338,16.78466796875
629651,17.578125
631055,16.90673828125
632210,18.798828125
635390,17.76123046875
636667,18.5546875
639327,17.63916015625
643147,20.751953125
811102,23.5595703125
811138,19.83642578125
811169,37.7197265625
811180,29.541015625
811190,33.935546875
811208,19.34814453125
811234,38.14697265625
811251,18.85986328125
811279,26.42822265625
811319,20.751953125
811408,19.10400390625
811602,18.5546875
823248,20.93505859375
823554,17.15087890625
823598,17.02880859375
823612,28.25927734375
823672,17.08984375
823691,21.30126953125
823717,29.47998046875
823729,29.72412109375
823768,31.55517578125
823784,25.2685546875
823816,23.37646484375
823829,22.15576171875
823859,17.76123046875
823880,19.22607421875
823898,21.484375
823911,19.4091796875
823981,20.32470703125
824048,19.83642578125
824980,16.78466796875
835826,18.310546875
837406,19.1650390625
838904,18.24951171875
844354,20.1416015625
847395,18.9208984375
852222,18.49365234375
957096,22.0947265625
957164,18.5546875
957177,20.81298828125
957216,19.71435546875
957236,24.5361328125
957256,17.27294921875
957290,18.9208984375
957320,25.0244140625
957357,17.578125
957372,27.4658203125
957387,31.1279296875
957404,28.076171875
957418,18.9208984375
957436,26.91650390625
957449,23.98681640625
957493,17.63916015625
957515,18.73779296875
957536,20.6298828125
957552,19.6533203125
957573,17.02880859375
957619,18.9208984375
957792,16.90673828125
957834,18.37158203125
959459,16.78466796875
1158306,27.9541015625
1158329,31.005859375
1158345,20.81298828125
1158377,29.1748046875
1158400,42.3583984375
1158415,30.33447265625
1158434,28.564453125
1158455,26.55029296875
1158499,22.39990234375
1158516,21.17919921875
1158579,18.49365234375
1158599,18.9208984375
1158622,17.63916015625
1158996,16.90673828125
1334417,17.08984375
1334605,17.9443359375
1334644,17.7001953125
1334656,26.3671875
1334696,20.08056640625
1334719,20.20263671875
1334733,18.24951171875
1334763,17.2119140625
1334785,20.93505859375
1334803,19.8974609375
1334848,21.728515625
1334859,28.25927734375
1334876,53.52783203125
1334903,26.79443359375
1334933,24.2919921875
1334952,24.35302734375
1334973,19.8974609375
1334996,17.9443359375
1335027,30.57861328125
1335040,24.59716796875
1335433,22.03369140625
1346910,19.8974609375
1350839,17.63916015625
1500537,17.76123046875
1500624,20.5078125
1500652,20.32470703125
1500703,20.69091796875
1500747,26.7333984375
1500760,22.8271484375
1500777,26.123046875
1500803,17.63916015625
1500823,33.50830078125
1500848,32.53173828125
1500868,18.61572265625
1500890,23.13232421875
1500917,32.65380859375
1500927,17.333984375
1500942,29.9072265625
1500985,16.7236328125
1500999,17.08984375
1501024,20.93505859375
1501054,19.22607421875
1501099,20.44677734375
1594897,18.85986328125
1594908,24.10888671875
1594988,17.02880859375
1595022,21.240234375
1595046,25.87890625
1595061,18.00537109375
1595124,17.27294921875
1595134,42.3583984375
1595172,22.52197265625
1595183,27.7099609375
1595195,37.78076171875
1595217,39.55078125
1595240,19.59228515625
1595265,17.2119140625
1595276,23.193359375
1595291,23.37646484375
1595308,20.44677734375
1595433,18.12744140625
1595469,16.9677734375
1596074,19.1650390625
1729976,27.34375
1729991,18.5546875
1730017,19.6533203125
1730048,30.45654296875
1730068,34.423828125
1730082,28.50341796875
1730094,22.64404296875
1730120,28.13720703125
1730140,25.20751953125
1730161,20.93505859375
1730174,20.01953125
1730196,19.53125
1730220,18.61572265625
1730241,20.56884765625
1730282,19.10400390625
1823027,20.93505859375
1823109,23.74267578125
1823174,21.54541015625
1823234,19.34814453125
1823263,41.50390625
1823290,17.63916015625
1823318,17.2119140625
1823351,20.69091796875
1823384,17.02880859375
1823404,39.36767578125
1823437,29.47998046875
1823449,25.2685546875
1823467,24.23095703125
1823477,19.53125
1823507,18.6767578125
1823535,25.390625
1823563,18.4326171875
1823582,26.67236328125
1824113,17.02880859375
1836297,19.83642578125
1836451,17.51708984375
1836473,18.98193359375
1836526,27.03857421875
1836540,16.9677734375
1836558,21.484375
1836571,17.88330078125
1836608,35.09521484375
1836621,22.3388671875
1836663,42.66357421875
1836674,27.28271484375
1836703,26.67236328125
1836719,19.4091796875
1836750,26.123046875
1836772,19.6533203125
1836805,20.263671875
1836841,17.76123046875
1836880,20.751953125
1836956,21.17919921875
1836994,22.03369140625
1837041,17.51708984375
1837185,18.00537109375
1849808,20.56884765625
1855696,18.61572265625
1893768,19.34814453125
1893793,23.98681640625
1893853,19.34814453125
1893863,20.81298828125
1893896,32.77587890625
1893922,19.47021484375
1893940,29.47998046875
1893962,21.91162109375
1893975,24.658203125
1894007,27.099609375
1894017,29.052734375
1894047,28.99169921875
1894078,22.8271484375
1894119,23.4375
1894149,17.27294921875
1894180,20.263671875
2070039,20.32470703125
2070071,17.88330078125
2070101,21.78955078125
2070123,40.71044921875
2070151,24.5361328125
2070162,31.73828125
2070181,25.87890625
2070199,18.24951171875
2070248,20.93505859375
2070259,19.47021484375
2070275,18.49365234375
2070311,19.1650390625
2070762,18.49365234375
2249311,18.6767578125
2249328,22.64404296875
2249362,16.9677734375
2249381,26.7333984375
2249397,22.94921875
2249413,22.216796875
2249428,34.11865234375
2249462,28.80859375
2249477,24.4140625
2249502,26.9775390625
2249572,21.240234375
2249604,22.705078125
2249634,20.8740234375
2249656,17.15087890625
3150569,20.44677734375
3150687,32.65380859375
3150715,19.71435546875
3150733,17.578125
3150764,17.08984375
3150786,23.37646484375
3150820,27.83203125
3150830,19.34814453125
3150855,21.78955078125
3150886,32.16552734375
3150917,30.82275390625
3150934,18.310546875
3150955,17.39501953125
3150967,18.9208984375
3150984,26.42822265625
3150999,19.34814453125
3151022,25.32958984375
3151043,19.04296875
3151056,17.9443359375
3162266,19.83642578125
3162286,20.32470703125
3162302,18.49365234375
3162333,20.99609375
3162369,22.39990234375
3162384,27.34375
3162417,37.9638671875
3162455,21.484375
3162472,23.3154296875
3162488,22.4609375
3162511,19.59228515625
3162545,22.27783203125
3162560,22.15576171875
3162961,18.5546875
3163018,17.9443359375
3163140,17.4560546875
3187379,21.3623046875
3193039,17.822265625
3193112,18.00537109375
3193131,20.8740234375
3193185,27.099609375
3193203,20.56884765625
3193243,21.30126953125
3193259,21.30126953125
3193290,22.94921875
3193316,26.0009765625
3193336,41.748046875
3193351,21.17919921875
3193387,38.0859375
3193424,24.5361328125
3193666,17.7001953125
3193679,18.24951171875
3193806,16.845703125
3194292,18.98193359375
3194567,17.76123046875
3205379,22.94921875
3205486,17.02880859375
3205555,22.88818359375
3205565,20.1416015625
3205605,23.13232421875
3205619,20.3857421875
3205648,23.86474609375
3205671,22.8271484375
3205686,25.08544921875
3205702,20.751953125
3205716,29.60205078125
3205744,21.6064453125
3205761,21.240234375
3205814,17.333984375
3205842,28.50341796875
3205866,17.02880859375
3205995,17.39501953125
3206173,18.24951171875
3206219,17.822265625
3206461,17.27294921875
3217497,16.7236328125
3217788,17.15087890625
3217914,23.62060546875
3217960,20.3857421875
3217990,21.54541015625
3218004,28.80859375
3218019,18.85986328125
3218046,33.99658203125
3218063,33.8134765625
3218077,19.53125
3218111,32.71484375
3218138,22.94921875
3218160,21.54541015625
3218231,17.08984375
3218256,20.44677734375
3218358,18.9208984375
3227911,19.47021484375
3230738,18.00537109375
3230830,26.123046875
3230875,19.8974609375
3230900,25.87890625
3230910,20.263671875
3230936,18.798828125
3230952,23.98681640625
3230973,25.08544921875
3230983,17.2119140625
3231003,18.6767578125
3231030,25.634765625
3231049,28.564453125
3231063,26.42822265625
3231083,21.78955078125
3231094,22.52197265625
3231128,16.9677734375
3231168,18.12744140625
3231212,17.76123046875
3231227,16.9677734375
3231422,16.9677734375
3242759,17.02880859375
3242856,18.798828125
3242924,16.7236328125
3242953,20.263671875
3242973,23.5595703125
3242996,17.63916015625
3243017,18.24951171875
3243028,17.4560546875
3243047,17.08984375
3243068,22.0947265625
3243083,24.47509765625
3243106,21.6064453125
3243117,18.61572265625
3243133,20.8740234375
3243200,16.7236328125
3243263,25.146484375
3243369,18.98193359375
3255015,17.27294921875
3255060,17.08984375
3255138,18.37158203125
3255170,26.7333984375
3255207,24.0478515625
3255233,20.01953125
3255262,17.578125
3255279,23.0712890625
3255300,17.4560546875
3255317,19.53125
3255328,24.2919921875
3255342,29.6630859375
3255366,31.31103515625
3255404,27.9541015625
3255428,19.287109375
3255575,18.73779296875
3255621,17.333984375
3268347,18.98193359375
3268433,18.00537109375
3268503,20.93505859375
3268516,18.37158203125
3268570,18.798828125
3268590,27.7099609375
3268604,25.634765625
3268634,18.61572265625
3268662,28.076171875
3268673,25.57373046875
3268709,24.2919921875
3268721,34.36279296875
3268742,23.25439453125
3268761,22.5830078125
3268778,17.7001953125
3268805,23.25439453125
3268837,22.27783203125
3268935,17.4560546875
3283748,23.01025390625
3283794,20.01953125
3283824,24.96337890625
3283839,22.15576171875
3283860,22.27783203125
3283881,30.517578125
3283898,20.6298828125
3283910,23.0712890625
3283941,22.15576171875
3283954,20.81298828125
3283968,18.5546875
3283979,17.822265625
3284007,24.71923828125
3284032,26.06201171875
3284044,19.287109375
3284076,18.61572265625
3284114,17.333984375
3298565,18.61572265625
3298577,18.24951171875
3298612,18.06640625
3298662,18.61572265625
3298696,19.59228515625
3298715,21.66748046875
3298745,20.44677734375
3298759,22.705078125
3298770,22.64404296875
3298792,26.3671875
3298802,21.6064453125
3298829,23.86474609375
3298843,21.66748046875
3298874,18.9208984375
3298886,16.845703125
3298906,16.9677734375
3298916,20.99609375
3298935,17.76123046875
3298961,18.310546875
3299053,18.310546875
3322160,19.6533203125
3322182,21.54541015625
3322221,18.73779296875
3322280,19.83642578125
3322327,18.5546875
3322380,20.56884765625
3322420,25.57373046875
3322431,18.37158203125
3322462,17.76123046875
3322475,20.44677734375
3322492,16.90673828125
3322507,17.7001953125
3322549,21.484375
3322570,19.8974609375
3322604,18.9208984375
3322623,18.6767578125
3322662,17.9443359375
4267747,16.845703125
4267829,18.310546875
4267874,21.484375
4268012,19.1650390625
4268112,18.1884765625
4268134,22.3388671875
4268162,22.3388671875
4268192,25.2685546875
4268213,20.01953125
4268250,19.47021484375
4268262,25.45166015625
4268275,19.8974609375
4268288,17.15087890625
4268302,21.97265625
4268321,21.42333984375
4268331,25.57373046875
4268349,36.9873046875
4268374,20.1416015625
4268400,18.37158203125
4268411,22.94921875
4268459,25.57373046875
4268494,16.78466796875
4268510,16.9677734375
4268530,21.484375
4268691,18.37158203125
5175403,16.9677734375
5175486,24.23095703125
5175556,17.27294921875
5175734,17.88330078125
5176296,19.8974609375
5176323,18.310546875
5176353,20.8740234375
5176397,32.958984375
5176424,17.822265625
5176455,40.1611328125
5176467,31.3720703125
5176483,18.00537109375
5176494,19.6533203125
5176508,30.6396484375
5176535,24.10888671875
5176550,21.78955078125
5176563,17.333984375
5176595,23.01025390625
5176634,17.7001953125
5194315,18.98193359375
5209249,17.333984375
5225470,17.4560546875
5247214,20.56884765625
5247338,19.22607421875
5247392,22.3388671875
5247417,18.37158203125
5247435,17.9443359375
5247464,19.34814453125
5247475,19.53125
5247510,17.4560546875
5247520,21.78955078125
5247546,25.69580078125
5247561,20.20263671875
5247600,23.681640625
5247615,40.8935546875
5247635,27.099609375
5247645,20.08056640625
5247660,33.5693359375
5247707,23.62060546875
5247875,18.1884765625
5259532,17.2119140625
5261869,17.4560546875
5263741,18.73779296875
5264118,24.59716796875
5265843,16.78466796875
5268274,17.63916015625
5268454,21.8505859375
5268545,18.37158203125
5268777,17.63916015625
5268808,18.85986328125
5268907,19.34814453125
5268934,22.27783203125
5268966,22.76611328125
5268993,21.728515625
5269005,25.81787109375
5269032,28.6865234375
5269062,30.82275390625
5269103,17.15087890625
5269114,27.52685546875
5269156,16.90673828125
5269200,17.02880859375
5269730,18.24951171875
5269774,17.15087890625
5282689,18.98193359375
5283832,16.90673828125
5284065,18.5546875
5284248,21.3623046875
5284305,22.03369140625
5284334,25.57373046875
5284361,17.39501953125
5284383,25.93994140625
5284393,30.029296875
5284415,18.85986328125
5284445,36.43798828125
5284475,21.54541015625
5284503,24.90234375
5284549,17.4560546875
5284571,21.240234375
5284617,22.5830078125
5284677,17.39501953125
5284728,18.85986328125
5284871,17.4560546875
5284955,16.90673828125
5297598,18.1884765625
5297694,16.90673828125
5297922,18.85986328125
5297936,23.92578125
5297960,18.00537109375
5298022,35.7666015625
5298035,22.64404296875
5298066,19.59228515625
5298077,24.5361328125
5298100,24.2919921875
5298134,27.16064453125
5298157,19.83642578125
5298200,22.5830078125
5298250,21.3623046875
5298343,18.6767578125
5298429,18.73779296875
5311675,17.4560546875
5311740,17.63916015625
5311768,18.85986328125
5311808,17.51708984375
5311832,23.5595703125
5311877,18.12744140625
5311904,30.33447265625
5311920,23.49853515625
5311975,26.123046875
5311994,21.30126953125
5312019,22.15576171875
5312035,22.4609375
5312047,29.78515625
5312120,17.4560546875
5312130,16.78466796875
5326102,18.12744140625
5326255,20.6298828125
5326295,18.06640625
5326318,20.99609375
5326333,18.1884765625
5326356,17.02880859375
5326426,17.08984375
5326451,20.01953125
5326488,20.44677734375
5326514,23.5595703125
5326549,18.12744140625
5326560,24.658203125
5326584,21.66748046875
5326599,20.751953125
5326629,27.34375
5326707,19.22607421875
5326720,17.2119140625
5326740,21.78955078125
5340460,17.08984375
5340654,21.240234375
5344734,16.845703125
5344811,18.06640625
5345024,17.9443359375
5345038,20.93505859375
5345092,20.08056640625
5345104,16.845703125
5345157,23.37646484375
5345180,18.06640625
5345199,21.54541015625
5345222,26.3671875
5345245,17.88330078125
5345269,26.85546875
5345292,23.3154296875
5345302,24.0478515625
5345338,23.5595703125
5345405,17.51708984375
5345428,17.76123046875
5345525,22.705078125
5356831,17.39501953125
5358095,16.7236328125
5362084,18.24951171875
5365067,17.63916015625
5365161,19.775390625
5368294,18.1884765625
5371191,19.83642578125
5371284,17.08984375
5371403,19.59228515625
5373739,21.6064453125
5377338,18.12744140625
5377454,18.98193359375
5377664,18.798828125
5377675,17.333984375
5377811,17.15087890625
5381674,18.85986328125
5381800,16.845703125
5381978,18.798828125
5382104,18.1884765625
5386163,16.78466796875
5386261,24.35302734375
5386369,21.30126953125
5386379,17.51708984375
5386619,19.59228515625
5389663,18.310546875
5389950,17.27294921875
5393233,18.00537109375
5393281,18.12744140625
5393318,17.7001953125
5393494,17.51708984375
5396695,17.15087890625
5396817,17.4560546875
5397386,21.484375
5400269,18.61572265625
5403594,19.22607421875
5407532,17.2119140625
5407594,17.822265625
5412341,18.1884765625
5412411,18.06640625
5412518,17.333984375
5420464,25.93994140625
5420698,16.78466796875
5424445,21.484375
5427998,19.04296875
5432280,24.169921875
5432343,16.9677734375
5436776,19.1650390625
5436826,20.01953125
5437037,16.90673828125
5440945,17.39501953125
5445695,16.90673828125
5449511,19.47021484375
5453336,29.296875
5453395,18.06640625
5459819,18.4326171875
5459868,17.02880859375
5460438,17.27294921875
5465361,21.728515625
5471859,17.15087890625
5471883,24.7802734375
5480193,18.6767578125
5480219,18.98193359375
5485180,22.5830078125
5485200,17.822265625
5485307,17.2119140625
5485489,17.2119140625
5495160,18.5546875
5495340,17.76123046875
5509148,26.18408203125
