7799001,0
109684,25.08544921875
109738,18.9208984375
109972,30.3955078125
110076,28.38134765625
122348,20.81298828125
122427,22.94921875
122502,19.71435546875
122582,18.4326171875
122675,21.66748046875
122774,20.69091796875
122915,23.8037109375
240690,29.6630859375
240744,20.56884765625
240819,18.6767578125
240963,18.12744140625
241047,20.3857421875
241130,24.23095703125
241221,22.27783203125
252097,26.3671875
252174,20.44677734375
252353,20.20263671875
252477,18.24951171875
371281,20.5078125
371315,22.39990234375
371357,18.798828125
371513,24.47509765625
371589,21.42333984375
371668,21.484375
371757,27.4658203125
371861,24.4140625
443023,23.13232421875
443085,18.49365234375
443319,24.90234375
443411,20.263671875
443507,21.30126953125
601504,25.45166015625
601547,19.4091796875
601839,23.193359375
601937,24.658203125
602019,21.8505859375
614429,19.83642578125
614473,18.12744140625
614516,22.64404296875
614592,21.78955078125
811205,23.98681640625
811258,22.5830078125
811337,18.37158203125
811555,19.53125
823807,25.93994140625
823874,18.24951171875
823958,22.03369140625
824151,21.8505859375
824306,18.00537109375
957398,24.10888671875
957452,25.32958984375
957505,20.20263671875
957743,18.85986328125
957833,19.04296875
1158494,23.0712890625
1158804,19.287109375
1158893,22.94921875
1334926,20.99609375
1334989,19.775390625
1335051,20.56884765625
1335124,21.240234375
1335281,20.56884765625
1335381,22.705078125
1500859,24.2919921875
1500886,20.8740234375
1500913,21.17919921875
1500968,21.91162109375
1501058,21.91162109375
1501131,23.86474609375
1501219,19.83642578125
1501313,19.59228515625
1501426,21.42333984375
1595186,18.06640625
1595240,18.85986328125
1595540,20.56884765625
1595684,18.6767578125
1730118,23.86474609375
1730188,21.1181640625
1730312,18.37158203125
1730489,19.1650390625
1823430,22.5830078125
1823491,20.263671875
1823528,19.1650390625
1823573,18.6767578125
1823782,19.775390625
1836699,18.00537109375
1836727,24.10888671875
1836809,18.85986328125
1836995,18.798828125
1837135,21.484375
1894037,22.0947265625
1894085,21.6064453125
1894267,21.66748046875
1894383,19.6533203125
1894496,23.8037109375
2070113,24.10888671875
2070170,19.1650390625
2070470,20.20263671875
2070550,21.66748046875
2249452,27.89306640625
2249479,20.01953125
2249511,18.85986328125
2249572,20.20263671875
2249718,19.775390625
2249803,25.20751953125
2887325,18.798828125
3150882,25.57373046875
3150909,19.1650390625
3151015,19.287109375
3151130,23.98681640625
3151202,18.798828125
3151278,19.287109375
3151358,24.96337890625
3151498,26.06201171875
3162449,19.71435546875
3162542,18.24951171875
3162637,20.44677734375
3162991,20.81298828125
3193371,23.193359375
3205724,18.12744140625
3205773,19.287109375
3205844,20.20263671875
3205971,19.6533203125
3206083,19.04296875
3206207,19.71435546875
3206410,21.3623046875
3206592,20.20263671875
3218070,21.728515625
3218110,23.01025390625
3218263,18.24951171875
3218345,19.34814453125
3231024,24.10888671875
3231089,21.30126953125
3231151,18.00537109375
3231427,22.64404296875
3243030,30.82275390625
3243437,20.5078125
3255310,23.681640625
3255386,18.73779296875
3255474,23.3154296875
3255586,22.27783203125
3255721,20.751953125
3268647,21.78955078125
3268712,21.3623046875
3268774,19.04296875
3268882,18.49365234375
3269035,21.97265625
3283945,18.6767578125
3284012,18.98193359375
3298819,27.16064453125
3298909,19.47021484375
3299217,19.04296875
3322435,23.74267578125
3322499,28.50341796875
3322574,18.98193359375
3322656,18.1884765625
3322900,22.3388671875
3323079,21.240234375
4268352,29.84619140625
4268420,28.38134765625
4268492,22.0947265625
4268561,21.17919921875
4268633,20.44677734375
4268697,23.4375
4268781,20.20263671875
4268856,20.81298828125
5176477,28.13720703125
5176530,24.658203125
5176577,21.42333984375
5176667,22.216796875
5176741,22.216796875
5176810,20.3857421875
5176887,23.681640625
5176969,20.1416015625
5177106,21.66748046875
5247612,18.61572265625
5247686,20.20263671875
5247755,21.484375
5247837,24.2919921875
5248023,19.4091796875
5248139,23.37646484375
5269054,22.94921875
5269133,28.25927734375
5269230,23.01025390625
5269329,24.84130859375
5269447,20.44677734375
5269609,28.25927734375
5269754,23.49853515625
5269971,24.0478515625
5284428,21.728515625
5284519,20.44677734375
5284735,20.32470703125
5284872,24.90234375
5285010,20.44677734375
5285171,21.8505859375
5298047,18.24951171875
5298062,20.32470703125
5298161,23.74267578125
5298279,22.94921875
5298407,23.74267578125
5298572,25.87890625
5312160,22.0947265625
5312279,25.45166015625
5312416,20.01953125
5312568,22.705078125
5326539,26.3671875
5326664,22.8271484375
5326775,22.64404296875
5326889,21.484375
5345223,24.59716796875
5345334,22.8271484375
5345438,26.3671875
5345546,18.798828125
5345668,21.1181640625
7676282,18.49365234375
