7799001,0
133,34.72900390625
12517,35.09521484375
20585,34.36279296875
20847,41.93115234375
70033,40.71044921875
70164,39.9169921875
70177,285.70556640625
70190,77.1484375
70214,41.07666015625
70226,172.2412109375
70268,183.89892578125
70282,109.68017578125
70299,55.908203125
70318,158.63037109375
70328,49.86572265625
70362,138.97705078125
70392,83.740234375
70432,41.19873046875
70461,40.771484375
70472,44.00634765625
70482,60.85205078125
70493,37.65869140625
70513,36.56005859375
70535,40.58837890625
70569,36.31591796875
70618,37.353515625
70774,40.52734375
70948,35.2783203125
71215,35.5224609375
73873,35.09521484375
74896,35.400390625
89071,35.64453125
118357,38.14697265625
118368,34.423828125
118423,39.85595703125
118440,35.5224609375
118451,39.4287109375
118466,35.15625
118489,299.49951171875
118505,45.2880859375
118538,51.45263671875
118556,53.16162109375
118576,47.91259765625
118607,88.43994140625
118655,40.52734375
118720,44.189453125
118776,35.7666015625
118889,36.92626953125
119108,41.93115234375
127236,38.6962890625
133023,34.36279296875
133519,39.85595703125
165448,42.66357421875
165487,44.61669921875
165503,51.57470703125
165521,52.42919921875
165544,42.6025390625
165556,217.71240234375
165585,73.1201171875
165602,34.85107421875
165615,44.37255859375
165636,48.9501953125
165659,65.97900390625
165672,42.8466796875
165701,67.44384765625
165722,45.7763671875
165920,34.7900390625
166232,40.58837890625
166312,40.0390625
170137,37.9638671875
171964,36.19384765625
219934,46.20361328125
219947,50.72021484375
219982,42.236328125
219999,46.7529296875
220029,64.27001953125
220047,35.82763671875
220075,60.791015625
220086,87.890625
220109,43.9453125
220147,41.6259765625
220187,90.4541015625
220224,37.90283203125
220268,44.43359375
220552,35.0341796875
270706,37.04833984375
270763,45.47119140625
270792,43.15185546875
270802,78.0029296875
270825,47.119140625
270848,47.119140625
270880,34.72900390625
270920,41.9921875
270934,43.8232421875
328819,36.07177734375
339223,36.92626953125
339321,47.7294921875
339490,44.921875
339523,40.10009765625
341513,35.70556640625
341565,36.31591796875
342081,34.423828125
364598,37.109375
371757,35.33935546875
400335,41.32080078125
400402,48.33984375
400413,34.60693359375
400498,36.9873046875
400629,37.841796875
400930,35.7666015625
401173,40.0390625
409312,42.90771484375
409331,65.185546875
425081,36.80419921875
425106,35.64453125
444663,97.0458984375
444812,44.43359375
444822,59.14306640625
445203,84.77783203125
458873,46.08154296875
459012,40.1611328125
459095,41.32080078125
459189,38.75732421875
459277,38.87939453125
459459,39.306640625
459650,40.71044921875
459701,106.0791015625
459819,40.10009765625
460374,40.71044921875
472767,37.841796875
489448,35.5224609375
494027,39.48974609375
496911,38.63525390625
505865,36.07177734375
507042,44.86083984375
531634,36.07177734375
544591,44.5556640625
544664,215.4541015625
544705,50.96435546875
544752,137.87841796875
544833,206.1767578125
544853,39.4287109375
544943,51.33056640625
545007,215.51513671875
545097,39.97802734375
545184,37.65869140625
545262,39.55078125
545329,226.6845703125
545470,37.78076171875
545587,37.65869140625
545636,123.59619140625
545716,38.2080078125
545739,213.0126953125
545858,169.00634765625
546021,177.1240234375
546134,169.73876953125
546283,192.626953125
546386,50.96435546875
546490,201.7822265625
546509,45.654296875
546591,132.01904296875
546610,43.701171875
546706,166.93115234375
546732,34.7900390625
546792,113.83056640625
546965,138.73291015625
547044,39.24560546875
547296,87.158203125
547400,162.04833984375
547541,40.34423828125
547660,142.9443359375
547677,34.85107421875
547820,138.18359375
547966,151.4892578125
548085,43.02978515625
548810,39.36767578125
549340,35.2783203125
550116,38.02490234375
550416,40.771484375
551117,40.58837890625
555253,36.4990234375
556092,34.7900390625
559389,41.32080078125
559815,35.2783203125
560901,35.5224609375
561201,35.5224609375
563521,35.5224609375
564753,34.60693359375
564998,34.85107421875
565312,35.400390625
565977,37.353515625
589825,34.36279296875
590585,34.912109375
598654,35.82763671875
608823,43.02978515625
608968,264.0380859375
608984,45.34912109375
609137,40.1611328125
609258,42.3583984375
609272,197.93701171875
609369,200.1953125
609518,40.0390625
609594,35.888671875
609671,225.2197265625
609767,35.82763671875
609787,34.97314453125
609881,185.9130859375
610107,45.654296875
610180,221.37451171875
610278,203.4912109375
610377,165.0390625
610717,212.646484375
611373,48.583984375
618866,37.2314453125
619018,36.0107421875
619138,217.34619140625
619149,37.4755859375
619324,37.353515625
619547,36.43798828125
620613,35.64453125
620796,37.90283203125
625625,38.0859375
627677,34.72900390625
628579,47.607421875
632570,38.57421875
632928,39.00146484375
633060,35.70556640625
633538,37.41455078125
641838,34.912109375
645197,35.2783203125
652857,34.5458984375
656303,37.41455078125
657438,85.26611328125
660872,34.36279296875
675936,41.68701171875
676290,35.09521484375
676385,41.8701171875
676414,267.27294921875
676447,59.99755859375
676515,35.888671875
676538,248.10791015625
676570,46.38671875
676600,43.76220703125
676622,35.70556640625
676689,42.48046875
676931,236.572265625
677036,36.31591796875
677078,236.328125
677222,239.92919921875
677334,211.7919921875
677421,49.01123046875
677541,42.8466796875
677652,182.55615234375
677737,38.6962890625
677821,37.17041015625
677858,37.109375
677940,49.86572265625
678030,168.45703125
678132,113.70849609375
678216,134.033203125
678280,97.96142578125
678353,82.6416015625
678437,56.5185546875
678517,36.376953125
678568,78.43017578125
678662,50.10986328125
678749,99.06005859375
678839,68.9697265625
678941,76.416015625
679033,109.80224609375
679162,79.89501953125
679281,94.1162109375
679370,80.9326171875
679483,96.19140625
679579,82.3974609375
679699,88.37890625
679838,101.25732421875
679971,95.03173828125
680178,103.271484375
680302,112.6708984375
680384,91.796875
680629,109.06982421875
680793,115.05126953125
680937,107.421875
681017,38.51318359375
681926,159.36279296875
681939,36.07177734375
683216,35.5224609375
684384,34.912109375
686865,34.5458984375
687568,43.3349609375
688795,38.63525390625
689137,36.68212890625
689970,36.68212890625
692749,41.80908203125
692963,35.33935546875
693826,34.97314453125
720136,39.24560546875
720269,257.50732421875
720279,39.61181640625
720325,41.68701171875
720348,217.22412109375
720404,215.087890625
720465,39.55078125
720784,54.87060546875
720868,210.51025390625
721476,213.37890625
721905,34.85107421875
722977,34.66796875
726495,36.2548828125
727311,36.56005859375
727572,37.04833984375
732108,35.33935546875
735068,36.19384765625
739124,43.51806640625
739584,37.41455078125
739722,46.0205078125
753082,46.9970703125
753147,45.8984375
753207,271.91162109375
753257,206.72607421875
753330,219.6044921875
753392,206.11572265625
753482,40.8935546875
753502,37.65869140625
753714,214.29443359375
753823,40.95458984375
753833,180.84716796875
753913,157.71484375
754000,51.26953125
754091,48.64501953125
754231,153.076171875
754326,155.45654296875
754440,148.25439453125
754537,120.78857421875
754709,146.728515625
754855,161.0107421875
754975,162.78076171875
755187,139.0380859375
755324,164.1845703125
755521,172.42431640625
755653,136.8408203125
755819,152.9541015625
755934,36.80419921875
756082,166.3818359375
756234,153.9306640625
756359,118.95751953125
756516,145.1416015625
756657,137.02392578125
756817,138.3056640625
757081,37.78076171875
757137,151.30615234375
757728,171.5087890625
759775,34.48486328125
761631,36.92626953125
778602,232.91015625
778692,232.60498046875
778776,60.60791015625
778872,62.01171875
778943,201.47705078125
778956,36.68212890625
779099,38.75732421875
792585,36.376953125
792651,53.89404296875
792666,223.93798828125
792676,34.36279296875
792704,188.4765625
792720,36.62109375
792747,173.88916015625
792759,37.17041015625
792793,174.560546875
792822,34.66796875
792846,161.4990234375
792868,35.82763671875
792910,180.17578125
793149,50.72021484375
793340,166.9921875
793472,172.119140625
793637,196.8994140625
793749,196.6552734375
793906,143.37158203125
798920,205.13916015625
811578,165.1611328125
811588,37.2314453125
811642,210.0830078125
811709,211.5478515625
811769,39.794921875
811832,148.49853515625
811845,40.34423828125
811891,160.09521484375
811905,41.44287109375
812116,42.3583984375
812341,213.19580078125
823379,37.841796875
830797,40.1611328125
830841,38.818359375
830883,221.25244140625
830924,199.462890625
830959,42.66357421875
831006,134.58251953125
831018,58.04443359375
831047,39.73388671875
831062,163.57421875
831099,34.85107421875
831118,168.88427734375
831148,40.22216796875
831170,34.66796875
831182,151.123046875
831217,36.865234375
831243,36.865234375
831391,62.744140625
831541,54.0771484375
831556,37.17041015625
831651,166.80908203125
834310,36.865234375
837229,224.853515625
837570,200.0732421875
837580,36.62109375
837642,186.46240234375
837848,195.98388671875
839862,36.1328125
856398,36.68212890625
873144,35.21728515625
876629,34.423828125
885420,36.2548828125
885549,36.19384765625
885586,207.275390625
885597,36.19384765625
885658,219.23828125
885713,223.08349609375
885728,36.9873046875
885766,43.39599609375
885782,225.28076171875
885815,65.7958984375
885841,50.23193359375
885878,36.865234375
888932,211.3037109375
889257,34.36279296875
890141,49.31640625
890152,38.2080078125
890333,44.3115234375
890366,35.09521484375
891119,42.54150390625
891341,37.841796875
891419,177.24609375
935037,38.63525390625
950986,37.4755859375
952079,35.58349609375
952731,36.0107421875
974630,38.4521484375
988962,36.68212890625
994169,41.80908203125
998101,37.9638671875
1002158,34.24072265625
1041348,34.85107421875
1042459,35.0341796875
1056529,77.392578125
1078247,37.4755859375
1078317,34.423828125
1102532,34.423828125
1109289,53.8330078125
1109331,48.40087890625
1109381,50.29296875
1109457,35.09521484375
1109505,55.419921875
1116189,34.24072265625
1117497,37.353515625
1136370,34.36279296875
1143233,36.376953125
1145957,34.3017578125
1157021,34.72900390625
1157216,37.7197265625
1158741,37.53662109375
1171457,43.88427734375
1171502,35.400390625
1171564,38.57421875
1171607,279.052734375
1171679,34.72900390625
1171751,34.24072265625
1172060,39.6728515625
1172177,39.1845703125
1174857,34.912109375
1174959,34.66796875
1175732,36.7431640625
1176552,37.2314453125
1181103,35.33935546875
1189756,46.9970703125
1189819,59.6923828125
1189830,88.31787109375
1189900,58.16650390625
1189921,48.03466796875
1190063,71.4111328125
1190279,100.09765625
1190421,35.09521484375
1209153,35.33935546875
1211241,40.58837890625
1211295,37.04833984375
1211324,84.3505859375
1211365,42.29736328125
1222353,35.94970703125
1239296,37.90283203125
1239306,38.9404296875
1239329,37.841796875
1239343,36.1328125
1239371,116.3330078125
1239433,42.17529296875
1239694,47.7294921875
1239772,55.5419921875
1246075,34.66796875
1266803,42.78564453125
1266905,41.6259765625
1267005,42.96875
1267062,45.41015625
1267146,41.8701171875
1267371,44.49462890625
1267384,35.82763671875
1267438,46.81396484375
1267463,50.10986328125
1267506,37.17041015625
1267598,37.29248046875
1281521,36.31591796875
1285760,36.07177734375
1290977,100.341796875
1301941,57.67822265625
1302038,36.43798828125
1302134,39.12353515625
1302198,259.46044921875
1302353,45.34912109375
1302371,193.2373046875
1302418,38.2080078125
1302470,48.7060546875
1302499,38.63525390625
1302519,43.701171875
1302642,35.33935546875
1302812,35.82763671875
1302996,53.7109375
1308513,39.48974609375
1319427,41.19873046875
1319530,37.4755859375
1319608,35.46142578125
1319885,34.912109375
1320260,52.734375
1320374,40.0390625
1339418,42.90771484375
1339435,35.82763671875
1339484,40.34423828125
1339541,35.21728515625
1339579,73.05908203125
1339619,64.0869140625
1339795,37.59765625
1339923,37.353515625
1368071,47.30224609375
1368098,38.14697265625
1368139,34.7900390625
1368204,71.2890625
1368288,38.14697265625
1368396,37.17041015625
1368551,40.58837890625
1368686,42.17529296875
1387027,35.09521484375
1388016,39.36767578125
1388213,35.7666015625
1388282,36.68212890625
1388347,44.86083984375
1388389,59.50927734375
1388426,34.60693359375
1388540,42.48046875
1388643,35.94970703125
1388782,36.4990234375
1394605,39.4287109375
1395048,36.865234375
1415265,38.87939453125
1415311,35.33935546875
1415438,38.51318359375
1415566,37.9638671875
1415677,38.63525390625
1415694,51.20849609375
1430305,40.46630859375
1430372,44.0673828125
1430430,35.7666015625
1430503,37.353515625
1430573,39.4287109375
1430588,35.7666015625
1430648,35.0341796875
1430720,41.44287109375
1430813,37.78076171875
1430830,39.9169921875
1430862,35.70556640625
1430956,36.0107421875
1431555,41.68701171875
1431781,36.0107421875
1433049,39.48974609375
1433376,34.85107421875
1434650,41.19873046875
1434982,36.7431640625
1468609,36.31591796875
1481218,34.60693359375
1491875,36.43798828125
1497185,37.78076171875
1497520,37.2314453125
1504997,34.3017578125
1530288,36.80419921875
1555687,77.880859375
1555745,78.55224609375
1560239,35.82763671875
1570806,44.00634765625
1570852,46.7529296875
1571004,37.7197265625
1571111,42.236328125
1571439,36.62109375
1571495,45.47119140625
1571547,40.771484375
1571648,252.3193359375
1571929,253.5400390625
1572068,35.0341796875
1572229,35.94970703125
1572430,182.4951171875
1572522,37.59765625
1572793,48.15673828125
1572955,171.7529296875
1573077,45.654296875
1573173,177.734375
1573398,50.10986328125
1573492,185.9130859375
1573558,109.19189453125
1573645,134.8876953125
1573706,60.302734375
1573784,89.599609375
1573851,58.89892578125
1573920,61.1572265625
1573997,52.24609375
1574111,125.79345703125
1574173,55.908203125
1574302,136.474609375
1574355,37.78076171875
1574426,138.48876953125
1574440,35.33935546875
1574538,107.72705078125
1574596,42.05322265625
1574709,104.18701171875
1574857,104.18701171875
1574972,91.796875
1575045,52.978515625
1575149,71.2890625
1575179,34.72900390625
1575257,65.185546875
1575384,41.44287109375
1575582,97.7783203125
1575668,57.4951171875
1575750,46.08154296875
1575891,58.65478515625
1575976,47.54638671875
1576083,55.0537109375
1576119,40.1611328125
1576261,34.60693359375
1576283,64.8193359375
1576416,118.59130859375
1576434,37.53662109375
1576558,95.8251953125
1576585,36.865234375
1576827,34.423828125
1576943,152.4658203125
1576995,35.7666015625
1577181,136.962890625
1577456,152.7099609375
1583645,38.87939453125
1603476,34.66796875
1609124,39.0625
1625919,36.92626953125
1628514,35.33935546875
1629602,42.8466796875
1629737,208.55712890625
1629832,38.57421875
1629859,41.015625
1629931,51.26953125
1630018,239.44091796875
1630050,42.90771484375
1630398,38.26904296875
1645176,50.35400390625
1648598,46.32568359375
1648698,200.5615234375
1648800,44.921875
1648919,34.60693359375
1648969,207.3974609375
1649111,35.21728515625
1649196,38.6962890625
1649336,40.283203125
1649348,222.5341796875
1649366,36.0107421875
1649520,35.888671875
1650155,240.53955078125
1669521,102.11181640625
1686454,37.841796875
1695240,35.2783203125
1698101,74.76806640625
1703341,40.6494140625
1704695,122.37548828125
1711249,227.4169921875
1711259,35.09521484375
1711316,47.79052734375
1711353,59.50927734375
1725238,34.3017578125
1731471,263.3056640625
1731516,238.525390625
1731545,37.841796875
1731563,50.72021484375
1731592,52.91748046875
1731605,52.1240234375
1731654,40.1611328125
1731691,52.8564453125
1731704,37.109375
1731760,40.71044921875
1788495,35.33935546875
1812346,35.7666015625
1813840,34.7900390625
1818069,37.4755859375
1825606,35.46142578125
1833185,37.78076171875
1842618,78.369140625
1843009,35.64453125
1848801,34.7900390625
1853107,34.48486328125
1868897,35.21728515625
1873592,117.0654296875
1875317,36.31591796875
1877331,35.82763671875
1877667,47.2412109375
1878123,36.19384765625
1878275,41.50390625
1888928,36.62109375
1894364,111.51123046875
1895642,41.748046875
1915932,34.7900390625
1922606,43.0908203125
1922685,37.59765625
1938613,36.376953125
1944008,43.64013671875
1944070,39.0625
1951096,37.17041015625
1957088,90.51513671875
1957817,46.20361328125
1957858,42.724609375
1973950,38.75732421875
1986504,55.419921875
1986529,40.95458984375
2001462,46.142578125
2001507,39.0625
2001562,50.1708984375
2001602,252.0751953125
2001624,43.51806640625
2001697,36.1328125
2001831,38.51318359375
2002203,42.3583984375
2002360,35.33935546875
2002455,35.09521484375
2002657,35.58349609375
2003035,39.4287109375
2003155,38.51318359375
2003523,41.19873046875
2003694,36.43798828125
2004069,35.46142578125
2004175,50.78125
2004185,40.4052734375
2004275,38.0859375
2004400,39.97802734375
2004529,39.12353515625
2005659,34.60693359375
2006349,39.9169921875
2006760,237.79296875
2006851,38.57421875
2007328,192.32177734375
2007387,182.9833984375
2007400,45.59326171875
2007467,35.82763671875
2007499,50.10986328125
2016937,34.912109375
2035217,34.5458984375
2037804,38.14697265625
2050335,36.865234375
2050385,39.48974609375
2050459,38.9404296875
2063207,41.8701171875
2063897,37.2314453125
2065202,53.466796875
2065289,36.4990234375
2065342,48.03466796875
2078182,34.423828125
2078891,48.33984375
2078913,44.0673828125
2078980,34.423828125
2079017,99.365234375
2079028,35.0341796875
2079077,42.8466796875
2090443,184.75341796875
2090508,39.36767578125
2090518,53.22265625
2090536,67.87109375
2090558,47.54638671875
2090574,43.8232421875
2090598,60.791015625
2090610,53.3447265625
2090620,45.83740234375
2090682,35.70556640625
2090703,71.6552734375
2090741,39.85595703125
2090770,85.26611328125
2090799,41.9921875
2090820,47.18017578125
2090861,81.54296875
2090873,39.00146484375
2090984,43.15185546875
2091027,36.1328125
2094159,34.5458984375
2094350,37.353515625
2094907,35.33935546875
2095704,36.4990234375
2098823,36.1328125
2108378,35.64453125
2108401,36.9873046875
2108535,42.66357421875
2108547,34.72900390625
2108738,48.33984375
2108997,37.109375
2118218,36.19384765625
2118624,39.48974609375
2118700,34.66796875
2118716,37.2314453125
2127595,35.15625
2130648,52.978515625
2130680,52.001953125
2130710,40.1611328125
2130750,42.236328125
2130776,43.39599609375
2130850,47.91259765625
2130861,73.974609375
2130910,34.97314453125
2143309,38.14697265625
2143344,38.330078125
2143368,50.29296875
2143380,38.9404296875
2143392,35.888671875
2143428,203.857421875
2143461,49.560546875
2143486,79.345703125
2143498,34.24072265625
2143518,80.56640625
2143537,190.24658203125
2143549,34.423828125
2143583,150.93994140625
2143593,53.7109375
2143614,36.80419921875
2143647,145.6298828125
2143669,53.77197265625
2143701,53.5888671875
2143711,138.36669921875
2143745,47.79052734375
2143778,64.697265625
2143815,34.912109375
2143826,55.11474609375
2143877,36.68212890625
2143894,75.1953125
2143907,137.02392578125
2143994,39.1845703125
2144005,39.4287109375
2144029,60.6689453125
2144041,41.3818359375
2144112,34.24072265625
2144135,55.35888671875
2144291,54.6875
2144392,35.400390625
2146589,35.888671875
2148651,36.0107421875
2158178,41.3818359375
2158217,34.36279296875
2166582,44.3115234375
2177036,37.353515625
2177108,38.75732421875
2177134,51.6357421875
2183161,40.4052734375
2183258,35.09521484375
2185547,34.60693359375
2195589,48.15673828125
2195624,50.6591796875
2195677,228.3935546875
2195691,100.03662109375
2195718,198.91357421875
2195736,37.41455078125
2195763,205.87158203125
2195788,38.9404296875
2195813,84.28955078125
2195823,43.701171875
2195856,213.43994140625
2195867,79.65087890625
2195898,43.9453125
2195929,37.90283203125
2196061,41.748046875
2196090,68.4814453125
2196230,37.04833984375
2196320,34.66796875
2199198,34.7900390625
2209858,34.72900390625
2214026,43.8232421875
2214039,38.330078125
2222855,42.1142578125
2225800,39.24560546875
2225810,35.82763671875
2225874,38.75732421875
2225905,37.90283203125
2225935,34.85107421875
2234950,39.55078125
2234980,42.6025390625
2235000,34.60693359375
2235079,37.04833984375
2240729,34.72900390625
2241047,39.0625
2241783,40.52734375
2244298,36.07177734375
2244322,34.97314453125
2244349,35.400390625
2244377,39.24560546875
2244449,39.306640625
2257574,39.85595703125
2257604,41.93115234375
2257620,36.2548828125
2257646,197.1435546875
2257671,80.62744140625
2257681,161.62109375
2257714,125.9765625
2257745,121.52099609375
2257758,42.78564453125
2257790,117.61474609375
2257840,125
2257863,36.92626953125
2257887,123.22998046875
2257922,79.28466796875
2257959,53.7109375
2257975,146.240234375
2258032,40.95458984375
2258053,83.1298828125
2258066,168.0908203125
2258118,36.62109375
2258153,58.837890625
2258213,36.1328125
2258307,60.85205078125
2258449,85.693359375
2270251,40.1611328125
2278608,35.82763671875
2284937,34.3017578125
2286752,37.2314453125
2290217,36.376953125
2307945,40.4052734375
2307987,40.71044921875
2308017,214.4775390625
2308050,159.72900390625
2308065,102.4169921875
2308080,136.5966796875
2308109,83.19091796875
2308124,34.36279296875
2308161,104.91943359375
2308176,68.29833984375
2308207,97.71728515625
2308220,42.48046875
2308255,41.93115234375
2308274,53.64990234375
2308304,71.47216796875
2308328,34.3017578125
2308372,53.77197265625
2308389,49.560546875
2308431,34.60693359375
2308477,35.0341796875
2308528,70.6787109375
2308552,54.6875
2308602,35.94970703125
2308618,37.59765625
2308676,34.48486328125
2308857,37.78076171875
2309344,36.0107421875
2327306,35.33935546875
2327392,35.94970703125
2330331,35.09521484375
2333587,38.4521484375
2333628,42.724609375
2333640,41.9921875
2333657,37.841796875
2333701,60.791015625
2333767,41.015625
2342232,43.8232421875
2342246,38.87939453125
2342276,266.4794921875
2342310,221.25244140625
2342332,117.49267578125
2342350,154.9072265625
2342367,48.095703125
2342387,114.8681640625
2342420,68.359375
2342435,85.205078125
2342468,95.76416015625
2342489,74.3408203125
2342512,52.24609375
2342538,43.9453125
2342557,146.42333984375
2342584,53.466796875
2342640,65.91796875
2342667,172.05810546875
2342690,35.21728515625
2342707,36.31591796875
2342756,34.60693359375
2342827,41.32080078125
2342932,38.26904296875
2342964,69.39697265625
2343003,35.09521484375
2343081,36.9873046875
2343127,39.48974609375
2351698,35.15625
2359855,48.52294921875
2359866,40.771484375
2359911,253.72314453125
2359923,45.47119140625
2359940,37.59765625
2359998,47.79052734375
2373532,40.46630859375
2373569,38.0859375
2373591,244.5068359375
2373622,211.7919921875
2373645,105.65185546875
2373665,70.25146484375
2373688,120.9716796875
2373701,64.453125
2373732,49.74365234375
2373749,63.65966796875
2373779,76.23291015625
2373798,59.87548828125
2373810,38.9404296875
2373839,82.09228515625
2373850,43.8232421875
2373875,39.9169921875
2373887,88.56201171875
2373926,37.78076171875
2373945,119.68994140625
2373987,44.921875
2374000,69.091796875
2374013,138.7939453125
2374065,46.875
2374079,143.24951171875
2374134,52.18505859375
2374146,61.46240234375
2374239,38.6962890625
2374347,52.978515625
2374517,41.32080078125
2374642,37.04833984375
2402504,53.3447265625
2402538,35.82763671875
2402555,181.884765625
2402593,200.68359375
2402619,87.7685546875
2402629,148.193359375
2402652,47.54638671875
2402675,145.01953125
2402695,40.71044921875
2402722,145.99609375
2402741,64.02587890625
2402769,131.8359375
2402807,69.9462890625
2402840,45.83740234375
2402885,39.0625
2402926,41.259765625
2402958,43.27392578125
2402990,192.32177734375
2403095,38.02490234375
2403142,35.888671875
2403198,38.26904296875
2403272,37.53662109375
2403400,34.66796875
2403554,39.1845703125
2435486,153.076171875
2435516,152.64892578125
2435548,220.458984375
2435574,74.3408203125
2435594,69.15283203125
2435609,51.8798828125
2435623,38.75732421875
2435642,76.7822265625
2435659,55.419921875
2435696,56.94580078125
2435726,37.17041015625
2435753,69.03076171875
2435763,49.74365234375
2435797,53.1005859375
2435818,75.01220703125
2435845,43.39599609375
2435861,48.03466796875
2435878,117.85888671875
2435930,36.9873046875
2435963,41.6259765625
2435976,117.85888671875
2436000,39.97802734375
2436039,80.322265625
2436062,126.5869140625
2436109,40.6494140625
2436196,35.2783203125
2436224,34.66796875
2436266,58.65478515625
2436279,49.072265625
2436405,36.56005859375
2436567,38.75732421875
2436821,34.5458984375
2490143,34.72900390625
2490179,153.74755859375
2490191,62.01171875
2490213,170.7763671875
2490246,130.0048828125
2490260,63.78173828125
2490278,38.51318359375
2490300,145.5078125
2490325,85.51025390625
2490350,152.099609375
2490365,65.49072265625
2490392,49.13330078125
2490422,52.8564453125
2490471,63.17138671875
2490547,55.908203125
2490563,65.61279296875
2490586,38.02490234375
2490628,34.423828125
2490643,35.58349609375
2490662,36.80419921875
2490694,38.2080078125
2490722,34.7900390625
2490788,37.59765625
2490875,35.5224609375
2490965,36.2548828125
2652472,72.265625
2670862,34.912109375
2676147,78.369140625
2678080,35.09521484375
2678136,34.7900390625
2678206,42.724609375
2678276,39.4287109375
2678350,39.48974609375
2678522,38.51318359375
2678641,39.61181640625
2679303,36.92626953125
2679421,34.66796875
2680106,34.912109375
2680552,38.51318359375
2681092,36.9873046875
2724172,34.36279296875
2738589,48.40087890625
2743257,52.79541015625
2745261,35.7666015625
2769522,46.142578125
2769594,50.048828125
2769688,45.2880859375
2769780,34.3017578125
2769854,35.2783203125
2769958,42.17529296875
2770218,34.7900390625
2770322,37.7197265625
2770674,34.48486328125
2770829,37.90283203125
2772907,37.59765625
2787830,46.142578125
2788030,84.04541015625
2805234,34.912109375
2816976,279.052734375
2817048,49.8046875
2817112,51.69677734375
2817192,41.80908203125
2817204,40.6494140625
2817266,39.1845703125
2817359,40.83251953125
2817445,37.29248046875
2817553,36.4990234375
2817692,36.865234375
2818094,34.5458984375
2818427,227.35595703125
2818588,37.53662109375
2818945,41.015625
2819122,41.19873046875
2819492,39.73388671875
2819688,35.888671875
2819926,34.72900390625
2819943,263.3056640625
2820444,38.57421875
2820653,35.15625
2821199,37.17041015625
2821731,35.09521484375
2821983,40.771484375
2822094,40.46630859375
2857485,46.38671875
2857643,37.65869140625
2857755,36.56005859375
2857805,265.5029296875
2857945,38.14697265625
2858244,38.6962890625
2858518,37.04833984375
2868426,39.00146484375
2873469,51.7578125
2877152,36.68212890625
2881803,47.119140625
2881919,44.86083984375
2893704,38.330078125
2893747,38.14697265625
2906676,48.03466796875
2906775,35.46142578125
2906818,45.22705078125
2906914,50.1708984375
2906997,38.9404296875
2907144,35.94970703125
2907235,38.0859375
2907457,35.58349609375
2907565,42.236328125
2908033,34.97314453125
2908209,35.46142578125
2908376,36.19384765625
2908604,40.71044921875
2908986,35.7666015625
2909390,39.12353515625
2909722,37.29248046875
2910167,248.84033203125
2910607,34.85107421875
2910741,240.478515625
2910816,221.13037109375
2910966,183.4716796875
2911014,155.33447265625
2911056,94.6044921875
2911099,45.41015625
2911125,37.2314453125
2911179,143.4326171875
2911219,45.654296875
2911359,149.5361328125
2911425,38.75732421875
2911498,102.72216796875
2911554,55.96923828125
2911640,79.04052734375
2911690,35.21728515625
2911728,43.701171875
2911813,163.51318359375
2911859,41.32080078125
2911927,40.34423828125
2911946,133.6669921875
2912027,87.5244140625
2912102,71.4111328125
2912212,62.1337890625
2912296,82.33642578125
2912413,131.53076171875
2912532,100.9521484375
2912642,103.33251953125
2912738,85.9375
2912846,108.2763671875
2912940,81.4208984375
2912996,37.59765625
2913124,125.48828125
2913317,155.2734375
2913467,73.18115234375
2913483,36.0107421875
2928132,38.2080078125
2928205,36.31591796875
2928296,46.142578125
2928392,34.7900390625
2928984,44.37255859375
2929119,45.10498046875
2929549,42.29736328125
2929790,36.56005859375
2930041,36.43798828125
2948720,34.24072265625
2948735,41.8701171875
2948758,34.97314453125
2948771,74.5849609375
2948797,44.25048828125
2948886,93.93310546875
2949449,42.48046875
2949578,37.7197265625
2949701,38.6962890625
2949819,34.48486328125
2950673,44.12841796875
2970967,44.12841796875
2970990,49.1943359375
2971054,51.94091796875
2971067,63.1103515625
2971143,46.56982421875
2971155,34.423828125
2971235,70.4345703125
2971460,83.251953125
2971544,35.09521484375
2971747,45.0439453125
2971883,37.4755859375
2971995,38.02490234375
2972172,38.0859375
2972365,35.46142578125
2972532,37.90283203125
2973217,35.21728515625
2973383,39.85595703125
2974791,35.46142578125
2974983,36.2548828125
2977496,37.90283203125
2977655,42.236328125
2977861,34.36279296875
2978416,36.07177734375
2980138,34.3017578125
2984875,39.306640625
2985552,41.32080078125
2986276,39.55078125
2986425,34.24072265625
2988333,40.1611328125
2988355,49.49951171875
2988381,55.908203125
2988396,57.80029296875
2988506,92.34619140625
2988519,43.51806640625
2988653,47.4853515625
2989187,35.15625
2991918,40.22216796875
2992590,36.80419921875
2994662,41.68701171875
2995633,35.58349609375
3030985,38.39111328125
3031051,44.37255859375
3031075,122.802734375
3031118,55.7861328125
3031449,43.9453125
3031688,42.48046875
3031817,38.2080078125
3031959,36.9873046875
3033165,34.36279296875
3033496,37.841796875
3033719,43.3349609375
3033973,40.58837890625
3034487,35.5224609375
3035712,34.97314453125
3036509,35.58349609375
3037468,37.29248046875
3037581,170.10498046875
3037629,215.33203125
3037673,169.37255859375
3037907,34.5458984375
3038495,190.673828125
3040936,35.400390625
3041825,36.80419921875
3044412,36.56005859375
3044656,35.64453125
3045316,34.5458984375
3045542,250.1220703125
3045820,37.7197265625
3046296,38.818359375
3046837,34.66796875
3047220,37.65869140625
3047722,38.39111328125
3048546,34.48486328125
3050169,38.14697265625
3050410,35.888671875
3053739,48.4619140625
3053807,35.400390625
3056728,35.64453125
3060463,36.1328125
3072644,36.31591796875
3072670,36.0107421875
3072690,35.15625
3072732,42.1142578125
3072769,44.5556640625
3072801,43.64013671875
3072862,38.6962890625
3072988,35.0341796875
3073452,42.17529296875
3073604,39.24560546875
3073746,38.2080078125
3073903,41.015625
3074185,35.33935546875
3074394,35.46142578125
3074839,36.68212890625
3077396,35.64453125
3078000,35.58349609375
3078518,36.2548828125
3082152,41.3818359375
3086471,56.2744140625
3086494,44.73876953125
3086512,38.02490234375
3086542,60.546875
3086585,38.57421875
3086626,57.2509765625
3086642,40.71044921875
3086768,95.39794921875
3096190,35.33935546875
3104473,37.78076171875
3104565,44.5556640625
3104644,35.15625
3104727,49.37744140625
3104738,36.2548828125
3105104,40.46630859375
3106784,37.7197265625
3107739,34.24072265625
3108738,34.72900390625
3110364,36.92626953125
3110965,40.4052734375
3111553,37.59765625
3116195,63.29345703125
3116211,48.40087890625
3123332,36.56005859375
3142935,35.09521484375
3143395,35.15625
3153600,37.353515625
3160080,35.0341796875
3188033,35.64453125
3197815,52.30712890625
3197948,45.71533203125
3198171,37.353515625
3198966,259.3994140625
3199194,192.5048828125
3199475,37.41455078125
3200389,35.82763671875
3219809,39.12353515625
3219946,39.6728515625
3286200,35.82763671875
3289606,40.34423828125
3304123,36.80419921875
3304206,40.58837890625
3304254,35.70556640625
3304305,42.90771484375
3305249,260.3759765625
3305259,44.12841796875
3310133,34.60693359375
3312275,35.21728515625
3314568,34.5458984375
3321525,36.7431640625
3321679,36.80419921875
3321988,37.53662109375
3322693,34.85107421875
3323252,34.24072265625
3326437,36.376953125
3342388,35.09521484375
3362496,38.02490234375
3377295,43.0908203125
3378977,38.9404296875
3378988,53.16162109375
3379022,207.8857421875
3379140,41.07666015625
3379192,41.80908203125
3379254,35.33935546875
3379951,48.76708984375
3379961,47.607421875
3380073,185.302734375
3381850,41.1376953125
3382139,36.1328125
3383272,36.865234375
3406418,63.4765625
3413310,35.58349609375
3419488,36.43798828125
3422329,66.34521484375
3428884,59.5703125
3432306,41.6259765625
3432327,214.17236328125
3432357,38.2080078125
3432474,34.72900390625
3432604,41.748046875
3433071,50.048828125
3434367,49.560546875
3446329,36.1328125
3448405,40.10009765625
3463004,36.31591796875
3468497,36.376953125
3474658,39.1845703125
3475602,39.1845703125
3502175,38.818359375
3502232,41.259765625
3502317,266.54052734375
3502389,35.888671875
3502473,34.85107421875
3505368,36.1328125
3507239,35.2783203125
3510670,36.0107421875
3516514,35.64453125
3527879,37.7197265625
3543642,34.97314453125
3570794,41.50390625
3589664,60.97412109375
3603437,36.62109375
3614454,92.71240234375
3619669,265.2587890625
3619729,42.3583984375
3619831,38.818359375
3619882,37.53662109375
3621604,39.55078125
3621788,37.65869140625
3622284,36.43798828125
3632299,34.66796875
3638831,35.46142578125
3648320,34.60693359375
3648375,35.5224609375
3648754,37.29248046875
3660019,34.72900390625
3660044,35.888671875
3682021,52.1240234375
3737258,36.2548828125
3739948,37.9638671875
3740095,38.26904296875
3740174,39.73388671875
3764870,68.359375
3773237,37.841796875
3773275,53.3447265625
3784830,46.69189453125
3793648,34.60693359375
3793673,37.53662109375
3793763,40.771484375
3793873,63.3544921875
3793993,35.82763671875
3811231,125.42724609375
3811472,52.67333984375
3811498,45.47119140625
3811528,40.71044921875
3811576,73.2421875
3811624,83.19091796875
3811647,37.17041015625
3811775,41.56494140625
3811963,51.20849609375
3826302,41.32080078125
3826352,35.2783203125
3826401,35.09521484375
3826456,35.0341796875
3826513,40.71044921875
3826576,37.2314453125
3826644,38.4521484375
3826807,37.2314453125
3826943,41.015625
3826997,36.68212890625
3827014,34.48486328125
3827130,35.70556640625
3827272,40.22216796875
3830394,38.26904296875
3831095,35.09521484375
3831344,47.66845703125
3831688,38.75732421875
3832002,41.1376953125
3845992,40.1611328125
3846018,53.5888671875
3846044,42.3583984375
3846062,109.92431640625
3846081,38.51318359375
3846112,46.38671875
3846135,94.8486328125
3846178,42.96875
3846241,45.59326171875
3846288,34.48486328125
3846399,54.8095703125
3846476,36.19384765625
3846588,46.875
3846721,77.57568359375
3846742,35.64453125
3846879,39.12353515625
3847055,34.72900390625
3847274,37.78076171875
3864650,39.24560546875
3864666,63.53759765625
3864686,63.5986328125
3864696,61.58447265625
3864774,102.11181640625
3864799,40.1611328125
3864825,47.79052734375
3864879,74.40185546875
3864905,37.7197265625
3864936,35.46142578125
3864968,77.1484375
3865048,53.8330078125
3865116,46.93603515625
3865135,37.78076171875
3865196,39.6728515625
3865258,52.1240234375
3865402,34.3017578125
3865506,39.306640625
3877861,43.64013671875
3877978,49.49951171875
3878017,41.07666015625
3878051,57.2509765625
3878061,89.111328125
3878172,57.55615234375
3878368,72.75390625
3878482,38.6962890625
3878588,73.54736328125
3878781,71.35009765625
3878939,59.08203125
3888619,40.46630859375
3888646,50.6591796875
3888663,38.14697265625
3888732,36.19384765625
3888767,42.3583984375
3888803,35.58349609375
3888833,35.2783203125
3888854,64.14794921875
3888876,42.66357421875
3888945,90.88134765625
3888977,59.87548828125
3889056,67.3828125
3889102,38.57421875
3889234,40.22216796875
3899880,37.9638671875
3899915,36.0107421875
3899960,34.24072265625
3899980,39.36767578125
3900057,101.74560546875
3900074,34.85107421875
3900154,45.71533203125
3900183,36.376953125
3900217,42.48046875
3900284,35.0341796875
3900458,37.7197265625
3900549,35.46142578125
3900869,36.4990234375
3917616,50.84228515625
3917659,36.0107421875
3917670,36.19384765625
3917686,34.85107421875
3917720,40.95458984375
3917738,49.6826171875
3917782,35.5224609375
3917813,53.466796875
3917865,34.423828125
3917943,49.072265625
3918044,73.486328125
3918113,37.29248046875
3918366,37.65869140625
3918812,37.04833984375
3919031,35.82763671875
3924103,37.7197265625
3924273,35.70556640625
3924677,43.9453125
3924886,34.24072265625
3925050,38.75732421875
3944621,45.59326171875
3944643,37.841796875
3944660,47.119140625
3944680,67.81005859375
3944702,51.7578125
3944724,55.48095703125
3944739,34.60693359375
3944761,86.7919921875
3944845,86.0595703125
3944914,34.48486328125
3944949,37.90283203125
3945077,40.0390625
3945502,36.62109375
3945777,35.7666015625
3949142,34.97314453125
3949823,35.0341796875
3950549,35.7666015625
3959957,38.2080078125
3960001,35.2783203125
3960023,42.1142578125
3960063,36.43798828125
3960101,40.22216796875
3960135,70.73974609375
3960203,43.5791015625
3960219,35.21728515625
3960236,35.82763671875
3960329,64.94140625
3960399,55.60302734375
3967714,40.22216796875
3967776,34.85107421875
3967808,91.36962890625
3967820,34.24072265625
3967850,34.24072265625
3967864,42.48046875
3967919,34.912109375
3967941,67.32177734375
3968011,41.3818359375
3968110,39.85595703125
3968287,35.94970703125
3973284,37.353515625
3980392,37.78076171875
3980672,35.21728515625
3980747,35.94970703125
3980774,35.21728515625
3980833,101.318359375
3980866,35.70556640625
3987892,46.630859375
3987936,34.66796875
3987984,103.94287109375
3988001,36.56005859375
3988029,39.48974609375
3988076,79.04052734375
3988092,45.10498046875
3988131,94.6044921875
3988143,46.69189453125
3988168,38.6962890625
3988195,68.603515625
3988277,64.63623046875
3988308,41.32080078125
3988380,51.8798828125
3988395,44.49462890625
3992779,37.90283203125
3993673,35.82763671875
4001778,35.58349609375
4002756,44.49462890625
4004951,36.0107421875
4007331,34.72900390625
4016390,35.400390625
4018854,35.58349609375
4028707,38.818359375
4043233,35.400390625
4043284,56.57958984375
4048648,35.400390625
4048680,44.0673828125
4048703,34.3017578125
4048725,35.7666015625
4048735,38.39111328125
4048765,34.24072265625
4048778,59.63134765625
4048795,42.54150390625
4048828,95.21484375
4048850,224.12109375
4048860,34.912109375
4048887,44.0673828125
4048898,80.74951171875
4048938,35.888671875
4048980,48.52294921875
4049013,41.44287109375
4049261,45.59326171875
4076134,43.8232421875
4076204,37.04833984375
4076251,37.4755859375
4076345,47.8515625
4080354,39.4287109375
4080424,40.4052734375
4080502,34.85107421875
4080583,34.60693359375
4080603,36.7431640625
4080628,37.7197265625
4080651,37.59765625
4085792,38.14697265625
4085867,36.4990234375
4085882,35.64453125
4085903,48.27880859375
4085921,246.58203125
4085941,106.01806640625
4085952,38.57421875
4085975,202.81982421875
4086005,104.3701171875
4086020,47.18017578125
4086040,52.55126953125
4086059,189.02587890625
4086070,60.302734375
4086104,36.376953125
4086119,41.6259765625
4086349,52.42919921875
4086421,43.02978515625
4086462,35.70556640625
4086511,36.68212890625
4086583,34.36279296875
4086757,34.7900390625
4107430,50.537109375
4118427,38.75732421875
4118478,43.45703125
4118519,55.72509765625
4118546,42.54150390625
4118567,174.8046875
4118586,34.72900390625
4118614,156.31103515625
4118642,60.11962890625
4118654,132.2021484375
4118687,44.5556640625
4118715,135.3759765625
4118750,79.7119140625
4118772,79.16259765625
4118798,61.21826171875
4118840,35.82763671875
4118870,53.7109375
4118886,121.58203125
4118936,43.27392578125
4118957,130.859375
4118968,53.16162109375
4119013,36.4990234375
4119059,50.29296875
4119081,70.80078125
4119102,161.376953125
4119120,34.72900390625
4119210,64.75830078125
4119314,35.5224609375
4119403,67.7490234375
4138403,38.57421875
4141629,40.8935546875
4141676,39.73388671875
4141723,36.9873046875
4141752,47.7294921875
4141782,35.64453125
4141813,37.7197265625
4145969,50.048828125
4146020,36.19384765625
4146032,43.51806640625
4146053,35.70556640625
4146071,34.5458984375
4150196,37.65869140625
4150230,37.109375
4150284,36.7431640625
4154044,45.71533203125
4154156,37.53662109375
4154218,73.66943359375
4154263,35.33935546875
4158584,42.90771484375
4158602,34.48486328125
4158657,45.5322265625
4158667,52.3681640625
4158693,38.26904296875
4158735,254.150390625
4158746,48.583984375
4158764,45.166015625
4158809,39.48974609375
4166850,34.24072265625
4166890,47.9736328125
4166913,178.22265625
4166947,174.86572265625
4166975,115.72265625
4166995,42.1142578125
4167011,157.28759765625
4167023,36.68212890625
4167042,82.51953125
4167077,72.021484375
4167091,41.9921875
4167105,55.2978515625
4167120,55.419921875
4167154,54.0771484375
4167169,35.21728515625
4167179,43.0908203125
4167191,128.35693359375
4167247,45.166015625
4167258,36.62109375
4167337,39.97802734375
4167355,131.04248046875
4167403,38.4521484375
4167430,123.6572265625
4167456,35.7666015625
4167475,52.30712890625
4167485,45.47119140625
4167512,52.3681640625
4167538,39.48974609375
4167590,38.51318359375
4181676,34.3017578125
4181750,35.21728515625
4185102,35.0341796875
4185121,44.25048828125
4190656,34.912109375
4190675,46.93603515625
4190699,254.0283203125
4190710,49.37744140625
4190745,173.64501953125
4190756,41.93115234375
4190780,105.3466796875
4190797,141.17431640625
4190807,42.17529296875
4190824,48.095703125
4190841,95.703125
4190867,40.8935546875
4190900,51.81884765625
4191041,34.72900390625
4198254,37.04833984375
4198298,54.50439453125
4198308,84.1064453125
4198345,206.48193359375
4198363,113.525390625
4198393,162.2314453125
4198409,42.3583984375
4198433,39.73388671875
4198444,162.353515625
4198506,75.62255859375
4198525,36.68212890625
4198591,47.66845703125
4198636,72.998046875
4205336,34.60693359375
4209275,44.7998046875
4209311,223.9990234375
4209326,38.02490234375
4209350,167.17529296875
4209375,57.55615234375
4209396,155.09033203125
4209421,38.4521484375
4209436,120.42236328125
4209457,83.55712890625
4209482,52.001953125
4209496,35.70556640625
4209524,93.994140625
4209549,36.4990234375
4209561,36.2548828125
4209608,42.724609375
4209623,44.98291015625
4209763,51.45263671875
4209882,41.07666015625
4219665,40.46630859375
4219683,233.70361328125
4219714,40.95458984375
4219725,133.056640625
4219761,136.77978515625
4219771,46.142578125
4219802,94.8486328125
4219813,94.29931640625
4219851,96.0693359375
4219875,87.0361328125
4219899,51.26953125
4219925,82.51953125
4219935,75.98876953125
4219958,122.802734375
4220007,41.19873046875
4220097,46.38671875
4220134,164.306640625
4220231,38.26904296875
4220245,71.59423828125
4224988,38.39111328125
4231530,46.44775390625
4231545,65.24658203125
4231572,224.2431640625
4231582,34.97314453125
4231605,243.46923828125
4231616,37.78076171875
4231651,120.1171875
4231669,52.490234375
4231697,120.361328125
4231710,75.1953125
4231741,85.693359375
4231761,70.12939453125
4231782,44.86083984375
4231793,46.9970703125
4231810,42.54150390625
4231821,64.5751953125
4231846,59.14306640625
4231878,35.7666015625
4231927,160.0341796875
4232026,46.69189453125
4232055,42.41943359375
4232205,36.1328125
4244302,45.59326171875
4244347,206.97021484375
4244360,42.8466796875
4244389,126.953125
4244399,105.16357421875
4244430,118.896484375
4244455,95.27587890625
4244471,131.53076171875
4244484,38.2080078125
4244519,82.6416015625
4244566,44.0673828125
4244584,49.37744140625
4244671,38.6962890625
4244681,56.7626953125
4244726,48.4619140625
4244737,38.2080078125
4244838,64.94140625
4244878,170.59326171875
4245017,37.78076171875
4257680,60.791015625
4257720,195.6787109375
4257739,49.560546875
4257764,145.81298828125
4257783,71.77734375
4257793,49.49951171875
4257822,144.1650390625
4257844,95.5810546875
4257865,37.29248046875
4257888,39.4287109375
4257917,167.17529296875
4257938,36.7431640625
4258171,38.51318359375
4270228,34.3017578125
4270240,42.724609375
4270264,193.115234375
4270292,80.810546875
4270316,95.458984375
4270328,84.89990234375
4270345,63.53759765625
4270355,48.4619140625
4270365,50.6591796875
4270389,45.71533203125
4270400,41.259765625
4270416,48.03466796875
4270438,72.998046875
4270462,39.794921875
4270494,48.828125
4270517,34.24072265625
4270548,48.52294921875
4270568,154.72412109375
4270595,39.12353515625
4270614,35.21728515625
4270624,130.18798828125
4270706,37.53662109375
4270719,167.96875
4270747,34.48486328125
4270769,57.9833984375
4270838,137.51220703125
4271097,50.59814453125
4287357,201.904296875
4287367,48.52294921875
4287395,235.595703125
4287425,100.9521484375
4287439,172.9736328125
4287457,51.7578125
4287486,137.6953125
4287497,79.52880859375
4287531,133.60595703125
4287541,39.48974609375
4287582,88.80615234375
4287632,35.64453125
4287681,246.826171875
4287714,45.22705078125
4299790,40.46630859375
4299813,45.8984375
4299840,81.787109375
4299866,109.06982421875
4299886,190.3076171875
4299900,69.03076171875
4299924,137.6953125
4299967,115.17333984375
4299992,45.2880859375
4300012,150.7568359375
4300068,57.18994140625
4300079,119.93408203125
4300142,35.15625
4300154,41.015625
4300278,184.02099609375
4300309,41.32080078125
4300477,39.1845703125
4315110,41.07666015625
4315142,61.58447265625
4315153,252.50244140625
4315188,77.5146484375
4315202,60.302734375
4315224,154.96826171875
4315260,167.90771484375
4315275,55.60302734375
4315305,123.59619140625
4315323,61.5234375
4315353,118.896484375
4315395,44.61669921875
4315405,72.8759765625
4315434,41.50390625
4315453,140.7470703125
4315510,40.58837890625
4315531,137.20703125
4315604,35.58349609375
4315701,38.330078125
4315747,42.29736328125
4315809,43.02978515625
4336750,34.72900390625
4336782,234.619140625
4336817,210.0830078125
4336850,129.69970703125
4336864,73.486328125
4336884,112.4267578125
4336897,63.65966796875
4336928,194.580078125
4336951,45.71533203125
4336978,147.64404296875
4336991,57.373046875
4337022,99.91455078125
4337035,77.7587890625
4337054,35.15625
4337078,97.59521484375
4337131,79.2236328125
4337147,122.4365234375
4337219,138.18359375
4337277,50.10986328125
4337301,188.4765625
4337329,44.43359375
4337415,43.02978515625
4337497,41.015625
4337508,49.31640625
4425266,39.97802734375
4587301,37.841796875
4587385,36.1328125
4587516,44.43359375
4587581,34.72900390625
4587692,38.818359375
4587895,36.62109375
4589050,38.9404296875
4589204,35.82763671875
4590016,34.5458984375
4590288,34.423828125
4590552,34.36279296875
4591361,40.58837890625
4618710,122.37548828125
4620229,47.8515625
4629471,35.70556640625
4639078,34.24072265625
4641907,44.43359375
4641920,36.62109375
4641953,212.95166015625
4642015,42.1142578125
4642521,37.78076171875
4642638,36.0107421875
4642708,38.39111328125
4642800,36.376953125
4642867,34.7900390625
4642949,38.87939453125
4643248,39.36767578125
4643341,36.80419921875
4643354,44.5556640625
4643421,83.740234375
4643475,35.82763671875
4658172,99.18212890625
4667332,35.5224609375
4671347,35.58349609375
4673933,36.9873046875
4682349,40.4052734375
4682409,34.97314453125
4682479,37.41455078125
4682532,37.29248046875
4682608,39.306640625
4682950,36.376953125
4683426,34.912109375
4683939,41.259765625
4706406,34.48486328125
4710942,34.3017578125
4710990,41.015625
4711017,35.0341796875
4711066,74.15771484375
4711551,36.9873046875
4711753,46.0205078125
4711869,39.00146484375
4726443,36.43798828125
4726902,44.49462890625
4726982,43.45703125
4727055,35.33935546875
4727139,44.5556640625
4727209,37.841796875
4727452,44.3115234375
4727543,39.97802734375
4727956,42.6025390625
4728289,39.48974609375
4728467,34.423828125
4729372,35.888671875
4729740,42.724609375
4730356,34.36279296875
4730544,41.07666015625
4730811,40.4052734375
4731231,35.58349609375
4731509,39.9169921875
4731661,37.04833984375
4731981,36.62109375
4732132,36.07177734375
4732597,38.2080078125
4749347,40.6494140625
4749467,78.43017578125
4749483,57.4951171875
4750027,100.09765625
4761543,34.66796875
4774503,38.330078125
4774548,40.6494140625
4774588,39.6728515625
4774619,57.06787109375
4774725,71.533203125
4774775,40.4052734375
4774943,103.6376953125
4774996,58.349609375
4775429,35.64453125
4780264,39.73388671875
4802648,34.423828125
4803382,55.48095703125
4803398,36.68212890625
4803429,42.66357421875
4803468,36.376953125
4803586,43.701171875
4803666,75.62255859375
4816347,48.64501953125
4816398,189.453125
4816477,56.33544921875
4816530,46.32568359375
4816598,47.36328125
4816659,45.5322265625
4816726,35.09521484375
4816790,47.4853515625
4816859,38.4521484375
4817018,41.8701171875
4817169,34.912109375
4817484,220.64208984375
4817648,46.81396484375
4817710,37.65869140625
4818071,38.6962890625
4818288,39.9169921875
4822506,36.9873046875
4823021,38.63525390625
4823346,38.6962890625
4844273,35.21728515625
4876636,34.97314453125
4878729,36.68212890625
4900395,36.62109375
4901428,34.5458984375
4906171,44.49462890625
4906224,40.1611328125
4906252,276.55029296875
4906278,39.1845703125
4906324,38.818359375
4906458,34.24072265625
4906522,34.66796875
4906771,41.07666015625
4907027,35.33935546875
4907417,41.68701171875
4907594,36.43798828125
4907836,35.21728515625
4908549,277.89306640625
4908837,233.33740234375
4908952,211.0595703125
4909285,181.0302734375
4909322,47.36328125
4909439,41.80908203125
4909507,47.4853515625
4909626,168.76220703125
4909763,34.912109375
4909864,174.31640625
4909975,174.01123046875
4910040,99.12109375
4910110,63.90380859375
4910167,41.748046875
4910251,70.1904296875
4910339,86.42578125
4910463,38.51318359375
4910583,91.9189453125
4910671,93.56689453125
4910767,54.931640625
4910860,71.8994140625
4910911,38.2080078125
4910945,60.85205078125
4911033,93.32275390625
4911141,84.9609375
4911210,50.537109375
4911290,66.0400390625
4911448,37.41455078125
4911522,101.01318359375
4911636,41.19873046875
4911657,87.5244140625
4911774,88.9892578125
4911876,63.5986328125
4912012,114.19677734375
4912185,41.07666015625
4912314,41.1376953125
4912359,97.0458984375
4912492,57.373046875
4912594,40.4052734375
4912806,39.306640625
4912825,148.193359375
4912990,37.29248046875
4913117,138.61083984375
4913335,156.43310546875
4913546,132.87353515625
4913809,40.22216796875
4915419,42.41943359375
4915698,37.17041015625
4916178,38.14697265625
4916630,35.46142578125
4944972,36.19384765625
4952853,34.423828125
4978598,210.38818359375
4978671,37.04833984375
4978684,221.6796875
4978710,37.53662109375
4978800,34.5458984375
4979011,35.09521484375
4979120,37.29248046875
4979289,34.423828125
4979367,194.76318359375
4979421,37.90283203125
4979565,38.87939453125
4979697,34.48486328125
4979930,41.9921875
4980197,62.8662109375
4980501,35.94970703125
4980703,37.109375
4980886,34.24072265625
4981134,221.19140625
4981800,36.865234375
5001033,37.4755859375
5001441,100.15869140625
5024577,40.771484375
5024592,246.76513671875
5024642,45.95947265625
5024668,36.9873046875
5024699,239.3798828125
5024744,36.4990234375
5024870,44.49462890625
5025025,35.70556640625
5025269,38.6962890625
5025584,191.83349609375
5025695,222.5341796875
5025761,35.7666015625
5025895,194.27490234375
5025909,35.82763671875
5025962,183.53271484375
5026076,54.6875
5026185,50.47607421875
5026199,39.55078125
5026220,37.2314453125
5026312,48.095703125
5026480,195.068359375
5026570,170.654296875
5026686,157.71484375
5026775,151.2451171875
5026866,122.9248046875
5026996,85.44921875
5027090,110.77880859375
5027157,49.1943359375
5027231,37.41455078125
5027312,56.5185546875
5027389,58.9599609375
5027471,66.162109375
5027488,36.865234375
5027569,73.79150390625
5027655,38.26904296875
5027776,39.55078125
5027826,36.19384765625
5027854,36.9873046875
5027935,67.0166015625
5028020,50.47607421875
5028135,70.1904296875
5028188,35.15625
5028242,72.998046875
5028365,82.82470703125
5028485,38.330078125
5028597,48.583984375
5028623,38.0859375
5028720,77.33154296875
5028834,67.138671875
5028929,61.82861328125
5029022,62.92724609375
5029056,41.32080078125
5029109,46.0205078125
5029236,63.65966796875
5029346,88.31787109375
5029461,83.0078125
5029597,82.82470703125
5029789,109.4970703125
5029894,86.36474609375
5029987,38.51318359375
5030122,70.25146484375
5030175,35.94970703125
5030235,51.6357421875
5030375,68.115234375
5030507,77.57568359375
5030702,94.54345703125
5030905,101.86767578125
5031074,68.90869140625
5031226,78.61328125
5031388,82.6416015625
5032120,139.58740234375
5032464,38.63525390625
5033458,36.80419921875
5034147,38.2080078125
5040536,35.46142578125
5040840,36.1328125
5041329,34.85107421875
5041743,34.48486328125
5042063,35.70556640625
5042658,36.376953125
5043782,38.57421875
5044563,40.10009765625
5072610,42.3583984375
5073550,56.2744140625
5088091,83.67919921875
5094412,50.96435546875
5094423,40.0390625
5094460,224.18212890625
5094484,43.8232421875
5094496,34.36279296875
5094535,47.05810546875
5094589,41.80908203125
5094657,44.73876953125
5094896,36.43798828125
5094991,34.85107421875
5095082,36.865234375
5095103,237.97607421875
5095113,37.59765625
5095169,201.96533203125
5095249,36.56005859375
5095263,157.40966796875
5095348,184.4482421875
5095456,35.64453125
5095599,37.65869140625
5095733,37.7197265625
5095879,230.46875
5096122,214.41650390625
5096341,37.41455078125
5096366,202.2705078125
5096911,42.78564453125
5113987,53.7109375
5126250,39.85595703125
5128657,36.7431640625
5136180,38.2080078125
5136248,55.5419921875
5136267,36.80419921875
5136321,211.181640625
5136370,206.9091796875
5136385,37.78076171875
5136418,195.86181640625
5136506,35.33935546875
5136882,243.71337890625
5136960,193.603515625
5137145,217.6513671875
5137281,34.3017578125
5137352,190.97900390625
5137441,34.24072265625
5137455,37.59765625
5137556,153.9306640625
5137677,165.6494140625
5137800,39.794921875
5137871,130.126953125
5138045,157.8369140625
5138213,164.85595703125
5138295,107.48291015625
5138313,35.5224609375
5138433,38.818359375
5138543,153.076171875
5138668,139.0380859375
5138753,117.67578125
5138833,64.02587890625
5138939,101.01318359375
5139014,73.6083984375
5139106,79.58984375
5139147,34.85107421875
5139220,74.21875
5139307,37.78076171875
5139328,72.57080078125
5139443,101.07421875
5139532,77.5146484375
5139620,38.51318359375
5139750,84.53369140625
5139793,41.1376953125
5139869,88.92822265625
5139985,74.70703125
5140085,62.31689453125
5140214,77.33154296875
5140332,72.998046875
5140439,89.41650390625
5140554,74.951171875
5140650,64.51416015625
5140797,74.5849609375
5140904,83.80126953125
5141014,64.453125
5141169,82.8857421875
5141365,110.77880859375
5141490,108.70361328125
5141904,123.9013671875
5142243,131.103515625
5149578,34.72900390625
5151237,36.19384765625
5151750,34.66796875
5174805,38.63525390625
5174835,52.30712890625
5174870,47.607421875
5174889,201.5380859375
5174922,38.9404296875
5174951,184.2041015625
5174981,37.90283203125
5174999,45.654296875
5175026,36.62109375
5175117,37.2314453125
5175132,34.72900390625
5175196,35.94970703125
5175229,44.61669921875
5175294,42.17529296875
5175476,217.7734375
5175556,203.857421875
5175642,37.4755859375
5175783,182.67822265625
5175982,34.72900390625
5176088,167.236328125
5176400,209.77783203125
5176469,171.630859375
5176585,35.70556640625
5186201,36.19384765625
5198197,36.31591796875
5207932,42.724609375
5207968,205.322265625
5208002,42.90771484375
5208029,214.35546875
5208073,199.21875
5208098,43.39599609375
5208119,195.12939453125
5208143,36.865234375
5208170,176.81884765625
5208262,179.50439453125
5208521,206.54296875
5208600,35.33935546875
5208807,209.28955078125
5208943,210.9375
5209090,180.0537109375
5209151,36.1328125
5209196,189.3310546875
5209285,151.7333984375
5209369,132.01904296875
5209406,35.21728515625
5209458,41.07666015625
5209594,147.76611328125
5209738,151.18408203125
5210113,188.3544921875
5210450,190.4296875
5213419,34.66796875
5214454,35.21728515625
5214562,35.70556640625
5216173,36.9873046875
5216940,35.09521484375
5223253,36.43798828125
5226472,35.33935546875
5226515,229.55322265625
5226716,214.84375
5226733,43.02978515625
5226759,37.78076171875
5226814,153.74755859375
5226880,36.43798828125
5226915,201.171875
5238262,36.19384765625
5239567,85.205078125
5243662,35.5224609375
5244212,39.1845703125
5249969,35.5224609375
5255433,35.64453125
5255916,41.19873046875
5255992,268.37158203125
5256021,44.25048828125
5256040,207.03125
5256051,43.88427734375
5256087,195.556640625
5256102,40.83251953125
5256125,145.81298828125
5256178,195.12939453125
5256467,47.42431640625
5256953,46.20361328125
5257099,58.9599609375
5257758,36.0107421875
5258347,34.912109375
5259816,35.7666015625
5261083,40.1611328125
5261183,214.35546875
5261194,53.16162109375
5261233,156.25
5261279,34.60693359375
5261299,149.5361328125
5261312,36.865234375
5261375,34.66796875
5261392,47.7294921875
5266240,36.80419921875
5266420,34.36279296875
5266740,36.9873046875
5267109,46.69189453125
5267363,35.888671875
5267652,35.58349609375
5267871,35.82763671875
5271886,43.9453125
5283827,45.7763671875
5283880,34.24072265625
5283925,190.0634765625
5283970,177.06298828125
5283989,35.2783203125
5284011,153.564453125
5284065,151.79443359375
5284129,43.27392578125
5284390,41.9921875
5284577,229.30908203125
5285012,35.33935546875
5285147,193.78662109375
5285493,34.66796875
5287866,35.33935546875
5288138,35.15625
5288340,35.70556640625
5290046,35.400390625
5290437,35.2783203125
5294340,34.912109375
5295354,34.423828125
5296025,35.0341796875
5309119,48.095703125
5309206,44.37255859375
5309373,39.61181640625
5309434,38.39111328125
5309460,267.578125
5309508,37.41455078125
5309589,251.5869140625
5311572,34.97314453125
5312256,36.68212890625
5313542,35.0341796875
5314233,35.400390625
5325115,36.07177734375
5327000,44.3115234375
5327016,105.8349609375
5327056,47.54638671875
5327073,44.189453125
5327137,35.82763671875
5327271,34.423828125
5327345,35.21728515625
5328755,38.51318359375
5330690,38.02490234375
5331105,34.5458984375
5333263,35.33935546875
5333850,35.2783203125
5335149,36.07177734375
5350006,35.64453125
5350818,35.46142578125
5350879,44.921875
5350895,125
5350912,38.87939453125
5351258,40.71044921875
5351369,40.0390625
5352214,37.78076171875
5352672,36.56005859375
5355414,35.82763671875
5355681,37.78076171875
5356994,35.7666015625
5358166,196.4111328125
5358952,36.7431640625
5374779,41.6259765625
5374800,37.53662109375
5374825,34.60693359375
5374847,49.9267578125
5374859,57.7392578125
5374919,97.35107421875
5375059,64.51416015625
5375341,34.24072265625
5375642,38.87939453125
5395069,45.0439453125
5395111,41.015625
5395128,86.181640625
5395152,50.96435546875
5395210,34.7900390625
5395229,74.8291015625
5395252,54.8095703125
5395282,35.21728515625
5395354,82.3974609375
5395445,36.4990234375
5395459,43.9453125
5395536,38.63525390625
5395561,37.17041015625
5395717,93.26171875
5406886,34.72900390625
5415304,41.3818359375
5415355,181.33544921875
5415374,56.396484375
5415424,237.24365234375
5415482,199.8291015625
5415499,34.3017578125
5415588,221.74072265625
5415912,52.91748046875
5415961,34.48486328125
5416345,39.36767578125
5416502,36.0107421875
5425370,35.400390625
5433350,38.4521484375
5433370,44.0673828125
5433404,39.24560546875
5433428,43.3349609375
5433446,116.63818359375
5433458,38.4521484375
5433488,38.818359375
5433532,43.0908203125
5433545,63.5986328125
5433558,58.16650390625
5433687,52.42919921875
5433920,38.14697265625
5433985,40.10009765625
5434137,34.36279296875
5434167,39.61181640625
5434371,34.912109375
5445993,34.5458984375
5450502,36.62109375
5450516,35.400390625
5450545,89.05029296875
5450579,42.05322265625
5450594,48.27880859375
5450623,43.39599609375
5450634,48.76708984375
5450651,34.97314453125
5450705,43.3349609375
5450743,38.39111328125
5450822,38.63525390625
5450838,49.13330078125
5450908,49.01123046875
5450999,82.09228515625
5451031,37.04833984375
5451125,57.6171875
5469302,34.3017578125
5469343,40.58837890625
5469376,44.5556640625
5469406,40.0390625
5469421,65.5517578125
5469450,45.71533203125
5469462,35.58349609375
5469476,46.0205078125
5469523,45.34912109375
5469560,51.08642578125
5469579,35.21728515625
5469686,39.36767578125
5469972,35.5224609375
5470094,34.36279296875
5470327,35.70556640625
5470343,37.2314453125
5491700,36.68212890625
5491804,47.18017578125
5491901,54.8095703125
5491921,34.66796875
5491981,46.7529296875
5492001,89.05029296875
5492033,48.15673828125
5492066,38.9404296875
5492118,58.28857421875
5492140,34.912109375
5492185,34.85107421875
5492271,44.98291015625
5492394,35.5224609375
5492529,36.68212890625
5507015,38.330078125
5507242,36.7431640625
5507295,65.673828125
5507308,36.07177734375
5507376,48.03466796875
5507457,43.27392578125
5507562,36.865234375
5507867,34.912109375
5507891,39.97802734375
5521059,38.63525390625
5521138,36.07177734375
5521162,37.53662109375
5521261,59.50927734375
5521468,34.66796875
5521594,38.63525390625
5521771,39.85595703125
5521845,35.2783203125
5539974,40.10009765625
5539992,34.72900390625
5540175,41.1376953125
5540323,38.57421875
5540399,118.408203125
5540844,40.71044921875
5552985,36.7431640625
5552996,49.98779296875
5569110,45.41015625
5569182,35.7666015625
5569454,43.5791015625
5577216,36.19384765625
5582293,34.36279296875
5589538,35.46142578125
5589970,39.12353515625
5590240,40.8935546875
5612533,46.81396484375
5612611,34.423828125
5612758,34.423828125
5613253,39.12353515625
5633848,47.30224609375
5634247,68.42041015625
5634521,38.26904296875
5634905,35.2783203125
5643065,36.92626953125
5645242,35.33935546875
5670840,46.0205078125
5671002,36.19384765625
5671566,38.4521484375
5679257,35.09521484375
5686383,48.40087890625
5686507,42.1142578125
5712181,84.77783203125
5719039,38.39111328125
5719581,34.60693359375
5728205,42.8466796875
5743022,41.32080078125
5743425,34.7900390625
5743809,34.3017578125
5757658,36.376953125
5762997,41.1376953125
5778960,43.15185546875
5779127,40.771484375
5779370,107.60498046875
5779591,35.7666015625
5780095,35.5224609375
5809552,37.109375
5817818,34.3017578125
5837135,41.80908203125
5837158,34.24072265625
5837308,40.6494140625
5837433,37.65869140625
5837623,36.68212890625
5848699,44.73876953125
5849412,82.6416015625
5850949,43.64013671875
5866052,35.58349609375
5866308,36.7431640625
5866819,34.3017578125
5879964,37.90283203125
5913543,43.45703125
5913772,36.43798828125
5932266,40.771484375
5932325,38.818359375
5947553,34.912109375
5959252,35.15625
5981333,34.36279296875
5992402,36.865234375
6019263,63.04931640625
6031262,36.07177734375
6044579,37.7197265625
6057089,115.29541015625
6072809,44.7998046875
6075844,34.5458984375
6089400,36.56005859375
6106616,78.7353515625
6112952,43.51806640625
6113025,38.330078125
6113096,35.09521484375
6113115,253.662109375
6113135,46.2646484375
6113222,44.25048828125
6113410,34.24072265625
6113622,35.0341796875
6113806,39.24560546875
6113992,35.09521484375
6114182,43.5791015625
6116006,37.41455078125
6116226,37.353515625
6116244,35.33935546875
6116294,37.17041015625
6116315,39.24560546875
6125936,36.43798828125
6129852,35.5224609375
6143704,34.7900390625
6144423,34.3017578125
6145840,100.64697265625
6162572,38.02490234375
6162660,54.74853515625
6162748,49.86572265625
6162825,38.818359375
6178676,41.3818359375
6178694,47.54638671875
6178765,39.73388671875
6178780,41.748046875
6178893,69.3359375
6178929,38.39111328125
6179295,102.35595703125
6194682,47.18017578125
6194748,36.68212890625
6194791,40.83251953125
6194843,50.35400390625
6194868,42.17529296875
6195015,49.072265625
6212503,50.72021484375
6212543,35.2783203125
6212576,48.4619140625
6212591,77.880859375
6212668,47.42431640625
6212804,43.701171875
6212842,43.64013671875
6213031,44.25048828125
6213100,35.33935546875
6225496,34.85107421875
6226271,43.9453125
6226301,36.1328125
6226317,40.0390625
6226336,37.78076171875
6226373,95.76416015625
6226383,39.36767578125
6226450,53.16162109375
6226566,39.0625
6226577,59.87548828125
6226740,38.02490234375
6226975,35.400390625
6251667,46.2646484375
6251752,43.02978515625
6251790,35.33935546875
6251821,48.095703125
6251864,102.294921875
6251883,38.63525390625
6252118,45.22705078125
6252184,69.03076171875
6252528,35.888671875
6255669,48.40087890625
6255751,94.05517578125
6255797,35.33935546875
6255870,41.80908203125
6255987,51.81884765625
6256064,34.66796875
6258103,36.31591796875
6263993,34.72900390625
6264026,35.09521484375
6264067,37.841796875
6264106,37.90283203125
6264116,34.24072265625
6264176,43.8232421875
6264250,40.0390625
6264262,36.56005859375
6264309,40.52734375
6264431,37.59765625
6264527,36.07177734375
6275668,35.94970703125
6275696,54.5654296875
6275739,55.48095703125
6275766,63.3544921875
6275778,60.72998046875
6275808,40.71044921875
6275840,84.28955078125
6275852,38.39111328125
6275869,74.951171875
6275910,56.45751953125
6275942,49.6826171875
6275971,56.884765625
6276002,38.02490234375
6276095,37.29248046875
6276124,41.6259765625
6276185,37.4755859375
6276291,45.654296875
6276470,35.82763671875
6276721,37.78076171875
6277202,38.57421875
6278816,35.33935546875
6279882,38.2080078125
6285192,38.87939453125
6289633,41.68701171875
6294912,41.259765625
6294934,35.09521484375
6295366,34.60693359375
6302592,34.60693359375
6302616,36.07177734375
6302721,39.306640625
6302747,41.19873046875
6303103,40.95458984375
6309610,39.6728515625
6309631,38.57421875
6309747,44.49462890625
6315852,34.912109375
6315909,34.85107421875
6323947,38.6962890625
6324040,49.62158203125
6324137,42.724609375
6333579,44.98291015625
6333635,35.15625
6341124,34.85107421875
6341140,37.90283203125
6341199,38.0859375
6341223,53.955078125
6341249,35.70556640625
6341278,40.83251953125
6349512,45.654296875
6349528,44.25048828125
6349572,41.07666015625
6349587,46.875
6349638,36.43798828125
6357817,41.8701171875
6357836,40.0390625
6357904,38.9404296875
6357937,42.96875
6357954,39.12353515625
6358015,60.36376953125
6368969,39.12353515625
6369023,34.97314453125
6369064,38.4521484375
6369090,38.57421875
6369138,36.43798828125
6372625,44.7998046875
6372661,43.27392578125
6372682,40.283203125
6372700,45.59326171875
6372745,40.83251953125
6372771,36.31591796875
6372799,45.59326171875
6372849,39.36767578125
6379586,45.0439453125
6379601,37.04833984375
6382549,44.5556640625
6382628,44.86083984375
6382640,39.00146484375
6382657,35.70556640625
6382687,44.61669921875
6382720,52.55126953125
6382730,38.4521484375
6382787,40.95458984375
6389841,35.09521484375
6389965,37.7197265625
6389975,43.45703125
6389997,38.63525390625
6390027,37.841796875
6390048,35.0341796875
6390060,37.78076171875
6390087,42.236328125
6390118,34.423828125
6390161,40.46630859375
6394072,44.189453125
6397160,34.423828125
6397178,48.88916015625
6397251,36.2548828125
6397291,38.26904296875
6400821,35.2783203125
6400917,36.07177734375
6400962,44.73876953125
6400987,35.82763671875
6401031,67.87109375
6401085,42.41943359375
6401123,100.64697265625
6409082,47.607421875
6409132,35.46142578125
6409181,47.05810546875
6409240,36.376953125
6409281,47.607421875
6413228,55.96923828125
6413279,40.22216796875
6413320,44.43359375
6413344,106.62841796875
6413356,36.56005859375
6413368,38.6962890625
6413408,78.9794921875
6413472,39.00146484375
6413503,49.49951171875
6424435,57.67822265625
6424478,47.4853515625
6424504,43.701171875
6424519,42.236328125
6424543,40.46630859375
6424553,51.45263671875
6424576,88.7451171875
6424627,39.794921875
6424666,76.416015625
6424753,57.9833984375
6432283,36.07177734375
6432303,36.68212890625
6432320,44.43359375
6432352,45.41015625
6432392,280.1513671875
6432420,35.46142578125
6432451,70.00732421875
6432479,36.07177734375
6432502,38.26904296875
6432523,94.7265625
6432558,44.43359375
6432587,36.31591796875
6432601,36.865234375
6432727,35.2783203125
6432746,39.0625
6441758,42.78564453125
6441834,39.24560546875
6441851,57.55615234375
6441888,47.30224609375
6441911,58.2275390625
6441990,35.46142578125
6446042,34.72900390625
6448527,35.15625
6448629,49.9267578125
6448696,39.55078125
6448733,43.701171875
6448749,93.8720703125
6448761,39.9169921875
6448835,78.43017578125
6448896,38.9404296875
6453617,37.78076171875
6453672,37.2314453125
6453789,35.33935546875
6457304,34.66796875
6457348,50.72021484375
6457367,52.18505859375
6457408,52.734375
6457419,105.77392578125
6457450,261.77978515625
6457461,41.56494140625
6457495,95.27587890625
6457506,229.736328125
6457524,35.58349609375
6457549,41.3818359375
6457573,36.07177734375
6457608,37.65869140625
6457645,42.41943359375
6457658,38.26904296875
6457737,50.1708984375
6457747,48.76708984375
6470086,34.7900390625
6470118,38.87939453125
6470182,249.267578125
6470209,41.50390625
6470237,57.31201171875
6470263,205.87158203125
6470295,88.92822265625
6470329,42.8466796875
6470358,77.1484375
6470389,54.01611328125
6470465,43.3349609375
6470530,37.4755859375
6470540,89.7216796875
6475478,37.9638671875
6477910,36.7431640625
6478028,39.97802734375
6478061,35.33935546875
6482310,57.9833984375
6482327,40.6494140625
6482344,55.908203125
6482393,125.732421875
6482429,69.580078125
6482441,44.7998046875
6482467,35.400390625
6482495,50.35400390625
6482536,191.46728515625
6482562,80.56640625
6482584,40.95458984375
6487861,39.24560546875
6491755,34.3017578125
6491786,35.33935546875
6491804,45.47119140625
6491824,36.07177734375
6491878,194.091796875
6491906,55.35888671875
6491934,44.98291015625
6491948,55.84716796875
6491959,37.4755859375
6492001,45.8984375
6492013,68.66455078125
6492040,45.7763671875
6492070,35.82763671875
6492093,53.16162109375
6492276,40.52734375
6492294,51.26953125
6501352,45.22705078125
6501440,37.841796875
6501459,35.2783203125
6501485,79.2236328125
6501496,50.537109375
6501520,35.70556640625
6501531,38.0859375
6501561,107.84912109375
6501578,65.24658203125
6501622,44.3115234375
6501719,36.19384765625
6507239,42.41943359375
6507259,41.6259765625
6507286,39.794921875
6507337,38.51318359375
6507351,44.677734375
6507409,38.6962890625
6512529,41.44287109375
6512566,40.95458984375
6512596,36.7431640625
6512628,171.44775390625
6512644,40.4052734375
6512676,199.52392578125
6512731,213.80615234375
6512760,45.7763671875
6512786,161.07177734375
6512811,39.1845703125
6512853,85.99853515625
6512901,36.07177734375
6523813,71.8994140625
6523834,218.93310546875
6523857,42.78564453125
6523886,37.841796875
6523909,53.40576171875
6523939,46.9970703125
6523951,50.84228515625
6524059,42.48046875
6529344,36.80419921875
6529432,47.91259765625
6529462,35.58349609375
6529489,34.48486328125
6529510,226.806640625
6529530,112.9150390625
6529541,39.306640625
6529557,35.888671875
6529613,214.53857421875
6529623,34.7900390625
6529654,39.794921875
6529671,53.28369140625
6529681,77.81982421875
6536953,41.3818359375
6536991,49.31640625
6537027,182.7392578125
6537041,39.794921875
6537071,252.01416015625
6537087,46.08154296875
6537121,180.84716796875
6537144,39.61181640625
6537173,193.29833984375
6537186,39.48974609375
6537225,139.5263671875
6537245,74.52392578125
6537304,40.10009765625
6537314,40.58837890625
6537456,46.5087890625
6537577,79.2236328125
6546836,36.7431640625
6546934,34.423828125
6546972,36.56005859375
6547004,36.43798828125
6547046,37.17041015625
6551464,35.400390625
6551519,46.32568359375
6551550,35.5224609375
6551563,54.74853515625
6551592,249.267578125
6551620,92.83447265625
6551645,39.48974609375
6551670,36.4990234375
6557540,36.376953125
6557590,45.83740234375
6557606,223.57177734375
6557625,49.86572265625
6557663,41.44287109375
6557693,203.125
6557704,41.50390625
6557732,48.9501953125
6557795,36.376953125
6564917,34.423828125
6564973,38.4521484375
6565001,48.583984375
6565024,247.9248046875
6565046,38.87939453125
6565075,174.62158203125
6565106,48.27880859375
6565118,148.8037109375
6565145,67.3828125
6565177,139.6484375
6565202,112.548828125
6565216,36.56005859375
6565240,148.3154296875
6565262,68.54248046875
6565286,57.55615234375
6565354,35.64453125
6565392,42.96875
6580288,34.3017578125
6580299,35.21728515625
6580330,260.31494140625
6580362,94.05517578125
6580376,141.845703125
6580400,43.02978515625
6580413,109.43603515625
6580424,100.9521484375
6580454,141.66259765625
6580479,74.40185546875
6580503,145.93505859375
6580529,48.7060546875
6580548,50.59814453125
6580582,52.490234375
6580604,34.7900390625
6580636,35.7666015625
6580659,134.6435546875
6580764,51.6357421875
6580783,183.04443359375
6580829,48.095703125
6580840,44.0673828125
6580859,37.59765625
6589364,38.330078125
6589431,45.654296875
6596535,35.94970703125
6596565,190.24658203125
6596583,44.25048828125
6596611,213.5009765625
6596639,120.66650390625
6596661,158.5693359375
6596676,82.09228515625
6596704,87.158203125
6596723,154.35791015625
6596742,36.80419921875
6596767,62.80517578125
6596791,37.53662109375
6596830,43.8232421875
6596873,62.98828125
6596890,50.59814453125
6609204,46.20361328125
6609224,194.7021484375
6609239,37.53662109375
6609271,154.6630859375
6609290,86.5478515625
6609314,159.85107421875
6609344,67.93212890625
6609365,142.39501953125
6609407,67.93212890625
6609420,71.8994140625
6609472,180.11474609375
6609485,47.05810546875
6609529,49.62158203125
6609543,54.26025390625
6609559,163.14697265625
6609595,42.236328125
6609616,38.02490234375
6609658,39.6728515625
6609784,36.1328125
6622543,34.60693359375
6622577,205.50537109375
6622589,34.60693359375
6622623,156.43310546875
6622648,111.63330078125
6622671,177.6123046875
6622697,52.734375
6622722,139.34326171875
6622735,38.02490234375
6622791,226.25732421875
6622805,45.47119140625
6622865,48.88916015625
6622900,52.1240234375
6622972,36.07177734375
6623021,36.865234375
6623209,38.9404296875
6636499,60.05859375
6636545,230.224609375
6636574,98.08349609375
6636588,151.42822265625
6636613,39.73388671875
6636634,237.4267578125
6636644,59.5703125
6636684,42.48046875
6636714,77.1484375
6636727,37.53662109375
6636750,63.90380859375
6636775,52.734375
6636801,36.376953125
6636814,65.0634765625
6636848,42.05322265625
6636983,34.423828125
6651255,46.5087890625
6651304,35.82763671875
6651323,187.92724609375
6651354,89.66064453125
6651377,212.34130859375
6651387,51.20849609375
6651418,145.99609375
6651442,38.39111328125
6651462,122.61962890625
6651491,52.42919921875
6651512,147.27783203125
6651544,48.76708984375
6651575,124.57275390625
6651599,38.51318359375
6651622,37.59765625
6651654,42.6025390625
6651668,57.4951171875
6651692,40.71044921875
6651869,34.66796875
6655566,39.48974609375
6667968,43.0908203125
6668016,39.9169921875
6668036,182.43408203125
6668075,38.0859375
6668088,84.716796875
6668128,177.490234375
6668145,58.89892578125
6668169,82.6416015625
6668208,202.94189453125
6668222,41.07666015625
6668241,82.275390625
6668266,38.14697265625
6668297,48.27880859375
6668316,36.92626953125
6668367,46.630859375
6668377,41.015625
6668455,34.60693359375
6668504,35.82763671875
6668607,35.82763671875
6691623,34.48486328125
6691650,37.04833984375
6691671,35.15625
6691695,276.85546875
6691722,53.466796875
6691733,200.8056640625
6691747,88.9892578125
6691771,158.935546875
6691785,36.2548828125
6691822,165.71044921875
6691835,48.7060546875
6691864,131.591796875
6691880,51.69677734375
6691896,37.2314453125
6691916,104.1259765625
6691937,35.94970703125
6691971,47.119140625
6692000,36.7431640625
6692012,52.1240234375
6692035,35.888671875
6692049,42.724609375
6692084,46.630859375
6692105,153.62548828125
6692288,37.4755859375
6692560,34.85107421875
6762182,38.39111328125
6762357,35.5224609375
6762418,45.10498046875
6762462,39.73388671875
6762961,36.19384765625
6771201,35.46142578125
6771238,37.04833984375
6930608,44.61669921875
6930685,36.376953125
6930772,37.109375
6930931,34.24072265625
6931003,36.2548828125
6931189,39.00146484375
6931284,35.400390625
6931695,44.3115234375
6932058,36.68212890625
6932635,36.31591796875
6941219,171.44775390625
6941314,255.67626953125
6941404,183.10546875
6941440,145.81298828125
6972944,35.15625
6973085,37.353515625
6973165,42.8466796875
6973244,43.39599609375
6973518,42.6025390625
6973677,36.31591796875
6973778,35.2783203125
6987414,51.81884765625
6987503,38.4521484375
6987556,42.05322265625
6987580,122.55859375
6987683,51.025390625
6987711,37.78076171875
6999222,34.72900390625
7001345,37.04833984375
7001454,49.31640625
7001570,36.2548828125
7001630,38.39111328125
7001787,34.24072265625
7001874,46.44775390625
7001984,34.423828125
7002125,34.72900390625
7002327,37.2314453125
7020871,38.63525390625
7021013,35.0341796875
7021090,46.875
7021309,39.794921875
7021390,35.82763671875
7021520,38.9404296875
7022572,35.400390625
7023047,34.36279296875
7042354,54.6875
7042539,75.37841796875
7051722,40.4052734375
7051781,37.353515625
7051897,37.90283203125
7052139,34.912109375
7052405,34.72900390625
7053198,70.73974609375
7053534,35.33935546875
7075518,36.43798828125
7075562,50.1708984375
7075584,43.5791015625
7075645,35.2783203125
7075692,72.1435546875
7075850,72.32666015625
7094151,47.607421875
7094240,41.68701171875
7094312,36.80419921875
7094364,34.48486328125
7094587,34.60693359375
7094945,37.7197265625
7095894,35.70556640625
7106047,37.17041015625
7122637,35.94970703125
7122665,37.353515625
7122692,35.64453125
7122751,64.94140625
7122814,53.03955078125
7122875,39.24560546875
7122887,79.833984375
7123100,42.96875
7124210,36.31591796875
7137136,36.19384765625
7161404,35.33935546875
7161486,38.14697265625
7161521,42.3583984375
7161633,36.1328125
7161698,36.92626953125
7161785,37.841796875
7162054,35.7666015625
7162145,38.330078125
7162262,108.70361328125
7162523,34.72900390625
7162786,36.07177734375
7162835,114.44091796875
7183811,35.82763671875
7203484,36.4990234375
7206659,34.48486328125
7208404,43.8232421875
7208469,48.76708984375
7208536,41.748046875
7208605,47.42431640625
7208674,36.1328125
7208747,34.423828125
7209058,35.46142578125
7209232,36.62109375
7209468,37.65869140625
7211742,36.1328125
7212833,36.68212890625
7213072,35.94970703125
7215892,34.36279296875
7229359,36.1328125
7251288,184.6923828125
7251525,45.47119140625
7251731,39.85595703125
7251907,38.4521484375
7252002,38.02490234375
7252035,39.306640625
7252085,43.0908203125
7252316,35.15625
7252435,35.888671875
7252582,37.353515625
7252863,36.1328125
7252971,36.62109375
7267516,34.7900390625
7277229,34.85107421875
7283012,38.2080078125
7292871,111.51123046875
7298240,35.46142578125
7298302,37.78076171875
7298367,36.31591796875
7298461,42.90771484375
7298519,37.109375
7298584,43.45703125
7298645,36.68212890625
7298718,42.96875
7298793,35.33935546875
7298901,36.2548828125
7299603,34.97314453125
7299922,35.2783203125
7300045,34.7900390625
7300148,36.07177734375
7300545,36.56005859375
7303556,38.39111328125
7305224,35.33935546875
7306268,37.17041015625
7308571,37.7197265625
7308918,38.6962890625
7330627,40.10009765625
7337268,49.86572265625
7350191,36.19384765625
7356082,39.00146484375
7362270,35.94970703125
7364447,55.72509765625
7365738,34.3017578125
7371495,35.82763671875
7373042,34.5458984375
7378690,72.75390625
7379197,178.8330078125
7379237,40.10009765625
7379313,36.56005859375
7379424,44.73876953125
7379551,36.1328125
7379716,35.94970703125
7379782,34.66796875
7379944,37.65869140625
7380003,34.66796875
7380040,37.90283203125
7380116,34.7900390625
7380796,194.9462890625
7380810,36.07177734375
7380935,213.9892578125
7381130,228.1494140625
7381264,34.24072265625
7381380,211.42578125
7381534,40.52734375
7381675,41.19873046875
7381772,170.0439453125
7381878,156.18896484375
7381995,171.2646484375
7382088,159.423828125
7382158,110.65673828125
7382260,36.4990234375
7382312,50.35400390625
7382384,84.716796875
7382482,124.32861328125
7382545,50.10986328125
7382618,55.7861328125
7382712,34.66796875
7382770,39.4287109375
7382847,42.1142578125
7382940,44.49462890625
7383011,49.13330078125
7383090,35.70556640625
7383229,50.9033203125
7383311,34.97314453125
7383402,85.02197265625
7383478,46.5087890625
7383556,37.7197265625
7383655,43.3349609375
7383786,56.45751953125
7383907,54.74853515625
7384029,61.95068359375
7384109,45.5322265625
7384212,62.43896484375
7384352,91.1865234375
7384480,75.927734375
7384586,68.66455078125
7384788,93.3837890625
7384906,98.14453125
7385024,74.0966796875
7385161,107.2998046875
7385307,95.52001953125
7385474,100.7080078125
7385601,70.00732421875
7412343,37.78076171875
7412535,39.48974609375
7412613,38.26904296875
7412630,216.61376953125
7412920,52.18505859375
7413030,38.14697265625
7413179,38.02490234375
7413500,35.09521484375
7413697,34.5458984375
7414776,36.62109375
7421583,35.64453125
7427141,34.3017578125
7441247,40.771484375
7451010,34.423828125
7460247,225.830078125
7460288,59.99755859375
7460323,242.49267578125
7460349,43.8232421875
7460405,40.283203125
7460469,39.97802734375
7460543,36.4990234375
7460617,37.2314453125
7460637,211.181640625
7460847,215.14892578125
7460959,51.8798828125
7461084,223.69384765625
7461135,34.97314453125
7461146,188.41552734375
7461174,38.818359375
7461283,205.99365234375
7461482,171.44775390625
7461493,35.09521484375
7461639,215.576171875
7461798,223.876953125
7461919,184.26513671875
7462065,35.888671875
7462183,60.60791015625
7462301,36.68212890625
7462437,149.4140625
7462533,136.90185546875
7462679,136.90185546875
7462744,75.25634765625
7462823,34.912109375
7462834,100.5859375
7462939,114.3798828125
7463042,118.34716796875
7463104,40.8935546875
7463274,129.21142578125
7463372,79.77294921875
7463447,51.6357421875
7463543,88.31787109375
7463640,82.70263671875
7463723,87.82958984375
7463858,73.05908203125
7463961,74.76806640625
7463980,40.1611328125
7464001,34.72900390625
7464056,65.3076171875
7464155,49.1943359375
7464214,38.63525390625
7464273,70.86181640625
7464409,70.068359375
7464522,87.34130859375
7464637,38.51318359375
7464758,74.40185546875
7464874,69.51904296875
7464902,42.54150390625
7464986,72.69287109375
7465123,81.84814453125
7465246,52.734375
7465370,80.4443359375
7465511,91.00341796875
7465777,92.46826171875
7466033,102.60009765625
7466188,107.7880859375
7466290,77.81982421875
7466446,95.15380859375
7466586,120.7275390625
7466787,91.85791015625
7468279,36.2548828125
7480717,36.376953125
7480798,37.04833984375
7480872,236.328125
7480970,55.7861328125
7481041,45.71533203125
7481065,175.29296875
7481113,36.1328125
7481758,221.13037109375
7482009,45.0439453125
7482271,168.212890625
7482788,35.5224609375
7482881,35.64453125
7487463,38.57421875
7489480,210.14404296875
7490449,38.330078125
7491753,37.29248046875
7493496,35.94970703125
7493812,34.7900390625
7495001,35.2783203125
7495374,35.09521484375
7495566,57.861328125
7495576,35.46142578125
7495636,233.154296875
7495691,41.80908203125
7495802,47.119140625
7508436,34.66796875
7509141,34.97314453125
7509206,35.46142578125
7509280,243.7744140625
7509324,200.68359375
7509361,35.82763671875
7509378,165.46630859375
7509402,37.2314453125
7509461,216.30859375
7509474,36.0107421875
7509783,38.2080078125
7510026,208.6181640625
7510122,35.15625
7510258,203.91845703125
7510376,199.3408203125
7510588,200.8056640625
7513345,35.33935546875
7519556,39.24560546875
7521465,218.93310546875
7521509,42.96875
7521539,39.55078125
7521571,40.4052734375
7521599,34.36279296875
7521681,116.2109375
7521703,42.8466796875
7532385,35.09521484375
7532451,234.68017578125
7532503,37.41455078125
7532513,55.5419921875
7532587,205.38330078125
7532622,42.236328125
7532648,150.634765625
7532749,34.85107421875
7532986,49.13330078125
7533344,37.109375
7533358,222.5341796875
7533443,191.10107421875
7533592,188.53759765625
7533802,44.189453125
7534461,34.7900390625
7535391,41.68701171875
7536852,34.5458984375
7538657,35.5224609375
7540178,35.46142578125
7540320,220.88623046875
7540335,40.71044921875
7540400,217.28515625
7540470,167.724609375
7540508,41.50390625
7544258,38.02490234375
7560659,50.23193359375
7560717,34.423828125
7560743,218.1396484375
7560754,38.87939453125
7560789,211.181640625
7560834,157.2265625
7560879,179.99267578125
7560900,37.65869140625
7560969,217.10205078125
7561542,173.76708984375
7561850,210.02197265625
7561862,34.66796875
7563067,35.09521484375
7566286,221.86279296875
7566322,38.818359375
7566351,204.16259765625
7566399,155.76171875
7566455,156.55517578125
7566471,38.4521484375
7566503,105.77392578125
7566526,36.9873046875
7566595,148.86474609375
7566636,34.5458984375
7566668,165.71044921875
7566823,51.1474609375
7566929,175.4150390625
7570504,35.70556640625
7570748,35.7666015625
7583498,34.60693359375
7583939,34.5458984375
7584063,210.0830078125
7584109,190.49072265625
7584152,165.10009765625
7584205,234.68017578125
7584257,190.61279296875
7584275,37.65869140625
7584341,191.2841796875
7584358,34.36279296875
7587635,36.43798828125
7592449,36.07177734375
7605820,36.43798828125
7605846,43.701171875
7605919,38.02490234375
7605991,34.85107421875
7606021,95.03173828125
7606187,48.15673828125
7606263,216.9189453125
7606274,39.97802734375
7606328,173.33984375
7607938,36.865234375
7609474,36.43798828125
7615433,35.400390625
7616762,45.47119140625
7616772,90.33203125
7616816,60.791015625
7616857,41.1376953125
7627335,38.818359375
7627454,240.90576171875
7627473,34.7900390625
7627531,213.7451171875
7627579,193.42041015625
7627666,224.67041015625
7627676,38.0859375
7627739,36.92626953125
7650570,38.9404296875
7650671,57.7392578125
7650720,219.970703125
7650746,34.72900390625
7650765,209.65576171875
7650830,228.33251953125
7650879,190.85693359375
7650914,38.39111328125
7650942,34.912109375
7653830,35.82763671875
7656204,250.9765625
7671689,40.22216796875
7671748,39.55078125
7671795,237.4267578125
7671870,35.58349609375
7671883,68.115234375
7671947,191.40625
7672013,199.76806640625
7672029,42.8466796875
7672112,39.61181640625
7672278,36.43798828125
7688375,40.22216796875
7688435,38.818359375
7688474,267.76123046875
7688536,204.52880859375
7688592,196.77734375
7688691,217.10205078125
7688773,38.0859375
7688931,39.794921875
7689021,34.24072265625
7713957,230.89599609375
7714009,35.70556640625
7714050,216.61376953125
7714077,40.0390625
7714138,225.76904296875
7714158,34.85107421875
7714195,163.51318359375
7714223,34.48486328125
7714365,36.07177734375
7714421,38.2080078125
7714876,34.912109375
7734490,35.33935546875
7736775,35.09521484375
7736832,264.6484375
7736885,40.8935546875
7736898,68.4814453125
7736945,179.443359375
7736970,35.5224609375
7737040,59.99755859375
7737058,36.1328125
7737179,39.48974609375
7737325,38.9404296875
7737396,35.70556640625
7737446,48.64501953125
7759084,37.109375
7760406,40.4052734375
7760485,34.36279296875
7760556,36.2548828125
7760624,35.7666015625
7760662,234.31396484375
7760706,196.044921875
7760761,226.4404296875
7760845,37.90283203125
7760975,34.97314453125
7761001,48.15673828125
7761136,36.1328125
7775300,35.5224609375
7780628,43.76220703125
7780693,50.9033203125
7780711,35.46142578125
7780742,50.47607421875
7780752,40.34423828125
7780775,36.0107421875
7780825,49.01123046875
7780859,67.138671875
7780919,70.9228515625
7781022,34.24072265625
7781042,54.443359375
7781238,62.1337890625
7781471,36.92626953125
7781623,34.5458984375
7781788,39.794921875
7796144,37.353515625
7796208,67.2607421875
7796264,66.40625
7796342,42.41943359375
7796385,36.07177734375
7796404,41.07666015625
7796435,43.0908203125
7796475,75.5615234375
7796515,34.72900390625
7796678,41.9921875
7796788,41.1376953125
7796901,36.376953125
7797463,34.5458984375
