4799001,0
48007,35.5224609375
48879,30.76171875
49089,32.16552734375
85669,25.87890625
90238,30.94482421875
93371,32.53173828125
93488,26.79443359375
109604,25.69580078125
119873,31.25
127391,25.69580078125
129394,34.72900390625
129458,26.18408203125
132549,24.658203125
142691,25.0244140625
211319,25.20751953125
211442,27.89306640625
211464,28.25927734375
211480,46.69189453125
211492,50.1708984375
211530,82.09228515625
211550,35.2783203125
211581,61.4013671875
211599,51.26953125
211612,30.70068359375
211625,30.70068359375
211645,31.06689453125
211664,29.052734375
211687,35.33935546875
211709,34.11865234375
211739,33.75244140625
211753,38.75732421875
211779,41.6259765625
211803,40.83251953125
211838,32.04345703125
211850,35.94970703125
211897,25.2685546875
211948,40.46630859375
211984,26.9775390625
212215,26.06201171875
212440,27.64892578125
212510,25.69580078125
214084,27.16064453125
220016,25.146484375
222784,25.146484375
223798,26.3671875
226862,25.0244140625
228314,25.69580078125
311078,28.9306640625
311103,37.353515625
311120,30.1513671875
311144,25.146484375
311172,41.259765625
311189,39.1845703125
311221,32.470703125
311252,74.89013671875
311295,35.5224609375
311322,32.958984375
311349,49.13330078125
311363,29.9072265625
311390,43.15185546875
311417,48.4619140625
311442,26.18408203125
311464,31.79931640625
311483,37.04833984375
311504,31.55517578125
311531,28.99169921875
311567,25.57373046875
311593,27.03857421875
311738,26.91650390625
312097,25.5126953125
312358,26.123046875
312921,25.57373046875
320610,28.076171875
355717,25.390625
355762,30.82275390625
355797,39.36767578125
355813,35.7666015625
355838,31.67724609375
355863,52.734375
355875,46.08154296875
355901,52.91748046875
355922,40.283203125
355937,43.27392578125
355952,56.640625
355969,31.8603515625
355994,47.9736328125
356010,37.353515625
356021,40.71044921875
356041,27.9541015625
356080,37.04833984375
356092,39.73388671875
356113,35.09521484375
356142,52.06298828125
356173,37.59765625
356190,38.39111328125
356220,33.02001953125
356239,40.771484375
356262,30.70068359375
356282,33.87451171875
356328,36.31591796875
356361,30.3955078125
356614,28.3203125
356737,25.93994140625
356969,28.6865234375
357100,25.32958984375
357525,27.587890625
365935,26.30615234375
394154,28.50341796875
394193,27.9541015625
394223,37.29248046875
394254,26.42822265625
394269,38.57421875
394304,51.8798828125
394320,39.48974609375
394337,32.5927734375
394350,45.654296875
394373,35.888671875
394393,37.78076171875
394406,27.34375
394427,33.26416015625
394440,43.51806640625
394454,28.1982421875
394477,34.912109375
394495,24.84130859375
394511,34.1796875
394534,43.27392578125
394549,56.5185546875
394559,32.04345703125
394582,25.32958984375
394614,40.34423828125
394627,28.80859375
394643,32.2265625
394670,46.32568359375
394681,31.18896484375
394705,29.4189453125
394748,31.982421875
394775,36.9873046875
394853,31.8603515625
395005,26.4892578125
395303,31.73828125
395379,25.146484375
395555,24.90234375
406261,25.69580078125
446724,25.08544921875
446756,25.08544921875
446808,26.2451171875
446851,30.33447265625
446958,30.517578125
446994,29.052734375
447031,28.01513671875
447062,27.587890625
447077,32.5927734375
447098,47.42431640625
447125,29.47998046875
447137,62.07275390625
447148,37.59765625
447158,24.658203125
447173,42.90771484375
447223,24.84130859375
447238,28.25927734375
447258,26.4892578125
447288,35.70556640625
447309,43.64013671875
447319,30.517578125
447339,26.42822265625
447362,42.236328125
447379,41.50390625
447434,31.92138671875
447476,24.7802734375
447566,25.08544921875
447623,30.09033203125
447717,26.18408203125
448017,28.62548828125
523946,31.92138671875
524037,33.0810546875
526267,27.40478515625
559757,29.72412109375
867202,27.83203125
869860,35.70556640625
869924,32.53173828125
876818,32.53173828125
1380375,25.5126953125
1550685,26.79443359375
1688372,26.9775390625
1898266,26.67236328125
1951669,27.89306640625
1951682,24.96337890625
1951698,43.3349609375
1951719,34.97314453125
1951734,59.4482421875
1951758,52.3681640625
1951769,34.24072265625
1951793,50.537109375
1951808,26.18408203125
1951832,50.72021484375
1951847,54.50439453125
1951882,42.41943359375
1951911,32.470703125
1951928,42.66357421875
1951954,33.203125
1951977,26.7333984375
1951996,31.8603515625
1952027,34.11865234375
1952044,29.541015625
1952069,34.24072265625
1952120,25.2685546875
1952196,24.7802734375
1952308,26.2451171875
1952375,29.6630859375
1953033,29.60205078125
1953987,25.390625
1962002,24.71923828125
1963355,26.123046875
1963698,25.93994140625
1964005,32.28759765625
1964095,25.146484375
1969225,25.2685546875
1976392,29.96826171875
2207016,29.1748046875
2207048,24.84130859375
2207112,25.57373046875
2207139,46.69189453125
2207159,45.2880859375
2207174,27.28271484375
2207189,45.71533203125
2207203,47.79052734375
2207227,39.00146484375
2207242,33.50830078125
2207271,32.16552734375
2207281,43.51806640625
2207307,41.19873046875
2207329,26.0009765625
2207342,38.87939453125
2207366,33.50830078125
2207385,26.9775390625
2207398,29.296875
2207418,39.00146484375
2207439,35.33935546875
2207468,30.8837890625
2207506,28.3203125
2207527,31.8603515625
2207682,34.97314453125
2207768,26.30615234375
2207913,26.611328125
2208075,25.08544921875
2208304,26.4892578125
2208978,24.84130859375
2209344,26.3671875
2209877,24.90234375
2215890,25.69580078125
2216222,26.9775390625
2219180,25.08544921875
2231939,27.64892578125
2256091,24.90234375
2256104,28.62548828125
2256127,29.9072265625
2256147,36.80419921875
2256167,43.701171875
2256192,40.4052734375
2256210,61.6455078125
2256242,39.4287109375
2256262,34.85107421875
2256297,36.92626953125
2256320,30.2734375
2256341,43.39599609375
2256359,36.376953125
2256389,36.0107421875
2256409,37.9638671875
2256428,38.39111328125
2256459,26.7333984375
2256478,33.447265625
2256498,27.77099609375
2256511,31.982421875
2256528,31.25
2256558,27.16064453125
2256591,27.2216796875
2256663,40.71044921875
2256822,27.34375
2256877,27.52685546875
2256987,24.71923828125
2257093,26.79443359375
2257666,25.45166015625
2264872,26.18408203125
2275711,25.32958984375
2288456,29.11376953125
2288531,38.51318359375
2288553,26.79443359375
2288587,50.59814453125
2288622,50.23193359375
2288649,71.59423828125
2288683,61.03515625
2288705,33.8134765625
2288734,44.98291015625
2288748,34.60693359375
2288771,36.31591796875
2288782,25.5126953125
2288802,25.69580078125
2288812,33.87451171875
2288824,52.1240234375
2288862,33.50830078125
2288873,34.912109375
2288900,30.94482421875
2288919,26.67236328125
2288940,31.55517578125
2288963,26.4892578125
2289000,40.4052734375
2289026,26.3671875
2289050,29.60205078125
2289156,26.85546875
2289224,33.26416015625
2289289,33.447265625
2289356,26.7333984375
2289441,26.4892578125
2290202,26.06201171875
2290296,24.96337890625
2290316,24.71923828125
2290766,28.99169921875
2291299,27.77099609375
2294452,28.1982421875
2296485,25.2685546875
2297420,25.2685546875
2329677,26.611328125
2329694,32.958984375
2329724,32.04345703125
2329738,33.87451171875
2329770,48.03466796875
2329783,61.6455078125
2329819,59.08203125
2329829,44.7998046875
2329841,41.56494140625
2329868,30.517578125
2329905,42.8466796875
2329915,30.45654296875
2329931,24.7802734375
2329949,27.587890625
2329978,31.67724609375
2330000,30.029296875
2330011,26.7333984375
2330036,38.51318359375
2330083,24.96337890625
2330106,40.52734375
2330146,30.57861328125
2330228,27.9541015625
2330268,26.79443359375
2330490,26.85546875
2330502,28.86962890625
2330628,26.4892578125
2330714,27.03857421875
2330953,27.16064453125
2332235,30.94482421875
2383452,37.90283203125
2383485,43.701171875
2383516,36.92626953125
2383530,56.45751953125
2383565,31.79931640625
2383578,26.06201171875
2383597,44.189453125
2383609,63.90380859375
2383631,51.1474609375
2383657,39.00146484375
2383681,45.166015625
2383693,29.23583984375
2383710,37.53662109375
2383740,46.69189453125
2383776,36.92626953125
2383791,26.0009765625
2383831,31.31103515625
2383846,33.447265625
2383864,26.67236328125
2383895,26.7333984375
2383924,30.6396484375
2383941,28.01513671875
2384006,32.1044921875
2384050,26.611328125
2384068,34.48486328125
2384467,26.67236328125
2390156,25.57373046875
2440031,25.634765625
2440086,27.89306640625
2440139,27.52685546875
2440168,27.83203125
2440204,43.51806640625
2440248,58.7158203125
2440276,69.9462890625
2440290,28.62548828125
2440316,26.79443359375
2440338,40.6494140625
2440350,43.45703125
2440378,29.47998046875
2440396,44.677734375
2440406,28.86962890625
2440427,27.03857421875
2440476,34.912109375
2440488,37.17041015625
2440509,30.2734375
2440519,27.099609375
2440538,29.72412109375
2440562,28.9306640625
2440586,27.89306640625
2440603,34.48486328125
2440646,33.0810546875
2440699,27.83203125
2487688,34.7900390625
2487739,30.76171875
2487753,36.43798828125
2487795,27.64892578125
2487824,41.44287109375
2487844,50.6591796875
2487857,46.69189453125
2487889,54.931640625
2487901,42.17529296875
2487924,34.97314453125
2487937,29.72412109375
2487952,52.978515625
2487968,38.57421875
2487997,38.330078125
2488026,37.65869140625
2488050,28.564453125
2488063,28.50341796875
2488115,40.34423828125
2488125,31.8603515625
2488155,34.912109375
2488175,28.86962890625
2488196,29.4189453125
2488219,27.28271484375
2488234,26.0009765625
2488268,25.08544921875
2488581,28.62548828125
2513558,26.0009765625
2513568,28.076171875
2513731,26.91650390625
2513754,26.79443359375
2513769,25.32958984375
2513810,27.4658203125
2513843,32.1044921875
2513858,32.40966796875
2513878,32.65380859375
2513895,32.89794921875
2513911,33.8134765625
2513935,39.85595703125
2513955,55.84716796875
2513980,27.28271484375
2514001,24.7802734375
2514027,38.26904296875
2514041,28.9306640625
2514061,44.677734375
2514087,34.72900390625
2514106,33.203125
2514149,47.54638671875
2514183,39.00146484375
2514202,26.0009765625
2514218,37.109375
2514240,39.9169921875
2514251,26.9775390625
2514262,25.7568359375
2514279,33.203125
2514308,41.50390625
2514346,25.81787109375
2514406,28.1982421875
2514452,28.9306640625
2514542,26.06201171875
2603915,27.52685546875
2609152,26.3671875
2609303,24.71923828125
2609386,31.67724609375
2609439,30.33447265625
2609480,37.353515625
2609504,29.9072265625
2609530,43.8232421875
2609553,28.4423828125
2609579,25.7568359375
2609599,27.03857421875
2609611,41.50390625
2609624,33.99658203125
2609652,57.67822265625
2609673,50.59814453125
2609686,33.14208984375
2609704,34.72900390625
2609714,50.4150390625
2609741,28.1982421875
2609778,33.38623046875
2609800,36.56005859375
2609811,57.06787109375
2609829,38.75732421875
2609862,30.76171875
2609882,33.3251953125
2609924,30.82275390625
2609948,31.494140625
2610014,32.04345703125
2610145,25.2685546875
2610511,25.7568359375
3365938,26.4892578125
3936722,26.0009765625
3936759,26.18408203125
3936805,38.75732421875
3936836,32.04345703125
3936866,31.1279296875
3936879,35.15625
3936925,43.8232421875
3936939,55.60302734375
3936956,34.11865234375
3936982,43.9453125
3936997,59.6923828125
3937021,28.62548828125
3937037,35.46142578125
3937051,30.33447265625
3937083,43.15185546875
3937101,42.8466796875
3937127,28.74755859375
3937143,31.1279296875
3937195,37.29248046875
3937213,34.24072265625
3937265,33.63037109375
3937390,25.20751953125
3937637,26.06201171875
3937723,31.005859375
3938120,28.38134765625
3947741,26.55029296875
3948120,26.79443359375
3948457,26.79443359375
3950222,24.84130859375
3953744,27.587890625
4373978,25.93994140625
4395163,25.57373046875
4467430,25.0244140625
4669763,29.72412109375
4669846,33.447265625
4669884,38.6962890625
4669894,31.92138671875
4669920,39.85595703125
4669944,75.62255859375
4669968,63.5986328125
4669997,57.06787109375
4670007,39.0625
4670024,35.5224609375
4670035,30.94482421875
4670080,26.7333984375
4670118,34.423828125
4670147,59.50927734375
4670181,24.658203125
4670194,28.1982421875
4670224,36.4990234375
4670253,31.8603515625
4670283,30.517578125
4670308,31.55517578125
4670386,28.86962890625
4670409,34.36279296875
4670463,28.74755859375
4670596,27.03857421875
4670746,26.2451171875
4671204,26.2451171875
4676797,26.0009765625
4683223,25.57373046875
4690827,25.57373046875
