7799001,0
33757,20.08056640625
33898,24.2919921875
33951,19.34814453125
33974,22.52197265625
33995,27.16064453125
34011,81.60400390625
34036,46.7529296875
34059,166.93115234375
34085,81.4208984375
34099,83.8623046875
34120,52.490234375
34136,110.107421875
34154,19.22607421875
34170,60.48583984375
34182,19.287109375
34197,45.654296875
34218,33.14208984375
34240,49.62158203125
34264,40.46630859375
34277,41.07666015625
34296,77.94189453125
34317,52.734375
34343,49.4384765625
34369,64.8193359375
34416,45.22705078125
34489,25.2685546875
34500,27.03857421875
34535,38.39111328125
34566,32.71484375
34593,38.39111328125
34620,23.62060546875
34651,19.775390625
34695,38.87939453125
34844,19.83642578125
34895,23.62060546875
34963,20.99609375
35039,19.34814453125
37479,27.4658203125
37638,23.8037109375
38415,22.88818359375
41894,20.1416015625
43048,29.6630859375
43392,26.4892578125
43658,24.84130859375
43959,22.94921875
44032,20.99609375
44157,21.05712890625
44488,33.02001953125
44507,19.95849609375
44821,23.37646484375
44831,24.35302734375
44968,26.30615234375
44996,23.92578125
45053,19.1650390625
45073,36.2548828125
45106,36.4990234375
45123,33.99658203125
45144,21.484375
45170,46.69189453125
45194,22.27783203125
45209,71.83837890625
45236,40.95458984375
45246,136.962890625
45263,95.947265625
45283,74.52392578125
45296,38.57421875
45317,29.9072265625
45334,36.07177734375
45345,58.89892578125
45373,66.95556640625
45391,40.283203125
45411,47.42431640625
45443,45.654296875
45459,46.875
45474,57.12890625
45489,36.2548828125
45500,34.85107421875
45515,27.16064453125
45536,43.27392578125
45570,33.87451171875
45606,20.1416015625
45618,58.65478515625
45637,40.52734375
45680,24.35302734375
45708,20.20263671875
45723,20.69091796875
45758,31.43310546875
45774,22.216796875
45799,31.06689453125
45819,28.38134765625
45834,21.728515625
45848,25.81787109375
45875,24.4140625
45893,27.4658203125
45919,27.64892578125
45931,29.72412109375
45959,40.22216796875
46060,24.7802734375
46107,30.1513671875
46130,28.74755859375
46171,19.59228515625
46203,25.2685546875
46239,28.3203125
46269,20.3857421875
46339,20.32470703125
46360,33.99658203125
46391,27.34375
46415,26.18408203125
46447,24.2919921875
46502,30.6396484375
46558,20.3857421875
46597,21.8505859375
46650,21.30126953125
46689,27.40478515625
46741,23.681640625
46913,21.05712890625
46974,24.47509765625
47207,23.25439453125
47291,20.32470703125
47328,21.6064453125
47358,30.45654296875
47397,27.83203125
47503,20.08056640625
47516,25.08544921875
47700,21.66748046875
47822,23.98681640625
48031,25.5126953125
48300,20.32470703125
48397,22.15576171875
48571,22.4609375
48948,25.93994140625
54483,23.25439453125
55321,24.7802734375
55858,20.01953125
57436,24.23095703125
58328,26.9775390625
59616,20.8740234375
59921,25.87890625
60875,19.775390625
62917,24.2919921875
67616,22.39990234375
70015,28.62548828125
71433,22.27783203125
72964,22.5830078125
74507,24.35302734375
76611,26.91650390625
81562,20.56884765625
81600,23.0712890625
81651,34.1796875
81661,29.6630859375
81686,35.64453125
81711,35.0341796875
81737,81.0546875
81753,77.880859375
81763,151.42822265625
81779,27.7099609375
81791,82.58056640625
81813,42.3583984375
81832,61.09619140625
81851,64.208984375
81879,42.41943359375
81890,36.9873046875
81906,38.02490234375
81922,39.24560546875
81937,28.13720703125
81957,39.97802734375
81974,36.56005859375
82005,36.0107421875
82028,52.734375
82050,30.3955078125
82084,32.28759765625
82114,45.166015625
82149,33.203125
82160,31.6162109375
82190,21.78955078125
82206,37.17041015625
82240,24.84130859375
82253,21.91162109375
82297,33.75244140625
82307,24.10888671875
82376,22.0947265625
82397,33.75244140625
82409,26.9775390625
82443,22.3388671875
82461,29.47998046875
82507,20.1416015625
82517,26.4892578125
82580,29.6630859375
82594,24.59716796875
82643,30.8837890625
82657,21.728515625
82676,24.2919921875
82693,33.447265625
82755,21.54541015625
82768,26.123046875
82808,25.634765625
82849,20.69091796875
82879,39.6728515625
82894,22.3388671875
82914,23.62060546875
82931,24.35302734375
82950,28.62548828125
82968,21.484375
82993,26.611328125
83012,23.3154296875
83079,23.25439453125
83090,20.93505859375
83133,24.0478515625
83154,31.25
83198,22.88818359375
83210,30.45654296875
83236,25.69580078125
83253,19.34814453125
83327,28.74755859375
83359,23.49853515625
83426,30.76171875
83462,20.69091796875
83504,23.37646484375
83539,20.1416015625
83560,21.66748046875
83573,28.38134765625
83648,19.287109375
83722,25.57373046875
83744,38.330078125
83858,25.2685546875
83932,36.07177734375
83943,28.25927734375
83972,21.484375
84130,24.0478515625
84155,20.44677734375
84265,26.9775390625
84282,20.3857421875
84383,35.5224609375
84397,25.57373046875
84651,28.01513671875
84713,20.93505859375
84756,21.8505859375
84895,24.23095703125
85054,21.1181640625
85184,19.4091796875
85200,20.3857421875
85283,20.8740234375
85524,23.25439453125
85685,20.08056640625
85817,21.484375
85884,23.92578125
87357,20.08056640625
88373,21.240234375
89171,23.37646484375
89259,22.76611328125
90012,24.4140625
90042,22.15576171875
90088,42.96875
90149,56.0302734375
90173,27.03857421875
90183,42.236328125
90214,28.38134765625
90229,41.9921875
90250,26.91650390625
90260,59.326171875
90301,49.25537109375
90317,57.55615234375
90330,120.9716796875
90353,43.45703125
90377,51.81884765625
90401,62.80517578125
90425,29.96826171875
90440,80.6884765625
90463,45.2880859375
90475,39.85595703125
90492,60.791015625
90513,62.31689453125
90531,43.212890625
90546,21.91162109375
90565,24.59716796875
90579,54.0771484375
90625,38.51318359375
90637,20.263671875
90655,47.7294921875
90679,28.13720703125
90698,32.04345703125
90718,46.5087890625
90736,27.9541015625
90757,43.8232421875
90781,34.24072265625
90813,28.25927734375
90825,33.02001953125
90870,29.6630859375
90890,35.15625
90914,27.9541015625
90932,27.2216796875
90944,29.60205078125
90972,24.4140625
90987,20.751953125
91016,25.7568359375
91069,28.564453125
91081,31.06689453125
91118,29.9072265625
91131,22.39990234375
91148,21.97265625
91203,21.240234375
91228,29.78515625
91262,34.48486328125
91278,21.54541015625
91411,21.3623046875
91451,29.6630859375
91595,23.62060546875
91741,28.86962890625
91755,24.4140625
91777,23.62060546875
91819,20.01953125
91839,20.6298828125
91925,28.13720703125
92164,21.05712890625
92271,37.4755859375
92371,25.0244140625
92390,32.958984375
92761,19.83642578125
92829,31.73828125
93020,23.3154296875
93319,24.5361328125
93335,24.658203125
93420,28.13720703125
93761,23.4375
94584,23.193359375
98557,21.05712890625
99569,30.33447265625
100054,19.53125
100495,23.62060546875
100636,30.33447265625
100906,19.71435546875
100924,31.3720703125
100939,37.353515625
100959,37.17041015625
100990,56.09130859375
101021,102.783203125
101031,45.95947265625
101045,124.45068359375
101063,39.9169921875
101077,32.71484375
101098,52.91748046875
101111,33.5693359375
101127,39.48974609375
101144,45.0439453125
101165,35.09521484375
101185,66.7724609375
101199,21.97265625
101215,30.70068359375
101232,46.875
101255,36.2548828125
101265,36.9873046875
101294,53.16162109375
101319,21.3623046875
101340,41.80908203125
101384,26.79443359375
101395,28.4423828125
101414,35.7666015625
101452,39.85595703125
101467,32.1044921875
101496,27.83203125
101529,23.37646484375
101548,20.08056640625
101560,22.0947265625
101582,33.3251953125
101619,30.029296875
101646,30.76171875
101691,28.38134765625
101733,21.17919921875
101773,25.81787109375
101786,21.728515625
101820,19.775390625
101833,28.564453125
101848,22.39990234375
101874,29.052734375
101895,19.6533203125
101923,23.0712890625
102015,20.56884765625
102065,39.00146484375
102141,20.1416015625
102165,19.95849609375
102176,20.20263671875
102277,19.22607421875
102309,21.05712890625
102444,24.169921875
102683,21.66748046875
102767,28.74755859375
102882,27.16064453125
103002,26.2451171875
103108,25.7568359375
103185,24.59716796875
103282,23.62060546875
103380,21.8505859375
103649,22.64404296875
103689,27.77099609375
103718,20.1416015625
103737,31.3720703125
103808,24.658203125
103897,27.03857421875
103927,26.18408203125
104081,22.03369140625
104107,29.9072265625
104288,21.8505859375
104470,22.3388671875
104488,26.91650390625
104523,30.45654296875
104590,24.4140625
104707,19.53125
105426,22.8271484375
105667,28.9306640625
106917,19.1650390625
106937,21.484375
106973,34.24072265625
106991,20.56884765625
107005,19.22607421875
107021,36.92626953125
107053,34.66796875
107071,21.8505859375
107086,22.76611328125
107115,46.20361328125
107144,63.232421875
107164,90.087890625
107184,40.22216796875
107198,33.5693359375
107215,43.02978515625
107229,54.01611328125
107243,132.99560546875
107272,52.3681640625
107293,72.44873046875
107315,31.43310546875
107329,46.7529296875
107359,76.5380859375
107383,42.41943359375
107393,33.87451171875
107406,28.25927734375
107430,50.59814453125
107448,43.02978515625
107470,32.71484375
107485,24.96337890625
107509,39.73388671875
107527,31.67724609375
107545,45.71533203125
107558,35.5224609375
107588,25.32958984375
107603,30.517578125
107638,30.3955078125
107652,27.28271484375
107691,35.33935546875
107737,37.109375
107755,28.13720703125
107770,20.81298828125
107819,25.32958984375
107835,24.2919921875
107874,24.169921875
107910,21.42333984375
107997,25.93994140625
108023,21.17919921875
108079,20.8740234375
108178,23.92578125
108249,23.3154296875
108386,21.91162109375
108493,24.59716796875
108570,19.22607421875
108928,25.146484375
109104,32.470703125
109147,20.56884765625
109532,22.5830078125
109618,30.3955078125
109975,19.22607421875
110393,19.71435546875
111082,19.71435546875
113604,19.34814453125
113614,29.96826171875
113644,37.353515625
113669,34.423828125
113692,23.25439453125
113714,36.07177734375
113735,43.45703125
113747,49.01123046875
113766,33.69140625
113777,73.66943359375
113805,65.00244140625
113836,104.4921875
113856,107.666015625
113883,60.72998046875
113898,65.36865234375
113914,52.978515625
113930,42.6025390625
113948,48.7060546875
113959,40.46630859375
113991,42.3583984375
114010,40.22216796875
114020,38.63525390625
114047,31.92138671875
114076,32.77587890625
114110,39.55078125
114135,33.38623046875
114146,38.75732421875
114177,34.5458984375
114209,22.03369140625
114247,25.87890625
114277,27.9541015625
114289,23.98681640625
114327,28.1982421875
114372,19.8974609375
114391,20.20263671875
114412,20.99609375
114422,21.42333984375
114462,38.14697265625
114509,23.62060546875
114582,21.728515625
114658,21.66748046875
114728,20.08056640625
114777,28.3203125
114821,19.95849609375
114884,19.47021484375
114896,20.99609375
115120,30.21240234375
115488,20.8740234375
115724,23.92578125
115744,22.03369140625
115881,19.4091796875
115998,23.49853515625
116103,19.53125
116208,33.0810546875
116298,19.83642578125
116613,22.76611328125
116986,20.93505859375
117189,26.123046875
120642,20.32470703125
122149,35.82763671875
122161,32.28759765625
122171,23.5595703125
122189,55.96923828125
122225,124.93896484375
122236,64.8193359375
122257,82.3974609375
122269,92.041015625
122282,34.7900390625
122296,46.38671875
122308,55.5419921875
122330,60.9130859375
122343,64.14794921875
122358,42.17529296875
122375,66.71142578125
122406,42.41943359375
122434,75.0732421875
122452,36.4990234375
122475,30.94482421875
122508,41.93115234375
122524,31.79931640625
122544,47.66845703125
122571,26.91650390625
122608,40.46630859375
122628,28.99169921875
122655,28.50341796875
122680,31.43310546875
122716,32.16552734375
122735,19.287109375
122762,27.03857421875
122776,25.5126953125
122793,20.3857421875
122829,23.4375
122844,27.77099609375
122876,19.1650390625
122924,31.79931640625
122963,20.751953125
122985,22.15576171875
123029,28.86962890625
123065,34.97314453125
123078,21.8505859375
123287,20.3857421875
123325,36.80419921875
123341,27.03857421875
123421,31.982421875
123680,20.263671875
123766,26.06201171875
123847,27.40478515625
123929,27.40478515625
123973,19.1650390625
124292,20.08056640625
124380,22.27783203125
124409,22.8271484375
124592,20.99609375
124956,21.05712890625
125032,21.97265625
125423,19.34814453125
127023,20.751953125
129137,23.5595703125
130793,25.634765625
130906,21.91162109375
130934,40.0390625
130962,39.1845703125
130990,69.88525390625
131006,122.314453125
131016,72.265625
131035,52.79541015625
131055,37.17041015625
131069,88.19580078125
131084,55.2978515625
131106,71.044921875
131132,53.16162109375
131158,62.744140625
131199,47.66845703125
131217,34.72900390625
131228,23.98681640625
131254,37.2314453125
131266,21.1181640625
131284,42.1142578125
131306,24.71923828125
131325,29.78515625
131336,29.1748046875
131361,32.8369140625
131380,19.4091796875
131400,53.8330078125
131417,27.64892578125
131437,29.84619140625
131477,22.0947265625
131490,25.87890625
131522,24.2919921875
131558,28.564453125
131574,29.78515625
131599,23.681640625
131620,21.66748046875
131700,25.45166015625
131728,25.7568359375
131921,19.71435546875
131974,19.22607421875
131995,19.34814453125
132050,24.96337890625
132220,19.4091796875
132271,20.6298828125
132301,23.681640625
132713,20.8740234375
132792,24.658203125
133035,19.1650390625
133106,22.52197265625
133270,24.2919921875
133367,27.52685546875
133494,20.20263671875
133695,26.79443359375
133850,22.52197265625
133990,27.03857421875
134547,21.17919921875
135816,20.6298828125
137769,23.25439453125
138589,22.88818359375
139880,29.9072265625
139896,39.36767578125
139919,34.5458984375
139945,51.3916015625
139959,105.3466796875
139990,71.4111328125
140000,24.0478515625
140018,107.36083984375
140030,27.34375
140045,38.75732421875
140067,60.1806640625
140080,60.24169921875
140100,27.83203125
140115,60.791015625
140157,33.14208984375
140168,47.36328125
140190,33.14208984375
140205,23.5595703125
140220,48.2177734375
140231,32.04345703125
140245,35.5224609375
140287,30.8837890625
140306,48.583984375
140331,32.53173828125
140346,20.20263671875
140372,20.751953125
140387,30.8837890625
140402,19.6533203125
140425,25.45166015625
140448,19.287109375
140474,20.3857421875
140486,20.20263671875
140522,20.01953125
140552,20.8740234375
140585,24.47509765625
140616,31.73828125
140656,20.81298828125
140701,27.52685546875
140713,20.8740234375
140755,21.6064453125
140790,26.79443359375
140820,26.0009765625
141026,22.15576171875
141151,29.11376953125
141556,20.6298828125
141658,27.40478515625
141779,29.60205078125
141925,23.74267578125
142123,24.5361328125
142467,24.4140625
142477,26.91650390625
142571,25.146484375
142719,21.05712890625
142839,20.6298828125
143182,26.85546875
143472,19.34814453125
143936,26.9775390625
144516,20.69091796875
147859,22.64404296875
148480,22.52197265625
149219,36.31591796875
149237,46.93603515625
149273,52.24609375
149300,119.873046875
149315,47.9736328125
149327,53.22265625
149346,102.4169921875
149369,120.4833984375
149405,51.81884765625
149422,60.60791015625
149440,44.61669921875
149456,48.76708984375
149466,30.8837890625
149478,33.203125
149506,71.71630859375
149537,38.02490234375
149551,28.01513671875
149577,57.31201171875
149592,19.53125
149603,24.5361328125
149627,31.43310546875
149652,28.01513671875
149663,28.80859375
149687,23.49853515625
149699,20.44677734375
149714,27.83203125
149734,26.30615234375
149768,38.330078125
149796,20.08056640625
149859,22.15576171875
149883,31.982421875
149929,24.59716796875
149956,25.87890625
150051,22.705078125
150137,22.94921875
150289,26.30615234375
150418,21.3623046875
150493,19.1650390625
150759,19.287109375
151085,21.3623046875
151149,20.56884765625
151239,20.01953125
151332,19.71435546875
151657,25.390625
151736,30.70068359375
151948,19.83642578125
152040,30.45654296875
152387,20.56884765625
152403,19.6533203125
152671,19.1650390625
152983,20.08056640625
156280,22.52197265625
158640,21.3623046875
158669,25.7568359375
158694,47.79052734375
158704,65.4296875
158728,45.166015625
158747,111.02294921875
158765,44.86083984375
158795,77.0263671875
158806,45.95947265625
158817,83.67919921875
158845,78.369140625
158858,68.29833984375
158880,65.24658203125
158901,33.69140625
158912,61.09619140625
158947,61.4013671875
158962,29.35791015625
158983,51.26953125
159015,26.18408203125
159035,23.681640625
159051,42.1142578125
159080,25.634765625
159094,23.13232421875
159122,27.2216796875
159137,45.8984375
159159,30.2734375
159181,28.74755859375
159245,31.79931640625
159264,20.93505859375
159296,31.43310546875
159339,22.76611328125
159354,24.0478515625
159394,25.5126953125
159410,19.95849609375
159424,29.72412109375
159502,19.34814453125
159553,19.53125
159659,23.13232421875
159741,24.71923828125
159848,22.39990234375
159911,23.13232421875
160016,21.17919921875
160212,23.681640625
160355,25.390625
160510,20.3857421875
160647,20.8740234375
160671,24.4140625
161036,22.0947265625
161107,19.6533203125
161304,31.25
161338,21.728515625
161738,21.6064453125
162258,21.91162109375
168114,23.5595703125
168603,22.8271484375
168622,32.16552734375
168656,59.26513671875
168689,122.55859375
168709,84.89990234375
168740,63.232421875
168758,84.47265625
168782,43.88427734375
168796,21.91162109375
168818,70.12939453125
168843,51.45263671875
168853,35.33935546875
168872,34.0576171875
168890,56.45751953125
168918,34.5458984375
168928,27.16064453125
168938,23.5595703125
168965,40.71044921875
168997,40.283203125
169048,26.91650390625
169078,40.95458984375
169089,30.1513671875
169115,29.35791015625
169136,23.98681640625
169160,26.0009765625
169221,22.03369140625
169233,25.2685546875
169262,19.4091796875
169290,21.728515625
169328,22.27783203125
169414,20.32470703125
170513,20.44677734375
170532,23.74267578125
170564,22.8271484375
170865,25.7568359375
171306,19.95849609375
171536,26.7333984375
172207,21.91162109375
172399,20.56884765625
180489,20.263671875
180644,23.62060546875
180667,32.71484375
180679,50.78125
180716,59.5703125
180738,129.94384765625
180753,69.9462890625
180774,86.48681640625
180785,85.87646484375
180807,84.28955078125
180833,53.40576171875
180843,65.12451171875
180863,28.50341796875
180887,57.12890625
180912,47.2412109375
180925,50.84228515625
180943,27.89306640625
180966,37.65869140625
180980,24.84130859375
180990,40.95458984375
181019,24.23095703125
181034,24.35302734375
181049,20.5078125
181069,40.8935546875
181090,26.611328125
181127,23.62060546875
181145,31.55517578125
181176,23.193359375
181200,19.59228515625
181224,25.5126953125
181245,24.658203125
181272,20.56884765625
181309,21.728515625
181336,19.95849609375
181374,22.15576171875
181479,24.4140625
181491,26.2451171875
181715,23.13232421875
181979,24.4140625
182481,27.4658203125
182731,23.8037109375
183229,26.67236328125
183569,24.59716796875
183747,25.32958984375
184024,23.98681640625
184669,27.89306640625
184998,20.56884765625
185303,19.95849609375
192565,20.69091796875
192578,20.6298828125
192601,37.2314453125
192617,29.296875
192643,86.9140625
192660,128.662109375
192695,85.3271484375
192705,103.57666015625
192720,120.1171875
192753,45.2880859375
192768,51.3916015625
192789,40.34423828125
192802,36.68212890625
192841,41.07666015625
192853,38.14697265625
192874,36.0107421875
192891,34.5458984375
192905,21.1181640625
192916,23.0712890625
192929,42.724609375
192948,31.55517578125
192968,47.9736328125
192999,39.97802734375
193031,32.958984375
193050,24.0478515625
193067,24.10888671875
193091,19.95849609375
193107,21.6064453125
193127,20.6298828125
193163,31.005859375
193203,21.78955078125
193213,22.64404296875
193293,24.658203125
194050,24.658203125
194333,20.93505859375
194542,19.6533203125
194624,25.93994140625
194785,26.42822265625
194820,20.44677734375
194962,23.37646484375
195486,31.43310546875
195837,24.658203125
196391,23.193359375
203981,22.94921875
203996,19.6533203125
204017,25.20751953125
204027,32.3486328125
204060,38.87939453125
204084,73.18115234375
204102,112.6708984375
204120,79.58984375
204140,66.162109375
204160,107.48291015625
204183,82.1533203125
204199,70.98388671875
204231,44.73876953125
204243,50.96435546875
204267,43.76220703125
204304,27.89306640625
204319,43.0908203125
204347,46.142578125
204371,31.55517578125
204389,27.77099609375
204420,37.41455078125
204451,20.44677734375
204461,35.46142578125
204477,20.751953125
204496,35.33935546875
204521,28.50341796875
204564,24.7802734375
204583,20.01953125
204647,21.05712890625
204666,26.55029296875
204750,19.775390625
205079,19.47021484375
205729,25.57373046875
206121,22.15576171875
206254,26.06201171875
206388,22.88818359375
206438,27.83203125
206630,20.8740234375
206671,19.53125
206895,21.728515625
207242,26.611328125
207677,24.658203125
208066,21.78955078125
215479,21.6064453125
216142,26.55029296875
216164,31.31103515625
216199,50.4150390625
216216,37.90283203125
216231,46.93603515625
216250,62.255859375
216278,45.0439453125
216294,91.12548828125
216324,98.0224609375
216348,35.82763671875
216370,68.54248046875
216380,66.2841796875
216419,59.26513671875
216434,49.25537109375
216455,22.27783203125
216472,34.24072265625
216494,38.57421875
216507,20.20263671875
216524,29.72412109375
216542,26.123046875
216558,20.99609375
216586,25.390625
216598,32.28759765625
216622,25.146484375
216653,21.42333984375
216679,25.390625
216720,34.36279296875
216740,38.0859375
216787,24.47509765625
216821,21.728515625
216889,23.681640625
217074,20.3857421875
217171,21.91162109375
217539,19.1650390625
217835,19.53125
217940,19.6533203125
217950,20.44677734375
218010,26.611328125
218463,19.287109375
218510,19.83642578125
218546,19.4091796875
218614,27.77099609375
218772,21.484375
219048,22.76611328125
219214,19.47021484375
219363,22.5830078125
220049,28.4423828125
228321,20.20263671875
229767,27.34375
229789,21.30126953125
229817,56.640625
229837,28.564453125
229848,46.630859375
229872,95.39794921875
229886,34.912109375
229907,106.01806640625
229935,40.283203125
229959,77.45361328125
229983,34.7900390625
230003,34.48486328125
230023,40.58837890625
230054,48.583984375
230075,44.98291015625
230094,44.3115234375
230112,50.537109375
230133,28.01513671875
230150,23.01025390625
230164,21.91162109375
230179,19.6533203125
230194,27.83203125
230212,23.74267578125
230225,33.87451171875
230245,30.3955078125
230272,20.20263671875
230313,22.76611328125
230376,22.76611328125
230417,25.57373046875
230574,19.1650390625
230609,19.8974609375
231037,22.52197265625
231582,25.32958984375
231915,25.87890625
232108,21.42333984375
232118,24.59716796875
232146,19.6533203125
232224,23.5595703125
232285,24.90234375
232663,23.25439453125
232997,27.03857421875
233725,22.15576171875
244056,22.52197265625
244081,23.86474609375
244105,33.0810546875
244127,77.45361328125
244146,27.4658203125
244158,47.119140625
244186,92.1630859375
244202,107.36083984375
244227,99.12109375
244243,53.16162109375
244269,38.4521484375
244286,54.3212890625
244306,23.86474609375
244318,42.17529296875
244339,46.69189453125
244354,41.80908203125
244373,26.79443359375
244384,25.08544921875
244395,34.0576171875
244431,36.2548828125
244458,37.841796875
244473,35.94970703125
244494,46.32568359375
244529,19.95849609375
244568,20.99609375
244600,33.447265625
244642,26.2451171875
244668,20.5078125
244763,24.96337890625
244851,21.240234375
244937,23.86474609375
245753,19.59228515625
246626,20.263671875
246678,20.263671875
246792,22.64404296875
247112,27.89306640625
257282,19.53125
257320,28.4423828125
257338,26.85546875
257355,31.8603515625
257367,59.6923828125
257413,82.6416015625
257428,57.18994140625
257454,53.5888671875
257477,68.9697265625
257491,32.8369140625
257514,38.39111328125
257544,55.23681640625
257575,62.43896484375
257588,46.9970703125
257612,39.794921875
257625,43.88427734375
257652,63.1103515625
257684,46.142578125
257699,28.3203125
257717,21.78955078125
257731,33.14208984375
257755,28.564453125
257783,22.3388671875
257797,26.7333984375
257808,24.5361328125
257825,27.587890625
257851,27.83203125
257895,20.5078125
257924,19.1650390625
257941,27.34375
258686,19.775390625
258796,26.123046875
259887,21.97265625
260296,20.263671875
260526,27.40478515625
277635,20.99609375
277664,35.400390625
277677,45.95947265625
277709,45.10498046875
277735,57.67822265625
277761,71.83837890625
277792,83.19091796875
277805,51.513671875
277817,84.77783203125
277855,49.13330078125
277886,64.27001953125
277923,62.3779296875
277946,65.49072265625
277962,57.55615234375
277980,60.6689453125
278003,47.79052734375
278030,37.353515625
278061,37.17041015625
278074,37.53662109375
278100,35.46142578125
278117,23.37646484375
278132,31.06689453125
278154,24.90234375
278183,28.564453125
278195,19.71435546875
278236,34.24072265625
278265,27.7099609375
278399,20.8740234375
278518,19.287109375
278690,19.8974609375
279121,23.37646484375
279720,25.390625
279780,28.25927734375
279854,20.99609375
280100,22.705078125
280202,27.64892578125
280215,20.8740234375
280590,20.01953125
292600,19.287109375
292640,19.53125
292650,44.12841796875
292667,31.43310546875
292690,21.30126953125
292712,69.64111328125
292736,36.0107421875
292758,71.4111328125
292773,109.55810546875
292802,82.58056640625
292813,30.09033203125
292829,85.87646484375
292847,68.54248046875
292872,117.49267578125
292887,60.546875
292907,48.27880859375
292936,52.734375
292959,52.91748046875
292986,21.05712890625
293005,33.203125
293019,44.61669921875
293037,29.47998046875
293057,33.0810546875
293070,36.80419921875
293102,37.4755859375
293117,27.587890625
293139,39.36767578125
293155,22.39990234375
293184,29.23583984375
293220,20.751953125
293232,23.01025390625
293315,20.8740234375
293336,26.67236328125
293393,22.52197265625
293747,22.705078125
294074,21.8505859375
294565,23.8037109375
295020,19.53125
295720,21.484375
307898,25.32958984375
307917,22.52197265625
307935,25.634765625
307975,56.884765625
308015,53.955078125
308029,59.26513671875
308039,19.4091796875
308062,76.904296875
308086,44.12841796875
308103,48.583984375
308121,104.06494140625
308144,80.87158203125
308166,112.1826171875
308191,65.12451171875
308204,40.4052734375
308243,60.97412109375
308253,41.44287109375
308266,44.37255859375
308283,44.3115234375
308307,39.24560546875
308317,20.5078125
308328,27.587890625
308347,27.9541015625
308370,29.052734375
308388,19.83642578125
308412,22.27783203125
308439,21.97265625
308461,27.64892578125
308490,29.35791015625
308509,24.47509765625
309882,20.01953125
310291,22.15576171875
310679,19.287109375
326103,20.01953125
326131,28.62548828125
326151,23.681640625
326175,44.43359375
326187,20.263671875
326204,40.4052734375
326231,55.0537109375
326251,40.10009765625
326270,58.41064453125
326280,61.1572265625
326299,128.173828125
326323,54.8095703125
326342,76.66015625
326372,30.45654296875
326387,61.5234375
326416,44.61669921875
326428,33.14208984375
326441,69.2138671875
326489,40.6494140625
326519,43.64013671875
326530,23.4375
326548,24.23095703125
326573,25.634765625
326600,21.484375
326614,30.2734375
326687,29.052734375
326713,23.0712890625
326787,28.13720703125
326973,21.91162109375
327031,20.44677734375
327190,20.44677734375
327698,23.8037109375
329609,20.81298828125
679730,22.15576171875
913105,21.17919921875
913125,98.69384765625
913155,59.02099609375
913177,113.58642578125
913202,59.99755859375
913218,67.44384765625
913237,49.13330078125
913257,26.123046875
913267,51.20849609375
913282,29.35791015625
913312,54.19921875
913323,55.908203125
913334,21.97265625
913358,60.11962890625
913375,39.36767578125
913389,50.048828125
913404,25.57373046875
913419,71.83837890625
913456,67.0166015625
913468,43.212890625
913487,54.8095703125
913506,61.46240234375
913534,33.50830078125
913550,24.0478515625
913572,22.03369140625
913599,34.423828125
913611,24.7802734375
913650,31.06689453125
913687,26.4892578125
913715,38.39111328125
913726,19.4091796875
913769,20.56884765625
913790,27.40478515625
913951,20.08056640625
914064,20.1416015625
914162,20.01953125
914180,19.71435546875
916848,29.296875
917163,21.91162109375
923288,21.78955078125
923963,22.705078125
924323,19.34814453125
924476,21.6064453125
924870,20.69091796875
925017,20.3857421875
927374,20.3857421875
927816,24.96337890625
928671,25.08544921875
929591,21.97265625
930438,20.56884765625
930532,26.2451171875
931310,19.287109375
932348,22.4609375
936780,19.22607421875
953830,23.62060546875
1038902,23.86474609375
1038933,36.43798828125
1038948,32.5927734375
1038964,39.61181640625
1038991,32.5927734375
1039001,122.25341796875
1039034,51.8798828125
1039055,54.99267578125
1039073,66.650390625
1039096,62.68310546875
1039112,24.47509765625
1039123,25.87890625
1039135,41.6870117187501
1039156,51.08642578125
1039193,57.373046875
1039214,30.94482421875
1039235,59.4482421875
1039254,38.51318359375
1039265,31.3720703125
1039294,49.1943359375
1039305,57.6171875
1039326,44.00634765625
1039353,49.13330078125
1039370,40.6494140625
1039387,48.52294921875
1039421,21.240234375
1039506,21.91162109375
1039545,20.08056640625
1039582,22.94921875
1039640,30.94482421875
1039675,21.78955078125
1039814,19.6533203125
1039853,19.53125
1039902,20.8740234375
1039932,21.6064453125
1042128,24.23095703125
1042343,28.4423828125
1045890,26.91650390625
1046977,20.1416015625
1048762,26.7333984375
1048772,22.03369140625
1049060,24.10888671875
1049220,21.240234375
1049282,20.44677734375
1049428,23.92578125
1049744,24.5361328125
1050785,22.76611328125
1051282,21.78955078125
1052856,31.31103515625
1052984,24.0478515625
1062813,21.78955078125
1122412,20.56884765625
1122457,22.0947265625
1122485,20.20263671875
1122512,41.6259765625
1122522,49.6826171875
1122532,75.50048828125
1122565,189.453125
1122579,28.25927734375
1122605,92.71240234375
1122619,43.76220703125
1122631,58.65478515625
1122654,59.814453125
1122669,20.751953125
1122684,36.0107421875
1122698,44.86083984375
1122720,37.04833984375
1122735,24.23095703125
1122755,52.18505859375
1122781,42.29736328125
1122799,31.494140625
1122817,29.96826171875
1122837,26.06201171875
1122852,36.1328125
1122867,45.0439453125
1122882,29.9072265625
1122894,37.59765625
1122911,19.71435546875
1122933,28.076171875
1122965,35.94970703125
1122978,32.958984375
1123000,27.64892578125
1123033,21.78955078125
1123089,22.27783203125
1123170,19.47021484375
1123243,26.18408203125
1123387,21.17919921875
1123439,23.5595703125
1123499,21.78955078125
1123520,31.43310546875
1123550,22.39990234375
1123630,19.1650390625
1123678,21.78955078125
1124201,20.08056640625
1124326,19.34814453125
1124667,29.84619140625
1124722,19.1650390625
1124863,20.1416015625
1125037,26.2451171875
1125338,19.1650390625
1125450,20.56884765625
1125484,21.54541015625
1125546,20.1416015625
1125626,20.99609375
1125882,22.64404296875
1126145,21.1181640625
1126193,22.03369140625
1126788,21.05712890625
1127531,22.0947265625
1128514,22.39990234375
1128736,31.18896484375
1128747,50.048828125
1128866,21.1181640625
1128891,45.5322265625
1128946,19.34814453125
1128973,31.3720703125
1128993,26.3671875
1129010,22.76611328125
1129051,20.01953125
1129074,28.6865234375
1129103,44.5556640625
1129123,41.56494140625
1129144,27.89306640625
1129160,36.92626953125
1129170,23.01025390625
1129193,21.54541015625
1129218,30.517578125
1129244,20.20263671875
1129256,38.9404296875
1129284,23.62060546875
1129299,25.87890625
1129325,109.375
1129372,24.84130859375
1129385,71.71630859375
1129421,23.8037109375
1129438,32.77587890625
1129464,28.62548828125
1129492,65.673828125
1129515,21.1181640625
1129529,47.9736328125
1129547,51.57470703125
1129579,32.2265625
1129602,37.9638671875
1129625,37.90283203125
1129641,28.564453125
1129690,66.95556640625
1129710,26.611328125
1129730,32.28759765625
1129750,34.423828125
1129774,31.494140625
1129793,55.6640625
1129803,22.39990234375
1129822,36.376953125
1129841,28.80859375
1129865,42.90771484375
1129908,31.3720703125
1129921,67.68798828125
1129988,33.5693359375
1130003,43.5791015625
1130018,25.2685546875
1130031,39.9169921875
1130074,24.7802734375
1130085,20.5078125
1130117,32.5927734375
1130149,23.74267578125
1130171,21.484375
1130204,23.01025390625
1130231,28.62548828125
1130254,25.146484375
1130300,28.9306640625
1130320,25.2685546875
1130345,65.24658203125
1130377,30.70068359375
1130399,25.45166015625
1130446,36.31591796875
1130503,43.64013671875
1130547,20.5078125
1130619,21.240234375
1130701,24.10888671875
1130791,30.76171875
1130837,24.96337890625
1130854,23.49853515625
1130950,29.052734375
1131005,25.20751953125
1131030,24.59716796875
1131101,24.5361328125
1131317,30.3955078125
1135932,20.93505859375
1135961,21.728515625
1136347,19.22607421875
1136806,19.83642578125
1137889,19.47021484375
1138325,20.01953125
1139302,20.32470703125
1140558,27.83203125
1142245,19.22607421875
1144245,20.01953125
1144266,19.47021484375
1145419,19.95849609375
1150888,21.3623046875
1154060,20.1416015625
1154660,24.4140625
1157026,19.1650390625
1158394,20.6298828125
1159742,20.3857421875
1160535,21.05712890625
1165664,20.3857421875
1166774,19.287109375
1169667,19.1650390625
1238678,19.6533203125
1238697,26.0009765625
1238729,23.92578125
1238748,25.2685546875
1238760,32.470703125
1238778,30.517578125
1238790,102.60009765625
1238811,191.95556640625
1238822,53.7109375
1238847,72.32666015625
1238874,71.1669921875
1238888,47.05810546875
1238910,86.42578125
1238931,74.40185546875
1238943,40.46630859375
1238959,88.0126953125
1238991,44.189453125
1239004,35.82763671875
1239030,44.677734375
1239049,31.55517578125
1239060,41.748046875
1239073,19.6533203125
1239087,47.36328125
1239111,53.03955078125
1239127,29.4189453125
1239152,58.53271484375
1239164,38.330078125
1239204,35.64453125
1239281,31.1279296875
1239309,25.45166015625
1239393,24.169921875
1239432,21.240234375
1239458,19.34814453125
1239546,22.8271484375
1239623,21.1181640625
1239638,20.01953125
1239672,19.287109375
1239965,19.47021484375
1240619,21.42333984375
1240897,19.8974609375
1241083,20.08056640625
1241657,20.751953125
1242818,22.27783203125
1242991,24.23095703125
1243518,22.03369140625
1244374,23.0712890625
1244396,20.751953125
1244597,20.99609375
1244649,25.146484375
1244722,20.69091796875
1244840,25.87890625
1244955,20.01953125
1244989,22.216796875
1245026,21.728515625
1245125,20.6298828125
1245148,31.79931640625
1245175,20.20263671875
1245187,34.11865234375
1245200,37.65869140625
1245269,24.2919921875
1245283,34.60693359375
1245319,33.75244140625
1245332,50.35400390625
1245374,35.2783203125
1245387,36.0107421875
1245442,22.39990234375
1245470,20.99609375
1245525,24.4140625
1245541,38.330078125
1245565,23.13232421875
1245599,19.22607421875
1245625,42.48046875
1245666,29.541015625
1245678,47.9736328125
1245733,21.05712890625
1245772,21.78955078125
1245792,33.75244140625
1245858,21.1181640625
1245891,28.62548828125
1245925,20.8740234375
1245951,20.6298828125
1245975,24.47509765625
1245994,33.5693359375
1246023,33.38623046875
1246039,22.4609375
1246057,19.8974609375
1246098,20.44677734375
1246191,19.34814453125
1246248,26.3671875
1246299,22.0947265625
1246314,22.39990234375
1246388,23.74267578125
1246447,20.6298828125
1246471,25.81787109375
1246497,21.17919921875
1246589,22.0947265625
1246677,23.86474609375
1246820,21.3623046875
1246915,33.38623046875
1247004,22.5830078125
1247375,20.8740234375
1251970,19.22607421875
1253883,21.6064453125
1258520,19.6533203125
1258550,23.98681640625
1260078,19.6533203125
1264086,20.20263671875
1265413,19.287109375
1268169,21.05712890625
1273262,20.751953125
1274067,20.1416015625
1276764,20.01953125
1282051,19.53125
1291177,20.08056640625
1540711,21.66748046875
1540735,19.59228515625
1540766,40.6494140625
1540779,49.37744140625
1540795,38.2080078125
1540812,104.98046875
1540833,63.90380859375
1540850,85.26611328125
1540874,36.865234375
1540897,58.349609375
1540908,36.68212890625
1540924,32.5927734375
1540934,63.720703125
1540951,62.92724609375
1540967,32.04345703125
1540981,34.48486328125
1540997,48.9501953125
1541016,40.6494140625
1541027,41.8701171875
1541050,60.24169921875
1541064,57.7392578125
1541093,44.189453125
1541108,58.04443359375
1541129,60.9130859375
1541168,41.50390625
1541208,29.4189453125
1541224,23.01025390625
1541242,19.95849609375
1541257,22.15576171875
1541324,20.751953125
1541340,19.47021484375
1541355,22.27783203125
1541384,19.4091796875
1541396,22.03369140625
1541430,20.20263671875
1541521,19.1650390625
1541559,23.5595703125
1541582,19.287109375
1541640,25.390625
1541682,21.91162109375
1544213,19.71435546875
1544431,25.32958984375
1544767,20.5078125
1550249,19.47021484375
1550744,21.05712890625
1551406,23.98681640625
1551598,26.123046875
1552150,24.658203125
1552421,19.4091796875
1552528,22.39990234375
1552575,24.84130859375
1552589,28.1982421875
1552628,23.62060546875
1552648,23.92578125
1552664,31.25
1552684,21.42333984375
1552703,42.29736328125
1552723,30.029296875
1552743,112.548828125
1552764,59.38720703125
1552778,87.158203125
1552792,71.044921875
1552815,34.7900390625
1552832,95.458984375
1552867,85.205078125
1552890,55.60302734375
1552903,50.048828125
1552921,28.50341796875
1552935,65.5517578125
1552955,38.26904296875
1552972,43.701171875
1552987,20.81298828125
1553018,36.31591796875
1553039,26.611328125
1553055,41.32080078125
1553087,37.41455078125
1553100,44.0673828125
1553125,42.54150390625
1553152,20.6298828125
1553174,40.6494140625
1553203,37.4755859375
1553223,31.79931640625
1553249,47.2412109375
1553260,29.6630859375
1553279,27.28271484375
1553332,20.6298828125
1553348,25.0244140625
1553372,20.44677734375
1553389,29.1748046875
1553442,20.751953125
1553452,23.13232421875
1553527,42.236328125
1553597,21.17919921875
1553642,19.71435546875
1553684,22.76611328125
1553715,33.5693359375
1553857,19.47021484375
1553897,30.45654296875
1553984,24.7802734375
1554008,20.44677734375
1554195,20.20263671875
1554478,27.4658203125
1554839,24.47509765625
1555045,27.2216796875
1555242,20.44677734375
1561570,24.90234375
1561903,21.3623046875
1562247,31.18896484375
1563164,19.34814453125
1563952,30.1513671875
1564044,19.34814453125
1564756,19.59228515625
1565461,21.05712890625
1566338,24.47509765625
1566765,19.34814453125
1574786,21.240234375
1577611,23.01025390625
1583468,20.1416015625
1584404,19.34814453125
1585458,20.69091796875
1591805,21.240234375
1641658,22.27783203125
1641670,26.42822265625
1641698,25.5126953125
1641720,27.7099609375
1641738,40.10009765625
1641749,43.45703125
1641768,85.51025390625
1641781,24.10888671875
1641793,101.13525390625
1641820,59.6923828125
1641832,91.064453125
1641856,114.3798828125
1641870,32.71484375
1641880,51.26953125
1641901,48.88916015625
1641912,31.67724609375
1641931,23.5595703125
1641945,31.18896484375
1641968,43.3349609375001
1641981,39.1845703125
1641998,55.2978515625
1642010,33.02001953125
1642031,45.22705078125
1642048,41.3818359375
1642063,38.39111328125
1642087,30.029296875
1642117,33.02001953125
1642132,43.15185546875
1642171,28.50341796875
1642190,22.8271484375
1642208,35.0341796875
1642223,25.45166015625
1642259,19.22607421875
1642273,25.20751953125
1642292,33.38623046875
1642309,35.15625
1642352,22.15576171875
1642372,23.25439453125
1642394,26.18408203125
1642413,19.34814453125
1642426,20.5078125
1642450,21.484375
1642472,19.22607421875
1642599,19.6533203125
1642667,23.13232421875
1642704,21.66748046875
1643446,24.4140625
1643486,24.47509765625
1643672,32.958984375
1643870,24.658203125
1643960,20.263671875
1644325,19.83642578125
1644559,21.05712890625
1644776,19.47021484375
1645017,23.681640625
1645254,24.658203125
1645306,22.76611328125
1645393,24.96337890625
1645680,21.05712890625
1646695,26.2451171875
1647876,27.28271484375
1647951,22.705078125
1647975,19.287109375
1648009,23.86474609375
1648032,26.18408203125
1648074,26.85546875
1648085,26.611328125
1648097,40.4052734375
1648127,24.47509765625
1648147,54.62646484375
1648179,48.76708984375
1648189,27.77099609375
1648210,26.7333984375
1648232,29.78515625
1648247,33.63037109375
1648278,44.12841796875
1648297,25.20751953125
1648307,36.31591796875
1648330,31.55517578125
1648345,24.84130859375
1648355,30.82275390625
1648378,111.14501953125
1648398,37.4755859375
1648424,40.83251953125
1648434,41.1376953125
1648461,29.35791015625
1648478,33.14208984375
1648504,67.2607421875
1648536,31.005859375
1648559,36.7431640625
1648587,40.1611328125
1648606,48.7060546875
1648622,23.3154296875
1648657,45.5322265625
1648672,22.27783203125
1648686,27.16064453125
1648708,21.78955078125
1648728,23.98681640625
1648743,23.25439453125
1648768,60.97412109375
1648791,22.705078125
1648806,22.03369140625
1648825,23.37646484375
1648848,37.04833984375
1648862,21.66748046875
1648894,23.4375
1648919,21.728515625
1648951,28.076171875
1648985,82.275390625
1648995,41.32080078125
1649030,25.93994140625
1649074,20.44677734375
1649118,41.259765625
1649158,20.32470703125
1649203,20.3857421875
1649241,22.27783203125
1649279,21.05712890625
1649332,25.634765625
1649376,21.8505859375
1649408,26.55029296875
1649440,33.14208984375
1649486,33.203125
1649546,26.0009765625
1649580,19.775390625
1649635,40.6494140625
1649766,34.60693359375
1649817,22.27783203125
1649882,21.54541015625
1649974,26.7333984375
1649998,22.0947265625
1654359,21.91162109375
1655328,20.81298828125
1655729,19.53125
1656625,19.95849609375
1656956,20.08056640625
1656995,26.18408203125
1657023,45.7763671875
1657053,27.9541015625
1657085,60.6689453125
1657101,71.6552734375
1657115,29.541015625
1657127,77.1484375
1657151,104.00390625
1657163,65.24658203125
1657180,60.60791015625
1657195,81.787109375
1657215,30.029296875
1657229,68.359375
1657256,41.68701171875
1657268,49.6826171875
1657284,28.3203125
1657297,44.49462890625
1657311,71.1669921875
1657340,28.74755859375
1657357,59.02099609375
1657369,20.81298828125
1657381,31.55517578125
1657395,36.43798828125
1657422,53.16162109375
1657437,30.21240234375
1657449,23.98681640625
1657469,47.54638671875
1657484,21.54541015625
1657504,44.7998046875
1657526,22.27783203125
1657537,28.01513671875
1657551,28.38134765625
1657578,27.77099609375
1657593,21.6064453125
1657603,35.7666015625
1657622,22.88818359375
1657642,32.40966796875
1657692,20.5078125
1657720,21.66748046875
1657735,25.93994140625
1657754,30.76171875
1657787,21.91162109375
1657815,29.47998046875
1657927,21.240234375
1658097,20.8740234375
1658393,20.5078125
1658757,20.3857421875
1659424,20.93505859375
1659470,19.8974609375
1659727,20.08056640625
1663732,23.98681640625
1664166,25.634765625
1664220,29.6630859375
1664242,31.18896484375
1664263,26.123046875
1664306,19.775390625
1664324,21.66748046875
1664334,24.4140625
1664345,38.87939453125
1664373,31.92138671875
1664396,44.0673828125
1664429,40.34423828125
1664447,20.5078125
1664474,46.56982421875
1664489,105.8349609375
1664509,32.16552734375
1664540,136.90185546875
1664550,62.01171875
1664562,23.86474609375
1664572,24.0478515625
1664588,117.37060546875
1664609,66.7724609375
1664631,80.56640625
1664643,21.97265625
1664659,41.1376953125
1664683,44.86083984375
1664701,45.71533203125
1664720,43.88427734375
1664743,58.77685546875
1664766,45.8984375
1664782,33.02001953125
1664811,59.2041015625
1664830,21.3623046875
1664849,24.35302734375
1664860,32.2265625
1664877,22.216796875
1664888,22.8271484375
1664912,51.45263671875
1664949,40.4052734375
1664962,42.05322265625
1664987,29.23583984375
1665021,42.41943359375
1665062,20.751953125
1665084,31.73828125
1665107,21.66748046875
1665138,45.10498046875
1665162,21.30126953125
1665178,21.240234375
1665282,26.91650390625
1665292,21.3623046875
1665341,23.49853515625
1665431,22.3388671875
1665497,25.2685546875
1665563,20.1416015625
1665752,25.32958984375
1666333,19.22607421875
1666848,20.32470703125
1667049,24.7802734375
1667604,26.3671875
1670332,25.5126953125
1672138,22.8271484375
1672161,34.5458984375
1672179,31.18896484375
1672204,29.11376953125
1672224,23.25439453125
1672244,21.17919921875
1672274,62.01171875
1672284,80.50537109375
1672297,75.0732421875
1672319,118.2861328125
1672347,54.26025390625
1672364,98.44970703125
1672377,77.63671875
1672405,57.31201171875
1672423,62.56103515625
1672435,78.9794921875
1672451,48.64501953125
1672472,21.17919921875
1672489,69.580078125
1672499,59.87548828125
1672527,44.0673828125
1672558,40.10009765625
1672571,37.2314453125
1672598,39.794921875
1672625,30.76171875
1672652,48.4619140625
1672682,45.22705078125
1672701,20.5078125
1672725,26.91650390625
1672747,21.30126953125
1672764,20.99609375
1672788,45.5322265625
1672798,30.57861328125
1672822,32.65380859375
1672864,27.28271484375
1672900,20.81298828125
1672919,34.3017578125
1673108,24.4140625
1673190,24.59716796875
1673231,19.47021484375
1673294,22.94921875
1673446,20.08056640625
1674294,22.4609375
1674514,19.34814453125
1674917,19.71435546875
1674932,25.0244140625
1674999,19.4091796875
1675297,23.74267578125
1677048,24.2919921875
1679360,27.83203125
1679838,20.44677734375
1680051,21.8505859375
1680066,30.45654296875
1680113,30.3955078125
1680136,39.61181640625
1680153,24.59716796875
1680183,28.01513671875
1680199,35.2783203125
1680214,26.7333984375
1680229,40.22216796875
1680242,48.4619140625
1680274,31.92138671875
1680284,65.73486328125
1680297,62.43896484375
1680324,106.5673828125
1680336,62.07275390625
1680357,47.66845703125
1680385,43.8232421875
1680412,60.6689453125
1680444,52.8564453125
1680461,40.46630859375
1680488,59.9365234375
1680507,34.48486328125
1680518,35.15625
1680528,25.32958984375
1680551,36.80419921875
1680575,30.1513671875
1680598,27.28271484375
1680615,25.7568359375
1680640,32.77587890625
1680652,41.68701171875
1680677,23.86474609375
1680699,23.681640625
1680711,38.39111328125
1680755,26.67236328125
1680786,31.43310546875
1680802,25.5126953125
1680840,32.1044921875
1681034,22.3388671875
1681087,20.32470703125
1681165,20.5078125
1681864,26.7333984375
1682271,20.751953125
1682469,22.64404296875
1682729,20.8740234375
1683150,27.28271484375
1683623,24.169921875
1684627,22.3388671875
1686801,21.3623046875
1687663,19.53125
1687870,20.93505859375
1688400,19.59228515625
1688605,32.3486328125
1688633,32.53173828125
1688660,38.2080078125
1688681,32.5927734375
1688699,43.5791015625
1688709,67.81005859375
1688723,45.654296875
1688741,80.56640625
1688769,53.28369140625
1688789,64.208984375
1688802,49.9267578125
1688814,104.91943359375
1688852,65.97900390625
1688865,19.287109375
1688882,29.35791015625
1688899,52.42919921875
1688917,65.4296875
1688942,55.7861328125
1688952,21.6064453125
1688971,43.64013671875
1688998,34.7900390625
1689013,38.6962890625
1689044,29.9072265625
1689057,38.02490234375
1689085,33.26416015625
1689102,31.92138671875
1689125,31.18896484375
1689140,27.40478515625
1689156,20.263671875
1689185,33.50830078125
1689219,34.1796875
1689241,25.32958984375
1689277,48.7060546875
1689412,24.71923828125
1689574,19.59228515625
1689636,20.08056640625
1689729,20.56884765625
1690054,19.47021484375
1690072,22.8271484375
1690614,21.78955078125
1690860,20.69091796875
1691100,28.9306640625
1691364,21.240234375
1691667,20.263671875
1691851,25.146484375
1696005,22.0947265625
1696770,25.7568359375
1696908,20.8740234375
1696946,22.5830078125
1696993,32.40966796875
1697213,20.751953125
1697267,24.4140625
1697280,23.3154296875
1697301,20.8740234375
1697315,20.5078125
1697368,36.62109375
1697378,62.19482421875
1697406,40.4052734375
1697430,31.31103515625
1697443,57.55615234375
1697469,100.830078125
1697491,43.02978515625
1697516,30.76171875
1697532,48.828125
1697549,122.13134765625
1697565,58.837890625
1697581,38.57421875
1697608,87.09716796875
1697632,50.6591796875
1697646,28.86962890625
1697660,51.1474609375
1697677,52.734375
1697690,65.0634765625
1697705,29.78515625
1697727,34.912109375
1697752,31.982421875
1697778,34.3017578125
1697808,28.6865234375
1697825,41.015625
1697840,24.23095703125
1697862,27.9541015625
1697881,39.6728515625
1697897,20.1416015625
1697914,34.1796875
1697928,25.146484375
1697956,31.73828125
1697975,23.8037109375
1698020,30.2734375
1698047,20.32470703125
1698098,25.81787109375
1698163,19.95849609375
1698269,19.6533203125
1698510,20.56884765625
1698740,28.6865234375
1698995,21.8505859375
1699559,27.52685546875
1699667,26.2451171875
1699800,20.8740234375
1700173,23.92578125
1700361,28.9306640625
1700371,20.93505859375
1700715,20.99609375
1702560,23.5595703125
1705631,19.4091796875
1705962,25.32958984375
1706248,22.3388671875
1706461,19.95849609375
1706494,27.28271484375
1706524,21.30126953125
1706559,26.67236328125
1706578,25.81787109375
1706669,19.8974609375
1706742,42.48046875
1706765,19.6533203125
1706784,35.64453125
1706807,35.21728515625
1706827,53.22265625
1706857,32.8369140625
1706867,25.20751953125
1706882,23.74267578125
1706898,22.03369140625
1706922,79.7119140625
1706936,61.21826171875
1706964,57.4951171875
1706977,59.38720703125
1707014,135.55908203125
1707024,27.52685546875
1707044,46.44775390625
1707064,36.4990234375
1707082,56.45751953125
1707112,42.29736328125
1707125,55.60302734375
1707139,39.24560546875
1707170,51.6357421875
1707181,21.8505859375
1707207,37.109375
1707230,36.43798828125
1707247,44.49462890625
1707263,29.60205078125
1707279,24.96337890625
1707311,33.99658203125
1707326,30.57861328125
1707349,29.96826171875
1707360,19.4091796875
1707377,46.875
1707393,22.76611328125
1707412,20.56884765625
1707432,29.541015625
1707469,26.3671875
1707484,19.59228515625
1707525,19.95849609375
1707559,20.93505859375
1707599,28.74755859375
1707656,21.1181640625
1707825,20.20263671875
1708080,21.1181640625
1709459,26.06201171875
1709898,22.76611328125
1710106,20.44677734375
1715225,19.287109375
1715660,25.0244140625
1716492,19.83642578125
1717066,23.13232421875
1717154,19.1650390625
1717172,24.4140625
1717222,23.5595703125
1717304,21.17919921875
1717331,29.96826171875
1717361,24.7802734375
1717392,20.44677734375
1717408,57.06787109375
1717425,41.93115234375
1717437,29.47998046875
1717472,44.3115234375
1717502,41.259765625
1717531,49.86572265625
1717547,53.3447265625
1717568,62.01171875
1717588,85.44921875
1717600,39.0625
1717628,59.14306640625
1717639,115.17333984375
1717657,50.1708984375
1717683,111.6943359375
1717715,96.61865234375
1717728,35.15625
1717752,38.51318359375
1717776,43.51806640625
1717792,51.3916015625
1717808,55.7861328125
1717820,44.677734375
1717850,41.07666015625
1717863,31.005859375
1717893,49.8046875
1717916,21.17919921875
1717936,20.93505859375
1717949,59.26513671875
1717979,19.34814453125
1718012,25.08544921875
1718047,28.50341796875
1718057,27.9541015625
1718108,21.6064453125
1718129,32.04345703125
1718152,20.08056640625
1718195,21.66748046875
1718315,20.56884765625
1718472,22.88818359375
1718541,25.0244140625
1719745,19.53125
1719799,19.22607421875
1720214,21.240234375
1720819,19.53125
1725853,20.20263671875
1726884,22.4609375
1727939,23.13232421875
1728470,21.484375
1728512,25.45166015625
1728530,22.8271484375
1728740,31.79931640625
1728866,25.2685546875
1728891,21.8505859375
1728925,20.8740234375
1728943,27.2216796875
1728960,38.26904296875
1728977,50.35400390625
1729001,38.87939453125
1729026,65.185546875
1729044,39.0625
1729056,44.921875
1729082,42.3583984375
1729097,99.54833984375
1729136,97.10693359375
1729149,29.296875
1729179,86.12060546875
1729190,48.828125
1729217,55.60302734375
1729234,39.6728515625
1729248,33.69140625
1729269,36.2548828125
1729294,29.72412109375
1729306,33.38623046875
1729331,19.22607421875
1729359,36.56005859375
1729381,31.43310546875
1729395,26.18408203125
1729422,21.3623046875
1729437,32.1044921875
1729473,28.3203125
1729501,19.775390625
1729525,22.705078125
1729535,26.67236328125
1729606,24.10888671875
1730266,24.10888671875
1730955,24.71923828125
1732548,22.88818359375
1736690,20.08056640625
1738543,24.47509765625
1738934,19.6533203125
1740720,23.37646484375
1741366,24.169921875
1741413,38.63525390625
1741433,27.4658203125
1741445,37.841796875
1741460,22.27783203125
1741472,19.1650390625
1741502,80.26123046875
1741521,121.337890625
1741542,61.58447265625
1741560,19.47021484375
1741574,59.326171875
1741602,127.5634765625
1741618,64.75830078125
1741651,63.4765625
1741663,28.01513671875
1741682,26.2451171875
1741701,23.25439453125
1741718,67.19970703125
1741729,47.05810546875
1741757,20.93505859375
1741771,55.5419921875
1741790,31.67724609375
1741808,44.00634765625
1741842,38.818359375
1741869,23.74267578125
1741891,33.87451171875
1741909,26.55029296875
1741921,30.76171875
1741933,32.470703125
1741979,36.865234375
1742007,23.681640625
1742043,21.484375
1742085,29.47998046875
1742137,19.775390625
1744505,24.0478515625
1754226,23.37646484375
1754611,20.08056640625
1754629,43.8232421875
1754660,37.4755859375
1754688,46.2646484375
1754706,47.9736328125
1754722,87.7685546875
1754748,80.50537109375
1754762,28.9306640625
1754781,84.3505859375
1754796,135.3759765625
1754823,47.30224609375
1754839,114.44091796875
1754874,29.11376953125
1754890,43.76220703125
1754915,46.630859375
1754932,27.587890625
1754959,39.85595703125
1754970,43.27392578125
1754991,31.8603515625
1755013,38.02490234375
1755037,54.99267578125
1755078,33.447265625
1755091,23.193359375
1755122,28.6865234375
1755154,23.0712890625
1755186,25.69580078125
1755248,28.076171875
1755258,20.20263671875
1755281,26.30615234375
1755330,19.83642578125
1755368,24.35302734375
1756657,25.45166015625
1756795,28.13720703125
1756873,21.54541015625
1763591,19.775390625
1765755,28.25927734375
1765766,22.03369140625
1765927,19.83642578125
1765971,19.22607421875
1765996,38.818359375
1766022,25.5126953125
1766036,32.958984375
1766054,51.025390625
1766085,43.8232421875
1766102,86.0595703125
1766119,51.45263671875
1766142,41.9921875
1766165,74.5849609375
1766188,118.7744140625
1766203,46.56982421875
1766240,66.5283203125
1766272,59.75341796875
1766292,39.73388671875
1766304,33.8134765625
1766317,64.453125
1766339,36.62109375
1766368,44.49462890625
1766390,57.4951171875
1766412,30.33447265625
1766426,27.099609375
1766478,20.69091796875
1766507,21.240234375
1766548,25.93994140625
1766572,21.6064453125
1766587,22.5830078125
1766633,19.53125
1766747,24.96337890625
1766828,22.76611328125
1767125,20.44677734375
1767586,23.13232421875
1774378,19.47021484375
1778235,34.24072265625
1778253,20.08056640625
1778272,34.72900390625
1778285,29.4189453125
1778308,21.484375
1778325,58.7158203125
1778364,67.93212890625
1778382,75.5615234375
1778414,62.07275390625
1778433,41.1376953125
1778452,85.44921875
1778468,126.03759765625
1778493,37.109375
1778518,77.392578125
1778534,42.3583984375
1778554,44.86083984375
1778569,20.08056640625
1778582,41.68701171875
1778613,25.146484375
1778623,33.87451171875
1778640,23.8037109375
1778676,54.5654296875
1778721,42.17529296875
1778746,20.93505859375
1778767,30.70068359375
1778810,24.169921875
1778822,25.2685546875
1778861,21.78955078125
1778920,24.59716796875
1778977,57.12890625
1779066,28.1982421875
1779273,26.2451171875
1779613,20.93505859375
1789803,29.96826171875
1789828,20.44677734375
1789860,37.7197265625
1789905,69.7021484375
1789918,36.0107421875
1789934,57.861328125
1789950,38.9404296875
1789964,33.75244140625
1789994,22.8271484375
1790007,30.94482421875
1790026,37.109375
1790062,42.1142578125
1790084,91.97998046875
1790097,43.76220703125
1790122,31.67724609375
1790152,54.3212890625
1790165,22.27783203125
1790187,42.90771484375
1790197,25.57373046875
1790219,23.193359375
1790244,33.8134765625
1790268,23.92578125
1790287,29.6630859375
1790312,21.484375
1790347,33.99658203125
1790370,56.82373046875
1790418,21.3623046875
1790443,19.59228515625
1790474,21.91162109375
1790534,33.5693359375
1790625,28.38134765625
1790728,21.17919921875
1790845,28.564453125
1790884,24.169921875
1803897,20.08056640625
1803935,24.96337890625
1803962,37.53662109375
1803979,42.29736328125
1803989,20.5078125
1804017,39.1845703125
1804047,32.8369140625
1804066,34.5458984375
1804086,65.185546875
1804110,42.1142578125
1804142,38.75732421875
1804160,33.63037109375
1804193,30.517578125
1804223,40.0390625
1804247,31.18896484375
1804268,97.16796875
1804297,22.0947265625
1804310,26.2451171875
1804339,26.3671875
1804358,38.2080078125
1804391,31.8603515625
1804404,30.517578125
1804418,21.30126953125
1804449,33.203125
1804459,23.681640625
1804472,19.775390625
1804577,26.3671875
1804617,24.7802734375
1804665,26.30615234375
1804694,21.78955078125
1804745,20.3857421875
1805065,25.93994140625
1813983,24.23095703125
1814023,21.54541015625
1814045,29.052734375
1814070,23.3154296875
1814086,49.86572265625
1814103,19.775390625
1814135,52.6123046875
1814148,28.86962890625
1814169,23.25439453125
1814197,51.20849609375
1814214,32.5927734375
1814262,42.29736328125
1814276,22.0947265625
1814294,21.240234375
1814318,26.611328125
1814335,29.296875
1814354,23.4375
1814377,32.04345703125
1814398,87.646484375
1814417,27.89306640625
1814439,22.27783203125
1814482,24.84130859375
1814540,26.4892578125
1814567,72.44873046875
1814593,38.330078125
1814613,30.76171875
1814654,29.60205078125
1814723,20.44677734375
1814772,29.296875
1814969,26.85546875
1816135,21.728515625
1825537,21.3623046875
1825567,31.18896484375
1825585,33.447265625
1825630,19.71435546875
1825662,32.77587890625
1825673,26.79443359375
1825694,54.26025390625
1825709,28.01513671875
1825723,32.28759765625
1825748,46.32568359375
1825762,19.71435546875
1825786,39.55078125
1825812,43.76220703125
1825836,38.818359375
1825852,23.98681640625
1825890,41.44287109375
1825910,20.32470703125
1825943,29.4189453125
1825958,45.654296875
1826012,40.83251953125
1826022,25.5126953125
1826081,24.5361328125
1826143,22.52197265625
1826230,20.08056640625
1826258,33.87451171875
1826293,35.58349609375
1834901,26.79443359375
1834926,23.62060546875
1834942,30.3955078125
1834960,25.45166015625
1834975,19.83642578125
1835015,20.6298828125
1835036,33.203125
1835068,44.189453125
1835085,24.2919921875
1835107,35.70556640625
1835117,23.8037109375
1835163,24.35302734375
1835180,32.16552734375
1835201,44.43359375
1835236,26.123046875
1835252,29.9072265625
1835267,28.1982421875
1835344,20.751953125
1835355,38.87939453125
1835381,20.44677734375
1835412,20.99609375
1835477,33.02001953125
1835543,21.30126953125
1835559,22.52197265625
1835596,35.21728515625
1835761,24.169921875
1835984,23.74267578125
1844077,27.83203125
1844098,37.4755859375
1844132,20.69091796875
1844142,22.3388671875
1844156,37.109375
1844198,23.86474609375
1844219,23.86474609375
1844250,47.54638671875
1844271,57.31201171875
1844303,20.8740234375
1844321,22.705078125
1844348,27.9541015625
1844372,21.91162109375
1844390,23.4375
1844411,23.13232421875
1844424,53.64990234375
1844450,26.9775390625
1844468,21.78955078125
1844484,20.1416015625
1844517,24.59716796875
1844555,22.94921875
1844589,22.94921875
1844617,19.47021484375
1844726,27.40478515625
1844806,25.08544921875
1844838,21.30126953125
1859331,21.54541015625
1859391,29.6630859375
1859422,20.99609375
1859457,19.8974609375
1859482,26.85546875
1859509,22.76611328125
1859590,48.2177734375
1859609,50.23193359375
1859628,20.32470703125
1859663,25.87890625
1859673,26.06201171875
1859706,19.34814453125
1859734,42.41943359375
1859753,32.3486328125
1859804,32.958984375
1859829,24.90234375
1859852,31.67724609375
1859889,27.83203125
1859932,20.263671875
1860104,26.4892578125
1860120,21.66748046875
1860159,21.30126953125
1860527,21.17919921875
1868854,21.8505859375
1868902,22.705078125
1868916,37.7197265625
1869010,23.25439453125
1869037,22.3388671875
1869053,28.74755859375
1869105,47.91259765625
1869152,32.28759765625
1869174,33.3251953125
1869208,19.6533203125
1869244,19.34814453125
1869270,19.95849609375
1869330,21.42333984375
1869369,31.92138671875
1869385,34.66796875
1869406,22.8271484375
1869438,19.83642578125
1869582,25.93994140625
1869597,23.62060546875
1878569,27.77099609375
1878585,19.287109375
1878625,46.630859375
1878746,46.20361328125
1878781,19.47021484375
1878858,31.73828125
1878873,44.677734375
1878917,33.38623046875
1878940,34.3017578125
1879069,23.8037109375
1879142,26.55029296875
1879369,23.01025390625
1879412,19.59228515625
1923774,19.775390625
1943796,19.1650390625
2535668,22.94921875
2535699,19.22607421875
2535729,21.05712890625
2535748,29.4189453125
2535762,125.8544921875
2535789,34.85107421875
2535799,19.34814453125
2535813,106.689453125
2535832,73.30322265625
2535863,81.54296875
2535873,88.80615234375
2535897,46.44775390625
2535912,58.9599609375
2535924,73.91357421875
2535935,25.08544921875
2535952,33.99658203125
2535969,37.78076171875
2535990,46.81396484375
2536002,52.42919921875
2536028,42.724609375
2536052,66.2841796875
2536071,64.27001953125
2536096,47.54638671875
2536112,34.5458984375
2536149,66.95556640625
2536172,24.169921875
2536193,34.423828125
2536225,39.61181640625
2536388,19.22607421875
2536485,21.05712890625
2536525,19.4091796875
2536611,20.3857421875
2536638,19.6533203125
2548449,21.8505859375
2548929,21.484375
2549825,23.98681640625
2551319,20.56884765625
2552533,23.681640625
2555632,25.81787109375
2557856,20.3857421875
2558642,20.93505859375
2558750,21.91162109375
2561204,22.27783203125
2804636,32.1044921875
2804687,93.32275390625
2804713,50.1708984375
2804729,81.787109375
2804741,31.005859375
2804764,104.736328125
2804779,37.17041015625
2804791,70.556640625
2804817,47.66845703125
2804834,28.13720703125
2804845,32.77587890625
2804855,43.88427734375
2804868,48.7060546875
2804883,45.7763671875
2804912,55.17578125
2804928,34.912109375
2804940,48.9501953125
2804967,53.955078125
2804977,40.46630859375
2804988,57.861328125
2805015,71.35009765625
2805047,27.28271484375
2805064,55.2978515625
2805094,67.7490234375
2805142,32.71484375
2805173,31.18896484375
2805186,28.99169921875
2805209,25.0244140625
2805264,27.52685546875
2805304,25.634765625
2805455,19.59228515625
2805527,19.4091796875
2805669,20.93505859375
2805696,22.3388671875
2805764,20.263671875
2805872,20.3857421875
2811478,19.8974609375
2813156,24.5361328125
2813927,26.0009765625
2814983,20.08056640625
2815694,20.81298828125
2816127,22.88818359375
2816833,19.47021484375
2817496,21.97265625
2818328,20.56884765625
2818928,21.240234375
2819820,20.93505859375
2822531,24.4140625
2823835,20.69091796875
2826625,24.96337890625
2827545,20.1416015625
2828296,19.83642578125
2831847,19.4091796875
2832545,20.6298828125
2833290,20.56884765625
2834653,19.59228515625
2836533,19.95849609375
2837818,19.34814453125
2842897,20.1416015625
2845696,20.32470703125
3207101,21.91162109375
3207125,24.2919921875
3207151,51.513671875
3207162,110.53466796875
3207191,47.2412109375
3207210,85.3271484375
3207228,42.8466796875
3207251,63.5986328125
3207275,75.8056640625
3207288,39.306640625
3207301,25.0244140625
3207312,62.01171875
3207331,50.29296875
3207367,33.8134765625
3207383,52.18505859375
3207402,39.794921875
3207418,41.44287109375
3207444,51.26953125
3207467,40.46630859375
3207491,43.51806640625
3207504,45.10498046875
3207523,35.2783203125
3207560,50.35400390625
3207584,29.052734375
3207594,34.36279296875
3207608,32.1044921875
3207619,20.263671875
3207634,19.53125
3207658,25.57373046875
3207670,28.01513671875
3207693,19.53125
3207709,27.40478515625
3207728,20.69091796875
3207748,21.728515625
3207802,28.80859375
3207860,19.6533203125
3207928,19.59228515625
3208019,19.53125
3211767,24.169921875
3217037,19.1650390625
3217117,23.62060546875
3218120,22.705078125
3218558,28.38134765625
3219121,19.8974609375
3220483,20.08056640625
3221306,19.4091796875
3221669,21.240234375
3222051,38.818359375
3222512,21.97265625
3222744,26.123046875
3224822,19.59228515625
3225262,22.39990234375
3225650,19.4091796875
3225730,23.37646484375
3226523,23.25439453125
3227578,26.4892578125
3228950,19.775390625
3230093,21.728515625
3231215,19.22607421875
3231707,19.8974609375
3232221,20.20263671875
3235555,19.53125
3238765,19.287109375
3243210,21.728515625
3243811,20.44677734375
3251001,19.1650390625
3253151,20.01953125
3254732,20.3857421875
3266333,19.1650390625
3302680,23.193359375
3302693,25.390625
3302711,23.8037109375
3302724,22.4609375
3302756,21.6064453125
3302786,67.56591796875
3302818,87.2802734375
3302852,110.65673828125
3302867,45.59326171875
3302877,27.89306640625
3302892,84.716796875
3302909,52.8564453125
3302924,55.96923828125
3302936,31.92138671875
3302946,70.00732421875
3302956,50.78125
3302966,44.5556640625
3302987,26.79443359375
3303007,37.841796875
3303020,46.630859375
3303042,39.794921875
3303067,34.423828125
3303090,34.36279296875
3303106,35.09521484375
3303129,33.3251953125
3303139,41.68701171875
3303158,61.03515625
3303187,42.29736328125
3303211,25.93994140625
3303246,63.232421875
3303270,23.193359375
3303282,33.8134765625
3303337,23.01025390625
3303352,24.7802734375
3303362,20.6298828125
3303397,23.13232421875
3303417,21.1181640625
3303544,30.82275390625
3303618,22.76611328125
3303644,21.05712890625
3303707,21.8505859375
3303767,21.8505859375
3303854,29.78515625
3303885,20.751953125
3303973,24.2919921875
3304013,19.71435546875
3304235,19.22607421875
3304657,22.52197265625
3304857,19.6533203125
3305380,20.20263671875
3305589,22.705078125
3306219,24.169921875
3306394,21.78955078125
3306552,19.775390625
3306845,21.42333984375
3307433,26.4892578125
3308176,19.6533203125
3309224,32.470703125
3309234,28.4423828125
3309358,20.751953125
3309385,25.2685546875
3309407,26.611328125
3309437,30.09033203125
3309456,32.40966796875
3309523,23.49853515625
3309544,20.01953125
3309568,26.4892578125
3309595,35.33935546875
3309612,21.05712890625
3309640,23.25439453125
3309668,22.94921875
3309701,41.8701171875
3309725,59.63134765625
3309752,32.8369140625
3309783,37.2314453125
3309797,21.484375
3309810,19.287109375
3309821,140.07568359375
3309842,20.1416015625
3309872,60.05859375
3309891,50.47607421875
3309906,29.47998046875
3309934,24.47509765625
3309945,30.70068359375
3309963,20.99609375
3309984,27.099609375
3310000,36.92626953125
3310017,25.81787109375
3310043,28.62548828125
3310057,53.22265625
3310077,58.77685546875
3310103,35.7666015625
3310115,27.9541015625
3310143,40.52734375
3310166,32.1044921875
3310177,20.20263671875
3310192,31.982421875
3310220,50.1708984375
3310240,31.494140625
3310280,67.19970703125
3310313,48.7060546875
3310330,40.8935546875
3310365,47.42431640625
3310390,34.3017578125
3310432,20.263671875
3310442,19.6533203125
3310452,20.69091796875
3310468,29.4189453125
3310493,24.169921875
3310508,22.27783203125
3310529,32.40966796875
3310561,23.8037109375
3310572,36.80419921875
3310608,78.4912109375
3310627,28.076171875
3310639,26.06201171875
3310650,37.59765625
3310675,25.93994140625
3310697,25.93994140625
3310721,27.16064453125
3310763,24.4140625
3310794,27.7099609375
3310805,30.94482421875
3310842,29.47998046875
3310883,27.2216796875
3310896,36.07177734375
3310956,25.57373046875
3311003,21.3623046875
3311050,25.7568359375
3311079,22.03369140625
3311100,26.123046875
3311117,27.34375
3311154,22.15576171875
3311197,29.6630859375
3311211,28.25927734375
3311325,22.76611328125
3311406,26.67236328125
3311526,23.74267578125
3311698,25.7568359375
3312025,19.1650390625
3312607,19.95849609375
3313280,20.263671875
3313908,19.83642578125
3314240,21.66748046875
3314300,20.99609375
3314321,23.193359375
3314353,19.4091796875
3314382,27.4658203125
3314396,24.90234375
3314421,30.82275390625
3314474,19.71435546875
3314487,42.6025390625
3314520,53.5888671875
3314531,45.5322265625
3314547,20.1416015625
3314577,44.98291015625
3314603,29.47998046875
3314617,42.96875
3314646,53.77197265625
3314676,45.10498046875
3314688,105.46875
3314720,28.13720703125
3314752,51.26953125
3314763,29.052734375
3314774,40.6494140625
3314789,22.705078125
3314805,35.21728515625
3314834,41.56494140625
3314862,21.97265625
3314875,34.36279296875
3314907,27.52685546875
3314937,36.0107421875
3314959,19.47021484375
3314983,39.12353515625
3315004,23.193359375
3315027,27.52685546875
3315039,26.55029296875
3315079,72.93701171875
3315097,22.4609375
3315136,20.20263671875
3315153,29.296875
3315175,35.15625
3315186,43.39599609375
3315210,33.02001953125
3315252,23.49853515625
3315276,63.720703125
3315294,19.6533203125
3315317,19.1650390625
3315328,26.2451171875
3315370,38.51318359375
3315403,19.775390625
3315415,24.658203125
3315460,20.01953125
3315470,21.97265625
3315494,26.30615234375
3315512,20.08056640625
3315523,30.82275390625
3315552,31.73828125
3315589,19.53125
3315638,28.74755859375
3315674,27.099609375
3315738,24.71923828125
3315782,20.08056640625
3315828,23.13232421875
3315846,30.2734375
3315938,30.70068359375
3315954,19.22607421875
3315996,19.1650390625
3316095,24.658203125
3318529,20.69091796875
3318740,25.146484375
3318769,20.20263671875
3318791,31.1279296875
3318818,21.6064453125
3318838,26.91650390625
3318882,39.24560546875
3318933,26.06201171875
3318946,20.99609375
3318960,21.91162109375
3318987,21.3623046875
3319010,52.3681640625
3319028,32.16552734375
3319050,19.59228515625
3319061,29.9072265625
3319083,28.3203125
3319114,43.701171875
3319125,101.37939453125
3319141,31.1279296875
3319154,25.08544921875
3319177,19.1650390625
3319191,40.95458984375
3319206,123.046875
3319243,49.98779296875
3319269,28.13720703125
3319282,23.86474609375
3319305,30.70068359375
3319317,33.935546875
3319352,24.59716796875
3319374,38.818359375
3319386,36.07177734375
3319412,31.494140625
3319425,50.47607421875
3319463,20.1416015625
3319485,36.7431640625
3319509,26.4892578125
3319527,80.322265625
3319552,27.34375
3319566,19.22607421875
3319588,21.1181640625
3319611,23.62060546875
3319637,19.8974609375
3319667,20.01953125
3319682,25.390625
3319704,32.65380859375
3319728,21.1181640625
3319744,25.87890625
3319779,20.1416015625
3319808,21.30126953125
3319836,22.88818359375
3319848,36.43798828125
3319882,20.1416015625
3319931,21.42333984375
3319952,25.87890625
3319979,33.75244140625
3320070,32.28759765625
3320238,21.97265625
3320326,24.47509765625
3322641,25.20751953125
3322812,36.80419921875
3322860,32.28759765625
3322888,24.59716796875
3322933,22.5830078125
3322947,33.99658203125
3322960,39.00146484375
3322991,53.52783203125
3323005,25.5126953125
3323018,39.4287109375
3323041,25.45166015625
3323052,42.54150390625
3323067,26.67236328125
3323086,20.01953125
3323099,35.888671875
3323113,28.99169921875
3323145,60.48583984375
3323170,41.80908203125
3323195,40.95458984375
3323205,29.84619140625
3323234,48.27880859375
3323248,34.423828125
3323270,41.07666015625
3323284,35.7666015625
3323311,32.53173828125
3323333,29.78515625
3323357,53.8330078125
3323381,22.03369140625
3323404,55.419921875
3323447,45.654296875
3323473,31.55517578125
3323494,50.9033203125
3323527,26.42822265625
3323539,26.91650390625
3323575,41.6259765625
3323594,54.13818359375
3323615,58.28857421875
3323645,30.6396484375
3323661,31.3720703125
3323671,26.3671875
3323693,25.93994140625
3323714,19.83642578125
3323738,23.3154296875
3323749,23.5595703125
3323775,29.72412109375
3323816,25.32958984375
3323877,21.97265625
3323908,20.1416015625
3323927,20.8740234375
3323940,31.55517578125
3324046,26.67236328125
3324092,28.01513671875
3324102,28.01513671875
3324147,22.64404296875
3324180,31.005859375
3324308,22.64404296875
3327317,24.2919921875
3327754,21.42333984375
3327897,21.728515625
3327929,23.92578125
3327951,44.43359375
3327997,31.18896484375
3328019,33.203125
3328033,45.8984375
3328064,24.35302734375
3328083,54.50439453125
3328101,36.68212890625
3328131,56.33544921875
3328150,32.28759765625
3328165,29.96826171875
3328190,19.6533203125
3328216,81.9091796875
3328241,57.0068359375
3328257,37.90283203125
3328273,22.5830078125
3328283,38.818359375
3328313,40.10009765625
3328331,24.35302734375
3328357,21.54541015625
3328381,53.22265625
3328397,34.3017578125
3328431,19.6533203125
3328446,32.5927734375
3328466,32.3486328125
3328476,52.6123046875
3328515,36.7431640625
3328544,66.10107421875
3328565,31.494140625
3328576,22.94921875
3328598,21.8505859375
3328629,22.76611328125
3328641,26.123046875
3328678,19.95849609375
3328703,28.6865234375
3328728,22.5830078125
3328751,27.77099609375
3328769,66.5283203125
3328805,34.36279296875
3328850,22.39990234375
3328891,21.3623046875
3328904,22.27783203125
3328928,25.5126953125
3329015,30.76171875
3329068,21.8505859375
3329079,19.47021484375
3329115,20.93505859375
3329125,20.5078125
3329197,19.6533203125
3329241,28.3203125
3329364,19.71435546875
3329397,23.01025390625
3332340,21.1181640625
3333395,20.93505859375
3333432,49.74365234375
3333445,19.47021484375
3333471,32.04345703125
3333483,23.0712890625
3333493,19.4091796875
3333522,38.14697265625
3333535,30.09033203125
3333565,59.02099609375
3333582,55.6640625
3333599,30.6396484375
3333633,24.0478515625
3333661,33.5693359375
3333691,49.25537109375
3333709,45.0439453125
3333721,20.751953125
3333753,47.8515625
3333773,50.048828125
3333792,52.001953125
3333823,51.57470703125
3333849,45.5322265625
3333866,45.10498046875
3333885,24.71923828125
3333905,22.4609375
3333925,42.6025390625
3333945,43.39599609375
3333979,31.494140625
3333994,26.611328125
3334030,54.931640625
3334062,41.19873046875
3334075,28.86962890625
3334096,29.78515625
3334120,31.18896484375
3334164,22.88818359375
3334210,24.658203125
3334242,34.36279296875
3334279,34.11865234375
3334333,24.96337890625
3334355,21.05712890625
3334401,27.7099609375
3334444,28.3203125
3334476,33.26416015625
3334526,29.4189453125
3334578,22.52197265625
3334738,22.39990234375
3334852,27.03857421875
3334938,19.71435546875
3334963,23.25439453125
3337417,20.3857421875
3339037,21.240234375
3339348,19.59228515625
3339375,30.3955078125
3339388,20.751953125
3339402,28.50341796875
3339417,27.40478515625
3339447,24.7802734375
3339483,49.6826171875
3339500,42.96875
3339518,50.048828125
3339548,33.447265625
3339566,57.373046875
3339596,91.49169921875
3339620,25.45166015625
3339658,113.22021484375
3339669,61.58447265625
3339690,47.36328125
3339715,19.71435546875
3339728,22.216796875
3339758,55.419921875
3339796,32.2265625
3339825,33.02001953125
3339859,42.17529296875
3339870,30.029296875
3339903,47.79052734375
3339925,28.74755859375
3339940,23.92578125
3339963,28.13720703125
3340007,30.8837890625
3340026,19.83642578125
3340045,22.705078125
3340073,26.79443359375
3340093,82.1533203125
3340119,29.60205078125
3340144,26.7333984375
3340165,19.8974609375
3340190,20.08056640625
3340223,20.01953125
3340240,25.87890625
3340316,21.8505859375
3340370,26.79443359375
3340408,21.17919921875
3340476,20.81298828125
3340513,26.30615234375
3340652,24.5361328125
3340701,37.04833984375
3344420,24.47509765625
3344446,25.634765625
3344465,33.8134765625
3344490,45.22705078125
3344506,32.89794921875
3344530,36.2548828125
3344553,23.193359375
3344586,41.8701171875
3344600,43.8232421875
3344623,28.80859375
3344641,31.67724609375
3344659,48.03466796875
3344677,48.33984375
3344691,108.21533203125
3344735,58.7158203125
3344751,37.109375
3344775,58.16650390625
3344804,36.376953125
3344816,24.169921875
3344838,33.50830078125
3344863,26.2451171875
3344892,20.69091796875
3344910,21.54541015625
3344929,28.80859375
3344960,33.26416015625
3344985,29.84619140625
3345005,36.31591796875
3345039,72.6318359375
3345064,24.10888671875
3345074,30.517578125
3345101,33.26416015625
3345143,20.44677734375
3345156,23.4375
3345202,24.90234375
3345241,19.1650390625
3345264,20.69091796875
3345285,35.33935546875
3345335,29.96826171875
3345368,21.1181640625
3345400,22.8271484375
3345446,19.8974609375
3345470,31.67724609375
3345483,21.17919921875
3345514,22.64404296875
3345554,22.0947265625
3345636,24.10888671875
3345674,20.01953125
3345768,20.56884765625
3346020,28.86962890625
3349009,28.01513671875
3349036,45.7763671875
3349056,28.564453125
3349085,34.48486328125
3349110,44.49462890625
3349140,43.39599609375
3349156,29.296875
3349188,39.794921875
3349212,53.40576171875
3349243,34.0576171875
3349253,114.07470703125
3349307,51.33056640625
3349329,56.640625
3349346,31.73828125
3349377,41.93115234375
3349428,26.2451171875
3349449,22.15576171875
3349481,47.42431640625
3349500,50.23193359375
3349511,41.68701171875
3349562,25.69580078125
3349594,25.0244140625
3349609,39.36767578125
3349621,40.71044921875
3349657,54.8095703125
3349709,27.89306640625
3349719,23.681640625
3349812,33.38623046875
3349825,28.9306640625
3349856,34.36279296875
3349884,19.6533203125
3349948,24.169921875
3349965,24.96337890625
3349987,28.1982421875
3349997,27.099609375
3350123,23.3154296875
3350148,20.44677734375
3350172,27.03857421875
3350191,20.1416015625
3350224,20.3857421875
3350284,24.35302734375
3353602,20.8740234375
3353623,30.2734375
3353638,31.79931640625
3353681,27.40478515625
3353705,34.97314453125
3353724,25.146484375
3353734,36.80419921875
3353763,23.193359375
3353781,27.28271484375
3353801,45.5322265625
3353819,49.74365234375
3353838,45.2880859375
3353861,29.296875
3353889,43.45703125
3353918,36.62109375
3353938,112.60986328125
3353956,22.0947265625
3353970,19.47021484375
3353992,20.6298828125
3354023,62.07275390625
3354036,20.01953125
3354058,24.658203125
3354077,29.11376953125
3354121,32.04345703125
3354188,21.42333984375
3354242,29.052734375
3354266,23.13232421875
3354280,23.193359375
3354296,21.3623046875
3354309,24.96337890625
3354364,23.25439453125
3354405,23.3154296875
3354482,26.67236328125
3354513,19.83642578125
3354542,19.47021484375
3354595,19.83642578125
3354617,31.8603515625
3354636,29.60205078125
3354650,19.71435546875
3354754,19.83642578125
3354819,20.3857421875
3354937,20.8740234375
3355032,19.83642578125
3359935,19.34814453125
3359952,38.9404296875
3359984,47.607421875
3360005,27.03857421875
3360021,29.4189453125
3360051,21.91162109375
3360082,30.3955078125
3360093,26.79443359375
3360109,60.60791015625
3360129,23.62060546875
3360152,63.17138671875
3360164,20.5078125
3360183,39.306640625
3360206,34.5458984375
3360229,49.37744140625
3360265,28.80859375
3360291,33.02001953125
3360311,63.1103515625
3360327,19.22607421875
3360341,23.0712890625
3360359,22.88818359375
3360381,49.31640625
3360397,34.66796875
3360414,23.681640625
3360439,19.775390625
3360466,29.9072265625
3360497,26.85546875
3360507,73.3642578125
3360537,36.92626953125
3360548,39.55078125
3360567,27.587890625
3360578,20.751953125
3360588,23.37646484375
3360630,21.78955078125
3360674,20.1416015625
3360707,26.42822265625
3360731,24.2919921875
3360743,22.705078125
3360757,23.25439453125
3360829,24.0478515625
3360875,23.4375
3360930,25.20751953125
3360964,25.5126953125
3361091,24.84130859375
3361148,20.81298828125
3361215,23.0712890625
3361379,20.3857421875
3366045,19.4091796875
3366290,20.8740234375
3366307,19.6533203125
3366329,47.66845703125
3366361,25.0244140625
3366382,32.53173828125
3366401,25.390625
3366413,23.92578125
3366442,27.03857421875
3366452,28.80859375
3366479,30.6396484375
3366501,24.5361328125
3366520,94.8486328125
3366533,31.1279296875
3366551,20.44677734375
3366574,46.20361328125
3366588,34.24072265625
3366607,58.65478515625
3366631,28.86962890625
3366659,24.35302734375
3366680,25.0244140625
3366724,30.1513671875
3366736,25.08544921875
3366752,27.34375
3366770,20.08056640625
3366796,36.68212890625
3366807,68.2373046875
3366844,20.81298828125
3366862,26.79443359375
3366883,20.6298828125
3366923,30.8837890625
3366935,19.95849609375
3366984,29.052734375
3367026,21.97265625
3367037,25.634765625
3367076,31.31103515625
3367091,21.66748046875
3367138,19.71435546875
3367162,24.4140625
3367198,28.6865234375
3367233,24.5361328125
3367252,20.08056640625
3367298,24.0478515625
3367367,23.8037109375
3367435,19.6533203125
3367468,19.53125
3367579,20.5078125
3367745,24.59716796875
3372420,26.42822265625
3372447,42.54150390625
3372460,34.60693359375
3372472,21.8505859375
3372495,25.2685546875
3372506,42.66357421875
3372528,30.94482421875
3372562,20.20263671875
3372580,19.59228515625
3372598,52.978515625
3372618,30.1513671875
3372638,33.38623046875
3372669,66.58935546875
3372683,33.69140625
3372709,38.0859375
3372730,25.08544921875
3372748,94.17724609375
3372777,38.51318359375
3372800,32.5927734375
3372823,20.44677734375
3372842,30.94482421875
3372857,74.3408203125
3372873,37.78076171875
3372902,25.7568359375
3372930,21.97265625
3372946,25.20751953125
3372956,26.55029296875
3373001,22.27783203125
3373032,25.87890625
3373042,32.470703125
3373113,23.4375
3373149,43.0908203125
3373268,25.87890625
3373332,26.91650390625
3373417,25.20751953125
3373463,22.27783203125
3373547,23.37646484375
3373599,27.52685546875
3373645,20.81298828125
3373714,23.681640625
3374179,23.74267578125
3378322,26.85546875
3378349,48.4619140625
3378379,29.1748046875
3378391,19.22607421875
3378406,53.7109375
3378433,20.1416015625
3378446,30.94482421875
3378465,31.73828125
3378483,26.4892578125
3378507,22.52197265625
3378525,32.958984375
3378547,31.8603515625
3378565,35.58349609375
3378589,21.1181640625
3378619,26.0009765625
3378653,54.19921875
3378664,49.62158203125
3378695,19.22607421875
3378720,37.90283203125
3378752,42.6025390625
3378765,22.8271484375
3378794,22.8271484375
3378829,27.34375
3378847,26.611328125
3378905,26.2451171875
3378924,26.30615234375
3378951,38.14697265625
3378972,74.5849609375
3378998,22.03369140625
3379039,20.5078125
3379078,19.34814453125
3379151,24.35302734375
3379179,20.5078125
3379295,21.240234375
3379343,21.97265625
3379532,20.44677734375
3379581,20.81298828125
3379695,22.15576171875
3384752,34.48486328125
3384776,32.04345703125
3384795,23.193359375
3384815,41.1376953125
3384838,26.123046875
3384858,31.18896484375
3384897,28.9306640625
3384926,26.9775390625
3384942,19.4091796875
3384959,19.59228515625
3384971,19.287109375
3384990,20.01953125
3385004,42.66357421875
3385025,24.59716796875
3385052,29.35791015625
3385071,23.8037109375
3385120,23.8037109375
3385147,45.10498046875
3385169,22.216796875
3385192,94.482421875
3385213,36.19384765625
3385245,27.16064453125
3385266,24.71923828125
3385308,23.62060546875
3385353,21.54541015625
3385369,20.99609375
3385405,31.79931640625
3385428,19.34814453125
3385459,19.59228515625
3385524,23.5595703125
3385557,21.3623046875
3385613,19.1650390625
3385662,24.169921875
3385709,20.69091796875
3385732,20.5078125
3385786,20.263671875
3385874,22.0947265625
3385944,21.97265625
3386178,22.88818359375
3386229,24.169921875
3391616,20.1416015625
3391630,21.54541015625
3391660,39.1845703125
3391677,24.96337890625
3391705,33.75244140625
3391717,36.31591796875
3391743,23.13232421875
3391764,29.4189453125
3391775,21.66748046875
3391785,27.77099609375
3391822,24.59716796875
3391844,27.099609375
3391871,39.24560546875
3391889,27.099609375
3391942,19.4091796875
3391982,22.76611328125
3392011,21.6064453125
3392035,104.736328125
3392091,28.74755859375
3392147,22.03369140625
3392186,19.34814453125
3392223,28.6865234375
3392268,27.83203125
3392282,23.0712890625
3392303,20.8740234375
3392325,31.92138671875
3392360,19.47021484375
3392429,23.13232421875
3392461,24.658203125
3392636,26.55029296875
3392944,20.56884765625
3393062,20.01953125
3399329,19.71435546875
3399351,26.55029296875
3399370,28.076171875
3399398,21.30126953125
3399410,24.169921875
3399433,26.2451171875
3399462,36.9873046875
3399479,32.958984375
3399497,24.4140625
3399519,27.7099609375
3399549,36.80419921875
3399569,19.83642578125
3399598,31.18896484375
3399612,19.1650390625
3399643,19.287109375
3399660,19.83642578125
3399693,19.71435546875
3399745,91.12548828125
3399766,34.66796875
3399777,24.169921875
3399826,27.9541015625
3399875,19.83642578125
3399899,20.751953125
3399992,22.0947265625
3400008,21.91162109375
3400040,29.296875
3400134,19.287109375
3400169,19.4091796875
3400282,22.15576171875
3400374,23.4375
3400421,21.05712890625
3405578,27.34375
3405606,24.2919921875
3405633,19.95849609375
3405664,36.62109375
3405693,21.240234375
3405715,38.63525390625
3405746,29.1748046875
3405769,30.82275390625
3405827,24.71923828125
3405864,28.076171875
3405875,23.98681640625
3405893,30.76171875
3405937,30.70068359375
3405959,27.16064453125
3406009,27.28271484375
3406025,28.74755859375
3406084,24.47509765625
3406123,25.69580078125
3406144,29.35791015625
3406169,25.81787109375
3406182,21.728515625
3406208,27.03857421875
3406251,32.65380859375
3406289,30.82275390625
3406358,27.83203125
3406404,34.72900390625
3406464,19.83642578125
3406500,22.27783203125
3406668,22.88818359375
3406707,22.76611328125
3406747,20.99609375
3412355,22.705078125
3412372,38.26904296875
3412393,31.43310546875
3412421,23.3154296875
3412441,31.005859375
3412477,23.193359375
3412509,34.60693359375
3412536,26.7333984375
3412550,42.6025390625
3412596,22.0947265625
3412628,24.169921875
3412664,41.07666015625
3412693,19.4091796875
3412707,24.71923828125
3412738,28.74755859375
3412758,28.74755859375
3412789,24.90234375
3412815,22.8271484375
3412834,21.05712890625
3412847,33.203125
3412879,20.99609375
3412900,23.0712890625
3412920,22.27783203125
3412981,29.96826171875
3413002,23.92578125
3413050,22.52197265625
3413091,21.484375
3413142,21.3623046875
3413221,32.1044921875
3413267,23.01025390625
3413361,19.287109375
3413423,22.4609375
3413519,19.47021484375
3418238,33.50830078125
3418265,25.57373046875
3418335,19.4091796875
3418348,26.18408203125
3418378,19.83642578125
3418399,23.0712890625
3418439,20.1416015625
3418467,24.4140625
3418491,20.69091796875
3418501,24.10888671875
3418540,23.3154296875
3418573,25.69580078125
3418588,29.541015625
3418616,26.611328125
3418633,21.30126953125
3418661,30.029296875
3418694,22.03369140625
3418711,19.1650390625
3418747,25.2685546875
3418789,20.44677734375
3418863,28.01513671875
3418884,23.0712890625
3418903,22.03369140625
3418941,20.56884765625
3419031,21.17919921875
3419131,25.0244140625
3419333,28.9306640625
3425144,29.35791015625
3425174,29.96826171875
3425214,19.287109375
3425236,24.23095703125
3425270,20.93505859375
3425284,30.09033203125
3425309,21.66748046875
3425338,22.216796875
3425374,21.6064453125
3425407,29.1748046875
3425445,27.52685546875
3425458,32.04345703125
3425489,28.4423828125
3425528,23.0712890625
3425572,22.39990234375
3425596,21.3623046875
3425642,20.6298828125
3425656,29.9072265625
3425673,23.4375
3425701,20.3857421875
3425786,23.86474609375
3425816,23.4375
3425878,23.13232421875
3426038,21.240234375
3426095,26.30615234375
3426195,20.81298828125
3426243,25.2685546875
3433107,21.8505859375
3433121,20.20263671875
3433141,23.86474609375
3433167,20.263671875
3433207,27.28271484375
3433225,20.20263671875
3433293,25.146484375
3433322,25.20751953125
3433336,23.8037109375
3433349,38.57421875
3433390,25.32958984375
3433442,23.92578125
3433479,21.728515625
3433507,21.05712890625
3433562,22.39990234375
3433614,25.146484375
3433669,21.1181640625
3433717,22.5830078125
3433729,23.37646484375
3433780,23.3154296875
3433836,25.2685546875
3433873,19.47021484375
3433908,24.35302734375
3434021,23.681640625
3434069,19.4091796875
3434328,26.0009765625
3441524,22.76611328125
3441557,27.52685546875
3441590,20.56884765625
3441615,20.3857421875
3441645,25.7568359375
3441696,32.1044921875
3441738,23.98681640625
3441761,25.7568359375
3441778,20.93505859375
3441797,25.32958984375
3441818,25.45166015625
3441862,20.20263671875
3441883,21.66748046875
3441898,20.5078125
3441931,23.49853515625
3441948,38.9404296875
3441973,31.25
3441993,21.54541015625
3442089,19.47021484375
3442136,19.71435546875
3442152,20.3857421875
3442195,23.92578125
3442225,27.28271484375
3442264,21.3623046875
3442466,25.5126953125
3442546,21.05712890625
3442658,24.0478515625
3448105,26.7333984375
3448129,19.4091796875
3448214,19.34814453125
3448267,30.3955078125
3448312,23.86474609375
3448342,20.8740234375
3448367,25.87890625
3448384,21.728515625
3448429,25.45166015625
3448494,29.60205078125
3448505,23.5595703125
3448520,20.263671875
3448574,22.0947265625
3448628,22.94921875
3448688,21.91162109375
3448724,25.0244140625
3448774,19.34814453125
3448807,23.86474609375
3448949,20.69091796875
3449056,21.6064453125
3455958,28.74755859375
3455980,21.66748046875
3456032,23.8037109375
3456095,27.28271484375
3456132,21.3623046875
3456146,26.4892578125
3456167,19.22607421875
3456203,35.94970703125
3456261,20.20263671875
3456273,25.87890625
3456312,31.982421875
3456322,22.39990234375
3456360,21.30126953125
3456409,27.9541015625
3456453,23.5595703125
3456548,24.59716796875
3456651,21.1181640625
3456807,22.5830078125
3457082,20.751953125
3464256,32.04345703125
3464296,22.0947265625
3464371,28.50341796875
3464429,29.4189453125
3464448,19.95849609375
3464488,21.42333984375
3464520,23.4375
3464541,22.15576171875
3464558,20.751953125
3464581,19.775390625
3464593,23.193359375
3464688,24.59716796875
3464717,22.216796875
3464804,23.86474609375
3464864,25.69580078125
3464979,21.8505859375
3472382,19.22607421875
3472451,23.5595703125
3472548,28.25927734375
3472662,24.59716796875
3472709,21.42333984375
3472740,21.240234375
3472789,19.71435546875
3472933,22.39990234375
3472966,20.1416015625
3473061,19.22607421875
3473321,21.91162109375
3483517,30.3955078125
3483562,24.169921875
3483593,23.62060546875
3483658,22.5830078125
3483674,30.94482421875
3483738,22.705078125
3483777,26.2451171875
3483853,20.20263671875
3483912,20.56884765625
3483963,24.10888671875
3483994,26.9775390625
3484036,19.95849609375
3484100,22.76611328125
3484155,27.89306640625
3490982,21.484375
3491063,25.57373046875
3491182,19.1650390625
3491223,23.4375
3491274,22.3388671875
3491390,21.54541015625
3491479,20.8740234375
3499523,26.9775390625
3500526,32.958984375
3500580,21.66748046875
3500703,24.47509765625
3501114,21.17919921875
3509313,23.86474609375
3509339,23.92578125
3509447,27.587890625
3509555,23.8037109375
3509688,23.98681640625
3518378,19.775390625
3518534,23.681640625
3518565,24.90234375
3518717,23.13232421875
3518772,19.8974609375
3527921,19.47021484375
3528080,23.193359375
3528159,25.32958984375
3538689,20.8740234375
3538724,28.25927734375
3538743,26.30615234375
3538921,21.1181640625
3551578,19.34814453125
3551710,33.87451171875
3551789,19.6533203125
3576930,19.287109375
3577125,20.99609375
5716678,25.69580078125
5934426,24.7802734375
5935348,23.0712890625
5935848,21.3623046875
