7799001,0
20627,35.21728515625
33886,36.7431640625
33913,49.74365234375
33927,64.8193359375
33941,36.1328125
33963,66.0400390625
33982,61.03515625
34010,59.26513671875
34035,30.45654296875
34056,59.63134765625
34081,124.08447265625
34098,124.45068359375
34128,119.5068359375
34138,65.49072265625
34154,72.20458984375
34166,111.4501953125
34185,61.4013671875
34201,86.669921875
34222,64.3310546875
34234,126.3427734375
34264,52.06298828125
34284,93.32275390625
34309,58.28857421875
34323,67.32177734375
34354,76.904296875
34388,64.27001953125
34424,35.33935546875
34451,31.6162109375
34475,31.6162109375
34494,43.45703125
34509,34.5458984375
34523,37.78076171875
34555,40.4052734375
34607,53.22265625
34622,34.423828125
34652,38.39111328125
34692,37.9638671875
34716,38.6962890625
34741,34.0576171875
34806,35.7666015625
34832,29.35791015625
34856,30.70068359375
35012,32.71484375
35426,33.14208984375
40988,30.45654296875
41004,57.9833984375
41111,59.02099609375
41177,29.541015625
41241,29.11376953125
41320,30.2734375
41380,52.490234375
41404,44.25048828125
41596,30.2734375
41698,31.8603515625
43049,31.55517578125
43193,29.541015625
43243,36.19384765625
43327,64.453125
43342,31.79931640625
43411,62.6220703125
43498,45.59326171875
43612,73.79150390625
43691,61.70654296875
44365,30.82275390625
44474,37.109375
44571,36.80419921875
44583,52.734375
44670,31.1279296875
44770,30.029296875
44931,31.18896484375
45033,31.3720703125
45055,71.71630859375
45103,29.23583984375
45129,68.05419921875
45141,50.537109375
45169,33.87451171875
45186,33.935546875
45203,53.52783203125
45235,125.30517578125
45247,109.55810546875
45275,107.84912109375
45301,124.08447265625
45314,79.4677734375
45331,103.57666015625
45347,94.78759765625
45357,86.73095703125
45367,43.27392578125
45383,49.6826171875
45406,56.884765625
45422,68.29833984375
45440,36.56005859375
45453,58.53271484375
45485,55.17578125
45507,49.4384765625
45518,32.77587890625
45530,43.0908203125
45546,63.5986328125
45563,45.41015625
45579,39.4287109375
45593,83.740234375
45613,41.80908203125
45630,51.94091796875
45651,54.50439453125
45664,51.1474609375
45691,72.021484375
45730,42.90771484375
45765,72.3876953125
45788,57.31201171875
45802,39.9169921875
45825,52.55126953125
45840,32.89794921875
45861,77.0263671875
45881,40.71044921875
45907,53.466796875
45923,38.75732421875
45949,51.45263671875
45984,60.05859375
45995,38.4521484375
46018,42.3583984375
46049,55.17578125
46083,31.494140625
46096,44.921875
46145,41.56494140625
46159,62.07275390625
46222,46.08154296875
46305,59.02099609375
46334,30.45654296875
46355,30.3955078125
46365,60.48583984375
46440,48.583984375
46545,41.1376953125
46571,33.14208984375
46705,31.55517578125
46913,30.82275390625
46973,29.6630859375
47183,31.982421875
48766,70.98388671875
51316,75.50048828125
51396,31.18896484375
54874,34.5458984375
54905,29.296875
54974,34.85107421875
55196,32.89794921875
58332,38.2080078125
63579,30.21240234375
77116,32.470703125
78248,29.60205078125
81101,32.53173828125
81682,29.9072265625
81710,39.306640625
81730,60.791015625
81756,72.57080078125
81784,219.66552734375
81794,93.505859375
81806,55.60302734375
81831,110.77880859375
81842,126.89208984375
81863,93.505859375
81883,78.30810546875
81896,72.265625
81918,87.34130859375
81944,83.984375
81972,70.3125
81985,49.98779296875
82004,73.2421875
82029,86.3037109375
82044,33.02001953125
82056,73.05908203125
82092,57.6171875
82106,61.46240234375
82139,39.48974609375
82163,49.13330078125
82174,65.36865234375
82196,40.8935546875
82213,49.74365234375
82228,42.05322265625
82249,51.025390625
82259,49.1943359375
82274,50.35400390625
82289,32.77587890625
82312,66.10107421875
82326,46.20361328125
82347,40.58837890625
82372,58.9599609375
82383,41.80908203125
82408,36.9873046875
82427,44.3115234375
82450,34.7900390625
82474,52.978515625
82487,35.09521484375
82519,64.5751953125
82548,30.70068359375
82566,29.96826171875
82588,54.0771484375
82601,40.46630859375
82611,44.49462890625
82641,44.25048828125
82670,37.65869140625
82684,46.7529296875
82695,43.51806640625
82747,54.74853515625
82761,44.37255859375
82786,49.49951171875
82810,58.89892578125
82846,41.07666015625
82872,35.33935546875
82893,44.43359375
82914,63.41552734375
82954,30.94482421875
82968,49.74365234375
83030,36.68212890625
83042,45.0439453125
83063,41.3818359375
83087,31.18896484375
83111,33.5693359375
83160,49.98779296875
83186,33.0810546875
83230,33.26416015625
83252,48.03466796875
83262,30.2734375
83321,45.7763671875
83340,31.79931640625
83353,33.63037109375
83408,54.38232421875
83422,29.84619140625
83452,37.53662109375
83479,50.72021484375
83563,42.48046875
83584,30.3955078125
83661,30.94482421875
83681,64.14794921875
83738,41.1376953125
84054,33.87451171875
85419,33.203125
85488,29.1748046875
85736,33.02001953125
85767,33.447265625
86059,62.01171875
86107,31.6162109375
86118,74.3408203125
86341,33.0810546875
86477,59.38720703125
86664,30.21240234375
86678,59.9365234375
87460,37.78076171875
87512,36.7431640625
87642,56.70166015625
88108,32.1044921875
88191,32.470703125
88339,29.23583984375
88417,55.2978515625
88538,47.2412109375
88563,71.77734375
88813,58.4716796875
88933,51.45263671875
89465,31.79931640625
89605,33.3251953125
89645,32.40966796875
89717,32.3486328125
89731,33.75244140625
90004,80.322265625
90059,39.73388671875
90263,46.5087890625
90276,75.8056640625
90300,58.41064453125
90315,56.82373046875
90344,51.025390625
90369,61.4013671875
90382,71.10595703125
90407,93.44482421875
90422,49.01123046875
90439,65.24658203125
90454,136.23046875
90470,116.8212890625
90498,129.45556640625
90508,39.48974609375
90522,73.3642578125
90542,72.75390625
90554,79.833984375
90571,51.08642578125
90590,66.46728515625
90617,65.49072265625
90628,67.56591796875
90653,38.2080078125
90665,68.359375
90695,30.2734375
90705,65.4296875
90733,32.28759765625
90758,71.8994140625
90772,52.1240234375
90795,57.80029296875
90807,50.537109375
90826,79.89501953125
90838,70.068359375
90850,37.7197265625
90869,72.509765625
90888,53.22265625
90911,40.95458984375
90940,41.3818359375
90958,36.62109375
91000,42.90771484375
91018,70.12939453125
91031,48.9501953125
91070,49.9267578125
91088,41.56494140625
91106,39.85595703125
91122,52.42919921875
91148,31.982421875
91158,46.2646484375
91170,41.015625
91211,30.09033203125
91232,31.8603515625
91249,29.4189453125
91273,35.64453125
91287,48.88916015625
91310,37.41455078125
91340,33.87451171875
91358,43.5791015625
91402,40.771484375
91420,53.40576171875
91450,33.447265625
91498,55.0537109375
91551,34.60693359375
91575,52.30712890625
91609,32.40966796875
91620,45.0439453125
91668,42.6025390625
91734,40.95458984375
91802,30.70068359375
91812,35.46142578125
91918,30.94482421875
92261,35.888671875
92603,33.38623046875
94684,30.09033203125
100606,68.2373046875
100833,67.138671875
100848,29.96826171875
100871,38.9404296875
100883,58.837890625
100901,29.47998046875
100923,64.94140625
100941,77.63671875
100964,74.70703125
100976,98.93798828125
100990,37.841796875
101002,129.8828125
101019,94.90966796875
101035,105.16357421875
101050,52.18505859375
101072,117.00439453125
101085,45.654296875
101111,105.40771484375
101124,50.78125
101134,92.28515625
101155,77.5146484375
101169,71.35009765625
101196,77.08740234375
101207,36.2548828125
101230,58.65478515625
101241,57.18994140625
101260,53.22265625
101280,37.7197265625
101300,51.94091796875
101315,38.57421875
101335,47.607421875
101349,59.75341796875
101374,38.0859375
101385,66.5283203125
101400,31.18896484375
101430,66.22314453125
101444,65.673828125
101471,36.7431640625
101485,29.23583984375
101501,69.76318359375
101522,42.96875
101560,59.63134765625
101586,29.72412109375
101606,42.90771484375
101645,43.5791015625
101660,54.0771484375
101681,34.36279296875
101698,29.11376953125
101718,48.095703125
101731,35.2783203125
101777,46.44775390625
101805,42.48046875
101837,46.20361328125
101858,43.8232421875
101927,29.1748046875
101941,66.0400390625
102001,50.35400390625
102044,37.9638671875
102057,43.9453125
102156,39.00146484375
102210,33.02001953125
102300,38.6962890625
102387,29.9072265625
102515,36.2548828125
102525,32.77587890625
102663,30.70068359375
102911,36.92626953125
103936,38.39111328125
104485,30.21240234375
105574,61.46240234375
106722,34.1796875
106788,70.1904296875
106801,44.43359375
106814,33.203125
106843,32.65380859375
106883,56.0302734375
106906,70.556640625
106936,31.6162109375
106962,32.2265625
107018,31.79931640625
107031,52.978515625
107057,58.53271484375
107085,40.6494140625
107102,38.9404296875
107143,32.65380859375
107168,66.71142578125
107181,90.2099609375
107196,105.712890625
107229,68.54248046875
107246,117.0654296875
107270,78.43017578125
107291,92.4072265625
107302,112.12158203125
107313,52.8564453125
107335,83.06884765625
107347,99.9755859375
107371,37.9638671875
107381,56.70166015625
107412,78.55224609375
107427,65.185546875
107461,67.9931640625
107482,79.40673828125
107505,38.14697265625
107530,39.00146484375
107542,66.5283203125
107577,31.31103515625
107604,51.3916015625
107629,42.48046875
107644,32.5927734375
107654,30.70068359375
107676,55.35888671875
107686,32.2265625
107702,40.46630859375
107724,53.52783203125
107737,59.326171875
107767,41.93115234375
107787,50.96435546875
107801,34.7900390625
107824,66.40625
107865,30.82275390625
107891,75.01220703125
107910,42.1142578125
107928,49.4384765625
107951,34.60693359375
108019,40.83251953125
108054,30.76171875
108087,31.3720703125
108098,56.396484375
108142,42.05322265625
108157,46.875
108206,37.2314453125
108220,47.7294921875
108462,52.8564453125
108500,30.94482421875
108607,30.94482421875
108781,60.546875
108926,30.33447265625
112217,34.24072265625
113382,33.99658203125
113481,30.029296875
113491,85.0830078125
113527,64.02587890625
113562,31.55517578125
113581,83.92333984375
113607,29.23583984375
113619,47.18017578125
113643,58.04443359375
113661,32.470703125
113677,50.29296875
113690,60.4248046875
113725,72.998046875
113750,53.64990234375
113763,80.50537109375
113785,105.46875
113808,94.23828125
113820,125.3662109375
113841,57.7392578125
113864,155.33447265625
113891,145.01953125
113907,67.68798828125
113921,65.36865234375
113933,78.06396484375
113949,64.51416015625
113971,88.92822265625
113983,42.41943359375
114006,67.5048828125
114031,75.68359375
114045,38.39111328125
114058,39.36767578125
114071,52.18505859375
114093,84.5947265625
114140,59.26513671875
114155,31.73828125
114168,55.7861328125
114193,39.24560546875
114221,34.60693359375
114232,74.21875
114247,43.45703125
114271,71.71630859375
114290,38.14697265625
114300,30.82275390625
114356,43.02978515625
114370,29.541015625
114393,29.35791015625
114416,42.1142578125
114432,33.75244140625
114470,35.33935546875
114484,44.86083984375
114504,37.29248046875
114550,42.41943359375
114580,32.5927734375
114624,36.9873046875
114634,47.54638671875
114669,31.43310546875
114705,45.2880859375
114762,41.80908203125
114854,36.0107421875
114885,47.66845703125
115064,57.4951171875
115419,29.9072265625
117831,34.912109375
118576,35.33935546875
118691,29.11376953125
121162,35.94970703125
121967,30.94482421875
121991,53.28369140625
122018,30.21240234375
122049,61.21826171875
122076,35.15625
122105,101.25732421875
122122,38.02490234375
122149,61.70654296875
122180,166.9921875
122205,62.98828125
122219,95.3369140625
122237,59.75341796875
122255,56.7626953125
122266,83.19091796875
122293,108.5205078125
122307,132.2021484375
122326,52.55126953125
122340,61.95068359375
122366,87.5244140625
122392,57.67822265625
122410,52.79541015625
122436,67.87109375
122447,79.28466796875
122475,39.85595703125
122494,35.400390625
122519,71.10595703125
122536,78.2470703125
122558,44.7998046875
122569,52.06298828125
122590,44.677734375
122610,34.1796875
122637,38.75732421875
122650,41.80908203125
122672,29.296875
122689,56.45751953125
122703,44.49462890625
122733,56.82373046875
122745,37.2314453125
122775,31.79931640625
122792,51.3916015625
122852,38.75732421875
122871,33.02001953125
122900,51.20849609375
122940,29.47998046875
122980,31.67724609375
123014,36.43798828125
123044,48.4619140625
123085,42.17529296875
123196,45.59326171875
123492,48.9501953125
123854,30.94482421875
128831,31.1279296875
130158,30.09033203125
130288,54.87060546875
130560,32.65380859375
130756,30.8837890625
130787,31.31103515625
130834,45.5322265625
130863,50.84228515625
130886,85.51025390625
130914,38.75732421875
130931,78.06396484375
130948,68.115234375
130964,103.8818359375
130988,53.77197265625
131021,97.59521484375
131035,79.345703125
131055,54.50439453125
131078,104.30908203125
131089,71.1669921875
131116,109.80224609375
131128,89.90478515625
131147,96.0693359375
131158,59.6923828125
131172,79.833984375
131191,95.458984375
131221,60.546875
131231,84.228515625
131263,51.3916015625
131279,41.56494140625
131312,31.55517578125
131336,54.87060546875
131350,45.83740234375
131362,62.31689453125
131379,37.9638671875
131400,37.17041015625
131425,37.65869140625
131456,32.28759765625
131467,41.32080078125
131504,64.94140625
131517,33.8134765625
131549,43.45703125
131574,29.96826171875
131593,55.35888671875
131626,31.6162109375
131662,30.57861328125
131672,32.958984375
131685,57.9833984375
131733,32.89794921875
131752,39.24560546875
131817,34.66796875
131881,38.0859375
131902,32.3486328125
132015,41.93115234375
132110,29.84619140625
132137,35.70556640625
132260,30.57861328125
138873,31.8603515625
139600,30.1513671875
139677,31.18896484375
139704,32.2265625
139754,30.1513671875
139766,45.22705078125
139799,58.53271484375
139812,86.181640625
139840,60.05859375
139850,56.82373046875
139881,65.97900390625
139905,76.5380859375
139917,78.06396484375
139935,62.80517578125
139958,76.2939453125
139973,121.03271484375
139988,71.71630859375
140022,81.0546875
140032,67.0166015625
140060,87.95166015625
140084,66.71142578125
140102,84.8388671875
140124,110.53466796875
140140,30.33447265625
140160,85.75439453125
140189,70.6787109375
140201,92.71240234375
140224,51.45263671875
140238,62.56103515625
140263,57.4951171875
140289,66.10107421875
140303,43.45703125
140326,41.1376953125
140341,52.18505859375
140360,32.71484375
140381,57.06787109375
140404,43.45703125
140429,57.861328125
140450,33.203125
140472,58.349609375
140544,47.8515625
140555,41.1376953125
140581,32.53173828125
140615,35.82763671875
140651,30.76171875
140725,34.48486328125
140841,45.22705078125
140933,35.33935546875
141023,32.65380859375
141072,34.423828125
141122,36.2548828125
141370,31.06689453125
141686,31.06689453125
142124,36.07177734375
142824,35.888671875
149075,33.50830078125
149101,58.4716796875
149138,44.5556640625
149158,47.30224609375
149178,56.640625
149197,72.998046875
149216,78.18603515625
149238,61.1572265625
149258,95.5810546875
149288,62.31689453125
149305,57.373046875
149319,63.41552734375
149344,74.27978515625
149376,139.34326171875
149392,51.025390625
149410,71.533203125
149421,66.2841796875
149451,89.9658203125
149462,114.990234375
149491,83.92333984375
149509,72.6318359375
149531,60.302734375
149544,52.18505859375
149572,38.0859375
149595,56.396484375
149615,67.138671875
149636,76.11083984375
149666,58.10546875
149680,33.87451171875
149700,38.87939453125
149710,31.06689453125
149737,42.78564453125
149772,44.73876953125
149794,41.6259765625
149824,40.1611328125
149846,33.3251953125
149860,34.24072265625
149951,49.13330078125
149983,32.77587890625
150015,44.86083984375
150209,33.0810546875
150280,40.1611328125
150433,39.55078125
150541,32.8369140625
150702,54.5654296875
150781,37.41455078125
158543,29.35791015625
158563,50.96435546875
158583,37.90283203125
158611,44.189453125
158632,52.79541015625
158661,48.2177734375
158678,88.56201171875
158706,71.47216796875
158725,117.24853515625
158742,77.08740234375
158759,81.48193359375
158776,41.9921875
158795,62.01171875
158818,127.5634765625
158834,78.125
158852,109.4970703125
158866,90.4541015625
158887,71.96044921875
158918,86.3037109375
158946,68.4814453125
158959,42.17529296875
158970,60.85205078125
158981,52.67333984375
159007,45.47119140625
159020,52.978515625
159035,59.38720703125
159048,49.86572265625
159064,38.51318359375
159086,29.9072265625
159106,74.0966796875
159128,36.56005859375
159155,29.72412109375
159174,41.50390625
159208,31.8603515625
159226,54.74853515625
159261,36.31591796875
159285,34.72900390625
159298,30.3955078125
159338,40.58837890625
159435,31.79931640625
159517,30.33447265625
159544,31.8603515625
159575,51.025390625
159623,37.90283203125
159673,29.296875
159810,42.41943359375
160067,35.888671875
161194,30.3955078125
163202,64.51416015625
165733,30.45654296875
168339,31.1279296875
168406,67.68798828125
168461,32.28759765625
168492,32.3486328125
168519,70.25146484375
168545,51.57470703125
168563,81.23779296875
168583,35.5224609375
168610,117.67578125
168622,67.138671875
168661,118.34716796875
168672,74.70703125
168690,113.6474609375
168705,80.38330078125
168738,77.81982421875
168753,95.03173828125
168775,52.1240234375
168790,61.03515625
168808,130.18798828125
168829,38.51318359375
168846,63.17138671875
168866,60.05859375
168883,90.75927734375
168912,59.326171875
168932,52.3681640625
168950,30.21240234375
168973,73.1201171875
169002,49.13330078125
169014,33.447265625
169033,55.6640625
169055,55.23681640625
169092,38.4521484375
169111,42.78564453125
169142,31.43310546875
169165,31.79931640625
169219,39.61181640625
169232,54.8095703125
169289,30.8837890625
169334,53.22265625
169348,41.68701171875
169371,36.1328125
169427,29.1748046875
169512,29.11376953125
169564,29.23583984375
169699,29.6630859375
170137,29.35791015625
176525,32.470703125
176718,34.60693359375
180445,30.029296875
180487,39.24560546875
180529,42.96875
180575,66.46728515625
180591,69.82421875
180602,55.23681640625
180628,48.33984375
180651,60.85205078125
180679,48.52294921875
180691,115.478515625
180721,81.6650390625
180743,144.8974609375
180768,55.23681640625
180804,125.54931640625
180834,61.09619140625
180845,86.60888671875
180869,64.0869140625
180879,74.0966796875
180905,49.31640625
180930,56.2744140625
180942,38.63525390625
180963,76.35498046875
180973,41.93115234375
180994,84.77783203125
181021,59.326171875
181056,39.00146484375
181091,32.65380859375
181112,41.80908203125
181129,40.4052734375
181159,43.39599609375
181171,29.11376953125
181197,31.982421875
181221,50.78125
181249,33.3251953125
181275,45.71533203125
181326,33.69140625
181345,60.546875
181484,35.09521484375
181565,35.21728515625
181712,30.70068359375
181808,31.55517578125
187597,36.1328125
191659,30.21240234375
192388,37.53662109375
192438,30.76171875
192473,30.45654296875
192483,51.1474609375
192510,47.54638671875
192528,79.52880859375
192538,63.53759765625
192572,69.580078125
192600,91.552734375
192624,77.63671875
192648,107.2998046875
192665,139.09912109375
192684,95.947265625
192708,69.9462890625
192720,84.47265625
192753,86.42578125
192776,70.4345703125
192799,54.19921875
192815,73.73046875
192830,60.6689453125
192847,67.07763671875
192866,70.98388671875
192882,53.7109375
192898,54.38232421875
192908,54.443359375
192932,48.15673828125
192956,46.875
192972,55.7861328125
193004,53.5888671875
193028,36.43798828125
193043,41.9921875
193059,55.2978515625
193086,47.4853515625
193099,43.5791015625
193135,32.71484375
193168,53.8330078125
193179,36.62109375
193196,32.2265625
193234,41.015625
193278,30.33447265625
193302,36.2548828125
193326,48.40087890625
193370,35.09521484375
193411,36.56005859375
193684,36.43798828125
193899,30.09033203125
195297,32.65380859375
201963,29.296875
203744,34.423828125
203808,34.5458984375
203844,33.935546875
203889,61.82861328125
203905,50.9033203125
203942,62.8662109375
203968,35.64453125
204001,90.33203125
204015,76.416015625
204040,74.8291015625
204061,72.75390625
204078,72.57080078125
204093,83.43505859375
204115,43.88427734375
204126,104.00390625
204149,85.14404296875
204164,70.37353515625
204185,89.4775390625
204208,101.5625
204226,73.79150390625
204249,81.6650390625
204273,94.78759765625
204286,75.439453125
204314,76.0498046875
204324,49.072265625
204348,56.640625
204375,37.4755859375
204395,60.36376953125
204414,55.84716796875
204443,65.73486328125
204466,43.51806640625
204487,53.28369140625
204526,40.1611328125
204580,37.9638671875
204619,33.5693359375
204664,29.296875
204678,43.8232421875
204702,35.46142578125
204741,41.80908203125
204783,42.724609375
204828,31.005859375
204882,33.203125
204907,41.1376953125
204969,36.7431640625
205248,29.35791015625
206056,31.005859375
210382,59.87548828125
214787,29.541015625
214797,84.47265625
215636,35.21728515625
215961,58.9599609375
216016,50.47607421875
216079,50.4150390625
216090,39.00146484375
216109,41.93115234375
216132,61.8896484375
216151,50.47607421875
216172,83.67919921875
216186,115.90576171875
216215,111.02294921875
216229,100.830078125
216263,109.9853515625
216291,104.6142578125
216304,72.44873046875
216337,75.01220703125
216353,56.884765625
216369,56.21337890625
216394,60.6689453125
216405,49.98779296875
216424,48.40087890625
216439,73.486328125
216452,29.96826171875
216475,60.05859375
216489,52.734375
216503,34.1796875
216517,49.37744140625
216532,46.7529296875
216544,34.85107421875
216563,61.34033203125
216584,46.32568359375
216617,36.7431640625
216646,76.904296875
216663,44.12841796875
216693,43.88427734375
216741,31.25
216756,49.6826171875
216814,52.30712890625
217022,41.44287109375
217097,33.63037109375
217144,29.296875
217612,29.11376953125
217799,29.9072265625
218009,29.23583984375
218638,31.73828125
225325,62.5
225643,29.72412109375
229348,34.423828125
229451,36.62109375
229473,64.208984375
229554,35.58349609375
229634,63.8427734375
229645,31.06689453125
229681,39.12353515625
229697,44.73876953125
229725,78.67431640625
229742,53.16162109375
229761,73.6083984375
229792,53.7109375
229807,70.37353515625
229828,35.21728515625
229842,45.41015625
229860,80.87158203125
229895,85.87646484375
229915,50.048828125
229940,100.4638671875
229960,85.205078125
229979,40.4052734375
229996,42.236328125
230009,57.12890625
230025,64.51416015625
230049,62.3779296875
230059,74.52392578125
230093,51.513671875
230103,74.70703125
230123,41.6259765625
230133,58.10546875
230159,45.654296875
230192,50.84228515625
230203,33.8134765625
230227,38.57421875
230238,49.4384765625
230253,34.36279296875
230273,31.55517578125
230288,35.7666015625
230300,49.13330078125
230320,39.12353515625
230360,43.02978515625
230437,36.68212890625
230543,47.18017578125
230658,38.63525390625
230763,35.0341796875
230844,31.494140625
230873,30.21240234375
231385,34.85107421875
236259,31.18896484375
238007,65.24658203125
240811,32.04345703125
240951,29.6630859375
243406,31.8603515625
243558,32.28759765625
243679,30.3955078125
243868,31.92138671875
243895,72.57080078125
243960,69.091796875
243985,45.8984375
244010,55.72509765625
244025,38.818359375
244056,78.30810546875
244078,83.31298828125
244097,84.47265625
244125,66.34521484375
244142,58.65478515625
244169,78.2470703125
244179,113.4033203125
244197,48.095703125
244210,43.64013671875
244227,69.091796875
244254,120.42236328125
244271,48.2177734375
244294,76.72119140625
244304,51.6357421875
244320,122.6806640625
244336,51.57470703125
244369,87.40234375
244389,71.533203125
244401,56.884765625
244431,86.0595703125
244445,33.99658203125
244467,51.6357421875
244492,41.259765625
244506,32.28759765625
244536,47.79052734375
244560,33.447265625
244577,39.73388671875
244640,47.7294921875
244672,34.0576171875
244710,35.94970703125
244802,29.35791015625
244912,49.560546875
244944,38.39111328125
249150,36.31591796875
249264,63.1103515625
253672,76.23291015625
253847,64.0869140625
256849,32.3486328125
256984,32.89794921875
257116,85.38818359375
257154,40.771484375
257179,35.21728515625
257196,61.6455078125
257223,35.33935546875
257249,79.58984375
257281,49.31640625
257296,71.4111328125
257324,73.2421875
257343,87.5244140625
257354,85.87646484375
257387,65.61279296875
257424,66.58935546875
257451,118.34716796875
257475,89.53857421875
257493,88.2568359375
257526,75.37841796875
257546,43.701171875
257565,78.7353515625
257581,54.62646484375
257606,63.17138671875
257622,59.38720703125
257639,51.45263671875
257657,52.6123046875
257671,50.4150390625
257689,52.8564453125
257703,37.109375
257730,76.72119140625
257746,59.50927734375
257769,29.541015625
257788,67.2607421875
257815,40.95458984375
257825,30.94482421875
257843,37.65869140625
257894,40.6494140625
258016,30.21240234375
258054,30.517578125
258169,43.39599609375
258449,31.43310546875
259014,39.0625
262628,31.18896484375
267758,51.69677734375
267917,30.82275390625
268011,66.5283203125
269143,33.8134765625
270075,33.63037109375
270211,31.67724609375
271285,33.50830078125
271798,38.4521484375
277185,30.6396484375
277314,29.47998046875
277530,30.517578125
277559,61.70654296875
277596,36.92626953125
277612,96.25244140625
277625,54.50439453125
277641,46.142578125
277660,83.55712890625
277676,61.767578125
277698,52.79541015625
277722,139.58740234375
277735,103.759765625
277751,70.3125
277765,107.91015625
277797,110.90087890625
277822,131.65283203125
277834,71.71630859375
277858,89.53857421875
277874,103.271484375
277901,75.62255859375
277920,67.56591796875
277932,55.2978515625
277962,79.52880859375
277980,55.908203125
277996,49.560546875
278011,92.95654296875
278037,87.0361328125
278052,42.1142578125
278079,80.4443359375
278113,38.26904296875
278125,39.0625
278143,31.494140625
278163,34.24072265625
278200,57.7392578125
278216,29.23583984375
278234,40.83251953125
278246,40.6494140625
278287,37.7197265625
278300,39.00146484375
278310,55.35888671875
278497,32.77587890625
278648,31.3720703125
278672,47.18017578125
279758,31.55517578125
284087,34.97314453125
285294,64.3310546875
285472,29.541015625
292454,29.4189453125
292529,34.423828125
292545,33.75244140625
292559,31.31103515625
292583,84.228515625
292596,33.14208984375
292618,75.37841796875
292639,98.93798828125
292651,54.8095703125
292675,79.9560546875
292697,68.90869140625
292719,57.06787109375
292745,78.18603515625
292763,41.9921875
292798,91.796875
292816,53.52783203125
292839,70.12939453125
292856,73.73046875
292866,80.4443359375
292901,56.0302734375
292925,71.2890625
292942,51.33056640625
292964,67.56591796875
292978,30.45654296875
293000,41.9921875
293019,74.21875
293038,47.18017578125
293048,57.7392578125
293063,44.677734375
293089,93.017578125
293116,31.79931640625
293135,58.4716796875
293154,29.78515625
293193,38.6962890625
293205,44.37255859375
293249,29.6630859375
293330,29.78515625
293373,64.697265625
293448,32.71484375
298416,57.18994140625
301027,30.517578125
301118,31.18896484375
307656,37.65869140625
307730,31.06689453125
307740,31.1279296875
307801,38.330078125
307825,35.46142578125
307847,62.1337890625
307865,69.03076171875
307875,43.64013671875
307907,71.8994140625
307932,77.7587890625
307953,83.43505859375
307977,58.28857421875
308005,97.22900390625
308027,63.1103515625
308041,41.6259765625
308060,140.869140625
308078,120.2392578125
308096,93.6279296875
308108,62.19482421875
308136,85.14404296875
308163,82.763671875
308181,91.97998046875
308193,76.84326171875
308222,101.50146484375
308233,61.21826171875
308259,87.2802734375
308270,73.79150390625
308292,55.6640625
308322,36.7431640625
308337,36.62109375
308357,32.16552734375
308372,70.61767578125
308389,42.17529296875
308410,29.1748046875
308434,31.005859375
308444,45.22705078125
308463,29.23583984375
308481,41.3818359375
308497,30.029296875
308519,32.28759765625
308557,33.14208984375
308590,29.9072265625
308725,39.4287109375
309025,30.029296875
317480,38.14697265625
319834,33.69140625
322189,29.47998046875
322295,30.3955078125
325421,29.9072265625
325634,33.75244140625
325861,30.82275390625
325973,39.73388671875
326000,33.02001953125
326018,32.04345703125
326045,61.21826171875
326066,35.7666015625
326091,40.95458984375
326123,95.0927734375
326147,61.82861328125
326167,49.37744140625
326195,45.10498046875
326205,45.0439453125
326233,85.205078125
326249,50.23193359375
326262,45.95947265625
326272,42.1142578125
326295,68.2373046875
326327,69.7021484375
326344,53.955078125
326366,52.55126953125
326376,60.97412109375
326404,70.86181640625
326425,43.45703125
326437,33.87451171875
326455,52.978515625
326469,34.423828125
326487,37.17041015625
326516,55.23681640625
326547,33.5693359375
326557,30.8837890625
326580,45.71533203125
326602,31.55517578125
326625,35.70556640625
326651,32.958984375
326666,32.89794921875
326700,31.55517578125
326766,40.52734375
326776,29.296875
326832,29.6630859375
331968,31.25
333465,29.35791015625
341768,34.1796875
353220,31.982421875
353512,32.1044921875
355379,31.06689453125
366540,29.47998046875
369045,29.296875
369958,30.1513671875
413770,33.87451171875
414029,34.1796875
439336,37.109375
609543,38.14697265625
733223,35.15625
749434,30.76171875
755049,32.28759765625
770031,38.87939453125
793411,29.96826171875
803753,37.04833984375
839981,37.53662109375
849665,30.517578125
873253,29.4189453125
912744,31.1279296875
912969,38.9404296875
912990,31.25
913010,47.18017578125
913027,35.33935546875
913040,35.46142578125
913053,35.2783203125
913067,31.43310546875
913116,34.66796875
913137,79.65087890625
913164,111.99951171875
913186,87.21923828125
913207,146.91162109375
913223,109.31396484375
913242,96.3134765625
913274,119.56787109375
913294,70.6787109375
913322,69.9462890625
913342,71.59423828125
913357,56.5185546875
913367,59.08203125
913393,46.38671875
913404,63.04931640625
913415,62.744140625
913439,45.34912109375
913451,52.8564453125
913470,54.19921875
913506,76.5380859375
913519,44.49462890625
913539,46.9970703125
913562,31.31103515625
913576,49.13330078125
913603,44.5556640625
913631,32.5927734375
913660,42.78564453125
913711,39.306640625
913780,41.19873046875
913839,29.6630859375
913886,33.38623046875
913922,40.22216796875
913941,35.2783203125
913997,30.33447265625
919611,32.40966796875
919691,33.87451171875
919748,34.11865234375
919858,29.35791015625
919919,31.18896484375
920157,62.80517578125
920680,32.04345703125
921773,71.77734375
921966,29.4189453125
922085,63.232421875
922324,62.68310546875
922947,63.29345703125
923090,62.5
923183,29.4189453125
923288,33.935546875
924637,65.85693359375
924650,29.78515625
924725,60.24169921875
924812,34.48486328125
924822,61.767578125
926650,30.1513671875
926730,33.75244140625
927086,65.7958984375
927625,71.83837890625
929148,33.63037109375
930443,47.54638671875
935053,31.005859375
935119,29.11376953125
936056,61.1572265625
938764,32.8369140625
944663,30.6396484375
945674,31.3720703125
946611,32.16552734375
952834,33.3251953125
953836,29.23583984375
954469,29.35791015625
956392,37.65869140625
957335,30.517578125
957625,31.494140625
964375,36.31591796875
965306,29.72412109375
966815,31.8603515625
967057,30.6396484375
973254,37.78076171875
977014,29.11376953125
982415,30.57861328125
984075,31.3720703125
996917,32.77587890625
998662,29.11376953125
998720,33.50830078125
1038799,32.958984375
1038845,30.8837890625
1038874,93.93310546875
1038899,62.6220703125
1038927,39.794921875
1038943,39.61181640625
1038955,33.38623046875
1038987,46.93603515625
1039017,45.0439453125
1039041,173.03466796875
1039055,117.1875
1039076,124.8779296875
1039088,129.0283203125
1039112,93.017578125
1039124,51.3916015625
1039155,104.18701171875
1039173,60.546875
1039189,36.56005859375
1039216,86.0595703125
1039228,74.70703125
1039243,58.2275390625
1039270,70.4345703125
1039288,68.2373046875
1039301,64.3310546875
1039327,58.28857421875
1039357,54.931640625
1039380,33.99658203125
1039390,69.4580078125
1039413,44.61669921875
1039431,53.1005859375
1039450,30.57861328125
1039460,50.9033203125
1039482,46.08154296875
1039494,52.06298828125
1039521,48.15673828125
1039541,32.04345703125
1039606,46.08154296875
1039618,29.47998046875
1039650,39.794921875
1039660,35.64453125
1039732,29.1748046875
1039752,32.28759765625
1039835,34.48486328125
1039984,29.1748046875
1040028,29.9072265625
1040058,30.57861328125
1045508,30.029296875
1045697,64.14794921875
1045760,29.4189453125
1045828,35.7666015625
1045848,71.2890625
1045922,61.4013671875
1046133,50.78125
1046211,34.66796875
1046346,40.71044921875
1046499,65.00244140625
1046892,32.3486328125
1047157,39.1845703125
1048516,34.11865234375
1048581,32.5927734375
1048594,69.580078125
1048738,55.35888671875
1048835,61.09619140625
1048891,52.490234375
1050350,53.1005859375
1050527,31.1279296875
1050543,72.265625
1050783,62.01171875
1052365,30.2734375
1052495,56.94580078125
1052512,31.005859375
1054397,61.34033203125
1055610,36.865234375
1055623,59.326171875
1055765,31.92138671875
1057911,33.935546875
1059544,29.1748046875
1061034,61.34033203125
1067969,33.50830078125
1068075,32.1044921875
1073642,34.85107421875
1073666,29.9072265625
1088983,31.8603515625
1091938,33.0810546875
1101833,31.92138671875
1103168,33.0810546875
1121214,29.72412109375
1121276,32.71484375
1121398,33.02001953125
1122348,42.3583984375
1122373,63.720703125
1122414,78.79638671875
1122441,52.3681640625
1122463,65.4296875
1122479,61.5234375
1122503,69.15283203125
1122517,107.23876953125
1122543,97.5341796875
1122558,80.50537109375
1122578,79.77294921875
1122596,48.828125
1122621,133.544921875
1122638,76.84326171875
1122653,150.634765625
1122663,64.697265625
1122677,109.9853515625
1122707,85.3271484375
1122742,60.11962890625
1122768,69.15283203125
1122786,57.2509765625
1122805,48.40087890625
1122817,61.1572265625
1122838,47.66845703125
1122855,41.56494140625
1122877,49.86572265625
1122895,89.599609375
1122917,31.92138671875
1122938,48.64501953125
1122964,35.5224609375
1122981,33.38623046875
1122997,61.95068359375
1123009,43.76220703125
1123028,61.1572265625
1123044,38.26904296875
1123075,35.09521484375
1123090,40.8935546875
1123115,31.8603515625
1123137,46.44775390625
1123184,39.12353515625
1123220,29.47998046875
1123271,44.0673828125
1123285,31.25
1123306,30.45654296875
1123336,32.958984375
1123435,36.07177734375
1123509,33.203125
1123553,31.1279296875
1123695,29.47998046875
1127356,32.958984375
1127433,64.697265625
1127443,29.296875
1127497,35.82763671875
1127515,52.91748046875
1127533,30.45654296875
1128011,32.16552734375
1128067,32.16552734375
1128093,65.4296875
1128104,31.92138671875
1128179,34.60693359375
1128271,54.6875
1128297,58.77685546875
1128316,32.1044921875
1128400,33.02001953125
1128412,75.439453125
1128434,35.2783203125
1128548,39.97802734375
1128666,35.888671875
1128724,36.1328125
1128822,67.44384765625
1128931,71.47216796875
1128950,35.400390625
1128968,31.79931640625
1129097,46.38671875
1129120,41.8701171875
1129147,54.26025390625
1129174,32.77587890625
1129185,36.2548828125
1129252,39.36767578125
1129263,29.84619140625
1129274,36.07177734375
1129302,40.58837890625
1129327,65.24658203125
1129346,33.447265625
1129422,29.78515625
1129440,29.84619140625
1129455,31.6162109375
1129476,39.36767578125
1129496,65.73486328125
1129526,47.18017578125
1129544,32.53173828125
1129570,35.0341796875
1129611,38.4521484375
1129627,29.96826171875
1129651,41.50390625
1129667,48.27880859375
1129688,43.27392578125
1129700,33.69140625
1129729,34.60693359375
1129764,50.29296875
1129775,69.03076171875
1129823,33.935546875
1129840,36.07177734375
1129883,33.447265625
1129913,32.5927734375
1129946,30.45654296875
1129967,44.25048828125
1130000,36.07177734375
1130021,36.0107421875
1130113,53.8330078125
1130146,32.1044921875
1130176,36.1328125
1130203,37.4755859375
1130256,52.06298828125
1130283,41.3818359375
1130314,32.53173828125
1130337,29.35791015625
1130354,35.21728515625
1130413,30.8837890625
1130512,30.8837890625
1130526,33.02001953125
1130632,34.66796875
1130680,61.03515625
1130848,29.9072265625
1131295,29.1748046875
1133644,63.53759765625
1133732,66.83349609375
1133871,30.09033203125
1133886,67.0166015625
1133944,30.517578125
1134059,54.8095703125
1136049,70.80078125
1136224,57.4951171875
1136347,32.470703125
1137981,61.5234375
1142347,45.83740234375
1151246,29.296875
1152809,30.33447265625
1154850,31.982421875
1159371,33.38623046875
1162096,31.06689453125
1167360,31.67724609375
1170229,29.9072265625
1171041,30.70068359375
1181454,30.2734375
1182582,30.94482421875
1182708,33.69140625
1183638,29.23583984375
1188075,30.2734375
1189192,33.8134765625
1190639,30.94482421875
1193885,29.84619140625
1202194,35.64453125
1204761,29.23583984375
1208222,29.84619140625
1210213,29.96826171875
1235280,32.89794921875
1238286,67.56591796875
1238695,42.17529296875
1238744,54.38232421875
1238754,38.87939453125
1238785,56.15234375
1238801,96.98486328125
1238822,136.5966796875
1238837,105.65185546875
1238853,182.9833984375
1238867,100.5859375
1238881,79.40673828125
1238906,102.84423828125
1238925,112.060546875
1238954,59.99755859375
1238969,56.5185546875
1238984,71.10595703125
1239007,65.36865234375
1239018,96.8017578125
1239046,33.50830078125
1239065,60.546875
1239077,46.7529296875
1239090,57.9833984375
1239102,56.82373046875
1239143,54.5654296875
1239162,58.16650390625
1239205,50.59814453125
1239224,39.9169921875
1239238,32.77587890625
1239257,77.08740234375
1239286,46.32568359375
1239302,41.1376953125
1239350,57.861328125
1239365,31.18896484375
1239384,38.6962890625
1239404,30.517578125
1239417,29.23583984375
1239444,31.494140625
1239489,33.203125
1239550,35.0341796875
1239574,48.095703125
1239610,38.4521484375
1239682,30.70068359375
1239704,34.85107421875
1239757,29.4189453125
1239776,35.2783203125
1239816,32.53173828125
1240095,30.1513671875
1243783,34.48486328125
1243996,51.7578125
1244055,59.326171875
1244124,31.92138671875
1244134,65.97900390625
1244192,38.4521484375
1244208,62.43896484375
1244248,31.55517578125
1244270,32.3486328125
1244317,30.8837890625
1244339,34.36279296875
1244405,29.6630859375
1244469,73.30322265625
1244492,38.87939453125
1244551,34.7900390625
1244562,75.8056640625
1244662,53.77197265625
1244694,35.46142578125
1244708,30.45654296875
1244770,29.60205078125
1244801,39.36767578125
1244873,68.78662109375
1244934,38.818359375
1244963,71.10595703125
1244973,40.83251953125
1245058,31.25
1245086,68.4814453125
1245122,46.32568359375
1245298,31.18896484375
1245320,32.958984375
1245459,39.36767578125
1245470,36.2548828125
1245509,66.71142578125
1245611,43.212890625
1245648,29.78515625
1245763,70.068359375
1245777,52.3681640625
1246149,32.40966796875
1246219,55.17578125
1246250,63.232421875
1248575,52.24609375
1248656,64.75830078125
1248716,34.72900390625
1248796,51.3916015625
1248901,33.447265625
1250449,61.4013671875
1250560,61.767578125
1250670,31.1279296875
1252224,31.005859375
1252363,36.92626953125
1254601,66.162109375
1254615,29.11376953125
1257026,55.6640625
1258733,67.2607421875
1261995,32.89794921875
1265643,35.33935546875
1274293,31.18896484375
1278120,30.21240234375
1279897,29.35791015625
1281376,29.4189453125
1284221,31.6162109375
1289442,29.296875
1289543,31.8603515625
1290807,30.2734375
1305195,33.26416015625
1308552,31.92138671875
1318349,31.8603515625
1321134,32.8369140625
1330701,35.58349609375
1343765,29.1748046875
1381323,33.63037109375
1382881,33.99658203125
1445939,31.06689453125
1526768,32.2265625
1540629,32.04345703125
1540655,42.54150390625
1540677,31.982421875
1540688,59.38720703125
1540700,32.89794921875
1540729,45.47119140625
1540746,44.86083984375
1540757,58.59375
1540788,92.34619140625
1540801,67.32177734375
1540820,54.26025390625
1540838,162.4755859375
1540867,161.19384765625
1540882,120.1171875
1540896,72.08251953125
1540917,184.6923828125
1540929,61.95068359375
1540959,79.345703125
1540970,75.25634765625
1540982,64.0869140625
1541005,65.85693359375
1541026,117.3095703125
1541041,42.3583984375
1541058,87.40234375
1541082,70.4345703125
1541105,76.66015625
1541119,33.87451171875
1541131,66.95556640625
1541163,35.2783203125
1541174,33.99658203125
1541189,31.1279296875
1541223,38.75732421875
1541241,42.96875
1541264,40.0390625
1541290,39.48974609375
1541317,34.0576171875
1541332,44.189453125
1541352,31.06689453125
1541363,36.4990234375
1541399,30.2734375
1541433,36.7431640625
1541469,33.3251953125
1541490,37.841796875
1541529,34.423828125
1541546,44.98291015625
1541701,40.6494140625
1541842,31.43310546875
1542135,35.94970703125
1542198,31.8603515625
1544754,35.09521484375
1548372,58.7158203125
1548436,68.29833984375
1548527,34.0576171875
1548625,63.78173828125
1548712,33.26416015625
1548793,59.14306640625
1548878,37.7197265625
1548969,50.10986328125
1550805,31.6162109375
1550928,31.92138671875
1551302,32.958984375
1551314,47.30224609375
1551413,30.3955078125
1552164,54.0771484375
1552589,101.62353515625
1552631,38.75732421875
1552657,50.23193359375
1552673,66.162109375
1552691,30.21240234375
1552718,60.11962890625
1552744,66.22314453125
1552773,91.1865234375
1552793,79.58984375
1552806,109.19189453125
1552824,110.29052734375
1552834,45.5322265625
1552857,112.79296875
1552877,152.28271484375
1552887,29.78515625
1552911,80.99365234375
1552935,62.6220703125
1552946,55.908203125
1552957,102.05078125
1552978,45.654296875
1552995,85.75439453125
1553010,51.8798828125
1553020,40.34423828125
1553033,76.96533203125
1553062,59.63134765625
1553086,55.96923828125
1553099,31.005859375
1553116,68.17626953125
1553130,35.46142578125
1553153,51.20849609375
1553164,43.64013671875
1553194,82.09228515625
1553217,59.6923828125
1553228,42.90771484375
1553251,49.560546875
1553264,42.90771484375
1553279,36.9873046875
1553291,47.7294921875
1553316,60.1806640625
1553331,30.09033203125
1553351,50.78125
1553361,64.3310546875
1553399,38.57421875
1553419,44.98291015625
1553443,64.94140625
1553501,89.78271484375
1553532,57.9833984375
1553567,40.46630859375
1553594,31.43310546875
1553610,71.22802734375
1553635,37.4755859375
1553654,33.26416015625
1553684,36.4990234375
1553723,51.1474609375
1553777,41.80908203125
1553797,41.259765625
1553832,33.203125
1553868,43.88427734375
1553892,29.84619140625
1553941,48.03466796875
1553988,32.53173828125
1554006,29.72412109375
1554044,30.94482421875
1554134,31.1279296875
1554152,40.283203125
1554197,30.3955078125
1554229,31.55517578125
1557794,66.34521484375
1560108,57.9833984375
1561452,31.005859375
1561642,30.517578125
1562312,31.1279296875
1562337,76.5380859375
1562530,72.69287109375
1563470,29.84619140625
1574832,29.60205078125
1587766,29.11376953125
1590564,29.9072265625
1596361,33.203125
1607367,31.31103515625
1608687,29.296875
1610131,29.60205078125
1612503,32.1044921875
1626102,31.06689453125
1634814,33.5693359375
1636753,30.8837890625
1639623,29.96826171875
1641019,29.23583984375
1641573,29.60205078125
1641606,36.19384765625
1641629,36.68212890625
1641646,55.419921875
1641668,103.57666015625
1641680,39.97802734375
1641703,31.67724609375
1641722,95.76416015625
1641749,58.04443359375
1641778,131.4697265625
1641792,79.345703125
1641812,176.3916015625
1641845,79.345703125
1641857,84.28955078125
1641875,91.85791015625
1641898,62.43896484375
1641909,44.3115234375
1641926,89.66064453125
1641942,39.24560546875
1641966,73.05908203125
1641976,95.458984375
1641990,39.48974609375
1642013,55.17578125
1642025,40.22216796875
1642035,31.79931640625
1642045,69.15283203125
1642070,45.10498046875
1642087,67.5048828125
1642097,39.97802734375
1642110,48.76708984375
1642127,46.875
1642139,45.83740234375
1642169,53.466796875
1642193,29.11376953125
1642224,52.91748046875
1642240,52.42919921875
1642257,37.65869140625
1642287,31.18896484375
1642311,31.92138671875
1642354,47.91259765625
1642374,39.97802734375
1642406,38.39111328125
1642458,30.1513671875
1642505,35.0341796875
1642563,31.18896484375
1642581,31.73828125
1642605,29.96826171875
1642624,34.5458984375
1642667,33.3251953125
1642700,33.38623046875
1642785,46.32568359375
1642862,32.1044921875
1642949,32.89794921875
1643033,34.5458984375
1644880,30.2734375
1646893,29.72412109375
1647225,31.31103515625
1647309,75.8056640625
1647412,77.94189453125
1647486,51.6357421875
1647629,29.6630859375
1647645,30.09033203125
1647678,30.70068359375
1647692,31.43310546875
1647739,30.517578125
1647791,67.138671875
1647831,44.0673828125
1647850,30.8837890625
1647875,66.46728515625
1647912,34.5458984375
1647934,42.66357421875
1647966,81.787109375
1647987,31.1279296875
1647997,31.79931640625
1648017,35.400390625
1648039,62.19482421875
1648066,36.1328125
1648136,38.57421875
1648153,56.0302734375
1648175,41.748046875
1648193,31.79931640625
1648205,30.1513671875
1648270,47.9736328125
1648280,53.89404296875
1648308,65.91796875
1648338,36.07177734375
1648355,32.04345703125
1648366,45.71533203125
1648398,70.9228515625
1648412,51.20849609375
1648446,29.72412109375
1648463,51.33056640625
1648481,35.94970703125
1648511,33.50830078125
1648537,55.84716796875
1648550,45.41015625
1648579,30.8837890625
1648601,62.56103515625
1648618,33.63037109375
1648656,36.19384765625
1648675,36.2548828125
1648711,50.4150390625
1648739,61.09619140625
1648769,37.29248046875
1648827,30.8837890625
1648840,36.56005859375
1648862,30.33447265625
1648877,35.7666015625
1648922,36.31591796875
1648945,31.43310546875
1648955,61.4013671875
1648994,35.94970703125
1649033,45.22705078125
1649103,32.470703125
1649124,75.439453125
1649160,29.96826171875
1649236,38.02490234375
1649312,30.09033203125
1649394,30.94482421875
1649556,35.888671875
1649641,29.9072265625
1649690,31.1279296875
1649724,36.0107421875
1650001,30.1513671875
1654330,69.091796875
1654958,32.77587890625
1656462,32.16552734375
1656515,60.97412109375
1656662,33.8134765625
1656791,30.3955078125
1656840,32.958984375
1656884,29.296875
1656898,85.9375
1656917,39.794921875
1656949,70.3125
1656961,29.47998046875
1656990,55.11474609375
1657011,64.697265625
1657023,62.92724609375
1657060,98.9990234375
1657081,68.78662109375
1657097,33.75244140625
1657107,74.3408203125
1657144,100.09765625
1657160,102.9052734375
1657181,126.8310546875
1657194,90.14892578125
1657226,86.24267578125
1657246,160.7666015625
1657271,86.85302734375
1657288,80.87158203125
1657304,51.6357421875
1657314,86.5478515625
1657335,53.22265625
1657353,68.90869140625
1657377,86.0595703125
1657393,52.6123046875
1657420,88.56201171875
1657434,85.75439453125
1657444,58.28857421875
1657470,38.330078125
1657485,52.001953125
1657500,33.26416015625
1657526,29.72412109375
1657553,64.697265625
1657568,30.517578125
1657584,64.5751953125
1657620,61.58447265625
1657643,33.02001953125
1657672,72.8759765625
1657702,65.5517578125
1657724,55.17578125
1657742,29.541015625
1657795,69.82421875
1657840,62.56103515625
1657876,32.40966796875
1657903,44.5556640625
1657939,29.541015625
1658012,44.677734375
1658032,61.09619140625
1658090,31.92138671875
1658121,29.72412109375
1658174,32.470703125
1658247,34.72900390625
1658280,37.59765625
1658479,33.99658203125
1662743,32.04345703125
1662822,29.4189453125
1663005,57.0068359375
1663161,66.83349609375
1663924,29.4189453125
1664048,35.58349609375
1664077,42.724609375
1664100,80.26123046875
1664144,38.39111328125
1664154,31.67724609375
1664225,44.12841796875
1664244,64.63623046875
1664274,37.90283203125
1664299,72.998046875
1664316,30.94482421875
1664334,42.41943359375
1664388,31.8603515625
1664425,53.7109375
1664439,81.72607421875
1664465,52.55126953125
1664486,32.5927734375
1664498,46.2646484375
1664526,43.9453125
1664544,99.609375
1664557,48.7060546875
1664574,48.40087890625
1664602,58.9599609375
1664612,56.09130859375
1664628,89.66064453125
1664639,45.8984375
1664655,75.13427734375
1664667,76.11083984375
1664679,71.71630859375
1664691,68.115234375
1664701,49.01123046875
1664723,71.10595703125
1664739,94.970703125
1664757,89.29443359375
1664786,94.1162109375
1664800,66.40625
1664810,61.09619140625
1664836,40.83251953125
1664849,48.27880859375
1664870,37.53662109375
1664883,45.5322265625
1664894,41.56494140625
1664904,33.0810546875
1664928,44.00634765625
1664940,55.419921875
1664953,58.9599609375
1664972,62.80517578125
1664986,34.5458984375
1665005,58.4716796875
1665020,45.5322265625
1665041,43.27392578125
1665053,29.78515625
1665086,45.47119140625
1665102,64.63623046875
1665133,54.443359375
1665153,48.828125
1665174,39.1845703125
1665217,35.82763671875
1665246,42.90771484375
1665268,46.7529296875
1665293,36.92626953125
1665313,29.296875
1665393,74.40185546875
1665412,32.5927734375
1665480,48.03466796875
1665521,32.1044921875
1665542,33.203125
1665608,50.47607421875
1665660,32.53173828125
1665715,34.11865234375
1665742,51.3916015625
1665786,30.09033203125
1666323,29.84619140625
1669022,37.4755859375
1670928,30.33447265625
1672024,69.82421875
1672054,31.6162109375
1672064,31.005859375
1672088,65.4296875
1672104,76.904296875
1672129,38.75732421875
1672150,50.4150390625
1672170,49.01123046875
1672193,48.4619140625
1672208,32.89794921875
1672225,83.55712890625
1672246,70.12939453125
1672276,84.04541015625
1672286,85.8154296875
1672323,49.25537109375
1672345,101.86767578125
1672365,119.7509765625
1672383,111.38916015625
1672413,106.38427734375
1672436,50.537109375
1672446,79.77294921875
1672473,80.38330078125
1672489,79.77294921875
1672517,61.767578125
1672535,62.01171875
1672548,70.6787109375
1672569,73.6083984375
1672605,80.50537109375
1672620,62.68310546875
1672643,57.0068359375
1672667,68.66455078125
1672689,42.78564453125
1672702,46.630859375
1672720,35.21728515625
1672746,54.3212890625
1672758,62.43896484375
1672783,42.6025390625
1672797,35.70556640625
1672824,33.69140625
1672837,40.46630859375
1672873,33.8134765625
1672889,39.00146484375
1672925,31.73828125
1672942,58.89892578125
1672953,32.470703125
1673003,40.46630859375
1673013,60.9130859375
1673064,32.89794921875
1673110,39.1845703125
1673129,32.77587890625
1673161,31.005859375
1673195,48.27880859375
1673240,30.517578125
1673271,30.76171875
1673284,62.255859375
1673380,45.166015625
1673519,29.47998046875
1673623,44.25048828125
1673643,32.470703125
1673779,38.14697265625
1673863,29.84619140625
1679984,32.3486328125
1680007,52.30712890625
1680026,32.1044921875
1680057,53.466796875
1680071,41.1376953125
1680086,38.9404296875
1680121,51.025390625
1680147,38.87939453125
1680162,41.44287109375
1680186,77.7587890625
1680203,40.71044921875
1680229,80.4443359375
1680241,81.4208984375
1680265,132.01904296875
1680278,53.5888671875
1680308,73.66943359375
1680321,87.0361328125
1680341,72.265625
1680355,62.8662109375
1680367,48.095703125
1680380,96.86279296875
1680405,78.4912109375
1680422,114.6240234375
1680438,78.369140625
1680463,49.072265625
1680480,79.89501953125
1680498,90.576171875
1680520,49.8046875
1680530,88.92822265625
1680546,52.55126953125
1680569,38.51318359375
1680582,52.8564453125
1680604,54.3212890625
1680619,54.26025390625
1680646,57.0068359375
1680673,36.68212890625
1680693,90.75927734375
1680712,31.92138671875
1680722,40.46630859375
1680751,38.75732421875
1680765,44.43359375
1680791,49.74365234375
1680816,41.6259765625
1680850,54.38232421875
1680895,59.6923828125
1680907,29.11376953125
1680937,33.447265625
1680989,39.00146484375
1681007,36.19384765625
1681039,43.02978515625
1681079,40.22216796875
1681145,40.0390625
1681230,36.1328125
1681366,39.00146484375
1681461,35.09521484375
1681489,68.359375
1681749,32.470703125
1687705,30.1513671875
1688471,69.64111328125
1688529,57.18994140625
1688550,53.466796875
1688571,34.72900390625
1688598,74.0966796875
1688608,65.91796875
1688619,39.97802734375
1688655,38.63525390625
1688690,67.44384765625
1688709,65.673828125
1688720,51.33056640625
1688738,108.642578125
1688752,47.4853515625
1688773,66.46728515625
1688804,143.00537109375
1688824,114.80712890625
1688834,56.21337890625
1688846,55.6640625
1688873,63.720703125
1688889,155.2734375
1688905,67.2607421875
1688920,106.87255859375
1688951,120.2392578125
1688964,55.48095703125
1688975,72.44873046875
1689008,76.23291015625
1689034,68.84765625
1689051,71.47216796875
1689075,58.65478515625
1689094,52.67333984375
1689105,78.61328125
1689119,49.4384765625
1689136,53.8330078125
1689175,42.90771484375
1689196,43.02978515625
1689217,62.8662109375
1689230,43.212890625
1689266,46.875
1689296,43.212890625
1689310,52.6123046875
1689336,31.06689453125
1689360,69.2138671875
1689434,45.47119140625
1689493,48.095703125
1689505,38.6962890625
1689587,35.70556640625
1689601,36.68212890625
1695702,30.1513671875
1696330,34.60693359375
1697269,31.494140625
1697284,66.5283203125
1697334,32.28759765625
1697351,46.630859375
1697371,53.7109375
1697400,45.10498046875
1697435,48.88916015625
1697456,97.5341796875
1697466,40.0390625
1697483,77.0263671875
1697496,68.7255859375
1697513,125.48828125
1697539,68.84765625
1697567,124.93896484375
1697596,130.615234375
1697613,47.7294921875
1697631,85.693359375
1697642,56.2744140625
1697660,57.06787109375
1697687,72.81494140625
1697717,64.27001953125
1697730,69.7021484375
1697753,41.80908203125
1697773,49.9267578125
1697788,68.90869140625
1697812,29.96826171875
1697835,42.8466796875
1697847,88.56201171875
1697869,40.771484375
1697892,53.16162109375
1697906,37.53662109375
1697922,35.400390625
1697968,69.88525390625
1698005,51.81884765625
1698025,30.1513671875
1698047,32.958984375
1698068,33.99658203125
1698092,36.80419921875
1698115,50.1708984375
1698182,31.6162109375
1698234,57.06787109375
1698281,34.3017578125
1698297,53.1005859375
1698571,39.36767578125
1698929,31.005859375
1699430,30.029296875
1704930,34.5458984375
1705137,30.33447265625
1706771,33.5693359375
1706818,37.2314453125
1706851,32.958984375
1706870,38.9404296875
1706884,31.67724609375
1706895,86.85302734375
1706929,32.28759765625
1706949,97.412109375
1706960,103.45458984375
1706985,76.11083984375
1707004,88.2568359375
1707020,108.642578125
1707049,92.6513671875
1707060,87.5244140625
1707103,113.28125
1707120,57.4951171875
1707136,54.26025390625
1707161,94.78759765625
1707188,76.171875
1707204,51.8798828125
1707226,61.58447265625
1707238,61.8896484375
1707249,30.76171875
1707260,74.5849609375
1707309,58.4716796875
1707326,54.3212890625
1707340,41.3818359375
1707367,49.37744140625
1707380,51.81884765625
1707391,63.78173828125
1707413,83.31298828125
1707424,43.88427734375
1707434,32.958984375
1707468,54.38232421875
1707480,29.78515625
1707517,38.818359375
1707534,36.4990234375
1707567,57.43408203125
1707600,37.2314453125
1707654,44.677734375
1707690,44.98291015625
1707743,30.21240234375
1707880,34.3017578125
1707907,34.66796875
1707944,45.71533203125
1708100,30.6396484375
1708116,34.48486328125
1708241,36.0107421875
1708632,34.85107421875
1712280,35.70556640625
1712384,53.52783203125
1714257,31.18896484375
1716137,32.8369140625
1717432,40.58837890625
1717483,30.2734375
1717501,36.31591796875
1717537,80.56640625
1717558,43.3349609375
1717582,103.94287109375
1717610,96.86279296875
1717625,87.82958984375
1717639,107.84912109375
1717659,97.16796875
1717678,67.7490234375
1717699,107.72705078125
1717716,84.9609375
1717741,79.77294921875
1717762,33.0810546875
1717783,90.02685546875
1717805,81.97021484375
1717817,70.12939453125
1717834,44.25048828125
1717846,75.25634765625
1717868,62.80517578125
1717890,61.46240234375
1717909,83.31298828125
1717922,49.49951171875
1717945,55.11474609375
1717959,39.85595703125
1717977,70.86181640625
1718012,44.49462890625
1718031,32.1044921875
1718041,77.392578125
1718084,36.2548828125
1718109,40.4052734375
1718191,62.98828125
1718225,31.55517578125
1718256,30.6396484375
1718271,30.517578125
1718300,33.14208984375
1718340,31.8603515625
1718381,29.35791015625
1718437,53.5888671875
1718603,29.1748046875
1718906,36.80419921875
1722742,65.7958984375
1728301,31.005859375
1728706,55.96923828125
1728819,32.53173828125
1728832,62.744140625
1728854,33.75244140625
1728887,36.9873046875
1728916,57.06787109375
1728944,36.9873046875
1728975,70.12939453125
1729001,120.361328125
1729017,72.20458984375
1729044,49.74365234375
1729075,119.873046875
1729104,160.888671875
1729118,46.69189453125
1729141,78.7353515625
1729161,119.62890625
1729184,114.3798828125
1729213,80.2001953125
1729226,68.29833984375
1729246,100.03662109375
1729265,47.91259765625
1729276,40.22216796875
1729292,61.5234375
1729309,61.6455078125
1729331,62.01171875
1729345,40.0390625
1729360,73.66943359375
1729377,44.189453125
1729400,55.48095703125
1729425,45.71533203125
1729444,43.15185546875
1729468,36.92626953125
1729485,61.767578125
1729511,34.36279296875
1729541,45.654296875
1729606,32.40966796875
1729643,55.2978515625
1729657,35.64453125
1729717,45.0439453125
1729770,29.60205078125
1729786,35.15625
1729830,38.87939453125
1729865,50.048828125
1729914,35.5224609375
1729986,36.56005859375
1730589,29.47998046875
1734544,35.82763671875
1734711,31.43310546875
1736345,29.72412109375
1738339,29.1748046875
1741299,63.41552734375
1741335,30.33447265625
1741358,61.95068359375
1741379,48.15673828125
1741400,42.48046875
1741415,54.01611328125
1741433,61.03515625
1741450,65.0634765625
1741472,88.92822265625
1741494,69.580078125
1741512,76.11083984375
1741542,49.13330078125
1741558,59.9365234375
1741571,93.505859375
1741606,171.69189453125
1741618,110.53466796875
1741638,69.88525390625
1741651,37.29248046875
1741673,127.9296875
1741697,83.80126953125
1741714,102.783203125
1741729,46.630859375
1741739,37.41455078125
1741772,61.70654296875
1741789,72.1435546875
1741799,54.931640625
1741819,77.57568359375
1741832,51.20849609375
1741859,35.33935546875
1741876,69.03076171875
1741894,42.05322265625
1741923,54.19921875
1741951,36.0107421875
1741977,34.72900390625
1742001,44.61669921875
1742012,34.36279296875
1742024,31.005859375
1742052,70.9228515625
1742069,36.1328125
1742093,34.85107421875
1742107,30.45654296875
1742133,29.60205078125
1742152,32.28759765625
1742169,29.6630859375
1742215,29.72412109375
1742299,36.865234375
1742446,45.41015625
1742547,31.6162109375
1744662,31.79931640625
1746849,30.029296875
1747351,32.16552734375
1750961,67.44384765625
1753595,31.494140625
1754484,50.78125
1754500,44.43359375
1754537,39.0625
1754547,83.19091796875
1754566,45.166015625
1754589,39.9169921875
1754603,59.26513671875
1754623,64.94140625
1754639,30.3955078125
1754660,77.392578125
1754687,111.14501953125
1754719,81.97021484375
1754731,83.67919921875
1754759,81.23779296875
1754790,126.8310546875
1754828,124.81689453125
1754844,102.35595703125
1754860,69.2138671875
1754890,86.7919921875
1754900,107.36083984375
1754910,61.1572265625
1754933,74.27978515625
1754953,46.44775390625
1754977,60.97412109375
1754987,59.2041015625
1755026,70.556640625
1755051,46.69189453125
1755068,38.75732421875
1755081,46.93603515625
1755130,38.57421875
1755157,64.697265625
1755168,71.71630859375
1755180,33.87451171875
1755207,32.2265625
1755254,52.1240234375
1755313,31.43310546875
1755355,35.09521484375
1755372,37.78076171875
1755557,48.095703125
1755891,38.6962890625
1760289,31.494140625
1760393,30.94482421875
1765694,35.5224609375
1765765,35.21728515625
1765828,30.45654296875
1765855,45.83740234375
1765875,33.8134765625
1765900,47.05810546875
1765912,38.9404296875
1765937,46.875
1765967,70.37353515625
1765991,61.1572265625
1766002,46.2646484375
1766031,78.79638671875
1766043,61.03515625
1766070,46.630859375
1766090,75.0732421875
1766108,75.01220703125
1766142,102.783203125
1766175,79.7119140625
1766187,56.15234375
1766203,48.095703125
1766228,84.716796875
1766254,110.04638671875
1766269,68.42041015625
1766283,54.19921875
1766312,104.18701171875
1766322,85.99853515625
1766344,54.74853515625
1766373,63.96484375
1766385,64.51416015625
1766407,32.04345703125
1766442,38.330078125
1766469,36.92626953125
1766485,70.73974609375
1766553,32.53173828125
1766599,29.60205078125
1766673,29.72412109375
1774760,31.73828125
1778020,32.65380859375
1778107,31.3720703125
1778137,42.1142578125
1778168,55.0537109375
1778182,39.55078125
1778204,50.23193359375
1778214,103.21044921875
1778252,58.59375
1778274,71.22802734375
1778289,72.8759765625
1778314,40.95458984375
1778324,54.62646484375
1778357,52.8564453125
1778372,29.4189453125
1778405,36.43798828125
1778427,89.05029296875
1778449,79.77294921875
1778470,87.646484375
1778486,38.14697265625
1778496,42.78564453125
1778520,49.01123046875
1778547,96.923828125
1778562,62.19482421875
1778582,33.935546875
1778624,48.40087890625
1778638,36.0107421875
1778654,36.9873046875
1778678,31.25
1778707,51.1474609375
1778727,31.06689453125
1778825,46.2646484375
1778838,29.1748046875
1778902,33.63037109375
1778955,29.4189453125
1789716,37.353515625
1789745,32.958984375
1789756,84.41162109375
1789782,44.25048828125
1789813,70.61767578125
1789833,48.095703125
1789857,48.27880859375
1789874,30.21240234375
1789885,58.837890625
1789930,35.2783203125
1789944,51.94091796875
1789980,40.58837890625
1790005,30.57861328125
1790015,41.015625
1790040,42.236328125
1790059,32.5927734375
1790115,32.71484375
1790132,34.912109375
1790153,71.96044921875
1790169,32.1044921875
1790209,30.70068359375
1790220,36.376953125
1790240,46.08154296875
1790281,41.68701171875
1790373,37.841796875
1790386,34.66796875
1790446,48.40087890625
1790485,33.63037109375
1790545,31.67724609375
1790611,32.89794921875
1790700,30.029296875
1794656,29.296875
1800397,33.02001953125
1803761,36.31591796875
1803795,30.517578125
1803818,29.541015625
1803845,33.0810546875
1803866,63.65966796875
1803891,64.51416015625
1803910,41.748046875
1803930,44.98291015625
1803961,35.70556640625
1803977,41.93115234375
1804004,41.8701171875
1804015,48.095703125
1804053,64.3310546875
1804073,62.3779296875
1804093,34.66796875
1804115,30.09033203125
1804146,68.78662109375
1804158,37.353515625
1804210,39.36767578125
1804237,38.330078125
1804272,30.8837890625
1804283,38.51318359375
1804302,30.8837890625
1804350,38.0859375
1804388,30.76171875
1804427,35.5224609375
1804438,50.84228515625
1804559,32.8369140625
1804582,37.9638671875
1804656,31.67724609375
1804693,32.1044921875
1813781,31.92138671875
1813835,31.8603515625
1813848,31.31103515625
1813883,64.75830078125
1813911,37.53662109375
1813924,32.1044921875
1813942,97.22900390625
1813959,71.044921875
1813994,65.36865234375
1814014,44.921875
1814026,43.15185546875
1814054,62.19482421875
1814066,46.630859375
1814079,51.33056640625
1814123,39.97802734375
1814152,39.97802734375
1814187,50.78125
1814202,34.24072265625
1814219,43.8232421875
1814241,34.5458984375
1814256,41.748046875
1814280,34.60693359375
1814329,30.70068359375
1814373,31.73828125
1814403,33.50830078125
1814426,40.22216796875
1814437,45.71533203125
1814543,32.40966796875
1814571,35.15625
1814590,52.30712890625
1814912,34.423828125
1822014,30.76171875
1822509,29.296875
1825369,39.306640625
1825387,39.4287109375
1825443,48.583984375
1825457,42.96875
1825486,31.18896484375
1825496,92.46826171875
1825513,31.494140625
1825537,37.9638671875
1825555,44.12841796875
1825573,45.22705078125
1825607,29.60205078125
1825618,46.32568359375
1825654,59.38720703125
1825668,48.33984375
1825686,37.78076171875
1825713,33.75244140625
1825737,56.21337890625
1825763,45.59326171875
1825786,51.7578125
1825807,47.9736328125
1825823,32.958984375
1825839,29.72412109375
1825851,31.73828125
1825886,32.2265625
1825903,41.56494140625
1825932,32.40966796875
1825992,33.14208984375
1826016,31.55517578125
1826077,30.029296875
1826169,30.21240234375
1826199,30.1513671875
1826336,34.72900390625
1834771,34.60693359375
1834793,44.5556640625
1834814,29.47998046875
1834834,46.2646484375
1834856,48.33984375
1834876,47.2412109375
1834887,33.87451171875
1834909,36.1328125
1834931,29.1748046875
1834943,65.12451171875
1834961,38.9404296875
1834981,42.48046875
1835012,46.44775390625
1835037,31.1279296875
1835067,104.4921875
1835081,39.97802734375
1835110,38.57421875
1835221,40.22216796875
1835487,39.61181640625
1835502,40.22216796875
1835622,29.23583984375
1835664,31.79931640625
1840568,30.57861328125
1843885,31.6162109375
1843910,33.69140625
1843933,54.62646484375
1843956,31.73828125
1843974,31.73828125
1844005,102.84423828125
1844025,49.01123046875
1844075,39.85595703125
1844093,54.443359375
1844130,30.8837890625
1844158,33.69140625
1844184,31.3720703125
1844204,29.78515625
1844220,31.494140625
1844244,29.47998046875
1844270,53.40576171875
1844285,36.43798828125
1844305,37.4755859375
1844416,43.64013671875
1844443,31.6162109375
1844489,29.11376953125
1844630,33.14208984375
1844896,30.82275390625
1853528,30.3955078125
1859229,38.818359375
1859255,31.43310546875
1859268,42.05322265625
1859296,29.11376953125
1859331,32.77587890625
1859355,38.2080078125
1859365,31.494140625
1859388,29.60205078125
1859404,41.015625
1859440,34.97314453125
1859456,67.626953125
1859482,34.36279296875
1859561,51.81884765625
1859572,38.6962890625
1859586,31.06689453125
1859638,29.78515625
1859654,37.59765625
1859685,32.65380859375
1859707,46.875
1859772,34.85107421875
1860015,30.1513671875
1860167,36.2548828125
1860195,35.33935546875
1868508,29.6630859375
1868638,31.73828125
1868703,33.5693359375
1868716,39.00146484375
1868737,30.8837890625
1868758,40.34423828125
1868800,37.4755859375
1868833,33.3251953125
1868865,31.982421875
1868884,48.4619140625
1868914,92.041015625
1868943,37.04833984375
1868959,36.1328125
1869011,41.50390625
1869039,50.72021484375
1869108,33.0810546875
1869127,29.9072265625
1869176,33.0810546875
1869211,36.31591796875
1869280,53.64990234375
1869330,29.6630859375
1869491,30.94482421875
1869531,38.26904296875
1878318,29.78515625
1878372,33.26416015625
1878397,34.1796875
1878410,43.88427734375
1878455,39.4287109375
1878471,63.96484375
1878509,32.958984375
1878534,35.46142578125
1878567,32.53173828125
1878579,33.3251953125
1878603,35.7666015625
1878639,32.65380859375
1878657,42.90771484375
1878680,38.2080078125
1878741,32.16552734375
1878792,30.82275390625
1878866,31.6162109375
1878885,39.12353515625
1879346,33.69140625
1942963,33.50830078125
1943017,33.0810546875
1943067,33.69140625
1943100,35.70556640625
1943127,38.4521484375
1943146,34.1796875
1943328,43.39599609375
1943366,29.60205078125
1943420,33.935546875
1943550,34.5458984375
1943563,29.541015625
1943584,29.4189453125
2535638,41.748046875
2535662,51.94091796875
2535691,32.77587890625
2535710,67.19970703125
2535742,56.09130859375
2535754,112.060546875
2535788,102.1728515625
2535805,83.8623046875
2535825,139.16015625
2535848,110.65673828125
2535871,132.32421875
2535899,94.7265625
2535919,84.228515625
2535930,48.15673828125
2535941,52.18505859375
2535953,71.35009765625
2535963,78.0029296875
2535981,63.17138671875
2535993,74.462890625
2536012,39.48974609375
2536023,29.60205078125
2536044,72.32666015625
2536056,40.83251953125
2536070,69.4580078125
2536102,70.12939453125
2536119,34.36279296875
2536151,44.3115234375
2536177,34.60693359375
2536196,36.92626953125
2536215,44.7998046875
2536243,29.72412109375
2536253,55.48095703125
2536280,45.47119140625
2536310,34.60693359375
2536329,44.37255859375
2536361,37.41455078125
2536403,30.1513671875
2536435,71.10595703125
2536459,46.56982421875
2536477,31.67724609375
2536497,30.57861328125
2536545,32.8369140625
2536590,31.3720703125
2536651,32.65380859375
2536761,29.6630859375
2536774,32.53173828125
2536923,33.0810546875
2543283,47.7294921875
2543343,55.48095703125
2543417,55.11474609375
2543470,32.470703125
2543561,57.7392578125
2545388,56.70166015625
2546779,29.35791015625
2547077,70.80078125
2547780,51.33056640625
2576592,29.47998046875
2577943,29.4189453125
2580332,29.60205078125
2591094,30.21240234375
2594671,36.92626953125
2804444,31.79931640625
2804463,30.8837890625
2804592,29.23583984375
2804624,62.744140625
2804635,84.41162109375
2804666,43.0908203125
2804684,88.68408203125
2804709,56.396484375
2804740,60.9130859375
2804754,105.712890625
2804770,126.52587890625
2804802,117.919921875
2804815,60.546875
2804825,37.78076171875
2804836,88.2568359375
2804875,85.205078125
2804891,92.95654296875
2804904,37.2314453125
2804923,71.83837890625
2804948,61.5234375
2804960,48.828125
2804996,54.38232421875
2805009,79.16259765625
2805033,34.72900390625
2805044,41.44287109375
2805061,61.279296875
2805083,88.134765625
2805108,33.8134765625
2805126,36.865234375
2805145,43.8232421875
2805170,44.73876953125
2805192,39.36767578125
2805220,50.35400390625
2805230,29.47998046875
2805266,47.119140625
2805297,53.8330078125
2805324,32.71484375
2805360,38.26904296875
2805386,31.06689453125
2805417,31.73828125
2805437,54.26025390625
2805473,30.8837890625
2805493,31.43310546875
2805558,29.9072265625
2805590,29.23583984375
2805658,33.69140625
2805741,33.14208984375
2805853,29.23583984375
2806043,32.958984375
2806531,29.72412109375
2812468,50.1708984375
2812544,32.04345703125
2812624,37.90283203125
2812689,62.56103515625
2812761,29.84619140625
2812977,61.21826171875
2814017,30.6396484375
2815984,33.26416015625
2816420,68.603515625
2817425,32.04345703125
2819747,71.2890625
2821554,53.64990234375
2821744,67.3828125
2861474,31.79931640625
2875980,31.6162109375
2876051,37.109375
2876185,30.8837890625
3029218,29.296875
3207129,51.94091796875
3207149,53.16162109375
3207178,60.791015625
3207207,71.22802734375
3207220,194.580078125
3207244,150.81787109375
3207258,118.65234375
3207270,78.9794921875
3207287,54.74853515625
3207297,72.3876953125
3207317,87.0361328125
3207328,39.73388671875
3207344,57.18994140625
3207358,82.275390625
3207374,88.2568359375
3207397,50.10986328125
3207414,92.46826171875
3207434,80.99365234375
3207445,68.66455078125
3207469,51.025390625
3207484,48.828125
3207496,59.14306640625
3207514,73.486328125
3207530,59.75341796875
3207561,58.77685546875
3207577,30.94482421875
3207590,30.517578125
3207616,45.59326171875
3207632,38.818359375
3207670,49.37744140625
3207686,41.56494140625
3207703,46.630859375
3207736,45.22705078125
3207764,29.9072265625
3207784,30.33447265625
3207795,31.79931640625
3207816,44.5556640625
3207826,47.119140625
3207882,34.5458984375
3207897,30.3955078125
3207923,30.2734375
3207946,35.33935546875
3207961,38.75732421875
3208000,34.60693359375
3208027,36.865234375
3208048,35.7666015625
3208061,29.9072265625
3208093,33.99658203125
3208216,30.76171875
3208273,32.470703125
3208470,30.76171875
3208759,31.982421875
3214670,30.94482421875
3214775,60.97412109375
3214845,58.77685546875
3214929,70.6787109375
3214988,35.5224609375
3215068,48.583984375
3215128,30.517578125
3219314,34.66796875
3219414,31.55517578125
3219426,54.8095703125
3219736,34.85107421875
3220590,31.005859375
3221285,67.32177734375
3224830,31.982421875
3225107,63.90380859375
3302625,35.82763671875
3302660,29.47998046875
3302683,42.236328125
3302698,37.29248046875
3302720,48.27880859375
3302733,47.4853515625
3302759,45.95947265625
3302777,97.0458984375
3302796,76.47705078125
3302813,66.162109375
3302824,115.90576171875
3302849,102.9052734375
3302875,141.9677734375
3302893,101.318359375
3302905,43.39599609375
3302917,114.07470703125
3302936,113.1591796875
3302952,124.45068359375
3302965,59.63134765625
3302981,92.28515625
3303000,107.11669921875
3303022,105.5908203125
3303046,53.7109375
3303070,49.37744140625
3303088,61.70654296875
3303098,44.00634765625
3303120,72.021484375
3303137,77.20947265625
3303158,46.875
3303178,66.10107421875
3303200,61.70654296875
3303211,34.5458984375
3303224,48.2177734375
3303259,54.8095703125
3303290,53.1005859375
3303306,29.72412109375
3303328,41.259765625
3303362,33.38623046875
3303385,47.66845703125
3303406,32.40966796875
3303428,56.640625
3303471,46.142578125
3303483,30.45654296875
3303506,38.63525390625
3303546,40.4052734375
3303557,35.5224609375
3303596,32.8369140625
3303611,42.8466796875
3303630,31.494140625
3303663,48.7060546875
3303699,42.236328125
3303719,37.41455078125
3303792,39.9169921875
3303845,32.16552734375
3303890,31.1279296875
3303929,35.09521484375
3303962,29.96826171875
3304217,52.734375
3304268,29.541015625
3304420,30.45654296875
3304520,31.67724609375
3305214,29.541015625
3307804,32.470703125
3307914,38.02490234375
3308418,62.01171875
3308689,60.85205078125
3309044,29.47998046875
3309071,79.345703125
3309158,74.27978515625
3309239,70.12939453125
3309281,30.57861328125
3309294,39.12353515625
3309382,29.96826171875
3309417,33.50830078125
3309450,31.982421875
3309505,92.34619140625
3309527,35.33935546875
3309601,60.05859375
3309645,36.865234375
3309675,35.82763671875
3309733,49.98779296875
3309806,33.69140625
3309831,37.41455078125
3309861,51.7578125
3309878,70.73974609375
3309929,32.1044921875
3309949,58.04443359375
3309972,43.27392578125
3309988,47.54638671875
3310001,37.4755859375
3310054,57.18994140625
3310079,38.330078125
3310096,43.76220703125
3310116,36.80419921875
3310126,29.35791015625
3310168,44.43359375
3310183,41.32080078125
3310208,41.1376953125
3310221,35.33935546875
3310244,38.6962890625
3310269,38.39111328125
3310300,34.423828125
3310312,41.6259765625
3310341,40.10009765625
3310366,64.75830078125
3310393,34.0576171875
3310415,56.57958984375
3310451,44.3115234375
3310461,32.71484375
3310501,34.11865234375
3310555,34.66796875
3310599,35.888671875
3310619,32.77587890625
3310644,46.630859375
3310731,43.51806640625
3310747,79.04052734375
3310789,33.02001953125
3310811,31.982421875
3310878,30.94482421875
3310992,34.1796875
3311188,31.982421875
3314043,36.2548828125
3314055,65.00244140625
3314095,36.0107421875
3314108,33.50830078125
3314136,41.93115234375
3314154,66.83349609375
3314253,34.3017578125
3314302,37.841796875
3314319,67.07763671875
3314330,42.236328125
3314389,48.15673828125
3314405,70.00732421875
3314492,32.53173828125
3314514,89.4775390625
3314538,55.6640625
3314549,48.40087890625
3314594,53.7109375
3314611,37.9638671875
3314634,30.8837890625
3314672,31.43310546875
3314689,29.78515625
3314723,45.41015625
3314734,68.115234375
3314745,47.8515625
3314766,38.818359375
3314786,29.541015625
3314812,43.02978515625
3314840,44.7998046875
3314852,29.23583984375
3314886,43.39599609375
3314905,29.72412109375
3314929,36.92626953125
3314948,35.0341796875
3314973,48.33984375
3315018,38.75732421875
3315044,33.50830078125
3315065,53.16162109375
3315084,33.0810546875
3315097,76.0498046875
3315108,32.1044921875
3315144,33.203125
3315170,57.0068359375
3315201,37.4755859375
3315216,33.99658203125
3315269,29.11376953125
3315338,29.9072265625
3315362,60.791015625
3315481,30.33447265625
3315550,30.45654296875
3315693,34.11865234375
3315716,33.63037109375
3318325,33.38623046875
3318388,46.630859375
3318457,69.3359375
3318479,29.296875
3318521,33.69140625
3318540,65.24658203125
3318692,60.302734375
3318718,38.0859375
3318730,29.84619140625
3318835,40.58837890625
3318853,29.6630859375
3318878,68.115234375
3318940,34.7900390625
3319000,33.69140625
3319017,35.94970703125
3319045,119.384765625
3319063,50.35400390625
3319093,34.1796875
3319115,29.4189453125
3319134,30.45654296875
3319194,39.55078125
3319226,36.92626953125
3319254,56.09130859375
3319285,46.5087890625
3319387,29.296875
3319429,50.47607421875
3319458,39.9169921875
3319518,53.5888671875
3319607,37.78076171875
3319640,36.62109375
3319779,30.76171875
3322628,35.70556640625
3322687,88.8671875
3322733,29.35791015625
3322761,42.1142578125
3322790,48.7060546875
3322812,36.80419921875
3322831,31.8603515625
3322876,33.99658203125
3322900,74.15771484375
3322912,46.32568359375
3322932,40.4052734375
3322965,37.353515625
3323002,55.7861328125
3323015,67.3828125
3323038,32.8369140625
3323063,37.2314453125
3323096,30.57861328125
3323106,42.3583984375
3323146,30.33447265625
3323166,43.701171875
3323180,38.75732421875
3323202,36.4990234375
3323237,35.58349609375
3323269,37.9638671875
3323291,38.02490234375
3323309,29.23583984375
3323363,29.35791015625
3323378,31.92138671875
3323403,55.5419921875
3323419,37.7197265625
3323452,34.72900390625
3323462,37.41455078125
3323528,43.76220703125
3323538,35.64453125
3323563,32.470703125
3323597,39.1845703125
3323609,29.78515625
3323737,48.76708984375
3323749,29.47998046875
3327791,32.5927734375
3327805,34.423828125
3327827,77.33154296875
3327841,49.8046875
3327900,38.330078125
3327923,50.23193359375
3327944,61.95068359375
3327972,48.27880859375
3327988,46.630859375
3328004,53.7109375
3328028,78.4912109375
3328043,35.46142578125
3328058,35.15625
3328079,37.78076171875
3328094,40.46630859375
3328114,41.50390625
3328150,42.1142578125
3328161,38.330078125
3328181,48.88916015625
3328220,31.005859375
3328233,50.048828125
3328267,31.06689453125
3328297,41.19873046875
3328312,40.6494140625
3328333,46.5087890625
3328347,56.396484375
3328419,43.51806640625
3328466,41.44287109375
3328523,36.07177734375
3328556,39.48974609375
3328624,29.23583984375
3328722,30.94482421875
3328761,30.3955078125
3328799,31.6162109375
3333253,30.09033203125
3333292,38.330078125
3333324,33.8134765625
3333341,32.958984375
3333353,29.47998046875
3333368,67.9931640625
3333421,30.3955078125
3333440,50.35400390625
3333460,39.61181640625
3333495,29.9072265625
3333506,56.396484375
3333522,35.82763671875
3333540,38.0859375
3333558,46.44775390625
3333580,42.17529296875
3333601,37.2314453125
3333622,34.3017578125
3333633,70.12939453125
3333659,35.888671875
3333679,35.94970703125
3333705,32.77587890625
3333724,48.64501953125
3333757,30.09033203125
3333782,41.748046875
3333801,45.0439453125
3333827,43.701171875
3333858,34.24072265625
3333873,32.53173828125
3333914,29.96826171875
3333942,35.46142578125
3333962,43.39599609375
3334158,33.69140625
3334208,33.3251953125
3339248,31.73828125
3339258,35.82763671875
3339285,33.99658203125
3339315,67.32177734375
3339329,29.72412109375
3339362,48.40087890625
3339388,61.1572265625
3339406,42.17529296875
3339440,29.96826171875
3339451,67.93212890625
3339465,91.85791015625
3339497,33.75244140625
3339515,32.958984375
3339533,61.46240234375
3339549,31.79931640625
3339564,40.46630859375
3339586,38.75732421875
3339613,40.58837890625
3339631,41.80908203125
3339679,43.0908203125
3339698,63.232421875
3339727,37.9638671875
3339751,32.5927734375
3339835,30.21240234375
3339952,37.04833984375
3340005,33.63037109375
3340137,37.841796875
3340173,66.0400390625
3344285,37.2314453125
3344333,31.494140625
3344361,70.4345703125
3344371,48.9501953125
3344391,32.77587890625
3344409,46.38671875
3344431,36.31591796875
3344450,89.4775390625
3344465,31.3720703125
3344487,52.978515625
3344512,36.43798828125
3344525,49.49951171875
3344542,40.83251953125
3344568,33.14208984375
3344579,34.912109375
3344612,57.12890625
3344622,38.02490234375
3344648,36.80419921875
3344689,31.18896484375
3344713,35.7666015625
3344741,65.673828125
3344789,36.9873046875
3344800,30.45654296875
3344835,31.92138671875
3344851,39.55078125
3344873,33.8134765625
3344892,67.07763671875
3345012,44.73876953125
3345039,30.029296875
3345064,33.99658203125
3345136,32.04345703125
3348905,31.06689453125
3348932,35.94970703125
3348942,32.470703125
3348985,29.541015625
3348998,89.90478515625
3349026,59.14306640625
3349048,48.095703125
3349095,38.818359375
3349122,40.83251953125
3349135,36.376953125
3349148,31.18896484375
3349175,48.095703125
3349202,42.90771484375
3349226,38.14697265625
3349248,35.2783203125
3349275,42.17529296875
3349300,45.83740234375
3349312,32.1044921875
3349335,30.09033203125
3349356,34.912109375
3349400,35.0341796875
3349413,32.958984375
3349424,35.888671875
3349467,29.4189453125
3349499,37.841796875
3349584,30.09033203125
3349620,34.85107421875
3349644,35.46142578125
3353472,34.11865234375
3353519,36.1328125
3353529,36.4990234375
3353543,33.0810546875
3353570,90.33203125
3353615,31.8603515625
3353639,41.07666015625
3353650,40.71044921875
3353678,37.29248046875
3353713,83.43505859375
3353740,37.109375
3353755,29.35791015625
3353786,32.958984375
3353827,34.85107421875
3353885,42.3583984375
3353895,37.04833984375
3353957,31.005859375
3353971,66.46728515625
3353996,34.60693359375
3354115,38.57421875
3354184,32.53173828125
3354573,29.6630859375
3354615,32.8369140625
3354876,31.1279296875
3359833,36.376953125
3359863,29.47998046875
3359887,31.79931640625
3359911,41.015625
3359951,52.91748046875
3359965,78.79638671875
3359988,44.98291015625
3359999,64.02587890625
3360025,34.85107421875
3360049,31.6162109375
3360061,59.326171875
3360085,37.353515625
3360110,33.203125
3360149,69.091796875
3360177,36.68212890625
3360196,36.865234375
3360217,29.23583984375
3360280,34.48486328125
3360305,41.1376953125
3360324,35.70556640625
3360418,31.67724609375
3360433,40.71044921875
3360465,48.583984375
3360489,32.40966796875
3360562,31.18896484375
3360581,31.31103515625
3360664,39.24560546875
3361032,31.1279296875
3366183,33.87451171875
3366209,50.47607421875
3366222,35.888671875
3366241,35.46142578125
3366257,56.5185546875
3366276,36.7431640625
3366294,30.1513671875
3366315,39.1845703125
3366344,84.65576171875
3366361,33.3251953125
3366386,29.47998046875
3366426,42.17529296875
3366453,45.95947265625
3366520,29.11376953125
3366541,48.88916015625
3366592,36.865234375
3366635,31.005859375
3366653,43.45703125
3366699,49.98779296875
3366720,33.8134765625
3366756,29.6630859375
3366814,46.69189453125
3366830,41.19873046875
3366851,47.607421875
3366980,44.677734375
3367085,33.02001953125
3367219,49.560546875
3372245,29.47998046875
3372305,29.1748046875
3372357,33.69140625
3372368,56.640625
3372410,46.32568359375
3372421,38.818359375
3372458,43.9453125
3372474,60.60791015625
3372493,50.72021484375
3372522,38.63525390625
3372555,35.400390625
3372567,60.1806640625
3372596,48.4619140625
3372621,38.39111328125
3372641,34.0576171875
3372675,35.82763671875
3372695,38.818359375
3372770,29.47998046875
3372801,29.23583984375
3372819,30.21240234375
3372856,30.76171875
3372887,41.19873046875
3372900,31.92138671875
3373026,31.982421875
3373051,33.02001953125
3373086,48.52294921875
3373097,37.41455078125
3373234,29.9072265625
3378225,29.11376953125
3378251,40.1611328125
3378268,38.57421875
3378287,38.87939453125
3378320,53.3447265625
3378353,54.0771484375
3378368,47.66845703125
3378399,55.2978515625
3378427,37.109375
3378438,89.05029296875
3378478,33.0810546875
3378493,29.11376953125
3378506,31.494140625
3378546,36.68212890625
3378632,32.04345703125
3378713,37.78076171875
3378765,36.43798828125
3378801,29.296875
3378844,32.77587890625
3378891,31.6162109375
3378920,36.31591796875
3379238,30.517578125
3384592,29.84619140625
3384639,35.0341796875
3384655,63.5986328125
3384688,32.77587890625
3384701,52.490234375
3384729,40.10009765625
3384747,48.4619140625
3384777,92.28515625
3384805,31.3720703125
3384836,61.46240234375
3384931,45.83740234375
3384994,36.19384765625
3385010,29.78515625
3385041,44.73876953125
3385081,32.65380859375
3385126,36.9873046875
3385161,62.56103515625
3385205,30.76171875
3385249,34.423828125
3385493,29.4189453125
3391507,29.4189453125
3391550,33.69140625
3391564,30.70068359375
3391579,61.767578125
3391592,43.212890625
3391610,35.21728515625
3391632,33.5693359375
3391644,36.376953125
3391676,29.11376953125
3391724,32.958984375
3391734,57.18994140625
3391781,46.44775390625
3391799,29.6630859375
3391819,37.2314453125
3391832,31.494140625
3391868,33.99658203125
3391908,47.18017578125
3391920,30.517578125
3391945,51.8798828125
3392082,33.0810546875
3392302,29.47998046875
3392844,36.68212890625
3399257,29.6630859375
3399280,50.84228515625
3399311,48.9501953125
3399334,29.1748046875
3399351,59.08203125
3399362,52.24609375
3399384,44.7998046875
3399406,84.228515625
3399427,29.78515625
3399440,40.10009765625
3399494,41.50390625
3399551,29.11376953125
3399585,30.2734375
3399599,38.87939453125
3399650,37.109375
3399663,31.06689453125
3399698,29.35791015625
3399727,31.1279296875
3399771,29.9072265625
3399854,49.62158203125
3399878,31.982421875
3400426,30.1513671875
3405406,35.58349609375
3405453,37.04833984375
3405466,30.70068359375
3405494,30.82275390625
3405512,39.73388671875
3405525,38.39111328125
3405546,35.58349609375
3405576,34.36279296875
3405589,50.47607421875
3405654,32.28759765625
3405670,32.71484375
3405686,31.1279296875
3405721,29.296875
3405754,36.376953125
3405777,40.22216796875
3405844,36.56005859375
3405855,41.44287109375
3405891,45.166015625
3406055,31.43310546875
3406077,31.31103515625
3406173,32.8369140625
3406254,29.296875
3412237,32.470703125
3412248,30.6396484375
3412276,32.8369140625
3412316,43.8232421875
3412342,44.189453125
3412429,60.48583984375
3412498,33.5693359375
3412591,36.31591796875
3412630,62.19482421875
3412691,30.21240234375
3412779,35.0341796875
3412796,31.55517578125
3412880,29.6630859375
3412913,31.8603515625
3418087,30.3955078125
3418126,36.865234375
3418150,39.9169921875
3418167,39.24560546875
3418181,40.0390625
3418203,41.748046875
3418227,43.45703125
3418239,64.88037109375
3418265,36.43798828125
3418310,31.67724609375
3418331,30.3955078125
3418375,30.21240234375
3418435,31.1279296875
3418519,35.7666015625
3418553,31.06689453125
3418822,29.4189453125
3425011,30.09033203125
3425034,31.31103515625
3425080,42.54150390625
3425096,47.91259765625
3425124,36.2548828125
3425147,66.46728515625
3425214,39.12353515625
3425259,45.5322265625
3425309,30.70068359375
3425348,30.33447265625
3425419,31.005859375
3425440,60.97412109375
3425478,32.8369140625
3425530,32.8369140625
3425600,34.3017578125
3425617,30.517578125
3425643,29.78515625
3425680,31.1279296875
3425740,29.541015625
3432983,35.64453125
3433033,46.44775390625
3433057,37.109375
3433068,31.73828125
3433087,36.2548828125
3433113,49.560546875
3433124,50.4150390625
3433201,44.61669921875
3433211,41.015625
3433262,34.60693359375
3433281,78.4912109375
3433338,51.45263671875
3433395,36.43798828125
3433468,35.5224609375
3433483,37.41455078125
3434435,33.447265625
3441409,32.89794921875
3441441,29.78515625
3441465,36.1328125
3441477,60.36376953125
3441523,33.50830078125
3441577,29.96826171875
3441596,31.8603515625
3441611,29.35791015625
3441640,81.23779296875
3441740,29.60205078125
3441773,41.3818359375
3441850,31.31103515625
3441941,38.87939453125
3441991,32.5927734375
3442117,31.494140625
3447892,35.46142578125
3447925,33.935546875
3448007,31.73828125
3448038,50.59814453125
3448069,30.82275390625
3448121,34.60693359375
3448156,31.31103515625
3448179,72.021484375
3448270,31.67724609375
3448377,31.43310546875
3448416,35.46142578125
3448441,37.59765625
3448536,30.94482421875
3448696,40.10009765625
3455836,32.40966796875
3455858,56.45751953125
3455882,31.494140625
3455910,37.7197265625
3455932,69.39697265625
3455996,30.2734375
3456067,32.65380859375
3456099,38.9404296875
3456245,31.06689453125
3456273,29.84619140625
3457054,35.33935546875
3464100,36.9873046875
3464137,42.17529296875
3464171,34.3017578125
3464199,48.7060546875
3464248,43.15185546875
3464345,35.400390625
3464360,57.67822265625
3464446,29.11376953125
3464468,45.47119140625
3464491,32.8369140625
3464750,31.06689453125
3472150,29.6630859375
3472223,36.1328125
3472265,29.11376953125
3472281,29.96826171875
3472319,57.12890625
3472338,67.5048828125
3472355,33.8134765625
3472395,38.39111328125
3472474,41.80908203125
3472547,34.72900390625
3472598,30.82275390625
3472705,35.2783203125
3472781,29.35791015625
3472825,29.1748046875
3472960,36.4990234375
3473018,34.0576171875
3483353,33.447265625
3483370,70.9228515625
3483382,34.423828125
3483411,37.841796875
3483430,58.16650390625
3483466,33.63037109375
3483480,37.9638671875
3483529,40.22216796875
3483539,32.470703125
3483588,30.21240234375
3483613,32.53173828125
3483644,32.470703125
3483662,31.8603515625
3483932,38.75732421875
3490870,34.11865234375
3490884,32.04345703125
3490913,29.84619140625
3490932,48.2177734375
3491009,33.02001953125
3491034,29.78515625
3491058,31.18896484375
3491108,39.4287109375
3491134,30.6396484375
3491145,56.09130859375
3491199,33.447265625
3491216,30.2734375
3491251,30.3955078125
3491643,30.70068359375
3492378,30.33447265625
3500300,44.189453125
3500323,31.8603515625
3500356,39.00146484375
3500387,38.39111328125
3500412,29.23583984375
3500446,42.96875
3500533,36.68212890625
3500635,35.94970703125
3500649,33.203125
3500909,33.935546875
3509191,30.76171875
3509221,45.7763671875
3509231,96.435546875
3509275,33.5693359375
3509287,33.14208984375
3509310,43.51806640625
3509326,32.3486328125
3509478,30.029296875
3509573,36.31591796875
3509588,36.0107421875
3509895,29.23583984375
3510048,30.70068359375
3518209,30.3955078125
3518233,34.11865234375
3518288,30.2734375
3518325,32.16552734375
3518359,83.8623046875
3518440,31.18896484375
3518460,41.07666015625
3518486,31.43310546875
3518696,39.1845703125
3518805,32.3486328125
3519036,31.25
3527734,36.62109375
3527803,91.97998046875
3527825,36.19384765625
3527854,42.3583984375
3527875,31.982421875
3527908,46.08154296875
3528016,40.4052734375
3528034,32.3486328125
3528130,30.3955078125
3528519,38.26904296875
3538368,29.78515625
3538390,36.19384765625
3538407,39.4287109375
3538447,34.66796875
3538515,30.94482421875
3538568,32.1044921875
3538592,29.96826171875
3538644,32.65380859375
3538661,33.50830078125
3538688,31.8603515625
3538711,41.3818359375
3538797,30.70068359375
3538897,30.09033203125
3539417,38.9404296875
3539616,29.78515625
3551399,33.75244140625
3551440,38.0859375
3551457,30.33447265625
3551470,47.30224609375
3551482,32.8369140625
3551513,30.57861328125
3551617,30.517578125
3551636,31.6162109375
3551687,29.23583984375
3551705,33.99658203125
3552199,39.24560546875
3564661,45.0439453125
3564825,36.376953125
3564888,42.6025390625
3564984,29.60205078125
3565026,30.09033203125
3565079,34.72900390625
3565313,33.38623046875
3576644,44.3115234375
3576675,34.48486328125
3576691,29.60205078125
3576716,43.0908203125
3576741,51.6357421875
3576795,32.04345703125
3576837,31.1279296875
3576859,36.19384765625
3576890,30.33447265625
3576902,43.64013671875
3577020,29.541015625
3577186,43.64013671875
6059637,29.541015625
