2999000,0
13539,36.19384765625
45037,36.19384765625
48611,36.2548828125
48755,36.9873046875
59365,37.7197265625
79932,38.02490234375
88319,36.31591796875
125757,37.109375
140015,36.9873046875
145831,35.64453125
162331,37.7197265625
235798,35.94970703125
244741,36.56005859375
256489,38.39111328125
264757,36.7431640625
265585,40.4052734375
291074,35.94970703125
298358,35.58349609375
305908,36.92626953125
351031,36.9873046875
356522,36.80419921875
357085,35.82763671875
386652,36.56005859375
388036,35.58349609375
397395,38.6962890625
404851,35.5224609375
407493,35.888671875
483319,37.109375
526920,37.353515625
571533,40.83251953125
578824,36.376953125
579694,35.400390625
591957,35.400390625
614943,37.53662109375
616816,37.353515625
621111,35.46142578125
621678,36.7431640625
640119,38.57421875
670906,36.865234375
676392,39.794921875
677802,35.82763671875
689730,35.64453125
714784,40.10009765625
729724,36.62109375
750505,37.59765625
751065,36.80419921875
753154,35.58349609375
759735,35.64453125
776954,37.65869140625
788786,36.56005859375
822541,35.70556640625
873889,37.841796875
891392,35.7666015625
908300,37.04833984375
910627,54.13818359375
910964,39.36767578125
911488,42.96875
919893,41.3818359375
923180,35.46142578125
968802,36.1328125
978461,35.46142578125
989361,36.62109375
1020097,35.400390625
1027907,35.58349609375
1047825,37.04833984375
1058755,38.26904296875
1067127,36.0107421875
1072797,36.2548828125
1090492,38.818359375
1091166,39.6728515625
1125439,35.58349609375
1160122,35.5224609375
1197828,35.70556640625
1239205,36.7431640625
1278453,36.56005859375
1286435,36.07177734375
1294637,38.818359375
1303172,37.29248046875
1345877,35.94970703125
1371271,40.1611328125
1391807,36.0107421875
1400098,36.19384765625
1417134,36.19384765625
1446946,37.90283203125
1464687,35.5224609375
1470057,35.888671875
1496228,35.64453125
1504682,36.4990234375
1507631,36.92626953125
1511290,35.58349609375
1520051,36.68212890625
1521303,35.400390625
1537615,35.64453125
1540702,35.82763671875
1545038,36.43798828125
1546517,35.400390625
1547749,35.400390625
1549700,42.66357421875
1582993,35.94970703125
1605012,36.80419921875
1641312,35.7666015625
1660870,36.1328125
1663603,35.400390625
1665286,39.6728515625
1707105,37.109375
1804938,36.9873046875
1839651,35.888671875
1844116,37.04833984375
1866614,35.94970703125
1901812,38.0859375
1910161,36.19384765625
1926913,35.70556640625
1964669,36.1328125
1965899,38.330078125
1972449,36.31591796875
1977485,35.400390625
2007340,35.64453125
2042509,36.56005859375
2075180,38.02490234375
2100695,35.400390625
2118242,36.376953125
2131776,36.07177734375
2158593,35.82763671875
2174792,35.70556640625
2220858,36.376953125
2225821,35.94970703125
2240407,36.376953125
2260424,36.43798828125
2264344,43.9453125
2264635,35.888671875
2282718,39.24560546875
2303813,36.31591796875
2329807,36.7431640625
2338358,41.015625
2405038,35.70556640625
2455993,37.04833984375
2459909,39.61181640625
2541759,35.82763671875
2543248,36.1328125
2548640,35.94970703125
2558471,36.2548828125
2619520,45.41015625
2680648,36.56005859375
2694865,38.0859375
2707130,35.94970703125
2771031,37.4755859375
2829973,35.70556640625
2851972,35.7666015625
2912358,37.2314453125
2930416,36.43798828125
2962436,36.68212890625
2990509,36.2548828125
