2999000,0
3076,74.8291015625
8904,79.58984375
11615,77.20947265625
14809,72.3876953125
17574,35.7666015625
23936,84.3505859375
25926,80.4443359375
33372,82.09228515625
37641,72.81494140625
39710,76.72119140625
40984,83.8623046875
44097,74.21875
47076,83.49609375
48259,66.34521484375
48351,31.73828125
48436,33.3251953125
48516,40.8935546875
48682,33.203125
48719,41.259765625
48742,31.6162109375
48773,70.6787109375
49002,35.09521484375
49208,63.04931640625
49379,32.89794921875
49490,57.12890625
49589,32.16552734375
49791,58.349609375
50077,41.32080078125
50122,33.5693359375
50333,35.33935546875
50482,35.33935546875
50638,43.15185546875
50965,39.0625
51506,42.29736328125
51745,33.63037109375
52298,33.8134765625
52597,56.94580078125
62431,78.7353515625
65578,84.65576171875
67433,32.470703125
67483,67.9931640625
69061,64.02587890625
72122,73.486328125
73913,77.7587890625
77394,70.068359375
78636,71.22802734375
84057,76.23291015625
87346,78.43017578125
88812,64.697265625
90877,68.66455078125
91838,58.349609375
93913,66.34521484375
95475,67.5048828125
103679,37.29248046875
107700,69.580078125
109200,67.19970703125
115005,75.25634765625
118142,80.26123046875
118826,47.91259765625
119721,72.75390625
124312,82.275390625
124369,36.56005859375
126652,74.70703125
132203,75.62255859375
139496,81.11572265625
141356,74.76806640625
142341,68.66455078125
143669,64.02587890625
150242,74.3408203125
150979,73.79150390625
151540,32.8369140625
152050,67.138671875
158650,86.97509765625
165052,73.66943359375
166234,32.89794921875
168957,80.99365234375
173178,74.70703125
176509,67.93212890625
178247,77.69775390625
182497,76.7822265625
184582,73.66943359375
188474,71.35009765625
196926,84.8388671875
198575,76.23291015625
204482,79.77294921875
207936,77.1484375
211113,72.81494140625
212665,78.369140625
214799,73.73046875
217756,73.05908203125
219582,74.951171875
228408,78.79638671875
234611,81.6650390625
237952,79.28466796875
238688,32.65380859375
240078,80.810546875
241798,74.64599609375
244319,77.08740234375
256066,78.857421875
258167,82.8857421875
262289,84.3505859375
263968,69.82421875
265638,62.1337890625
267602,77.45361328125
273133,48.15673828125
275430,34.97314453125
277834,80.078125
284880,72.20458984375
288115,72.3876953125
290023,79.833984375
292909,83.0078125
294897,73.79150390625
300178,31.8603515625
300377,78.43017578125
303651,81.11572265625
306017,78.125
312664,78.0029296875
314282,71.1669921875
318638,73.2421875
320369,35.70556640625
321736,72.998046875
325516,84.228515625
331843,90.6982421875
336677,82.21435546875
337727,37.353515625
339481,71.47216796875
342284,79.9560546875
353458,77.81982421875
355533,77.880859375
358478,78.857421875
358693,32.40966796875
363151,79.833984375
368121,87.7685546875
371422,77.94189453125
373504,81.11572265625
376491,32.958984375
377357,82.58056640625
382758,80.01708984375
388122,68.603515625
391478,81.48193359375
392973,78.79638671875
393481,73.18115234375
394001,75.68359375
394581,51.33056640625
395093,63.1103515625
395641,56.21337890625
396267,62.01171875
397030,59.75341796875
397808,56.94580078125
398885,62.1337890625
399825,50.23193359375
401592,56.884765625
402835,66.83349609375
407594,61.58447265625
410017,68.29833984375
411021,70.86181640625
411962,32.1044921875
412613,66.650390625
418258,64.63623046875
419803,57.861328125
422245,70.068359375
423967,70.3125
427236,67.44384765625
428252,72.75390625
429078,60.6689453125
429679,33.3251953125
430178,58.7158203125
432225,64.453125
436174,73.1201171875
438014,63.04931640625
441269,68.66455078125
442624,64.208984375
444045,33.02001953125
446542,65.49072265625
448126,62.3779296875
451380,67.7490234375
454387,69.7021484375
456434,70.49560546875
458328,64.63623046875
460818,68.66455078125
463674,74.70703125
469148,67.626953125
471377,77.33154296875
473564,65.12451171875
481645,84.41162109375
483736,78.06396484375
486669,76.59912109375
497512,78.06396484375
498274,32.40966796875
498452,53.77197265625
502014,81.72607421875
504102,73.73046875
508585,79.345703125
510493,76.171875
514076,74.76806640625
522880,84.3505859375
524563,75.8056640625
528914,78.125
532411,75.68359375
536823,78.91845703125
537940,69.580078125
539218,62.98828125
540501,69.64111328125
541697,70.9228515625
546936,70.556640625
549286,78.43017578125
558721,32.40966796875
566343,33.0810546875
568359,80.62744140625
570593,81.60400390625
572353,79.28466796875
574149,78.2470703125
576291,73.05908203125
577746,71.6552734375
578504,72.1435546875
579419,54.62646484375
580991,62.56103515625
582030,67.56591796875
583986,62.01171875
585512,69.7021484375
606753,79.1015625
621144,84.5947265625
622263,78.0029296875
623426,75.68359375
625061,31.79931640625
629115,77.81982421875
633971,80.99365234375
635101,33.447265625
636924,80.74951171875
640810,78.30810546875
643720,74.89013671875
648093,82.21435546875
652230,82.21435546875
663675,83.67919921875
670506,88.07373046875
674178,79.833984375
675823,78.369140625
677477,70.37353515625
680185,71.71630859375
684228,31.73828125
687129,81.35986328125
689258,72.6318359375
692182,33.14208984375
692799,72.44873046875
695075,80.01708984375
701925,75.62255859375
705483,76.35498046875
709800,73.18115234375
713908,37.2314453125
720601,82.45849609375
722451,86.24267578125
727956,79.77294921875
730531,74.52392578125
732497,90.27099609375
745521,103.3935546875
749905,78.67431640625
756396,84.9609375
759514,53.52783203125
767434,82.33642578125
769922,80.322265625
780145,89.29443359375
786021,79.77294921875
788750,78.79638671875
790197,76.5380859375
793076,77.20947265625
794792,32.65380859375
800073,32.53173828125
801191,79.1015625
803874,76.84326171875
807562,64.63623046875
810429,84.04541015625
811982,70.37353515625
813958,31.79931640625
820350,78.857421875
821569,80.38330078125
829169,77.392578125
832983,32.2265625
837108,81.9091796875
841763,82.8857421875
846950,86.42578125
850780,74.951171875
858623,53.40576171875
862331,81.60400390625
866155,85.3271484375
872882,78.2470703125
875426,80.2001953125
877094,35.46142578125
883367,90.087890625
884689,76.11083984375
886758,75.74462890625
889515,82.45849609375
900195,83.740234375
901937,78.30810546875
903392,78.857421875
910576,56.57958984375
910620,37.109375
910817,50.10986328125
910948,35.94970703125
910992,96.86279296875
911031,34.912109375
911259,59.26513671875
911372,36.1328125
911492,62.19482421875
911705,35.21728515625
911732,53.5888671875
911744,34.97314453125
912041,46.7529296875
912260,35.09521484375
912298,43.76220703125
912694,54.6875
912979,36.376953125
913338,44.49462890625
913633,37.29248046875
913811,58.9599609375
923215,87.09716796875
925846,71.4111328125
927997,71.044921875
929992,72.6318359375
932521,75.13427734375
934318,72.265625
936255,78.61328125
941642,79.345703125
944721,70.25146484375
953038,76.59912109375
956050,76.11083984375
961885,78.9794921875
963668,81.54296875
967192,76.47705078125
974576,66.71142578125
979280,78.369140625
981052,71.71630859375
983087,73.54736328125
986412,71.4111328125
992078,33.0810546875
998539,83.3740234375
1000765,77.2705078125
1005296,87.2802734375
1007115,80.38330078125
1013422,82.33642578125
1015949,76.2939453125
1019265,79.1015625
1022129,74.8291015625
1024150,75.439453125
1027365,73.6083984375
1035320,80.87158203125
1040976,79.28466796875
1042995,78.79638671875
1047578,77.0263671875
1052738,33.38623046875
1053216,79.65087890625
1056348,85.38818359375
1058426,74.3408203125
1062993,86.97509765625
1069456,84.716796875
1072696,84.53369140625
1076931,79.4677734375
1084308,85.5712890625
1085743,80.56640625
1088519,78.18603515625
1095824,79.04052734375
1098828,83.251953125
1103016,76.35498046875
1106247,82.03125
1110493,72.509765625
1111873,74.462890625
1119646,76.59912109375
1129895,80.38330078125
1133938,72.81494140625
1135619,84.47265625
1139564,73.73046875
1143469,74.70703125
1154148,86.97509765625
1160776,85.75439453125
1163846,79.4677734375
1165446,80.810546875
1169631,74.76806640625
1176008,81.787109375
1181126,80.078125
1182563,78.2470703125
1187964,86.7919921875
1192181,73.18115234375
1201466,90.14892578125
1204563,75.25634765625
1206931,85.63232421875
1212317,82.82470703125
1213135,75.3173828125
1213938,81.787109375
1214936,64.02587890625
1215888,66.162109375
1216767,74.03564453125
1218100,67.626953125
1219084,62.92724609375
1219904,68.78662109375
1221061,69.3359375
1222379,67.68798828125
1223783,69.88525390625
1224775,69.82421875
1226060,57.80029296875
1229419,67.56591796875
1231680,67.626953125
1236681,71.96044921875
1243977,76.66015625
1249259,80.078125
1254088,79.40673828125
1258968,73.8525390625
1266667,79.9560546875
1268974,78.43017578125
1271851,71.533203125
1273140,76.11083984375
1274818,75.68359375
1277533,76.7822265625
1278294,33.99658203125
1278983,74.64599609375
1288833,79.28466796875
1295290,80.6884765625
1296833,79.4677734375
1301971,84.16748046875
1303347,38.4521484375
1306311,75.439453125
1314926,86.48681640625
1317087,71.96044921875
1318262,66.0400390625
1319968,69.64111328125
1321564,74.951171875
1325303,63.53759765625
1327511,67.44384765625
1329777,73.05908203125
1331714,69.88525390625
1334604,75.74462890625
1337458,72.509765625
1339898,31.8603515625
1354703,84.47265625
1359567,83.3740234375
1362314,79.28466796875
1366311,78.61328125
1374178,85.0830078125
1376459,78.43017578125
1377925,76.11083984375
1379947,72.08251953125
1391361,32.71484375
1391920,80.6884765625
1395169,87.0361328125
1398449,86.60888671875
1401988,31.8603515625
1405734,90.087890625
1406946,83.31298828125
1408674,80.2001953125
1409573,72.8759765625
1411466,63.96484375
1421102,81.97021484375
1423264,88.134765625
1431349,84.3505859375
1433621,77.2705078125
1436510,75.68359375
1438602,71.77734375
1440503,70.61767578125
1442286,70.6787109375
1444898,70.068359375
1446800,33.935546875
1457785,84.04541015625
1459041,78.61328125
1461908,51.45263671875
1466524,83.49609375
1469654,74.15771484375
1473579,77.81982421875
1475254,78.55224609375
1484350,77.57568359375
1487124,83.49609375
1488940,77.57568359375
1494873,33.14208984375
1498018,82.8857421875
1505529,81.48193359375
1510016,77.5146484375
1513412,91.4306640625
1516508,74.52392578125
1517982,35.58349609375
1518771,84.1064453125
1525784,77.94189453125
1529101,82.1533203125
1530843,71.22802734375
1533957,68.7255859375
1546098,85.693359375
1548298,75.1953125
1551483,82.09228515625
1553106,77.0263671875
1557815,75.0732421875
1560901,81.11572265625
1565439,69.39697265625
1576193,88.2568359375
1578212,87.158203125
1579872,74.3408203125
1584109,45.5322265625
1585985,74.27978515625
1588453,71.77734375
1596580,80.38330078125
1603971,90.576171875
1606299,77.69775390625
1608672,74.15771484375
1612081,81.0546875
1617090,75.0732421875
1620797,35.0341796875
1624533,83.0078125
1626172,86.24267578125
1627904,82.763671875
1630328,82.03125
1636572,75.86669921875
1644042,83.1298828125
1646395,72.265625
1648979,84.8388671875
1657663,81.298828125
1659536,74.76806640625
1662704,64.697265625
1668364,77.57568359375
1670599,75.01220703125
1671945,77.45361328125
1674170,85.99853515625
1682350,33.935546875
1683584,84.716796875
1683907,66.95556640625
1684272,66.83349609375
1684623,57.2509765625
1685059,59.75341796875
1685577,58.16650390625
1686118,61.4013671875
1686764,61.21826171875
1687350,60.24169921875
1688399,57.12890625
1689375,64.51416015625
1690425,61.279296875
1691992,68.9697265625
1694774,71.83837890625
1699702,71.83837890625
1702767,74.89013671875
1707106,79.65087890625
1709277,67.0166015625
1711933,74.52392578125
1713993,66.5283203125
1716207,67.7490234375
1717379,33.02001953125
1719102,65.91796875
1722657,41.07666015625
1724849,69.580078125
1736849,79.77294921875
1745617,32.53173828125
1747180,81.97021484375
1749693,87.58544921875
1754929,80.56640625
1758420,83.740234375
1759421,76.96533203125
1769007,80.99365234375
1771934,85.0830078125
1779311,82.6416015625
1780308,32.1044921875
1788375,81.4208984375
1794414,53.89404296875
1798135,88.92822265625
1801088,75.8056640625
1804407,92.46826171875
1806175,32.04345703125
1806503,72.32666015625
1808553,77.20947265625
1811120,77.2705078125
1820363,87.82958984375
1826293,79.4677734375
1828133,31.6162109375
1830633,81.0546875
1835583,77.2705078125
1839668,74.15771484375
1842677,33.38623046875
1845317,80.38330078125
1852713,93.1396484375
1855388,72.265625
1862947,83.06884765625
1864606,79.16259765625
1866002,76.0498046875
1867540,68.9697265625
1870371,33.203125
1875231,81.6650390625
1885331,83.43505859375
1887742,81.6650390625
1890328,71.4111328125
1895198,76.7822265625
1900146,83.92333984375
1900314,38.51318359375
1900552,34.11865234375
1900945,44.00634765625
1901200,73.79150390625
1901517,33.38623046875
1902646,71.10595703125
1902685,33.02001953125
1915926,89.7216796875
1918756,77.94189453125
1925605,81.60400390625
1928882,85.44921875
1930813,81.54296875
1933731,76.5380859375
1937116,77.94189453125
1941081,76.66015625
1949293,62.01171875
1951099,83.55712890625
1952568,72.75390625
1964744,89.7216796875
1972556,82.82470703125
1976339,73.974609375
1981243,81.35986328125
1983601,80.62744140625
1987139,78.9794921875
1988428,76.416015625
1991106,69.64111328125
1993617,74.21875
2002383,85.38818359375
2006609,77.5146484375
2006989,32.5927734375
2009176,74.15771484375
2015997,79.58984375
2019946,88.19580078125
2022052,80.810546875
2022825,33.203125
2034887,81.6650390625
2036761,76.11083984375
2038633,77.5146484375
2040121,75.86669921875
2041532,68.2373046875
2042956,66.2841796875
2054331,83.80126953125
2054560,33.447265625
2057644,77.880859375
2058960,80.01708984375
2060336,70.61767578125
2061510,73.91357421875
2066586,67.07763671875
2068940,73.6083984375
2071668,56.21337890625
2074913,81.11572265625
2085167,36.0107421875
2091363,93.20068359375
2092621,89.78271484375
2094718,76.72119140625
2096304,72.8759765625
2102226,83.92333984375
2104594,68.4814453125
2106556,74.3408203125
2108015,64.63623046875
2109534,71.4111328125
2116577,81.60400390625
2119282,72.75390625
2122859,48.88916015625
2132662,91.4306640625
2135307,77.33154296875
2138089,78.7353515625
2145691,81.48193359375
2147795,79.9560546875
2151923,80.6884765625
2153826,75.13427734375
2155687,79.04052734375
2163201,84.9609375
2167469,79.65087890625
2174982,82.58056640625
2179847,84.228515625
2184661,84.9609375
2186899,76.72119140625
2194119,76.35498046875
2196515,83.3740234375
2201207,72.6318359375
2207098,80.078125
2213247,74.40185546875
2215915,78.67431640625
2217436,74.40185546875
2225909,79.833984375
2229096,81.9091796875
2230691,81.60400390625
2236894,77.94189453125
2240494,84.16748046875
2245608,80.38330078125
2250544,102.96630859375
2253303,78.7353515625
2256242,88.43994140625
2258306,75.37841796875
2263174,77.5146484375
2264238,81.54296875
2264331,33.50830078125
2264406,50.78125
2264637,39.306640625
2264794,35.58349609375
2264860,71.47216796875
2265146,67.7490234375
2265234,35.2783203125
2265452,43.212890625
2265576,33.8134765625
2265785,49.560546875
2265954,34.912109375
2266122,45.41015625
2266376,31.67724609375
2266486,31.67724609375
2266698,41.68701171875
2267119,33.8134765625
2267473,51.6357421875
2267983,56.82373046875
2280319,77.94189453125
2283965,79.2236328125
2286810,67.19970703125
2289299,66.83349609375
2293024,77.57568359375
2295217,66.650390625
2296590,35.5224609375
2298667,74.70703125
2298859,31.79931640625
2301418,71.4111328125
2303316,76.72119140625
2305320,80.2001953125
2306992,72.6318359375
2308884,68.603515625
2310651,75.68359375
2313330,69.76318359375
2317733,72.93701171875
2319109,74.52392578125
2324933,78.0029296875
2328670,35.46142578125
2329078,79.28466796875
2330536,78.06396484375
2334313,75.13427734375
2336343,75.5615234375
2339416,73.30322265625
2342680,78.55224609375
2344329,74.3408203125
2350140,76.35498046875
2354935,84.1064453125
2356370,77.33154296875
2358108,74.64599609375
2363732,74.5849609375
2367409,80.6884765625
2371787,82.1533203125
2376586,72.3876953125
2379612,72.265625
2382345,32.28759765625
2383292,75.25634765625
2393418,86.181640625
2395707,88.43994140625
2399463,71.77734375
2402314,91.61376953125
2405622,75.86669921875
2409974,79.1015625
2416010,79.52880859375
2418218,83.43505859375
2419886,74.21875
2422370,80.4443359375
2424439,67.07763671875
2427576,78.857421875
2434029,79.1015625
2436715,78.18603515625
2444984,86.5478515625
2446620,73.8525390625
2449665,75.86669921875
2452185,74.15771484375
2459451,74.15771484375
2465450,76.0498046875
2466419,32.53173828125
2467734,80.99365234375
2471301,76.35498046875
2478827,89.90478515625
2480322,78.4912109375
2487693,84.41162109375
2489424,74.8291015625
2491513,78.30810546875
2492949,75.439453125
2494801,79.28466796875
2498321,75.8056640625
2500730,72.32666015625
2509004,84.228515625
2514102,80.01708984375
2518575,78.67431640625
2520288,73.3642578125
2521612,77.45361328125
2530828,71.8994140625
2533823,84.5947265625
2539259,77.0263671875
2540879,73.486328125
2542344,63.5986328125
2545073,31.92138671875
2546370,76.2939453125
2552933,85.693359375
2557085,79.89501953125
2560678,75.50048828125
2562426,72.998046875
2565271,83.984375
2575701,77.5146484375
2583992,85.44921875
2586725,32.04345703125
2588241,82.8857421875
2590134,84.65576171875
2594059,77.69775390625
2595959,74.89013671875
2602976,80.26123046875
2604469,76.72119140625
2608573,80.13916015625
2609442,87.46337890625
2610321,64.02587890625
2612329,65.49072265625
2621369,76.47705078125
2622570,35.82763671875
2623023,71.47216796875
2629058,80.74951171875
2632089,80.13916015625
2634071,76.96533203125
2636475,73.91357421875
2647416,80.078125
2649074,76.59912109375
2650173,68.115234375
2652215,75.13427734375
2654246,74.0966796875
2656651,75.98876953125
2659316,69.88525390625
2661536,66.10107421875
2671947,81.9091796875
2675308,79.28466796875
2676305,31.73828125
2676800,72.81494140625
2679548,75.74462890625
2685934,72.509765625
2688236,80.26123046875
2689942,72.998046875
2691972,68.90869140625
2699939,82.21435546875
2703001,81.97021484375
2706157,76.5380859375
2707982,66.7724609375
2709924,78.55224609375
2711443,83.3740234375
2715057,82.275390625
2721624,78.7353515625
2723167,31.73828125
2728919,87.09716796875
2731554,80.2001953125
2734851,83.0078125
2737394,82.6416015625
2739139,68.29833984375
2740938,69.76318359375
2745561,31.79931640625
2749371,81.60400390625
2751032,34.11865234375
2751823,79.40673828125
2753841,70.25146484375
2756031,73.3642578125
2761204,81.4208984375
2766127,79.77294921875
2767692,73.8525390625
2771603,75.68359375
2776660,92.7734375
2779724,75.439453125
2786450,78.61328125
2788380,76.59912109375
2798813,82.275390625
2800887,82.58056640625
2803665,32.16552734375
2804839,78.67431640625
2808378,81.787109375
2810395,66.162109375
2811384,31.67724609375
2811978,74.21875
2820919,83.92333984375
2822922,33.99658203125
2825165,85.5712890625
2828303,80.87158203125
2828594,33.14208984375
2829817,75.3173828125
2837470,77.392578125
2839820,77.392578125
2843964,79.89501953125
2851919,86.42578125
2853601,68.05419921875
2855695,82.8857421875
2857830,89.599609375
2861259,81.97021484375
2867973,84.28955078125
2878088,83.06884765625
2882173,83.43505859375
2884973,76.47705078125
2889198,82.275390625
2891429,72.44873046875
2894597,70.86181640625
2896187,60.48583984375
2899169,70.4345703125
2900746,81.6650390625
2904286,73.66943359375
2906767,33.63037109375
2921674,81.97021484375
2923643,75.86669921875
2925020,77.45361328125
2927113,69.7021484375
2928972,70.49560546875
2939497,85.3271484375
2947309,88.31787109375
2949438,77.81982421875
2950577,32.3486328125
2953329,79.2236328125
2961144,79.89501953125
2964206,78.61328125
2968924,62.1337890625
2970882,32.53173828125
2977184,81.9091796875
2980487,83.92333984375
2981151,32.1044921875
2983151,85.38818359375
2989361,78.61328125
2990689,78.4912109375
