7799001,0
621870,35.400390625
1630087,32.16552734375
1630097,33.447265625
1630112,30.517578125
1630145,58.28857421875
1630160,41.6259765625
1630177,58.7158203125
1630196,48.4619140625
1630222,86.48681640625
1630236,35.15625
1630263,62.1337890625
1630288,36.7431640625
1630300,34.423828125
1630326,34.912109375
1630339,35.400390625
1630367,45.83740234375
1630395,30.6396484375
1630410,53.77197265625
1630437,39.55078125
1630466,30.6396484375
1630516,37.29248046875
1630535,41.50390625
1630554,34.3017578125
1630670,33.87451171875
1630711,34.97314453125
1630779,34.24072265625
1630843,60.302734375
1630917,35.09521484375
1631066,36.56005859375
1631331,34.72900390625
1948875,30.2734375
2010413,31.06689453125
2102813,30.33447265625
2102893,33.935546875
2372643,50.78125
3033021,30.45654296875
4134033,32.16552734375
5400652,51.94091796875
5952275,52.30712890625
6017748,62.19482421875
6851102,65.12451171875
7480301,31.06689453125
