7799001,0
64296,61.8896484375
64307,36.0107421875
64560,65.85693359375
64604,33.38623046875
64913,34.24072265625
547643,36.865234375
813481,33.935546875
1208574,55.48095703125
1630047,36.7431640625
1630075,33.38623046875
1630093,44.677734375
1630104,94.482421875
1630135,85.75439453125
1630159,77.0263671875
1630169,73.8525390625
1630207,53.52783203125
1630230,67.626953125
1630247,58.59375
1630265,34.912109375
1630296,126.8310546875
1630309,37.841796875
1630343,62.6220703125
1630355,75.1953125
1630395,35.5224609375
1630418,112.79296875
1630455,82.03125
1630466,36.0107421875
1630481,61.6455078125
1630494,32.40966796875
1630529,42.78564453125
1630543,72.6318359375
1630600,32.04345703125
1630660,76.66015625
1630689,32.8369140625
1630815,33.02001953125
1630870,36.4990234375
1630924,32.53173828125
1630981,31.92138671875
1631040,32.3486328125
1631108,32.470703125
1631173,35.09521484375
1631340,32.2265625
1631424,37.17041015625
1631530,36.43798828125
1631646,39.4287109375
1631821,39.794921875
1804075,36.7431640625
1804095,61.6455078125
1804138,33.0810546875
1804397,31.67724609375
1931139,64.697265625
1937595,42.96875
1937608,76.2939453125
1937671,41.32080078125
1937730,36.865234375
1937816,32.470703125
1948808,40.771484375
1955351,34.423828125
1957656,32.40966796875
1959749,34.11865234375
1967313,32.470703125
1972332,32.958984375
1986951,37.65869140625
1998932,32.8369140625
2007170,32.65380859375
2019707,39.00146484375
2031664,33.8134765625
2038337,31.92138671875
2080022,31.73828125
4656983,48.88916015625
4699265,35.58349609375
