7799001,0
138602,39.0625
138620,32.958984375
138721,33.02001953125
138809,33.5693359375
139349,31.18896484375
139605,31.494140625
140363,30.21240234375
140497,31.79931640625
148505,32.65380859375
148608,45.0439453125
148726,29.052734375
457418,31.982421875
457495,29.84619140625
457514,29.60205078125
457554,39.00146484375
457664,31.6162109375
457811,28.1982421875
458736,33.14208984375
459126,29.60205078125
459229,30.029296875
467084,33.14208984375
467112,29.9072265625
467156,37.65869140625
467211,28.6865234375
467233,28.38134765625
468754,29.84619140625
783802,47.9736328125
783893,31.982421875
784803,32.1044921875
785066,29.60205078125
786233,29.11376953125
792545,38.9404296875
792660,33.203125
792732,29.1748046875
792790,29.60205078125
792831,32.8369140625
792873,29.35791015625
793651,29.23583984375
1043061,32.3486328125
1043089,31.43310546875
1043107,30.45654296875
1043154,30.76171875
1043181,30.09033203125
1043219,37.65869140625
1043963,30.45654296875
1044170,30.76171875
1044641,28.564453125
1044923,32.5927734375
1051853,38.63525390625
1051866,32.40966796875
1051949,29.11376953125
1051993,28.99169921875
1052048,32.958984375
1052082,31.005859375
1052272,28.1982421875
1341101,47.18017578125
1341178,29.72412109375
1341197,30.029296875
1341210,30.6396484375
1341356,29.96826171875
1341983,30.70068359375
1342135,28.62548828125
1342220,28.3203125
1342321,30.1513671875
1342399,29.11376953125
1342756,28.86962890625
1349834,31.73828125
1349949,28.25927734375
1350162,29.052734375
1758608,40.0390625
1758678,31.06689453125
1758692,30.1513671875
1758733,31.67724609375
1758746,30.94482421875
1758781,32.71484375
1759670,33.69140625
1759795,28.62548828125
1767572,33.63037109375
1767684,30.09033203125
1767735,29.1748046875
1767750,32.5927734375
1767773,30.1513671875
1767796,33.87451171875
1767866,28.38134765625
1974698,35.64453125
1974753,29.6630859375
1974779,28.86962890625
1974820,29.60205078125
1974844,33.203125
1974888,41.8701171875
1974915,30.6396484375
1974935,32.470703125
1975605,30.09033203125
1975838,30.09033203125
1976068,28.1982421875
1976230,29.84619140625
1976572,30.09033203125
1983209,45.83740234375
1983395,28.86962890625
1983425,29.9072265625
1983643,30.70068359375
2193475,40.10009765625
2193629,31.1279296875
2193701,30.8837890625
2193764,33.99658203125
2194727,30.94482421875
2202177,38.26904296875
2202278,42.1142578125
2202354,37.59765625
2202378,30.1513671875
2202442,30.1513671875
2202509,28.6865234375
2203534,33.3251953125
2559307,31.1279296875
2559325,30.76171875
2559449,28.99169921875
2559492,33.5693359375
2559511,35.33935546875
2559618,28.6865234375
2559785,29.84619140625
2560398,28.13720703125
2560538,28.86962890625
2560593,28.564453125
2560981,29.47998046875
2561430,29.296875
2568014,33.3251953125
2568025,30.517578125
2568129,29.23583984375
2568190,28.80859375
2568267,28.25927734375
2568310,30.33447265625
2810406,39.55078125
2810460,31.18896484375
2810527,33.3251953125
2810578,33.8134765625
2810609,32.28759765625
2810645,36.2548828125
2810755,29.23583984375
2811370,28.13720703125
2811459,29.72412109375
2811627,33.26416015625
2812059,30.57861328125
2812086,29.60205078125
2818851,35.09521484375
2818948,29.11376953125
2818978,37.9638671875
2819055,29.35791015625
3078955,41.19873046875
3079050,41.1376953125
3079113,28.50341796875
3079169,31.1279296875
3079192,36.92626953125
3079291,29.78515625
3079431,33.935546875
3079451,36.62109375
3080257,31.3720703125
3087708,29.72412109375
3087803,28.38134765625
3087876,36.1328125
3087905,30.8837890625
3087924,32.77587890625
3087950,30.70068359375
3088380,28.9306640625
3366663,36.62109375
3366784,32.28759765625
3366842,30.8837890625
3366873,33.5693359375
3366948,31.31103515625
3367041,29.4189453125
3367749,29.296875
3367898,28.80859375
3368149,28.3203125
3375680,30.33447265625
3375791,28.9306640625
3375830,30.21240234375
3375863,32.77587890625
3375944,28.50341796875
3376557,28.13720703125
3812765,54.99267578125
3812785,44.0673828125
3812807,29.47998046875
3812829,28.25927734375
3813727,30.2734375
3813847,28.4423828125
3813999,28.13720703125
3821418,33.75244140625
3821477,29.35791015625
3821529,33.75244140625
3821670,30.82275390625
3822331,28.9306640625
3822451,28.6865234375
3822937,30.57861328125
4254539,43.45703125
4254561,40.58837890625
4254585,31.06689453125
4254637,33.3251953125
4254708,28.6865234375
4255375,29.4189453125
4255790,32.958984375
4255871,28.38134765625
4262481,39.12353515625
4262607,30.517578125
4262723,28.25927734375
4263677,29.84619140625
4277705,31.25
4277802,28.25927734375
4278037,32.89794921875
4368111,28.9306640625
4368144,45.59326171875
4368211,28.13720703125
4368491,32.40966796875
4369487,29.72412109375
4378766,39.0625
4378861,29.47998046875
4378879,28.4423828125
4378991,29.78515625
4379120,29.1748046875
4379210,30.3955078125
4558785,36.0107421875
4558881,43.9453125
4558922,29.72412109375
4558975,31.25
4560098,29.296875
4569612,30.57861328125
4569641,36.07177734375
4569740,34.912109375
4569777,33.63037109375
4569851,33.0810546875
4569874,29.1748046875
4570044,38.57421875
4570074,30.8837890625
4740911,33.99658203125
4741746,34.423828125
4741850,32.958984375
4741978,35.21728515625
4742186,29.96826171875
4742799,28.80859375
4742888,30.2734375
4743268,30.57861328125
4751901,36.9873046875
4751930,30.21240234375
4751984,33.5693359375
4752055,35.888671875
4752073,28.1982421875
4752105,28.86962890625
4752182,28.62548828125
4752195,33.14208984375
4752423,31.79931640625
4752749,32.16552734375
4752906,28.4423828125
4927452,40.771484375
4927491,31.3720703125
4927623,31.1279296875
4927782,31.79931640625
4927902,32.04345703125
4928018,29.9072265625
4928075,28.13720703125
4928690,28.62548828125
4929761,30.33447265625
4937070,33.3251953125
4937164,31.06689453125
4937248,28.3203125
4937284,31.1279296875
4937868,29.541015625
5189784,39.794921875
5189849,36.68212890625
5189899,30.2734375
5189927,28.9306640625
5189954,28.38134765625
5190402,28.9306640625
5191236,29.296875
5500680,44.921875
5500694,29.1748046875
5500742,33.50830078125
5500780,29.11376953125
5500799,49.31640625
5500817,37.90283203125
5500874,30.57861328125
5501581,31.73828125
5501687,31.3720703125
5502161,28.99169921875
5502328,31.73828125
5509197,35.46142578125
5509445,32.71484375
5509467,30.2734375
5509609,29.052734375
5627984,39.12353515625
5628018,29.72412109375
5628048,30.57861328125
5628122,28.3203125
5628176,33.935546875
5628266,29.6630859375
5628301,29.6630859375
5629167,31.06689453125
5980839,41.80908203125
5980950,31.31103515625
5980976,31.06689453125
5981039,29.052734375
5981130,30.45654296875
5981839,30.3955078125
5989494,33.50830078125
5989615,32.71484375
5989628,29.96826171875
5989738,29.9072265625
5989749,32.16552734375
5990791,29.1748046875
6302284,42.3583984375
6302379,28.1982421875
6302395,34.5458984375
6302414,35.400390625
6302448,29.60205078125
6302463,31.06689453125
6302581,31.73828125
6303774,28.9306640625
6310998,36.376953125
6311075,33.447265625
6311096,34.24072265625
6311150,32.71484375
6311183,28.38134765625
6311274,29.84619140625
6535797,31.73828125
6535881,30.82275390625
6535980,29.11376953125
6536065,29.9072265625
6536728,28.1982421875
6536883,28.4423828125
6545117,38.02490234375
6545135,33.3251953125
6545199,31.31103515625
6545217,30.1513671875
6545315,28.74755859375
6639628,34.85107421875
6639660,29.78515625
6639828,31.494140625
6639864,31.18896484375
6639945,32.470703125
6994387,30.09033203125
6994419,30.21240234375
6994443,30.94482421875
6994494,29.4189453125
6994521,30.1513671875
6994606,32.04345703125
6994684,28.99169921875
6995303,33.02001953125
6995564,28.62548828125
7002815,41.6259765625
7002826,28.50341796875
7002879,30.2734375
7002900,28.50341796875
7002967,42.1142578125
7113251,31.6162109375
7331252,28.13720703125
7376693,32.2265625
7376825,28.62548828125
7376842,28.80859375
7376943,29.47998046875
7377593,36.376953125
7378131,38.14697265625
7385628,31.1279296875
7385746,30.82275390625
7385761,28.86962890625
7385805,30.029296875
7385857,28.38134765625
7386288,28.3203125
7610197,46.81396484375
7610215,30.70068359375
7610250,28.86962890625
7610284,33.447265625
7610339,29.35791015625
7610408,30.517578125
7610494,30.1513671875
7611493,28.86962890625
7612049,30.029296875
7619395,30.517578125
7619508,32.3486328125
7619693,28.9306640625
7620121,30.70068359375
7620766,33.14208984375
7748622,29.541015625
