7799001,0
138670,29.23583984375
138715,54.443359375
138738,45.41015625
138755,41.68701171875
138786,30.70068359375
138806,34.66796875
138829,27.099609375
139704,30.09033203125
139777,39.306640625
139844,27.83203125
139883,32.28759765625
139923,42.1142578125
140042,31.92138671875
140114,46.93603515625
140242,32.16552734375
140277,51.7578125
140367,27.28271484375
140393,47.18017578125
140596,52.67333984375
140663,27.52685546875
148606,67.93212890625
148643,28.564453125
148669,54.3212890625
148681,37.841796875
148757,46.69189453125
148772,26.91650390625
148792,35.33935546875
148814,35.33935546875
148839,28.62548828125
148875,26.91650390625
148907,36.9873046875
148956,40.283203125
149028,29.47998046875
149100,27.28271484375
149194,30.517578125
149273,27.7099609375
149299,29.60205078125
149439,41.3818359375
149594,39.73388671875
149624,26.9775390625
149728,32.40966796875
149820,27.4658203125
457540,71.10595703125
457564,28.50341796875
457594,67.138671875
457604,28.076171875
457620,39.1845703125
457655,40.34423828125
457691,45.8984375
457703,32.470703125
457774,27.28271484375
458527,37.2314453125
458543,27.587890625
458628,27.34375
458744,43.64013671875
458839,29.6630859375
458849,32.89794921875
458973,38.2080078125
459057,27.587890625
459095,34.7900390625
459272,32.470703125
459350,29.11376953125
459442,44.61669921875
459751,56.0302734375
467156,32.16552734375
467178,75.439453125
467192,26.9775390625
467212,27.03857421875
467231,39.00146484375
467247,55.11474609375
467269,29.052734375
467316,33.3251953125
467364,27.7099609375
467389,27.587890625
467423,27.099609375
467441,27.2216796875
467464,30.70068359375
467558,31.005859375
467674,27.64892578125
467753,27.52685546875
467829,27.28271484375
467966,35.82763671875
468091,27.7099609375
468264,39.36767578125
655201,34.97314453125
655409,37.2314453125
655612,33.3251953125
655851,30.029296875
656048,31.73828125
656217,31.79931640625
656401,27.099609375
656537,30.6396484375
657007,37.4755859375
657234,36.68212890625
657425,33.8134765625
657626,30.2734375
657752,28.80859375
657897,28.80859375
658042,29.6630859375
658225,29.96826171875
658515,32.5927734375
658689,28.99169921875
658921,29.052734375
659098,34.423828125
659508,28.01513671875
659682,27.64892578125
660068,30.3955078125
660415,28.50341796875
660635,27.64892578125
660860,28.9306640625
661068,29.60205078125
661521,29.9072265625
661747,33.99658203125
661984,28.1982421875
662206,30.029296875
662463,27.83203125
662672,29.35791015625
662863,28.50341796875
663089,27.89306640625
663312,27.40478515625
664058,30.82275390625
664300,29.11376953125
664962,30.029296875
783847,27.587890625
783859,35.46142578125
783889,76.2939453125
783905,27.099609375
783924,38.87939453125
783956,30.21240234375
783967,35.7666015625
783987,34.1796875
784012,34.11865234375
784704,27.16064453125
784787,35.94970703125
784890,31.982421875
784911,38.2080078125
785045,36.7431640625
785079,31.43310546875
785180,44.677734375
785254,37.4755859375
785267,29.052734375
785298,47.91259765625
785428,38.0859375
785507,27.099609375
785878,51.8798828125
792669,53.955078125
792735,47.66845703125
792768,28.3203125
792823,35.0341796875
792887,39.1845703125
792950,29.9072265625
793021,28.9306640625
793089,33.3251953125
793266,37.2314453125
793521,33.75244140625
793619,29.1748046875
793651,36.7431640625
793796,38.57421875
793837,28.4423828125
793972,51.08642578125
1043107,65.673828125
1043138,53.64990234375
1043161,43.0908203125
1043194,30.57861328125
1043236,33.75244140625
1043247,32.89794921875
1044131,44.98291015625
1044247,29.11376953125
1044300,33.3251953125
1044364,33.99658203125
1044500,30.2734375
1044522,30.09033203125
1044559,42.1142578125
1044702,27.099609375
1044716,43.88427734375
1044822,37.90283203125
1044937,37.9638671875
1051979,34.0576171875
1051993,57.861328125
1052043,36.19384765625
1052056,43.5791015625
1052123,29.052734375
1052154,31.3720703125
1052179,31.18896484375
1052224,26.9775390625
1052301,46.38671875
1052370,31.6162109375
1052432,27.2216796875
1052589,30.21240234375
1052696,28.01513671875
1052832,39.794921875
1053044,41.56494140625
1341174,61.5234375
1341207,41.3818359375
1341236,34.3017578125
1341250,32.53173828125
1341264,28.50341796875
1341354,29.541015625
1341380,38.330078125
1341851,29.78515625
1341974,27.2216796875
1342006,29.052734375
1342130,28.4423828125
1342199,29.47998046875
1342334,27.28271484375
1342362,51.33056640625
1342514,42.78564453125
1342656,55.6640625
1342766,39.4287109375
1342916,48.52294921875
1342940,34.912109375
1343061,40.4052734375
1349903,27.099609375
1349913,62.5
1349972,84.716796875
1349993,27.34375
1350035,32.28759765625
1350056,27.64892578125
1350093,32.40966796875
1350119,35.2783203125
1350177,28.25927734375
1350260,29.1748046875
1350522,30.3955078125
1350536,28.564453125
1350762,33.0810546875
1350879,35.46142578125
1350925,28.3203125
1350987,31.67724609375
1351133,28.9306640625
1351146,45.34912109375
1758673,42.29736328125
1758688,28.1982421875
1758723,70.4345703125
1758746,42.54150390625
1758774,75.74462890625
1758789,37.4755859375
1758837,30.33447265625
1758880,27.64892578125
1758895,34.3017578125
1759581,29.78515625
1759643,29.296875
1759797,34.912109375
1759850,39.0625
1759939,40.6494140625
1760042,47.9736328125
1760166,42.54150390625
1760176,40.6494140625
1760321,37.109375
1760402,30.3955078125
1760439,58.9599609375
1760627,50.4150390625
1760997,54.99267578125
1767628,39.24560546875
1767649,83.8623046875
1767695,27.40478515625
1767765,39.61181640625
1767780,28.74755859375
1767824,27.2216796875
1767848,32.16552734375
1767887,33.69140625
1767909,26.91650390625
1767972,34.24072265625
1768030,28.4423828125
1768065,27.34375
1768120,36.31591796875
1768290,29.60205078125
1768527,35.0341796875
1768583,28.6865234375
1768682,40.10009765625
1768977,29.72412109375
1769100,44.98291015625
1974780,28.13720703125
1974813,78.06396484375
1974825,30.517578125
1974856,33.8134765625
1974875,54.99267578125
1974890,28.80859375
1974988,37.17041015625
1974998,30.21240234375
1975046,29.6630859375
1975723,27.83203125
1975878,48.095703125
1975962,43.27392578125
1976086,42.78564453125
1976129,29.052734375
1976230,43.76220703125
1976418,35.46142578125
1976591,53.77197265625
1976656,27.64892578125
1976887,45.7763671875
1983310,83.31298828125
1983344,27.7099609375
1983365,57.67822265625
1983388,58.28857421875
1983400,27.64892578125
1983425,29.9072265625
1983453,27.40478515625
1983476,31.55517578125
1983495,35.7666015625
1983532,28.80859375
1983553,29.96826171875
1983610,32.28759765625
1983667,33.02001953125
1983749,28.38134765625
1983837,29.4189453125
1983859,30.3955078125
1983921,33.8134765625
1983935,29.9072265625
1984058,32.8369140625
1984207,48.52294921875
1984248,27.03857421875
1984318,34.912109375
1984516,49.560546875
1984800,27.4658203125
2193532,57.80029296875
2193561,50.59814453125
2193580,29.35791015625
2193595,33.75244140625
2193675,30.94482421875
2194452,31.8603515625
2194526,33.50830078125
2194599,34.48486328125
2194665,28.50341796875
2194718,39.85595703125
2194819,31.494140625
2194967,35.58349609375
2194994,27.89306640625
2195134,41.9921875
2195290,48.095703125
2195352,32.89794921875
2195441,44.5556640625
2202237,63.65966796875
2202247,32.16552734375
2202316,38.0859375
2202346,31.18896484375
2202380,38.26904296875
2202405,27.03857421875
2202424,27.64892578125
2202450,41.07666015625
2202475,33.203125
2202528,42.66357421875
2202564,39.85595703125
2202598,31.8603515625
2202621,34.3017578125
2202705,28.50341796875
2202776,29.052734375
2202816,27.40478515625
2202900,33.50830078125
2202988,28.13720703125
2203106,37.53662109375
2203242,39.306640625
2203303,30.45654296875
2203405,41.1376953125
2203734,32.1044921875
2204091,26.9775390625
2559362,32.16552734375
2559384,72.998046875
2559401,27.34375
2559436,35.82763671875
2559446,29.23583984375
2559482,37.04833984375
2559498,34.24072265625
2559516,31.67724609375
2560405,27.28271484375
2560459,31.18896484375
2560585,57.7392578125
2560699,37.59765625
2560776,27.2216796875
2560811,51.6357421875
2560926,37.78076171875
2560987,33.3251953125
2561059,44.73876953125
2561197,40.58837890625
2561294,28.62548828125
2561492,51.513671875
2561733,28.38134765625
2568091,67.626953125
2568118,34.912109375
2568149,30.45654296875
2568179,56.640625
2568197,48.828125
2568210,45.95947265625
2568245,28.1982421875
2568266,31.67724609375
2568313,31.31103515625
2568331,29.78515625
2568370,32.3486328125
2568436,28.25927734375
2568511,32.8369140625
2568758,30.82275390625
2568888,47.7294921875
2569022,31.55517578125
2569154,32.5927734375
2569297,44.73876953125
2569590,49.74365234375
2810466,27.83203125
2810479,68.603515625
2810499,30.517578125
2810526,46.93603515625
2810539,30.8837890625
2810549,30.33447265625
2810585,47.607421875
2810620,27.16064453125
2811514,27.34375
2811603,29.23583984375
2811620,40.46630859375
2811748,30.1513671875
2811781,44.37255859375
2811912,39.85595703125
2812006,33.69140625
2812063,32.71484375
2812218,48.2177734375
2812328,35.46142578125
2812454,53.466796875
2818999,36.31591796875
2819035,59.14306640625
2819063,28.9306640625
2819094,49.31640625
2819114,39.36767578125
2819139,29.47998046875
2819166,37.29248046875
2819242,36.31591796875
2819259,29.96826171875
2819307,27.77099609375
2819347,29.23583984375
2819389,39.12353515625
2819439,29.11376953125
2819473,29.1748046875
2819552,28.99169921875
2819587,27.89306640625
2819647,29.4189453125
2819721,35.15625
2819764,34.3017578125
2819824,36.1328125
2819968,42.78564453125
2820019,28.3203125
2820055,27.587890625
2820113,36.9873046875
2820417,56.21337890625
3079046,35.21728515625
3079085,56.396484375
3079124,27.099609375
3079163,44.86083984375
3079182,30.6396484375
3079203,32.89794921875
3079240,33.203125
3079270,45.34912109375
3080010,32.40966796875
3080135,33.14208984375
3080175,29.11376953125
3080259,47.18017578125
3080373,30.76171875
3080443,30.70068359375
3080491,34.66796875
3080609,47.91259765625
3080626,28.4423828125
3080706,27.2216796875
3080799,28.99169921875
3080862,49.31640625
3081440,52.06298828125
3087780,32.1044921875
3087821,73.66943359375
3087871,33.87451171875
3087883,42.41943359375
3087931,44.0673828125
3087983,34.0576171875
3088057,33.63037109375
3088127,33.203125
3088264,27.83203125
3088393,28.564453125
3088485,33.02001953125
3088611,31.25
3088660,27.40478515625
3088745,32.40966796875
3088887,41.19873046875
3088909,29.84619140625
3089133,29.35791015625
3089218,46.69189453125
3089596,51.08642578125
3366790,31.79931640625
3366808,67.2607421875
3366858,66.2841796875
3366869,44.7998046875
3366900,37.109375
3366913,53.77197265625
3366956,32.470703125
3366979,41.68701171875
3366990,29.1748046875
3367003,27.16064453125
3367028,28.6865234375
3367124,33.447265625
3367153,32.1044921875
3367698,29.1748046875
3367792,31.494140625
3367970,29.052734375
3368014,39.6728515625
3368159,40.34423828125
3368177,31.43310546875
3368298,35.15625
3368348,27.40478515625
3368383,29.541015625
3368414,39.55078125
3368537,27.28271484375
3368561,43.64013671875
3368739,43.0908203125
3368766,27.89306640625
3375767,72.81494140625
3375821,40.1611328125
3375850,35.7666015625
3375878,37.78076171875
3375898,35.2783203125
3375929,28.9306640625
3375965,28.86962890625
3375990,31.06689453125
3376018,30.21240234375
3376036,28.3203125
3376075,28.13720703125
3376237,42.724609375
3376264,27.03857421875
3376347,27.83203125
3376458,37.2314453125
3376559,26.85546875
3376598,31.31103515625
3376689,38.330078125
3376876,36.2548828125
3376985,38.02490234375
3812781,65.91796875
3812796,29.78515625
3812808,34.1796875
3812835,35.15625
3812849,34.60693359375
3812865,34.24072265625
3812925,29.6630859375
3813868,35.33935546875
3813984,37.59765625
3814003,31.43310546875
3814061,30.6396484375
3814160,32.5927734375
3814322,36.43798828125
3814507,41.80908203125
3815062,27.099609375
3821411,27.7099609375
3821462,69.39697265625
3821492,35.33935546875
3821509,46.56982421875
3821538,27.587890625
3821570,34.97314453125
3821668,31.8603515625
3821737,29.9072265625
3822087,28.25927734375
3822164,29.1748046875
3822262,28.076171875
3822446,39.73388671875
3822723,43.45703125
4254552,28.564453125
4254566,72.08251953125
4254591,48.33984375
4254613,28.74755859375
4254649,27.89306640625
4254673,32.40966796875
4254684,28.25927734375
4254705,28.86962890625
4254761,29.9072265625
4255334,27.34375
4255564,30.94482421875
4255642,27.03857421875
4255722,39.48974609375
4255837,35.21728515625
4255922,28.13720703125
4256015,37.53662109375
4256121,53.3447265625
4256312,32.470703125
4256366,31.31103515625
4256429,39.9169921875
4256576,37.841796875
4262577,52.79541015625
4262627,45.2880859375
4262639,81.1767578125
4262680,27.83203125
4262711,27.34375
4262729,28.80859375
4262772,30.21240234375
4262808,27.16064453125
4262843,29.84619140625
4262859,27.4658203125
4262978,35.2783203125
4263238,28.1982421875
4263406,27.52685546875
4263455,27.28271484375
4263530,42.90771484375
4263748,53.1005859375
4263820,28.1982421875
4264098,54.01611328125
4277718,28.86962890625
4277823,56.45751953125
4277845,40.771484375
4277870,32.470703125
4277894,51.81884765625
4277918,32.2265625
4277976,44.3115234375
4278057,39.4287109375
4278122,36.56005859375
4278185,32.71484375
4278258,26.85546875
4278309,27.64892578125
4278334,37.29248046875
4278468,28.38134765625
4278515,28.13720703125
4278564,41.32080078125
4278693,56.21337890625
4278916,49.9267578125
4368216,66.58935546875
4368240,28.25927734375
4368270,34.66796875
4368287,37.78076171875
4368320,39.85595703125
4368333,30.82275390625
4368351,30.33447265625
4368370,33.203125
4368409,28.564453125
4368463,28.564453125
4369125,35.46142578125
4369287,36.92626953125
4369421,39.4287109375
4369550,27.83203125
4369644,46.5087890625
4369777,46.81396484375
4369944,55.35888671875
4369965,27.03857421875
4378815,30.1513671875
4378825,28.1982421875
4378850,39.55078125
4378881,60.302734375
4378907,31.1279296875
4378937,45.71533203125
4378992,28.564453125
4379012,40.4052734375
4379080,31.005859375
4379139,38.6962890625
4379309,26.85546875
4379440,36.376953125
4379518,31.1279296875
4379551,27.4658203125
4379622,31.005859375
4379718,34.0576171875
4379850,40.58837890625
4379905,32.16552734375
4380021,39.6728515625
4380148,45.95947265625
4558886,28.74755859375
4558916,57.6171875
4558936,28.38134765625
4558980,74.64599609375
4559008,28.6865234375
4559019,30.70068359375
4559051,27.89306640625
4559096,32.2265625
4559109,28.9306640625
4559797,33.75244140625
4559944,29.052734375
4560074,27.34375
4560104,41.80908203125
4560223,36.9873046875
4560266,29.47998046875
4560329,58.28857421875
4560468,29.052734375
4569702,40.6494140625
4569730,58.4716796875
4569770,31.494140625
4569804,73.05908203125
4569840,27.28271484375
4569855,35.400390625
4569928,31.92138671875
4570020,34.72900390625
4570038,27.89306640625
4570059,34.72900390625
4570128,29.6630859375
4570206,30.029296875
4570248,35.64453125
4570284,31.005859375
4570336,27.099609375
4570410,34.85107421875
4570456,31.92138671875
4570550,29.23583984375
4570579,38.818359375
4570682,40.46630859375
4570937,44.12841796875
4741855,28.50341796875
4741906,60.72998046875
4741926,31.06689453125
4741960,54.931640625
4741995,39.12353515625
4742031,28.6865234375
4742774,30.76171875
4742830,31.55517578125
4742918,29.72412109375
4742987,31.31103515625
4743070,38.39111328125
4743193,43.88427734375
4743208,34.36279296875
4743458,33.38623046875
4743511,29.541015625
4743580,55.419921875
4743649,29.35791015625
4751987,34.7900390625
4752041,61.34033203125
4752069,34.3017578125
4752080,52.06298828125
4752129,32.16552734375
4752153,29.72412109375
4752208,29.11376953125
4752226,31.005859375
4752259,31.43310546875
4752270,30.57861328125
4752334,28.076171875
4752484,29.9072265625
4752598,29.4189453125
4752695,39.6728515625
4752812,41.015625
4752931,29.96826171875
4752956,39.55078125
4753111,55.17578125
4927712,59.5703125
4927805,50.47607421875
4927831,27.89306640625
4927857,36.80419921875
4927912,30.1513671875
4927926,39.48974609375
4927959,37.41455078125
4928749,30.517578125
4928823,31.25
4928960,48.64501953125
4929043,35.09521484375
4929189,53.7109375
4929281,31.31103515625
4929385,47.91259765625
4929540,44.5556640625
4929718,27.587890625
4929829,29.47998046875
4937113,33.63037109375
4937138,72.44873046875
4937185,27.9541015625
4937208,52.06298828125
4937243,55.419921875
4937263,34.36279296875
4937276,39.97802734375
4937332,28.13720703125
4937351,40.58837890625
4937378,28.6865234375
4937408,30.2734375
4937468,40.4052734375
4937529,27.03857421875
4937584,31.3720703125
4937640,28.9306640625
4937673,28.4423828125
4937793,32.77587890625
4937894,29.296875
4938033,38.4521484375
4938066,31.1279296875
4938159,41.50390625
4938279,49.25537109375
4938355,31.6162109375
4938435,51.20849609375
5189823,32.71484375
5189845,32.1044921875
5189882,46.2646484375
5189897,44.43359375
5189937,37.7197265625
5189948,30.21240234375
5189978,28.13720703125
5190867,40.283203125
5190990,44.7998046875
5191011,32.470703125
5191107,39.9169921875
5191215,33.63037109375
5191311,42.48046875
5191436,28.25927734375
5191508,52.06298828125
5191708,34.912109375
5191750,49.072265625
5203205,28.25927734375
5500704,32.89794921875
5500735,81.6650390625
5500766,57.55615234375
5500781,32.28759765625
5500824,36.31591796875
5500850,33.447265625
5500870,29.35791015625
5500911,27.9541015625
5501637,50.10986328125
5501713,29.11376953125
5501801,28.4423828125
5501881,30.6396484375
5501925,47.42431640625
5502047,28.01513671875
5502095,26.85546875
5502201,43.0908203125
5502211,27.587890625
5502310,46.0205078125
5502433,28.564453125
5502496,36.376953125
5509249,29.1748046875
5509318,38.9404296875
5509371,35.2783203125
5509386,55.96923828125
5509401,26.9775390625
5509417,30.33447265625
5509442,28.62548828125
5509464,28.86962890625
5509499,30.8837890625
5509572,46.2646484375
5509643,36.865234375
5509807,31.43310546875
5509901,29.96826171875
5509990,33.50830078125
5510104,44.7998046875
5510225,40.71044921875
5510664,48.2177734375
5510836,28.13720703125
5628058,32.958984375
5628081,27.587890625
5628104,38.87939453125
5628119,31.92138671875
5628146,28.564453125
5628166,34.3017578125
5628202,39.12353515625
5628902,28.1982421875
5628970,30.6396484375
5629076,27.16064453125
5629219,31.79931640625
5629247,34.97314453125
5629376,45.0439453125
5629541,40.83251953125
5629703,48.88916015625
5629759,27.40478515625
5629849,45.41015625
5980856,26.9775390625
5980890,47.91259765625
5980918,34.423828125
5980936,43.8232421875
5980987,39.306640625
5981015,39.306640625
5981039,31.55517578125
5981066,28.1982421875
5981738,30.33447265625
5981861,27.64892578125
5981889,38.87939453125
5981992,33.935546875
5982047,39.794921875
5982060,34.85107421875
5982203,36.56005859375
5982237,29.052734375
5982448,36.31591796875
5982578,51.69677734375
5982748,35.0341796875
5989604,50.23193359375
5989622,28.99169921875
5989664,28.99169921875
5989684,57.4951171875
5989696,65.36865234375
5989751,32.2265625
5989765,29.23583984375
5989804,30.70068359375
5989882,40.1611328125
5989915,28.564453125
5989937,38.818359375
5990124,28.38134765625
5990339,27.16064453125
5990456,32.2265625
5990571,33.99658203125
5990619,28.6865234375
5990694,46.44775390625
5990842,26.85546875
6302318,39.61181640625
6302341,31.6162109375
6302379,70.86181640625
6302401,33.0810546875
6302418,44.98291015625
6302435,36.56005859375
6302469,55.35888671875
6302498,33.935546875
6302531,32.28759765625
6302598,31.55517578125
6303438,33.0810546875
6303525,28.80859375
6303684,30.029296875
6303766,44.49462890625
6303876,31.3720703125
6303902,45.22705078125
6304069,33.99658203125
6304183,47.4853515625
6304629,51.26953125
6311045,57.2509765625
6311067,31.3720703125
6311111,41.44287109375
6311195,37.78076171875
6311253,34.5458984375
6311299,38.6962890625
6311387,29.35791015625
6311463,27.587890625
6311524,29.78515625
6311584,30.21240234375
6311665,29.35791015625
6311757,28.076171875
6311806,28.38134765625
6311856,28.62548828125
6311969,33.50830078125
6311993,28.076171875
6312100,31.6162109375
6312237,47.54638671875
6535845,30.57861328125
6535859,96.435546875
6535882,40.95458984375
6535910,40.83251953125
6535977,29.4189453125
6536150,31.005859375
6536705,28.99169921875
6536815,30.76171875
6536881,27.4658203125
6536968,33.935546875
6537110,49.072265625
6537213,36.19384765625
6537311,33.5693359375
6537349,42.29736328125
6537532,45.47119140625
6537544,32.470703125
6537736,45.71533203125
6545174,65.49072265625
6545204,31.73828125
6545268,26.91650390625
6545285,50.35400390625
6545421,33.63037109375
6545447,27.40478515625
6545515,29.6630859375
6545544,27.40478515625
6545576,30.82275390625
6545641,27.40478515625
6545728,29.84619140625
6545801,26.91650390625
6545881,27.099609375
6545905,29.9072265625
6545992,29.35791015625
6546111,28.38134765625
6546126,30.8837890625
6546240,37.90283203125
6546373,40.8935546875
6546520,37.78076171875
6546875,55.35888671875
6546966,31.67724609375
6639704,50.72021484375
6639723,35.400390625
6639754,43.5791015625
6639783,39.6728515625
6639803,29.1748046875
6639833,29.4189453125
6639935,27.7099609375
6640705,33.99658203125
6640734,36.19384765625
6640858,30.2734375
6640890,46.7529296875
6640988,42.78564453125
6641058,27.2216796875
6641092,40.71044921875
6641262,41.259765625
6641284,29.6630859375
6641409,44.25048828125
6641483,28.1982421875
6641683,51.025390625
6994431,27.77099609375
6994455,34.5458984375
6994474,51.8798828125
6994503,28.38134765625
6994532,40.83251953125
6994582,29.72412109375
6994614,28.62548828125
6995356,29.47998046875
6995491,33.02001953125
6995576,32.5927734375
6995624,34.423828125
6995746,34.1796875
6995796,38.75732421875
6995907,27.7099609375
6995935,34.24072265625
6996055,32.16552734375
6996167,40.0390625
6996301,28.4423828125
6996501,47.4853515625
7002903,67.81005859375
7002928,27.9541015625
7002960,44.3115234375
7003015,41.259765625
7003041,30.82275390625
7003064,35.15625
7003086,35.82763671875
7003111,32.470703125
7003160,29.96826171875
7003263,29.1748046875
7003347,31.92138671875
7003402,27.34375
7003477,27.40478515625
7003630,31.25
7003665,36.1328125
7003760,31.06689453125
7003961,40.4052734375
7004161,45.166015625
7004289,39.36767578125
7376736,26.9775390625
7376778,60.546875
7376791,32.04345703125
7376811,45.83740234375
7376824,29.541015625
7376852,37.78076171875
7376872,27.64892578125
7376899,27.40478515625
7377603,27.587890625
7377695,29.72412109375
7377783,34.66796875
7377819,51.3916015625
7377921,38.14697265625
7377934,31.3720703125
7378027,31.494140625
7378118,51.513671875
7378194,40.95458984375
7378205,30.33447265625
7378229,38.330078125
7378322,36.9873046875
7378462,41.68701171875
7378571,40.71044921875
7378853,45.34912109375
7385664,27.7099609375
7385692,61.279296875
7385729,29.72412109375
7385769,50.35400390625
7385779,36.62109375
7385806,32.04345703125
7385872,30.82275390625
7385908,31.92138671875
7385956,30.6396484375
7386135,27.28271484375
7386458,30.029296875
7386550,26.85546875
7386634,29.11376953125
7386740,27.03857421875
7386853,43.64013671875
7387488,52.79541015625
7610229,29.78515625
7610243,73.30322265625
7610274,48.40087890625
7610290,32.3486328125
7610303,33.02001953125
7610324,34.24072265625
7610340,35.5224609375
7610389,32.8369140625
7610430,29.9072265625
7610479,32.5927734375
7611293,33.5693359375
7611321,32.53173828125
7611453,36.68212890625
7611480,32.470703125
7611543,35.400390625
7611633,29.9072265625
7611675,34.48486328125
7611790,37.53662109375
7611864,41.56494140625
7611906,39.85595703125
7612034,43.02978515625
7612160,42.17529296875
7612447,51.45263671875
7619472,62.255859375
7619506,35.82763671875
7619573,61.03515625
7619589,35.2783203125
7619610,28.38134765625
7619632,50.1708984375
7619695,36.9873046875
7619754,29.78515625
7619821,28.99169921875
7620024,28.9306640625
7620124,32.470703125
7620203,28.38134765625
7620321,34.72900390625
7620416,35.33935546875
7620555,44.677734375
7620713,49.31640625
7620854,45.10498046875
7774135,27.40478515625
7774336,35.09521484375
7774491,27.40478515625
7774670,29.1748046875
7774821,31.18896484375
7774981,27.77099609375
7775157,32.65380859375
7775310,27.16064453125
7775475,29.78515625
7775637,34.24072265625
7775792,28.62548828125
7776091,33.02001953125
7776242,28.62548828125
7776742,26.91650390625
7777312,31.18896484375
7777626,26.85546875
7777954,28.564453125
7778401,27.9541015625
7778799,27.7099609375
7779264,28.74755859375
