7799001,0
137262,23.92578125
138695,26.611328125
138716,30.3955078125
138736,38.0859375
138768,40.0390625
138786,30.94482421875
138799,24.96337890625
138837,34.24072265625
138850,32.5927734375
138868,31.1279296875
138887,33.203125
138922,25.634765625
138978,26.7333984375
139094,24.90234375
139157,26.3671875
139767,25.69580078125
139780,23.86474609375
139809,24.84130859375
139837,28.9306640625
139873,23.98681640625
139915,25.08544921875
139949,24.35302734375
140046,31.8603515625
140088,27.099609375
140114,29.296875
140445,31.55517578125
143400,30.6396484375
145168,24.59716796875
147479,24.7802734375
147883,24.47509765625
148328,26.55029296875
148417,26.91650390625
148460,24.7802734375
148529,27.83203125
148557,31.43310546875
148569,33.50830078125
148611,25.5126953125
148627,26.91650390625
148649,32.3486328125
148670,24.59716796875
148694,35.58349609375
148720,28.25927734375
148744,26.18408203125
148799,25.81787109375
148829,29.9072265625
148867,23.92578125
148897,23.8037109375
148920,26.06201171875
148954,23.8037109375
149040,25.146484375
149167,24.59716796875
149525,30.09033203125
149564,32.89794921875
149712,25.08544921875
149919,25.5126953125
157936,23.92578125
158157,25.390625
269169,26.0009765625
435812,25.146484375
457398,24.4140625
457573,27.89306640625
457585,31.6162109375
457596,27.9541015625
457624,46.142578125
457636,26.30615234375
457658,35.94970703125
457698,40.10009765625
457715,30.517578125
457754,27.64892578125
457808,27.28271484375
457927,24.23095703125
458064,27.2216796875
458152,23.86474609375
458758,24.59716796875
458819,24.5361328125
458864,23.98681640625
459097,28.13720703125
459269,23.98681640625
459376,26.4892578125
459538,23.86474609375
459716,23.8037109375
463828,24.23095703125
465058,24.658203125
466560,31.31103515625
466868,26.611328125
467000,24.5361328125
467041,24.71923828125
467108,26.123046875
467141,35.2783203125
467152,29.11376953125
467173,46.0205078125
467189,39.0625
467208,26.7333984375
467239,25.81787109375
467255,24.84130859375
467280,31.982421875
467307,39.4287109375
467336,25.2685546875
467371,26.123046875
467392,26.18408203125
467410,25.390625
467457,27.40478515625
467484,26.3671875
467555,25.7568359375
467602,31.92138671875
467799,28.9306640625
467988,25.146484375
468123,26.06201171875
468223,23.92578125
468346,24.10888671875
468461,24.23095703125
468494,24.7802734375
468549,23.8037109375
468738,27.587890625
473220,26.42822265625
474794,26.55029296875
621081,26.18408203125
783896,28.80859375
783914,37.17041015625
783934,32.8369140625
783948,72.021484375
783965,51.45263671875
783995,39.24560546875
784024,35.0341796875
784046,27.587890625
784077,34.60693359375
784098,25.87890625
784114,25.20751953125
784128,26.67236328125
784150,23.86474609375
784206,24.658203125
784221,26.4892578125
784285,25.146484375
784307,25.69580078125
784816,25.20751953125
785002,25.390625
785017,26.55029296875
785042,29.84619140625
785086,27.7099609375
785133,26.9775390625
785184,26.42822265625
785281,25.32958984375
785320,26.611328125
785343,26.06201171875
785429,24.658203125
785575,26.42822265625
785657,29.541015625
785747,25.08544921875
786866,24.84130859375
790551,25.7568359375
791485,24.658203125
791977,23.98681640625
792255,24.96337890625
792467,27.03857421875
792479,28.86962890625
792608,26.85546875
792622,36.865234375
792650,28.9306640625
792685,33.63037109375
792708,32.28759765625
792736,37.4755859375
792746,37.41455078125
792772,27.52685546875
792789,25.57373046875
792802,39.24560546875
792833,27.83203125
792858,30.1513671875
792885,32.89794921875
792898,32.16552734375
792910,26.0009765625
792951,26.2451171875
792970,30.21240234375
792989,26.0009765625
793000,27.9541015625
793036,25.69580078125
793098,24.2919921875
793365,24.10888671875
793382,26.30615234375
793671,25.93994140625
794141,24.59716796875
799759,25.93994140625
805060,25.69580078125
805366,26.3671875
805797,28.62548828125
806303,24.59716796875
807137,25.69580078125
807393,23.8037109375
808108,24.7802734375
808509,25.634765625
1043047,24.658203125
1043062,26.79443359375
1043078,27.89306640625
1043101,46.93603515625
1043121,49.9267578125
1043134,43.27392578125
1043162,32.04345703125
1043187,32.470703125
1043220,34.97314453125
1043243,30.029296875
1043313,31.73828125
1043342,25.45166015625
1043729,30.76171875
1043769,27.099609375
1043874,23.98681640625
1043947,29.1748046875
1044087,32.28759765625
1044122,26.4892578125
1044227,24.23095703125
1044288,24.10888671875
1044316,26.67236328125
1044367,26.67236328125
1044394,26.91650390625
1044531,26.06201171875
1044602,24.0478515625
1044808,25.390625
1044953,28.74755859375
1045186,25.390625
1045936,25.08544921875
1046090,24.4140625
1046294,29.541015625
1046518,24.23095703125
1048307,26.42822265625
1048752,25.87890625
1049392,26.18408203125
1051847,25.5126953125
1051921,24.658203125
1051952,32.89794921875
1051982,29.296875
1051998,43.0908203125
1052036,25.390625
1052055,29.11376953125
1052074,37.78076171875
1052094,30.82275390625
1052130,32.28759765625
1052206,24.169921875
1052223,24.71923828125
1052269,28.3203125
1052373,24.71923828125
1052453,29.541015625
1052485,26.2451171875
1052542,24.0478515625
1052567,23.98681640625
1052593,28.9306640625
1052681,23.8037109375
1053120,30.3955078125
1055805,24.23095703125
1062600,26.55029296875
1064954,24.5361328125
1066305,23.86474609375
1212063,26.67236328125
1262383,26.55029296875
1340663,24.0478515625
1341179,40.46630859375
1341189,60.11962890625
1341208,46.08154296875
1341225,28.13720703125
1341241,33.5693359375
1341265,60.11962890625
1341289,27.89306640625
1341335,25.32958984375
1341393,26.9775390625
1341408,26.91650390625
1341429,29.72412109375
1341684,26.79443359375
1341773,24.658203125
1341884,25.93994140625
1342212,25.93994140625
1342276,24.0478515625
1342371,29.4189453125
1342543,26.55029296875
1342583,35.888671875
1342673,25.2685546875
1342720,26.42822265625
1342851,24.169921875
1343092,24.4140625
1347824,25.0244140625
1348890,26.67236328125
1349691,28.076171875
1349842,37.41455078125
1349854,26.4892578125
1349889,35.2783203125
1349915,32.5927734375
1349929,35.09521484375
1349962,49.072265625
1350013,37.29248046875
1350059,26.4892578125
1350084,25.390625
1350132,28.076171875
1350150,28.62548828125
1350171,26.4892578125
1350185,25.87890625
1350256,27.9541015625
1350298,26.7333984375
1350343,24.71923828125
1350398,28.9306640625
1350441,24.4140625
1350490,25.45166015625
1350597,24.35302734375
1350634,23.92578125
1350780,23.98681640625
1350797,25.2685546875
1351054,25.32958984375
1351137,27.9541015625
1354232,25.634765625
1356052,26.42822265625
1362781,29.84619140625
1364687,24.96337890625
1365731,24.96337890625
1366907,32.3486328125
1367273,26.9775390625
1758773,38.2080078125
1758789,38.63525390625
1758814,38.57421875
1758835,39.00146484375
1758848,44.00634765625
1758867,34.1796875
1758883,30.517578125
1758912,33.87451171875
1758929,32.470703125
1758949,36.1328125
1758995,32.89794921875
1759031,24.84130859375
1759052,26.30615234375
1759074,30.76171875
1759086,28.80859375
1759115,28.25927734375
1759169,28.50341796875
1759276,25.93994140625
1759559,24.7802734375
1759758,35.82763671875
1759923,25.87890625
1759974,28.1982421875
1760018,26.91650390625
1760108,24.4140625
1760214,29.96826171875
1760234,24.0478515625
1760593,25.0244140625
1761474,24.47509765625
1761823,24.59716796875
1763610,23.86474609375
1764879,25.81787109375
1765460,24.4140625
1766084,24.96337890625
1766974,27.77099609375
1767250,25.69580078125
1767397,31.55517578125
1767411,27.2216796875
1767520,24.23095703125
1767547,28.076171875
1767558,36.4990234375
1767582,23.98681640625
1767608,24.4140625
1767620,24.47509765625
1767642,29.11376953125
1767682,37.53662109375
1767694,36.56005859375
1767713,27.7099609375
1767723,52.1240234375
1767742,31.79931640625
1767785,26.91650390625
1767799,24.23095703125
1767847,24.84130859375
1767978,25.2685546875
1768034,24.47509765625
1768169,27.77099609375
1768318,25.69580078125
1768537,25.93994140625
1769633,28.01513671875
1775025,23.86474609375
1776711,27.099609375
1864208,25.0244140625
1974827,27.16064453125
1974840,27.64892578125
1974860,35.70556640625
1974872,37.109375
1974905,77.45361328125
1974930,33.14208984375
1974950,47.9736328125
1974960,29.78515625
1974990,34.1796875
1975010,24.96337890625
1975047,37.04833984375
1975084,23.98681640625
1975217,25.57373046875
1975238,24.23095703125
1975335,26.85546875
1975451,26.30615234375
1975535,25.57373046875
1975638,25.146484375
1975751,25.7568359375
1975840,24.59716796875
1975909,26.55029296875
1976045,24.658203125
1976059,24.90234375
1976113,24.71923828125
1976156,24.4140625
1976173,26.611328125
1976281,24.2919921875
1976344,24.658203125
1976669,24.96337890625
1976759,27.77099609375
1979850,24.658203125
1980212,23.86474609375
1980725,24.35302734375
1982069,24.47509765625
1982567,30.94482421875
1982873,25.2685546875
1983065,35.15625
1983164,25.7568359375
1983244,27.7099609375
1983268,24.59716796875
1983286,29.11376953125
1983326,29.47998046875
1983345,23.8037109375
1983364,33.87451171875
1983384,32.3486328125
1983444,33.203125
1983464,29.72412109375
1983475,30.6396484375
1983507,25.93994140625
1983524,29.23583984375
1983541,26.85546875
1983567,24.71923828125
1983577,26.79443359375
1983627,40.283203125
1983967,25.2685546875
1984120,24.658203125
1984412,26.55029296875
1984655,25.2685546875
2193494,27.52685546875
2193521,25.81787109375
2193542,56.884765625
2193569,60.9130859375
2193604,32.470703125
2193615,39.306640625
2193625,43.51806640625
2193638,36.2548828125
2193663,35.21728515625
2193744,29.4189453125
2193808,31.005859375
2193886,24.658203125
2194407,26.4892578125
2194454,25.45166015625
2194594,26.85546875
2194659,23.98681640625
2194691,25.146484375
2194715,24.59716796875
2194743,27.52685546875
2194837,31.73828125
2195267,28.50341796875
2195425,26.0009765625
2198979,24.84130859375
2201247,24.71923828125
2201851,24.169921875
2202070,29.84619140625
2202086,27.2216796875
2202168,25.20751953125
2202217,24.47509765625
2202234,34.72900390625
2202262,27.587890625
2202276,33.75244140625
2202294,27.34375
2202316,25.45166015625
2202338,42.48046875
2202378,29.78515625
2202396,29.296875
2202496,31.79931640625
2202510,28.50341796875
2202542,24.4140625
2202649,23.86474609375
2202702,26.2451171875
2202730,25.93994140625
2202822,31.79931640625
2203178,32.77587890625
2208949,26.4892578125
2550634,24.169921875
2559077,29.35791015625
2559416,39.61181640625
2559445,33.38623046875
2559481,51.1474609375
2559520,26.611328125
2559534,35.0341796875
2559577,27.4658203125
2559594,39.4287109375
2559635,24.658203125
2559770,24.47509765625
2559893,25.20751953125
2560019,26.0009765625
2560191,24.59716796875
2560389,26.91650390625
2560515,27.52685546875
2560558,24.35302734375
2560602,23.92578125
2560636,25.390625
2560681,25.390625
2560774,27.52685546875
2560830,23.86474609375
2560945,32.89794921875
2561016,24.35302734375
2561445,24.23095703125
2561521,23.98681640625
2561919,24.47509765625
2564909,25.634765625
2566161,29.84619140625
2566966,26.67236328125
2567526,23.8037109375
2567955,24.90234375
2567992,30.3955078125
2568025,29.541015625
2568056,28.74755859375
2568107,43.5791015625
2568147,38.26904296875
2568175,43.64013671875
2568194,29.052734375
2568220,35.15625
2568244,26.4892578125
2568266,47.30224609375
2568360,28.9306640625
2568402,24.5361328125
2568492,24.23095703125
2568572,24.658203125
2568776,28.6865234375
2568829,23.98681640625
2568859,29.78515625
2568870,24.4140625
2568957,28.50341796875
2569141,23.92578125
2569282,24.84130859375
2569447,29.35791015625
2573147,28.62548828125
2577197,24.7802734375
2582008,25.146484375
2582798,28.80859375
2583397,27.16064453125
2629885,34.48486328125
2650154,26.9775390625
2810486,24.169921875
2810503,32.470703125
2810523,31.1279296875
2810541,38.330078125
2810563,51.7578125
2810576,24.5361328125
2810600,58.59375
2810627,31.55517578125
2810647,39.12353515625
2810659,37.41455078125
2810677,28.74755859375
2810739,29.72412109375
2810750,32.53173828125
2810815,26.30615234375
2810980,25.5126953125
2811209,25.146484375
2811369,26.79443359375
2811379,31.982421875
2811471,24.47509765625
2811578,26.123046875
2811588,24.35302734375
2811608,25.0244140625
2811669,29.11376953125
2811717,27.099609375
2811913,25.08544921875
2811935,23.86474609375
2811968,27.89306640625
2812209,25.5126953125
2812289,25.20751953125
2812479,27.83203125
2817875,26.85546875
2818855,28.6865234375
2818866,40.46630859375
2818903,29.60205078125
2818946,26.67236328125
2818960,26.4892578125
2818995,35.0341796875
2819059,26.7333984375
2819078,28.13720703125
2819102,25.32958984375
2819131,33.447265625
2819143,23.98681640625
2819183,30.09033203125
2819226,34.3017578125
2819258,32.8369140625
2819269,25.5126953125
2819290,25.7568359375
2819316,25.57373046875
2819390,24.7802734375
2819650,25.146484375
2819985,28.13720703125
2824257,26.3671875
2824740,24.23095703125
2825295,24.7802734375
2826250,25.0244140625
2835063,23.92578125
2835762,23.86474609375
2894577,31.18896484375
3079147,38.2080078125
3079171,26.42822265625
3079191,49.25537109375
3079212,30.82275390625
3079233,42.724609375
3079247,29.6630859375
3079268,28.3203125
3079280,26.79443359375
3079298,31.79931640625
3079328,26.55029296875
3079360,31.982421875
3079404,28.4423828125
3079434,26.3671875
3079528,27.099609375
3079548,24.96337890625
3080130,28.1982421875
3080236,25.93994140625
3080268,31.25
3080284,24.5361328125
3080584,24.23095703125
3080632,24.7802734375
3080654,23.98681640625
3080741,24.47509765625
3080770,25.93994140625
3080887,24.90234375
3081091,23.92578125
3081232,24.4140625
3082449,26.67236328125
3085881,28.13720703125
3086639,29.78515625
3087534,29.1748046875
3087650,28.62548828125
3087689,26.0009765625
3087763,32.1044921875
3087775,48.9501953125
3087844,31.79931640625
3087855,43.88427734375
3087875,24.90234375
3087887,25.634765625
3087920,25.2685546875
3087950,28.62548828125
3087973,25.634765625
3087990,27.40478515625
3088033,27.099609375
3088062,26.3671875
3088098,24.5361328125
3088119,32.40966796875
3088233,24.0478515625
3088252,27.9541015625
3088517,24.84130859375
3088844,24.59716796875
3088941,24.23095703125
3092788,24.96337890625
3099826,24.10888671875
3102713,24.4140625
3175910,26.7333984375
3366834,25.2685546875
3366844,39.306640625
3366886,49.62158203125
3366900,57.6171875
3366911,24.7802734375
3366931,24.2919921875
3366952,31.55517578125
3366978,28.62548828125
3367007,33.87451171875
3367040,29.35791015625
3367053,32.71484375
3367088,29.96826171875
3367129,28.01513671875
3367166,24.5361328125
3367220,26.79443359375
3367388,23.92578125
3367832,27.34375
3367990,25.20751953125
3368042,28.38134765625
3368208,26.18408203125
3368284,25.69580078125
3368311,25.634765625
3369561,23.92578125
3372595,25.146484375
3373263,23.86474609375
3373944,28.62548828125
3374754,24.5361328125
3375280,28.38134765625
3375600,27.7099609375
3375654,30.45654296875
3375677,30.45654296875
3375713,26.611328125
3375737,27.64892578125
3375762,24.7802734375
3375778,25.0244140625
3375805,25.87890625
3375821,27.16064453125
3375852,35.5224609375
3375868,32.8369140625
3375881,26.4892578125
3375897,29.72412109375
3375942,26.79443359375
3376011,24.71923828125
3376065,27.40478515625
3376090,25.69580078125
3376140,29.11376953125
3376189,23.8037109375
3376227,24.23095703125
3376490,23.8037109375
3376882,23.98681640625
3377013,29.052734375
3377560,24.59716796875
3388093,29.296875
3388423,24.0478515625
3389349,24.71923828125
3391085,25.7568359375
3412284,24.0478515625
3812725,29.35791015625
3812743,25.390625
3812756,42.48046875
3812781,38.51318359375
3812800,38.6962890625
3812820,32.1044921875
3812835,35.46142578125
3812863,31.494140625
3812878,28.6865234375
3812891,26.7333984375
3812932,29.23583984375
3813019,32.40966796875
3813085,26.55029296875
3813997,33.3251953125
3814172,24.7802734375
3814200,23.8037109375
3814242,28.99169921875
3814277,27.7099609375
3814294,25.87890625
3814319,27.28271484375
3814349,28.564453125
3814379,23.98681640625
3814690,24.658203125
3814768,25.87890625
3819399,23.92578125
3821099,24.169921875
3821186,24.90234375
3821254,24.2919921875
3821295,27.77099609375
3821378,24.0478515625
3821391,36.80419921875
3821428,28.62548828125
3821455,32.8369140625
3821481,24.4140625
3821502,34.48486328125
3821545,24.5361328125
3821579,34.72900390625
3821593,33.63037109375
3821616,30.21240234375
3821646,23.86474609375
3821687,24.96337890625
3821711,28.80859375
3821914,25.634765625
3822088,24.5361328125
3822208,23.92578125
3822249,24.5361328125
3822508,24.0478515625
3823320,24.71923828125
3826721,23.8037109375
3832829,23.86474609375
3833281,28.1982421875
3881405,28.564453125
3953762,25.0244140625
4254504,35.58349609375
4254535,41.1376953125
4254547,41.19873046875
4254563,30.21240234375
4254595,40.4052734375
4254610,43.76220703125
4254633,36.80419921875
4254711,26.7333984375
4254862,24.169921875
4255548,24.4140625
4255585,31.1279296875
4255717,24.10888671875
4255770,25.81787109375
4255803,28.076171875
4255813,24.7802734375
4255844,31.43310546875
4255944,24.5361328125
4255965,31.06689453125
4256018,33.3251953125
4256041,33.14208984375
4256058,27.52685546875
4256143,24.23095703125
4256406,28.50341796875
4261972,25.5126953125
4262222,27.83203125
4262410,26.67236328125
4262460,26.06201171875
4262507,31.31103515625
4262537,28.6865234375
4262572,27.4658203125
4262585,28.74755859375
4262598,34.7900390625
4262625,28.62548828125
4262636,28.6865234375
4262657,33.69140625
4262682,26.3671875
4262713,32.16552734375
4262726,26.0009765625
4262752,25.45166015625
4262788,28.13720703125
4262826,31.982421875
4262943,28.62548828125
4263000,27.2216796875
4263169,25.57373046875
4267422,23.92578125
4269381,24.35302734375
4274201,27.40478515625
4276024,28.74755859375
4276361,29.4189453125
4276649,29.296875
4276922,26.18408203125
4277210,27.52685546875
4277376,25.20751953125
4277431,27.099609375
4277563,25.93994140625
4277583,28.1982421875
4277615,25.20751953125
4277717,34.3017578125
4277732,33.203125
4277771,36.43798828125
4277804,27.9541015625
4277842,30.09033203125
4277873,25.45166015625
4277887,32.8369140625
4277917,42.48046875
4277967,31.55517578125
4277980,23.86474609375
4278007,34.36279296875
4278027,27.4658203125
4278042,25.69580078125
4278054,26.0009765625
4278068,28.564453125
4278138,30.45654296875
4278197,25.08544921875
4278282,26.42822265625
4278297,25.69580078125
4278425,25.7568359375
4278818,24.59716796875
4278991,24.169921875
4282802,24.4140625
4283596,23.86474609375
4351224,24.23095703125
4352343,31.73828125
4367032,27.03857421875
4368246,28.3203125
4368271,42.78564453125
4368288,28.9306640625
4368307,39.61181640625
4368335,38.14697265625
4368345,45.10498046875
4368365,35.0341796875
4368392,37.4755859375
4368409,42.41943359375
4368434,32.77587890625
4368474,26.67236328125
4368502,24.10888671875
4368544,27.28271484375
4368602,28.564453125
4369090,25.45166015625
4369146,29.052734375
4369199,26.85546875
4369280,24.84130859375
4369294,27.34375
4369358,27.40478515625
4369477,26.06201171875
4369511,24.5361328125
4369529,24.90234375
4369592,23.92578125
4369611,25.5126953125
4369631,24.5361328125
4370454,24.7802734375
4374167,24.23095703125
4375185,24.71923828125
4375814,23.8037109375
4378467,28.1982421875
4378653,24.10888671875
4378739,25.7568359375
4378796,26.3671875
4378813,25.81787109375
4378836,33.3251953125
4378851,24.169921875
4378882,34.912109375
4378910,35.58349609375
4378928,37.53662109375
4378942,27.587890625
4378963,28.62548828125
4378992,28.01513671875
4379009,24.71923828125
4379040,31.79931640625
4379078,31.1279296875
4379114,28.01513671875
4379134,30.57861328125
4379153,23.8037109375
4379172,24.96337890625
4379300,23.92578125
4379364,26.3671875
4379487,23.8037109375
4379509,24.10888671875
4379745,25.634765625
4380072,27.587890625
4383214,24.90234375
4383931,24.2919921875
4384295,24.23095703125
4384684,29.23583984375
4558223,26.9775390625
4558947,24.35302734375
4558976,53.8330078125
4558991,44.61669921875
4559016,30.8837890625
4559036,41.6259765625
4559049,53.466796875
4559074,28.3203125
4559097,45.34912109375
4559109,40.10009765625
4559130,32.28759765625
4559143,30.70068359375
4559173,26.42822265625
4559258,31.25
4559298,26.67236328125
4559329,25.81787109375
4559364,29.052734375
4559434,24.5361328125
4559907,30.94482421875
4559964,25.45166015625
4560022,27.03857421875
4560239,25.2685546875
4560960,25.45166015625
4565347,24.7802734375
4567134,24.59716796875
4569165,25.0244140625
4569567,25.93994140625
4569682,29.4189453125
4569701,46.875
4569723,41.19873046875
4569746,28.74755859375
4569787,38.330078125
4569810,27.77099609375
4569821,39.73388671875
4569847,29.72412109375
4569875,39.306640625
4569930,30.09033203125
4569968,30.2734375
4570023,25.69580078125
4570036,24.96337890625
4570068,28.99169921875
4570094,32.65380859375
4570108,29.296875
4570214,25.390625
4570262,31.92138671875
4570315,24.5361328125
4570785,26.79443359375
4576188,24.0478515625
4579787,24.0478515625
4582047,23.8037109375
4669553,27.34375
4740448,26.123046875
4740840,23.86474609375
4741506,40.283203125
4741723,29.541015625
4741736,29.11376953125
4741761,24.10888671875
4741773,25.390625
4741843,26.611328125
4741857,25.81787109375
4741888,32.77587890625
4741902,35.400390625
4741936,33.0810546875
4741952,40.52734375
4741974,29.35791015625
4741994,27.03857421875
4742022,28.74755859375
4742039,36.7431640625
4742065,27.64892578125
4742092,26.42822265625
4742121,32.71484375
4742195,29.9072265625
4742250,28.62548828125
4742289,25.0244140625
4742902,27.77099609375
4742949,27.40478515625
4743090,25.634765625
4743183,26.55029296875
4743303,28.99169921875
4743317,26.91650390625
4743384,24.90234375
4747067,24.2919921875
4747442,24.5361328125
4748504,23.8037109375
4751857,24.7802734375
4751924,25.08544921875
4751946,28.9306640625
4751988,30.21240234375
4752033,31.3720703125
4752050,24.7802734375
4752082,44.98291015625
4752096,40.46630859375
4752116,35.888671875
4752141,28.50341796875
4752185,27.587890625
4752232,29.541015625
4752273,30.1513671875
4752318,24.2919921875
4752330,36.4990234375
4752346,24.658203125
4752389,25.146484375
4752474,23.92578125
4752492,26.91650390625
4752629,29.541015625
4753184,30.45654296875
4758224,24.658203125
4759471,26.9775390625
4777011,25.93994140625
4811777,29.052734375
4823164,24.71923828125
4926627,31.18896484375
4927302,27.64892578125
4927745,25.634765625
4927769,24.59716796875
4927800,34.7900390625
4927821,49.9267578125
4927839,24.658203125
4927859,29.541015625
4927877,33.38623046875
4927888,39.306640625
4927902,25.81787109375
4927930,26.79443359375
4927967,29.541015625
4927996,34.7900390625
4928042,25.7568359375
4928089,24.658203125
4928107,37.41455078125
4928497,26.2451171875
4928832,25.0244140625
4928906,25.81787109375
4928924,24.4140625
4928961,32.53173828125
4929016,23.92578125
4929065,23.92578125
4929308,31.6162109375
4929485,30.21240234375
4929590,30.33447265625
4929994,25.32958984375
4934364,25.390625
4935605,25.45166015625
4936838,26.67236328125
4937014,27.40478515625
4937101,24.10888671875
4937125,25.32958984375
4937145,31.73828125
4937175,37.04833984375
4937191,24.84130859375
4937218,27.77099609375
4937241,29.6630859375
4937276,36.9873046875
4937298,32.16552734375
4937322,26.18408203125
4937386,26.55029296875
4937424,27.16064453125
4937471,38.330078125
4937624,26.9775390625
4937709,25.93994140625
4938023,25.390625
4943001,23.8037109375
5085640,26.55029296875
5189872,27.28271484375
5189890,58.65478515625
5189903,28.3203125
5189919,24.47509765625
5189949,40.771484375
5189970,34.60693359375
5189991,32.04345703125
5190022,25.32958984375
5190065,27.9541015625
5190089,24.84130859375
5190119,27.34375
5190238,26.9775390625
5190303,33.38623046875
5190326,27.34375
5190363,25.08544921875
5190542,30.82275390625
5190709,23.86474609375
5190812,26.42822265625
5190922,27.16064453125
5191149,27.77099609375
5191267,25.57373046875
5191299,27.28271484375
5191376,27.34375
5191433,24.169921875
5192273,25.45166015625
5195813,24.35302734375
5197030,24.658203125
5200823,26.85546875
5201231,25.390625
5202469,24.84130859375
5202889,28.564453125
5500712,24.4140625
5500739,30.2734375
5500750,52.6123046875
5500767,24.35302734375
5500785,27.4658203125
5500795,28.86962890625
5500809,37.353515625
5500829,26.611328125
5500839,35.5224609375
5500866,29.96826171875
5500926,28.076171875
5500950,24.10888671875
5500981,24.35302734375
5501012,26.67236328125
5501085,25.32958984375
5501740,24.59716796875
5501863,25.32958984375
5501899,26.55029296875
5501924,27.9541015625
5502130,26.85546875
5502434,24.2919921875
5503223,26.79443359375
5503964,25.634765625
5506989,24.23095703125
5507923,28.38134765625
5508541,24.658203125
5508780,26.9775390625
5508947,24.71923828125
5509019,28.13720703125
5509138,24.59716796875
5509190,26.30615234375
5509218,24.47509765625
5509242,42.8466796875
5509290,29.35791015625
5509316,37.4755859375
5509344,37.7197265625
5509365,25.7568359375
5509378,27.40478515625
5509403,29.11376953125
5509414,25.634765625
5509484,25.0244140625
5509535,33.447265625
5509597,33.0810546875
5509611,29.78515625
5509649,26.123046875
5509699,28.50341796875
5509810,24.23095703125
5510001,27.03857421875
5510019,24.0478515625
5510543,24.169921875
5514783,23.8037109375
5628058,24.2919921875
5628073,27.52685546875
5628112,27.52685546875
5628133,32.04345703125
5628155,32.53173828125
5628172,41.1376953125
5628185,24.7802734375
5628202,40.83251953125
5628222,41.8701171875
5628243,27.2216796875
5628259,23.8037109375
5628313,26.85546875
5628354,28.80859375
5628447,25.20751953125
5628516,25.57373046875
5628617,23.8037109375
5628689,24.90234375
5628929,27.4658203125
5628998,32.470703125
5629154,24.96337890625
5629473,24.47509765625
5629695,25.87890625
5629942,24.84130859375
5630758,24.169921875
5635133,24.71923828125
5640285,28.564453125
5980846,25.45166015625
5980878,55.0537109375
5980908,56.57958984375
5980922,35.33935546875
5980945,31.92138671875
5980958,51.81884765625
5980991,45.10498046875
5981025,25.45166015625
5981040,27.2216796875
5981144,25.146484375
5981196,28.3203125
5981533,29.11376953125
5981908,26.91650390625
5981920,26.85546875
5982040,24.7802734375
5982117,26.18408203125
5982188,25.93994140625
5982245,27.03857421875
5982338,27.03857421875
5982526,24.35302734375
5987522,26.91650390625
5988828,25.5126953125
5989315,29.1748046875
5989366,27.7099609375
5989387,23.98681640625
5989475,26.30615234375
5989522,30.76171875
5989545,25.45166015625
5989582,26.4892578125
5989609,27.587890625
5989624,28.564453125
5989644,30.45654296875
5989670,36.2548828125
5989696,41.93115234375
5989745,26.42822265625
5989756,41.6259765625
5989776,43.45703125
5989790,32.53173828125
5989849,24.96337890625
5989879,25.5126953125
5989898,28.4423828125
5989938,24.59716796875
5990003,24.59716796875
5990054,29.1748046875
5990073,24.47509765625
5990137,25.146484375
5990196,28.1982421875
5990228,23.98681640625
5990238,23.86474609375
5990367,27.83203125
5990603,24.96337890625
5991016,24.0478515625
5995941,24.71923828125
6000357,32.470703125
6085124,23.92578125
6302192,24.5361328125
6302370,24.84130859375
6302402,31.73828125
6302428,36.376953125
6302444,36.07177734375
6302455,69.9462890625
6302503,46.5087890625
6302518,25.87890625
6302555,34.48486328125
6302568,26.7333984375
6302590,25.69580078125
6302606,25.20751953125
6302637,31.18896484375
6302703,24.7802734375
6302754,26.9775390625
6302776,27.03857421875
6303469,24.84130859375
6303481,30.2734375
6303595,26.42822265625
6303678,24.658203125
6303731,27.34375
6303992,24.90234375
6304074,26.30615234375
6304392,25.5126953125
6304476,24.84130859375
6307942,25.146484375
6309009,26.67236328125
6310526,24.84130859375
6310734,26.06201171875
6310769,26.2451171875
6310944,28.01513671875
6310967,25.93994140625
6311006,29.96826171875
6311024,29.35791015625
6311043,24.169921875
6311063,34.7900390625
6311093,34.66796875
6311120,34.72900390625
6311167,35.2783203125
6311181,24.10888671875
6311227,32.77587890625
6311243,24.5361328125
6311323,26.123046875
6311372,26.91650390625
6311402,24.96337890625
6311417,24.90234375
6311441,33.203125
6311482,26.9775390625
6311921,26.55029296875
6312032,24.0478515625
6317386,27.7099609375
6323933,25.634765625
6324463,24.96337890625
6325058,25.0244140625
6325423,30.517578125
6325728,28.3203125
6325982,27.89306640625
6326418,24.59716796875
6327145,24.2919921875
6368205,25.7568359375
6378290,24.169921875
6535821,25.2685546875
6535852,47.05810546875
6535881,46.56982421875
6535906,37.9638671875
6535919,24.23095703125
6535939,31.8603515625
6535960,53.466796875
6535995,38.75732421875
6536011,24.59716796875
6536074,24.5361328125
6536728,29.78515625
6536860,23.8037109375
6536897,27.099609375
6536964,24.35302734375
6537048,27.16064453125
6537135,26.123046875
6537239,29.541015625
6537276,26.7333984375
6537386,25.146484375
6537513,24.169921875
6537639,23.86474609375
6537733,24.2919921875
6541214,25.2685546875
6542333,28.4423828125
6543576,26.3671875
6544800,28.80859375
6545083,26.55029296875
6545113,24.658203125
6545145,32.89794921875
6545171,31.6162109375
6545193,32.77587890625
6545222,30.3955078125
6545235,48.64501953125
6545267,29.47998046875
6545286,49.560546875
6545306,34.7900390625
6545334,39.00146484375
6545358,34.66796875
6545387,28.13720703125
6545398,32.16552734375
6545445,24.169921875
6545544,24.169921875
6545615,26.123046875
6545937,27.77099609375
6546009,24.10888671875
6546601,26.85546875
6546833,24.658203125
6550747,24.169921875
6552353,24.23095703125
6559400,26.91650390625
6639742,44.921875
6639759,39.12353515625
6639775,42.236328125
6639790,48.52294921875
6639818,30.517578125
6639832,38.26904296875
6639852,42.90771484375
6639875,27.40478515625
6639885,27.4658203125
6639900,32.2265625
6639939,37.41455078125
6639994,31.1279296875
6640046,24.90234375
6640132,27.77099609375
6640260,25.390625
6640351,28.1982421875
6640556,27.099609375
6640779,24.47509765625
6640941,26.18408203125
6640965,23.86474609375
6641934,25.08544921875
6642227,24.658203125
6642389,26.18408203125
6648951,25.57373046875
6994452,41.93115234375
6994469,45.166015625
6994487,40.0390625
6994497,36.865234375
6994532,41.50390625
6994543,32.89794921875
6994583,33.26416015625
6994593,28.80859375
6994733,29.296875
6994765,24.0478515625
6994796,24.47509765625
6995189,25.32958984375
6995558,26.30615234375
6995581,24.71923828125
6995664,25.81787109375
6995679,30.09033203125
6995776,26.79443359375
6995923,25.2685546875
6998063,27.52685546875
6999068,23.92578125
7000408,28.6865234375
7001825,27.52685546875
7002364,29.6630859375
7002610,28.99169921875
7002710,27.9541015625
7002745,23.8037109375
7002766,27.34375
7002801,24.5361328125
7002838,32.04345703125
7002863,28.62548828125
7002890,28.50341796875
7002908,34.11865234375
7002925,33.75244140625
7002957,24.2919921875
7002978,31.67724609375
7003001,35.64453125
7003018,25.2685546875
7003047,23.8037109375
7003092,24.47509765625
7003120,27.89306640625
7003143,24.0478515625
7003155,24.0478515625
7003167,39.36767578125
7003267,30.45654296875
7003314,24.23095703125
7003378,25.93994140625
7003404,24.658203125
7003419,24.10888671875
7003502,26.7333984375
7003686,26.2451171875
7004199,26.18408203125
7011828,23.92578125
7060578,24.169921875
7061388,30.029296875
7086646,24.5361328125
7087326,26.2451171875
7376807,34.5458984375
7376836,36.7431640625
7376864,40.10009765625
7376895,36.4990234375
7376913,34.24072265625
7376940,25.146484375
7376950,35.21728515625
7377000,38.63525390625
7377017,29.78515625
7377044,23.92578125
7377067,25.0244140625
7377692,29.35791015625
7377969,30.33447265625
7378093,28.9306640625
7378209,26.9775390625
7378235,30.09033203125
7378274,25.93994140625
7378378,24.10888671875
7378413,25.0244140625
7378925,26.123046875
7382659,24.10888671875
7384903,24.169921875
7385309,29.23583984375
7385562,25.08544921875
7385578,25.146484375
7385642,26.91650390625
7385673,32.1044921875
7385703,33.99658203125
7385726,28.6865234375
7385762,27.83203125
7385798,23.98681640625
7385833,35.0341796875
7385863,33.02001953125
7385884,32.5927734375
7385921,24.96337890625
7385990,26.3671875
7386049,23.86474609375
7386077,23.8037109375
7386180,25.69580078125
7386279,26.18408203125
7386928,25.634765625
7388112,26.3671875
7391076,26.3671875
7391677,26.611328125
7449596,25.7568359375
7610239,27.28271484375
7610250,28.38134765625
7610271,35.82763671875
7610299,53.5888671875
7610329,44.921875
7610341,41.93115234375
7610351,24.2919921875
7610376,33.69140625
7610484,30.82275390625
7610526,23.86474609375
7610584,26.7333984375
7610630,25.20751953125
7611157,25.146484375
7611239,24.5361328125
7611262,29.296875
7611386,24.35302734375
7611638,28.99169921875
7611671,29.72412109375
7611879,28.13720703125
7612206,24.10888671875
7612774,26.06201171875
7613011,27.64892578125
7615350,24.47509765625
7615861,24.4140625
7616572,24.23095703125
7617328,27.03857421875
7619370,35.400390625
7619406,25.32958984375
7619446,34.5458984375
7619487,27.7099609375
7619512,40.0390625
7619538,34.36279296875
7619549,26.30615234375
7619571,26.7333984375
7619619,36.62109375
7619640,27.89306640625
7619658,29.296875
7619718,24.96337890625
7619799,29.96826171875
7619826,31.31103515625
7619849,24.10888671875
7619906,28.74755859375
7620428,25.2685546875
7620934,24.169921875
7621026,24.59716796875
7621061,29.35791015625
7625119,24.169921875
7662274,26.0009765625
