11999000,0
2221160,31.67724609375
2221178,34.11865234375
2221289,31.73828125
2221321,36.56005859375
2258967,32.470703125
2284491,32.3486328125
2313027,36.4990234375
2313287,31.92138671875
2337724,33.63037109375
2337786,35.46142578125
2338825,35.70556640625
2339079,31.79931640625
2368514,32.958984375
2368563,34.97314453125
2368904,35.0341796875
2369153,30.8837890625
2391677,33.447265625
2391877,35.58349609375
2392009,33.02001953125
2448382,30.70068359375
2448654,33.0810546875
2448897,30.94482421875
2494794,35.2783203125
2495661,31.18896484375
3988664,34.66796875
3988756,33.63037109375
3988873,32.2265625
3989057,30.76171875
4042873,31.55517578125
4042941,38.51318359375
4074919,31.1279296875
4075156,37.9638671875
4075425,35.94970703125
4113254,33.02001953125
4113680,34.48486328125
4113946,31.6162109375
4146109,33.38623046875
4146259,32.16552734375
4181822,30.70068359375
4194671,42.54150390625
4194807,36.07177734375
4222216,39.61181640625
4222447,31.3720703125
4222497,36.1328125
4222991,30.94482421875
4275727,46.56982421875
4275969,32.3486328125
4276225,30.82275390625
4276314,33.26416015625
5829898,35.5224609375
5829971,36.07177734375
5830460,32.5927734375
5830515,31.005859375
5893674,39.6728515625
5893808,38.26904296875
5893875,31.6162109375
5894796,38.87939453125
5916979,38.818359375
5917070,32.1044921875
5948868,49.49951171875
5949312,30.70068359375
5949516,32.65380859375
5949869,35.21728515625
6001106,40.83251953125
6044303,31.92138671875
6044408,34.423828125
6087156,33.38623046875
6087192,36.68212890625
6088307,32.958984375
6088542,36.4990234375
6125227,35.70556640625
6125517,30.8837890625
6125849,35.33935546875
6125894,36.56005859375
6125991,31.1279296875
6126161,34.0576171875
6150098,31.25
6150264,30.94482421875
6150446,32.53173828125
6150682,33.447265625
6218966,38.39111328125
6219074,32.53173828125
6219177,31.005859375
6219567,31.6162109375
7444168,46.44775390625
7444178,31.8603515625
7444273,38.39111328125
7444635,35.0341796875
7502325,33.935546875
7502440,33.8134765625
7533666,34.11865234375
7556131,30.6396484375
7583632,34.72900390625
7583802,32.53173828125
7584681,33.69140625
7609874,31.982421875
7638660,38.57421875
7639001,32.3486328125
7639462,30.8837890625
7671820,33.26416015625
7697567,30.8837890625
7771586,35.21728515625
7771734,34.423828125
7771907,33.447265625
9306680,32.77587890625
9306723,38.14697265625
9346897,33.14208984375
9347822,33.8134765625
9368699,33.203125
9396328,31.8603515625
9419313,32.65380859375
9419359,31.92138671875
9444005,31.005859375
9462866,36.07177734375
9480982,35.400390625
9480997,36.9873046875
9528612,43.45703125
10640065,32.77587890625
10640172,32.89794921875
10640363,37.90283203125
10682622,30.82275390625
10696451,50.1708984375
10696506,31.1279296875
10696565,36.0107421875
10728081,39.6728515625
10753166,32.1044921875
10753379,38.63525390625
10786730,31.8603515625
10786750,30.8837890625
10787165,32.5927734375
10819312,31.25
10819772,31.06689453125
