11999000,0
45873,38.330078125
50488,38.330078125
424141,43.9453125
484161,38.57421875
605146,39.9169921875
776814,41.1376953125
829455,38.6962890625
957243,38.330078125
1063107,41.50390625
1098024,38.63525390625
1220227,38.26904296875
1277449,38.9404296875
1313220,41.1376953125
1322647,43.64013671875
1332144,38.14697265625
1395026,38.330078125
1517777,39.4287109375
1546784,39.73388671875
1651375,41.1376953125
1762500,38.0859375
1769579,39.4287109375
1833638,39.36767578125
2056536,42.17529296875
2286455,39.9169921875
2313391,43.212890625
2338096,43.0908203125
2338824,41.259765625
2368813,45.47119140625
2369363,38.6962890625
2392041,39.0625
2392322,41.32080078125
2393065,38.63525390625
2448934,39.0625
2667302,39.9169921875
2670566,44.12841796875
2670776,42.1142578125
2913258,42.8466796875
2914045,38.330078125
2924619,41.19873046875
3132450,38.87939453125
3246658,40.34423828125
3263529,38.26904296875
3358214,38.9404296875
3405861,40.52734375
3459181,39.00146484375
3552760,39.1845703125
3774024,39.24560546875
3810360,41.44287109375
3988668,40.10009765625
4044143,41.259765625
4113545,43.3349609375
4146364,38.75732421875
4146577,41.3818359375
4146640,38.87939453125
4194976,42.78564453125
4195200,44.189453125
4222488,41.19873046875
4222742,39.4287109375
4223518,38.0859375
4275945,40.52734375
4353550,38.26904296875
4659945,38.2080078125
4798833,39.306640625
4867535,40.10009765625
4880717,40.1611328125
4926240,44.86083984375
5053013,42.90771484375
5235766,38.75732421875
5380243,38.330078125
5785402,39.4287109375
5893818,40.0390625
5917629,40.10009765625
5949236,38.0859375
6126145,39.00146484375
6150333,38.14697265625
6219314,40.8935546875
6219450,40.34423828125
6221932,39.794921875
6592178,38.0859375
6595941,41.8701171875
6607026,38.14697265625
6823499,41.8701171875
6867733,41.259765625
6941193,38.39111328125
6960991,38.75732421875
6966417,40.71044921875
7054828,42.1142578125
7145581,38.39111328125
7190378,38.9404296875
7208094,40.58837890625
7230191,39.24560546875
7261985,43.45703125
7275038,38.26904296875
7344946,38.9404296875
7444693,42.8466796875
7502486,38.51318359375
7533251,38.14697265625
7533629,39.1845703125
7533641,43.02978515625
7556703,39.24560546875
7556902,39.4287109375
7583574,39.306640625
7610174,41.259765625
7610604,40.4052734375
7639167,39.0625
7639620,38.818359375
7670833,40.95458984375
7672771,40.8935546875
7771888,38.87939453125
7772263,38.51318359375
7973173,41.93115234375
7993111,42.48046875
8092171,39.24560546875
8104405,38.6962890625
8131961,38.51318359375
8139531,39.48974609375
8324518,38.818359375
8402330,40.22216796875
8420622,39.73388671875
8471679,38.14697265625
8509352,46.630859375
8626435,38.51318359375
8696547,38.75732421875
8793461,41.748046875
8815578,38.0859375
8904706,38.6962890625
8911939,42.96875
8952388,38.57421875
9071600,42.6025390625
9084869,40.83251953125
9092414,40.58837890625
9123521,41.93115234375
9133844,41.56494140625
9155864,44.5556640625
9214985,38.9404296875
9275320,42.29736328125
9306998,38.4521484375
9369413,39.306640625
9369602,38.26904296875
9370418,38.0859375
9396781,39.4287109375
9503807,38.0859375
9703483,43.701171875
9747576,39.306640625
10012611,39.0625
10120166,38.75732421875
10142701,38.63525390625
10195390,42.29736328125
10271080,39.73388671875
10354834,41.6259765625
10366609,38.2080078125
10405582,39.9169921875
10511914,40.34423828125
10538748,41.015625
10554435,39.00146484375
10640589,38.63525390625
10697247,38.57421875
10730245,41.8701171875
10751160,41.44287109375
10787034,41.68701171875
10850239,40.283203125
11106695,38.63525390625
11196147,38.51318359375
11270049,40.771484375
11285294,40.58837890625
11310659,41.259765625
11313392,38.51318359375
11396603,42.29736328125
11489664,38.63525390625
11598765,39.12353515625
11600032,38.330078125
11607608,38.39111328125
11641255,39.00146484375
11736639,41.3818359375
11756650,39.306640625
11764368,38.6962890625
11804847,38.63525390625
11846224,39.794921875
11874544,38.818359375
11875890,38.51318359375
11969505,38.63525390625
