11999000,0
2221388,37.65869140625
2221530,41.50390625
2222684,33.203125
2223061,34.3017578125
2225502,35.5224609375
2225819,33.75244140625
2226819,33.38623046875
2228352,36.92626953125
2229059,37.29248046875
2229620,39.00146484375
2230109,37.109375
2231548,37.29248046875
2232356,33.0810546875
2257184,41.50390625
2257453,35.7666015625
2258257,32.89794921875
2258602,35.94970703125
2259431,35.888671875
2284560,36.9873046875
2284760,43.51806640625
2284976,32.77587890625
2285185,37.29248046875
2285491,39.85595703125
2285811,38.26904296875
2286324,34.1796875
2286623,33.63037109375
2313315,41.015625
2313494,35.888671875
2313682,38.87939453125
2313849,36.80419921875
2314052,35.5224609375
2315617,34.1796875
2316041,38.26904296875
2338073,40.283203125
2338246,41.8701171875
2338497,39.55078125
2338801,35.0341796875
2339006,33.75244140625
2339306,32.5927734375
2340275,36.62109375
2340742,33.63037109375
2368796,35.15625
2368977,40.52734375
2369518,37.17041015625
2369793,35.21728515625
2370102,38.02490234375
2370394,34.72900390625
2371251,32.71484375
2371346,33.50830078125
2392134,37.29248046875
2392311,40.10009765625
2392668,34.423828125
2393037,36.43798828125
2394356,45.5322265625
2448424,46.38671875
2448563,39.73388671875
2449527,36.31591796875
2449803,32.5927734375
2450367,39.4287109375
2495193,46.32568359375
2495332,33.3251953125
2495493,32.53173828125
2495697,38.87939453125
2496225,36.7431640625
2496684,35.58349609375
2497161,39.97802734375
2497507,38.63525390625
2498012,36.376953125
2823231,32.53173828125
2955548,33.63037109375
2992713,32.53173828125
3017502,41.1376953125
3080266,35.64453125
3098806,33.26416015625
3113927,33.38623046875
3289460,32.958984375
3385358,33.8134765625
3543705,32.65380859375
3611643,33.3251953125
3731000,33.26416015625
3961654,33.5693359375
3988566,35.21728515625
3988714,44.00634765625
3988809,34.423828125
3990426,34.1796875
3990764,34.24072265625
3990957,36.43798828125
3991593,33.203125
3992477,37.90283203125
3993651,35.2783203125
3994630,32.53173828125
3995117,35.888671875
3995557,34.0576171875
3996953,35.09521484375
3999785,33.38623046875
4043088,42.90771484375
4043240,35.46142578125
4043446,36.0107421875
4043761,36.9873046875
4044901,34.24072265625
4045705,41.748046875
4075117,32.470703125
4075277,36.9873046875
4075427,38.39111328125
4075646,35.7666015625
4075785,32.8369140625
4075982,36.376953125
4076456,32.71484375
4077740,35.7666015625
4113551,34.5458984375
4113692,43.212890625
4114175,32.71484375
4114488,39.1845703125
4114684,34.1796875
4114995,35.58349609375
4116404,33.99658203125
4117042,35.7666015625
4146421,39.12353515625
4146717,36.19384765625
4146887,33.0810546875
4147156,36.80419921875
4147321,35.5224609375
4147608,34.24072265625
4147868,36.56005859375
4148560,38.87939453125
4149090,33.26416015625
4194939,41.015625
4195073,32.65380859375
4195182,33.26416015625
4195447,32.77587890625
4196058,34.7900390625
4196801,32.958984375
4197705,39.12353515625
4222550,39.4287109375
4222744,36.376953125
4222987,40.6494140625
4223448,39.9169921875
4276007,41.56494140625
4276152,34.0576171875
4276465,32.470703125
4276639,34.66796875
4276839,34.0576171875
4277031,34.1796875
4277239,39.6728515625
4277486,36.80419921875
4278823,35.5224609375
4683345,34.48486328125
5399843,37.41455078125
5575165,32.71484375
5668381,33.26416015625
5799776,34.97314453125
5828659,38.63525390625
5829426,41.259765625
5829748,39.1845703125
5830012,32.470703125
5830206,55.7861328125
5832010,34.7900390625
5832217,37.17041015625
5832465,38.0859375
5833066,33.5693359375
5833512,34.60693359375
5835391,37.29248046875
5835708,39.36767578125
5836341,34.7900390625
5837605,33.38623046875
5839938,34.0576171875
5840366,32.470703125
5840814,36.31591796875
5893796,32.77587890625
5893975,45.59326171875
5894130,39.61181640625
5894287,54.50439453125
5894336,33.63037109375
5894414,38.2080078125
5894574,33.02001953125
5894822,34.97314453125
5895093,33.99658203125
5895725,32.958984375
5896337,36.9873046875
5896792,36.56005859375
5897209,35.0341796875
5917200,37.04833984375
5917370,34.7900390625
5917496,35.21728515625
5917640,37.9638671875
5917811,35.94970703125
5918452,34.85107421875
5918714,36.43798828125
5919755,35.58349609375
5949058,37.78076171875
5949237,38.4521484375
5949356,40.34423828125
5949630,33.5693359375
5949763,32.5927734375
5950465,33.447265625
5950768,35.5224609375
5951118,37.2314453125
5951400,35.21728515625
5952216,35.70556640625
6001299,43.5791015625
6001429,38.87939453125
6001587,40.46630859375
6002920,35.70556640625
6003139,33.203125
6003352,33.0810546875
6003964,35.0341796875
6004544,32.5927734375
6044469,41.19873046875
6044605,34.36279296875
6044851,33.26416015625
6046051,32.8369140625
6046382,37.109375
6047260,41.44287109375
6047950,32.5927734375
6087257,38.57421875
6087375,36.92626953125
6087953,33.203125
6088380,36.4990234375
6089158,33.87451171875
6089425,32.65380859375
6089764,33.38623046875
6090148,35.46142578125
6090571,35.7666015625
6125652,32.89794921875
6125799,36.19384765625
6125943,39.4287109375
6126121,34.48486328125
6126262,36.1328125
6127043,32.470703125
6127321,34.912109375
6128320,35.82763671875
6150318,39.1845703125
6150647,37.2314453125
6151078,39.73388671875
6151482,37.53662109375
6219160,39.00146484375
6219274,43.39599609375
6219379,35.0341796875
6219494,36.80419921875
6220547,34.85107421875
6220784,34.66796875
6221211,40.4052734375
6221548,39.0625
6222002,38.02490234375
6360658,33.8134765625
7185908,33.26416015625
7443575,39.48974609375
7444306,39.4287109375
7444417,33.50830078125
7444530,34.24072265625
7446058,32.89794921875
7446599,36.62109375
7446787,33.5693359375
7446968,33.75244140625
7447177,44.25048828125
7447455,34.36279296875
7448259,34.66796875
7448521,33.63037109375
7449606,34.60693359375
7449980,34.85107421875
7454139,34.36279296875
7457789,33.99658203125
7502530,42.96875
7502685,44.61669921875
7502838,38.2080078125
7503160,36.865234375
7503565,37.109375
7503715,32.958984375
7503946,36.9873046875
7504135,37.9638671875
7504735,37.41455078125
7505058,37.7197265625
7505447,33.75244140625
7533280,37.353515625
7533450,37.41455078125
7533571,35.70556640625
7533711,33.75244140625
7534289,37.78076171875
7534641,33.69140625
7534767,33.87451171875
7534938,40.771484375
7535625,41.6259765625
7536107,35.33935546875
7556417,34.66796875
7556548,38.51318359375
7556694,32.89794921875
7557057,37.2314453125
7557263,33.26416015625
7557433,33.75244140625
7557961,38.2080078125
7559040,32.5927734375
7583888,35.0341796875
7584828,36.4990234375
7585652,32.65380859375
7585897,33.26416015625
7586137,33.99658203125
7587007,33.50830078125
7610071,39.24560546875
7610245,34.60693359375
7610419,40.10009765625
7610627,34.97314453125
7610910,32.8369140625
7611529,35.09521484375
7611849,36.19384765625
7638852,34.1796875
7639098,37.17041015625
7639297,32.8369140625
7639441,34.66796875
7639795,37.841796875
7639988,32.65380859375
7640447,39.1845703125
7670828,35.94970703125
7670974,35.82763671875
7671092,33.5693359375
7671465,34.97314453125
7671814,34.24072265625
7671985,32.470703125
7672206,36.19384765625
7672449,39.00146484375
7672750,33.75244140625
7697966,39.48974609375
7698148,37.41455078125
7698374,42.236328125
7698802,37.65869140625
7699072,32.89794921875
7699400,33.69140625
7699692,33.935546875
7700269,34.5458984375
7771791,37.353515625
7771928,33.69140625
7772052,38.14697265625
7772871,33.38623046875
7773293,33.203125
7774036,35.21728515625
7774505,36.92626953125
7774850,39.306640625
7775205,35.5224609375
7776013,36.62109375
8174515,33.14208984375
8350411,34.24072265625
9306827,34.60693359375
9306929,38.9404296875
9308470,36.80419921875
9308780,35.2783203125
9310083,32.958984375
9310312,34.66796875
9310915,36.07177734375
9312183,33.50830078125
9312414,32.65380859375
9313933,34.97314453125
9314348,37.78076171875
9314807,35.58349609375
9315355,33.14208984375
9315846,39.12353515625
9316335,34.97314453125
9319962,37.59765625
9347113,35.400390625
9347285,36.31591796875
9347468,33.99658203125
9347662,39.1845703125
9347812,33.87451171875
9347992,32.71484375
9348271,35.94970703125
9348566,32.5927734375
9349330,34.3017578125
9368897,42.3583984375
9369064,39.36767578125
9369242,35.46142578125
9369450,33.3251953125
9369601,33.203125
9370273,32.71484375
9370704,36.68212890625
9371026,33.50830078125
9371424,34.1796875
9396485,36.31591796875
9397140,39.306640625
9397718,33.69140625
9398597,32.958984375
9419487,47.9736328125
9419969,37.29248046875
9420133,35.400390625
9420573,32.5927734375
9421070,35.33935546875
9442779,44.7998046875
9442944,35.58349609375
9443110,38.75732421875
9443583,36.7431640625
9443739,35.64453125
9444827,39.306640625
9445496,36.31591796875
9463090,34.24072265625
9463269,33.63037109375
9463472,33.87451171875
9464048,32.65380859375
9464727,39.97802734375
9465034,42.236328125
9481141,44.25048828125
9481304,35.70556640625
9481522,35.15625
9481700,33.26416015625
9482516,33.75244140625
9482827,34.24072265625
9483121,32.5927734375
9503863,42.1142578125
9504010,32.8369140625
9504348,32.8369140625
9505853,35.33935546875
9506304,33.69140625
9528812,38.02490234375
9529260,35.2783203125
9529441,34.24072265625
9530282,33.14208984375
9530483,33.63037109375
9530686,33.63037109375
10640250,37.41455078125
10640343,33.203125
10640441,34.11865234375
10640520,34.24072265625
10641751,34.3017578125
10642085,35.82763671875
10643415,33.0810546875
10643766,34.72900390625
10644354,32.8369140625
10645004,35.21728515625
10646085,39.9169921875
10646505,36.19384765625
10648283,39.24560546875
10649577,36.92626953125
10650155,34.912109375
10696632,45.7763671875
10696794,34.423828125
10697092,32.65380859375
10697228,35.64453125
10698312,32.77587890625
10698887,33.99658203125
10728200,38.75732421875
10728328,35.33935546875
10728692,34.48486328125
10728983,38.02490234375
10729527,33.14208984375
10729961,33.26416015625
10730256,33.5693359375
10753434,37.53662109375
10753602,37.353515625
10753768,35.58349609375
10753943,35.64453125
10754318,35.82763671875
10755003,38.75732421875
10755034,34.60693359375
10755326,40.83251953125
10786935,39.48974609375
10787071,35.09521484375
10787222,32.470703125
10787358,33.14208984375
10787657,37.353515625
10787799,32.71484375
10789778,34.66796875
10819441,35.7666015625
10819611,35.58349609375
10819776,36.376953125
10820615,34.1796875
10820798,34.1796875
10821002,34.7900390625
10821272,37.29248046875
10821650,33.63037109375
10822416,35.94970703125
10849272,38.39111328125
10849429,36.80419921875
10849574,36.80419921875
10849715,35.09521484375
10851067,37.17041015625
10851725,32.53173828125
11042197,32.71484375
11122799,36.9873046875
11400359,32.71484375
11554778,32.89794921875
11602868,32.958984375
11833130,33.203125
11866849,33.26416015625
