11999000,0
4792005,50.59814453125
4959057,47.05810546875
5009470,49.37744140625
5009551,37.53662109375
5009566,35.33935546875
5011316,48.828125
5011342,99.12109375
5011385,89.4775390625
5011411,44.43359375
5051142,43.02978515625
5102946,54.6875
5174743,56.33544921875
5214766,44.00634765625
5228902,39.9169921875
5245933,34.423828125
5273248,49.62158203125
5295458,58.837890625
5337848,49.4384765625
5406068,53.3447265625
5417245,42.17529296875
5447157,49.01123046875
5469450,42.90771484375
5480503,45.47119140625
5527543,47.2412109375
5541195,41.19873046875
5550840,44.921875
5562270,43.9453125
5583824,45.34912109375
5600758,39.306640625
5602080,43.0908203125
5622973,45.71533203125
5629962,40.34423828125
5667310,43.45703125
5691552,37.65869140625
5716901,42.17529296875
5719799,41.259765625
5748721,37.41455078125
5750136,39.4287109375
5772146,46.2646484375
5778273,37.7197265625
5790631,40.22216796875
5801749,33.02001953125
5835770,38.818359375
5853587,47.42431640625
5859700,41.748046875
5868952,42.66357421875
5887776,43.45703125
5917231,36.7431640625
5918699,33.5693359375
5925589,37.90283203125
5932835,36.9873046875
5951163,39.55078125
5952619,35.888671875
5965993,35.888671875
5989256,33.447265625
6025738,38.63525390625
6047695,43.39599609375
6055135,38.6962890625
6081550,33.8134765625
6096823,32.958984375
6115106,35.33935546875
6131454,36.4990234375
6142214,38.75732421875
6163681,41.56494140625
6176486,32.958984375
6184619,35.15625
6189793,38.57421875
6205973,34.24072265625
6214008,44.25048828125
6221429,34.3017578125
6232867,42.41943359375
6237700,34.0576171875
6245699,38.818359375
6253896,39.794921875
6267923,38.14697265625
6273048,38.4521484375
6282165,33.50830078125
6292874,35.2783203125
6297265,39.73388671875
6313955,37.17041015625
6332938,37.41455078125
6352780,45.5322265625
6360300,38.330078125
6375768,40.34423828125
6392008,34.66796875
6404489,34.423828125
6410606,33.69140625
6428050,40.22216796875
6445984,42.236328125
6478192,33.0810546875
6482673,33.8134765625
6494836,36.31591796875
6504804,40.34423828125
6513286,34.48486328125
6529323,35.21728515625
6558855,33.3251953125
6582431,37.109375
6600507,33.14208984375
6614273,37.2314453125
6620183,44.43359375
6623928,39.24560546875
6636196,35.33935546875
6684680,34.60693359375
6700773,33.50830078125
6710779,35.94970703125
6720443,33.02001953125
6732849,40.34423828125
6753091,35.94970703125
6760606,36.31591796875
6784592,33.0810546875
6796582,44.86083984375
6808854,35.5224609375
6821812,38.14697265625
6843225,37.2314453125
6853722,41.19873046875
6872103,32.77587890625
6893938,36.62109375
6909090,32.77587890625
6939762,36.56005859375
6980479,35.5224609375
7042800,33.447265625
7063224,36.376953125
7080608,37.78076171875
7093916,43.02978515625
7140520,33.5693359375
7215286,41.6259765625
7250546,42.96875
7260538,33.87451171875
7294005,40.83251953125
7295031,33.87451171875
7336829,37.4755859375
7340312,36.56005859375
7376981,33.99658203125
7397112,42.48046875
7441839,33.38623046875
7449649,33.75244140625
7476755,36.1328125
7517087,35.2783203125
7524515,41.9921875
7529719,32.77587890625
7548946,36.1328125
7552978,38.87939453125
7567704,36.9873046875
7586841,42.724609375
7605066,34.7900390625
7728874,40.10009765625
7769273,39.85595703125
7780563,39.24560546875
7787032,33.99658203125
7800018,39.4287109375
7862213,33.935546875
7876725,38.63525390625
7891542,33.02001953125
7926580,39.0625
7970671,40.4052734375
7986139,41.748046875
8019964,43.701171875
8094500,35.2783203125
8113976,37.841796875
8137325,36.4990234375
8146273,33.75244140625
8210188,34.0576171875
8243167,37.59765625
8270310,34.36279296875
8279757,41.748046875
8320109,39.97802734375
8330079,33.447265625
8360969,38.330078125
8373535,34.1796875
8389666,33.69140625
8409713,33.02001953125
8436091,35.888671875
8471860,33.75244140625
8509855,38.26904296875
8532505,37.7197265625
8570611,34.36279296875
8583150,34.3017578125
8627695,33.447265625
8629042,37.59765625
8644049,37.59765625
8669085,32.89794921875
8782318,40.1611328125
8819211,33.935546875
8826903,35.0341796875
8886331,39.6728515625
8903856,35.0341796875
8978866,33.14208984375
9028091,34.5458984375
9061812,37.04833984375
9070307,36.56005859375
9082143,39.73388671875
9093101,35.5224609375
9110167,34.48486328125
9181848,37.65869140625
9201665,34.11865234375
9242483,33.69140625
9275226,34.24072265625
9292390,35.21728515625
9298801,33.8134765625
9312247,41.015625
9326075,37.90283203125
9355275,38.2080078125
9367185,39.55078125
9375783,34.97314453125
9400872,35.0341796875
9431078,36.9873046875
9433768,33.63037109375
9446316,41.015625
9470502,35.70556640625
9558872,37.53662109375
9569671,34.912109375
9658468,36.0107421875
9725087,34.912109375
9731545,39.1845703125
9782052,34.11865234375
9810845,37.41455078125
9862596,36.9873046875
9905326,38.02490234375
9932954,35.46142578125
9956025,36.9873046875
9972030,42.8466796875
9988311,37.17041015625
10000725,33.75244140625
10068418,35.5224609375
10121258,36.92626953125
10140287,35.400390625
10146045,36.865234375
10169382,37.17041015625
10190722,34.1796875
10202343,33.5693359375
10231264,35.58349609375
10279096,35.0341796875
10296421,33.5693359375
10326016,38.2080078125
10331545,41.015625
10360926,33.5693359375
10377594,41.80908203125
10388916,33.5693359375
10405788,34.48486328125
10414938,33.75244140625
10427270,38.39111328125
10468032,37.78076171875
10496839,36.31591796875
10503294,43.45703125
10523164,42.17529296875
10538520,40.4052734375
10574863,39.48974609375
10636656,38.9404296875
10652857,35.09521484375
10653357,38.75732421875
10688712,36.2548828125
10705303,38.51318359375
10723891,33.203125
10745318,40.71044921875
10777341,37.41455078125
10794210,43.02978515625
10812478,36.80419921875
10844431,35.2783203125
10865465,34.3017578125
10867395,40.6494140625
10892268,34.423828125
10945339,38.02490234375
10957174,41.259765625
10992097,34.0576171875
10995732,40.95458984375
11027618,40.83251953125
11057362,38.818359375
11072148,35.2783203125
11136939,36.4990234375
11161033,34.72900390625
11187248,34.85107421875
11199697,36.865234375
11227344,35.15625
11243740,35.82763671875
11280928,35.09521484375
11295696,39.73388671875
11309707,33.02001953125
11327456,33.63037109375
11353611,34.423828125
11391797,33.38623046875
11435194,39.00146484375
11474791,36.865234375
11516810,37.78076171875
11519360,33.87451171875
11545927,32.77587890625
11555861,33.50830078125
11568630,34.7900390625
11595515,37.109375
11607869,43.15185546875
11635642,39.12353515625
11708262,40.52734375
11731666,34.1796875
11740671,33.3251953125
11754194,33.69140625
11763758,34.36279296875
11796053,35.64453125
11808724,41.68701171875
11840790,38.26904296875
11847431,37.04833984375
11888793,37.41455078125
11906292,32.958984375
11918171,34.7900390625
11961091,39.12353515625
