11999000,0
718,52.67333984375
4660,52.91748046875
5355,53.8330078125
10942,56.21337890625
13873,58.77685546875
17838,47.66845703125
21066,54.74853515625
26162,57.861328125
31221,55.96923828125
35559,56.21337890625
36357,56.0302734375
42348,59.50927734375
44177,59.14306640625
46156,49.01123046875
50234,51.7578125
54591,60.6689453125
58018,53.8330078125
62989,53.955078125
67157,59.63134765625
71236,52.1240234375
79110,51.33056640625
81999,64.94140625
82777,57.43408203125
84232,49.31640625
89711,56.640625
92532,62.80517578125
95638,56.396484375
103134,53.3447265625
104761,51.025390625
113119,62.68310546875
116457,47.79052734375
120953,56.0302734375
125177,62.19482421875
127965,41.3818359375
130345,58.59375
137494,53.466796875
138362,53.52783203125
144250,51.45263671875
146541,58.65478515625
149886,46.93603515625
153673,49.31640625
156507,51.08642578125
159395,66.34521484375
165218,45.95947265625
168217,52.001953125
169958,50.29296875
174070,58.16650390625
181897,60.791015625
185065,55.7861328125
189715,55.35888671875
190536,62.19482421875
199705,61.4013671875
205034,49.98779296875
209380,51.94091796875
213139,47.05810546875
214456,59.02099609375
216345,58.77685546875
227875,53.22265625
229972,32.89794921875
232598,56.0302734375
233452,63.3544921875
236337,56.45751953125
237753,45.47119140625
242998,59.2041015625
246276,55.84716796875
251817,64.697265625
258240,55.17578125
260398,58.16650390625
265889,55.11474609375
273679,61.03515625
277458,65.3076171875
281209,49.8046875
285432,67.19970703125
289866,60.85205078125
291496,60.05859375
295340,59.9365234375
299207,56.57958984375
303302,63.1103515625
306687,52.79541015625
313320,59.50927734375
314214,54.3212890625
315726,52.18505859375
317842,52.55126953125
326728,47.30224609375
327718,55.6640625
333983,59.9365234375
339037,50.537109375
342686,46.0205078125
344160,56.70166015625
350143,62.98828125
351816,57.7392578125
360036,56.33544921875
363904,59.326171875
369285,61.8896484375
371543,52.67333984375
373067,48.27880859375
381899,55.6640625
382916,65.97900390625
388940,46.142578125
391959,58.89892578125
393008,55.96923828125
398109,56.884765625
404496,62.31689453125
405975,49.25537109375
409190,32.40966796875
409659,61.279296875
413047,50.72021484375
417470,65.24658203125
418484,52.978515625
422397,33.38623046875
423567,51.57470703125
428272,57.12890625
430489,65.0634765625
434274,56.7626953125
435702,58.04443359375
437813,51.94091796875
445321,65.36865234375
450940,53.5888671875
452442,44.49462890625
461150,53.64990234375
463966,45.8984375
465549,62.19482421875
470277,55.84716796875
475271,50.72021484375
479265,54.87060546875
482736,49.1943359375
486146,55.11474609375
488048,50.6591796875
491771,50.10986328125
497478,50.59814453125
499692,49.1943359375
500805,45.71533203125
507721,66.71142578125
508559,58.4716796875
509692,31.1279296875
514922,53.5888671875
518089,56.5185546875
524153,54.931640625
531244,57.2509765625
535066,52.67333984375
537942,54.87060546875
547063,59.99755859375
550710,58.53271484375
553655,56.396484375
556580,60.11962890625
562090,47.4853515625
570137,65.4296875
572067,62.07275390625
573805,51.69677734375
575010,53.16162109375
582721,53.28369140625
588085,56.94580078125
594072,68.84765625
596246,63.29345703125
603425,32.40966796875
607288,65.61279296875
607525,31.25
611628,54.62646484375
614765,65.4296875
618525,51.6357421875
628538,55.35888671875
631004,53.1005859375
635716,63.04931640625
636433,31.43310546875
637960,64.88037109375
647359,61.1572265625
650601,59.63134765625
651857,54.74853515625
652741,55.48095703125
662038,65.7958984375
664380,51.6357421875
667377,63.4765625
668730,52.55126953125
683833,63.232421875
684615,53.466796875
690398,63.65966796875
691548,61.82861328125
699923,58.41064453125
707468,64.27001953125
710075,53.7109375
714704,59.26513671875
718937,57.4951171875
731593,54.74853515625
735405,53.77197265625
739840,60.24169921875
742293,62.98828125
744513,59.38720703125
749718,52.1240234375
755151,49.13330078125
763264,46.630859375
766973,68.359375
768805,52.734375
774364,59.38720703125
777319,50.6591796875
786827,54.0771484375
790221,60.302734375
793047,47.30224609375
800566,66.0400390625
802432,66.7724609375
805781,57.67822265625
810979,59.14306640625
817531,61.03515625
820493,64.27001953125
821407,38.39111328125
826871,49.86572265625
829867,49.072265625
839170,67.32177734375
841829,54.931640625
851387,61.279296875
852513,65.36865234375
855389,64.02587890625
863719,56.7626953125
870046,57.373046875
877151,66.89453125
882879,49.86572265625
884222,51.8798828125
887541,55.35888671875
889561,56.884765625
895408,53.77197265625
902704,53.89404296875
905691,61.5234375
910183,51.45263671875
917373,61.70654296875
919619,61.21826171875
922729,49.8046875
932645,63.4765625
939902,51.69677734375
943742,31.1279296875
943820,61.95068359375
950184,60.6689453125
953502,55.5419921875
954906,53.28369140625
955875,56.5185546875
960951,54.6875
964330,31.79931640625
974010,63.78173828125
975307,45.59326171875
977192,59.14306640625
985567,65.85693359375
988448,51.1474609375
989272,57.2509765625
994118,49.560546875
996344,65.0634765625
996399,34.85107421875
1005170,64.51416015625
1008612,60.6689453125
1010701,31.1279296875
1011607,65.0634765625
1016500,59.50927734375
1017376,59.6923828125
1022961,50.96435546875
1028850,60.11962890625
1032352,61.1572265625
1039869,32.16552734375
1041701,66.40625
1042305,62.01171875
1042514,53.1005859375
1043351,55.72509765625
1054816,39.36767578125
1061275,57.9833984375
1063862,63.29345703125
1064751,47.4853515625
1071653,58.10546875
1075021,63.29345703125
1080391,52.18505859375
1084764,53.03955078125
1090031,63.65966796875
1090455,55.35888671875
1090762,44.86083984375
1090955,39.85595703125
1096677,54.931640625
1102985,54.62646484375
1110777,62.744140625
1118774,49.01123046875
1123877,68.359375
1131128,65.7958984375
1136554,66.58935546875
1143157,55.908203125
1148211,55.419921875
1154967,56.15234375
1155537,31.31103515625
1157412,72.265625
1161985,53.64990234375
1173757,59.75341796875
1178281,60.60791015625
1180280,59.26513671875
1184594,66.83349609375
1186772,53.1005859375
1191919,56.884765625
1197564,31.67724609375
1197846,51.45263671875
1200165,60.791015625
1204066,54.5654296875
1209360,58.4716796875
1217739,58.16650390625
1220117,53.77197265625
1222432,53.03955078125
1227341,60.6689453125
1228764,60.60791015625
1232419,59.50927734375
1236508,55.84716796875
1243629,61.4013671875
1247894,62.80517578125
1251146,53.28369140625
1255998,49.49951171875
1258972,64.208984375
1263782,50.35400390625
1269288,64.02587890625
1272097,59.6923828125
1273176,31.3720703125
1274395,59.14306640625
1274664,48.828125
1275421,62.8662109375
1280887,69.091796875
1281389,48.03466796875
1284875,49.13330078125
1297781,59.87548828125
1305687,62.6220703125
1311130,69.76318359375
1313653,58.04443359375
1323409,58.28857421875
1326305,57.6171875
1328507,63.1103515625
1332494,59.814453125
1336427,56.884765625
1345049,60.24169921875
1348078,62.98828125
1349542,59.5703125
1352807,55.419921875
1359585,47.119140625
1363025,58.2275390625
1367904,56.884765625
1370820,61.8896484375
1373817,59.326171875
1385064,57.4951171875
1392182,56.09130859375
1395541,59.814453125
1399573,67.32177734375
1401920,55.0537109375
1403400,47.607421875
1407188,32.40966796875
1407459,59.4482421875
1412851,60.60791015625
1415124,61.95068359375
1421345,56.640625
1425126,50.4150390625
1438507,62.6220703125
1438522,33.38623046875
1440053,66.34521484375
1443928,59.5703125
1447944,73.3642578125
1455547,54.62646484375
1457715,31.55517578125
1458372,57.6171875
1466921,63.04931640625
1468383,53.7109375
1472170,31.25
1474199,55.35888671875
1477007,45.0439453125
1482783,63.232421875
1483287,55.17578125
1490712,57.373046875
1494507,63.232421875
1495062,35.2783203125
1501941,57.67822265625
1504536,67.2607421875
1508383,63.78173828125
1509595,67.3828125
1515012,64.208984375
1520209,60.36376953125
1527487,56.57958984375
1529617,61.6455078125
1535631,51.45263671875
1540514,65.24658203125
1543248,58.28857421875
1548586,61.6455078125
1552579,67.93212890625
1552772,43.0908203125
1552906,38.0859375
1554717,31.982421875
1569663,71.1669921875
1571277,31.73828125
1574681,60.48583984375
1581845,64.94140625
1587259,49.86572265625
1594956,58.4716796875
1603071,56.7626953125
1605957,57.18994140625
1612400,67.626953125
1618173,66.71142578125
1620772,48.583984375
1629503,63.17138671875
1629804,59.99755859375
1631308,57.55615234375
1631995,56.70166015625
1637050,58.10546875
1643334,68.66455078125
1648216,31.6162109375
1654775,54.8095703125
1657797,57.31201171875
1664421,64.0869140625
1675274,59.814453125
1676375,71.044921875
1679601,54.38232421875
1679811,52.8564453125
1680108,46.875
1691959,64.208984375
1692782,56.70166015625
1695732,54.62646484375
1706282,61.46240234375
1710069,56.2744140625
1713132,62.6220703125
1713434,49.01123046875
1713580,37.7197265625
1723030,68.7255859375
1725157,31.92138671875
1726700,61.58447265625
1729102,55.96923828125
1738711,51.3916015625
1741107,58.10546875
1745317,57.67822265625
1753956,52.06298828125
1759222,62.98828125
1762417,62.80517578125
1771697,63.17138671875
1772494,61.21826171875
1774822,46.38671875
1781488,55.96923828125
1784089,56.7626953125
1785502,33.203125
1793717,31.8603515625
1793959,62.19482421875
1796417,61.4013671875
1800111,59.63134765625
1802913,34.11865234375
1809360,54.99267578125
1811125,67.87109375
1812960,60.97412109375
1818662,61.21826171875
1828065,46.56982421875
1836188,68.115234375
1840373,54.87060546875
1841395,64.39208984375
1842141,57.9833984375
1844290,56.396484375
1848448,59.9365234375
1857433,58.9599609375
1863292,60.6689453125
1866266,70.00732421875
1873511,54.5654296875
1883795,50.048828125
1886713,53.22265625
1892741,60.05859375
1897997,66.162109375
1899762,59.5703125
1906751,56.2744140625
1910828,57.12890625
1913778,32.3486328125
1918688,65.5517578125
1925509,61.09619140625
1929008,54.38232421875
1932771,55.48095703125
1941484,65.3076171875
1946956,56.57958984375
1954904,56.94580078125
1956484,59.50927734375
1959350,65.673828125
1965092,66.650390625
1969415,60.4248046875
1975979,66.46728515625
1977599,61.21826171875
1983668,59.14306640625
1993133,45.7763671875
1998123,59.99755859375
2001004,66.83349609375
2007108,53.77197265625
2009524,61.279296875
2014640,66.7724609375
2018372,53.03955078125
2024806,62.255859375
2025813,55.72509765625
2029625,58.59375
2038621,61.6455078125
2041983,63.53759765625
2043715,53.16162109375
2053259,65.24658203125
2060542,52.67333984375
2063074,56.7626953125
2066470,60.24169921875
2073879,52.06298828125
2075852,51.26953125
2082586,57.43408203125
2090058,58.04443359375
2090271,31.3720703125
2096241,61.58447265625
2103325,62.98828125
2108119,54.6875
2110429,61.279296875
2116211,53.955078125
2123950,53.03955078125
2126998,71.35009765625
2129927,58.349609375
2135766,56.09130859375
2140454,49.13330078125
2145013,49.072265625
2152242,60.85205078125
2153468,48.2177734375
2155224,33.69140625
2161999,58.65478515625
2169855,57.06787109375
2173048,55.60302734375
2179510,60.60791015625
2180527,59.02099609375
2187985,57.92236328125
2191873,56.0302734375
2195932,61.5234375
2199531,63.5986328125
2207130,67.0166015625
2209345,55.908203125
2212450,49.31640625
2214460,54.01611328125
2221139,51.1474609375
2225116,62.8662109375
2225794,53.7109375
2232899,53.03955078125
2237541,62.07275390625
2241857,31.18896484375
2242574,56.21337890625
2249151,56.884765625
2253999,50.47607421875
2257271,54.99267578125
2262873,54.38232421875
2267327,62.8662109375
2270086,52.3681640625
2273320,54.13818359375
2276888,56.21337890625
2283309,51.69677734375
2286907,60.9130859375
2289100,46.44775390625
2294175,57.7392578125
2299614,51.20849609375
2304503,50.29296875
2307045,63.65966796875
2311350,52.490234375
2319767,67.56591796875
2321847,55.2978515625
2325872,62.43896484375
2332127,46.93603515625
2334306,57.06787109375
2339325,55.11474609375
2343576,62.80517578125
2346077,59.5703125
2348329,51.33056640625
2353877,33.87451171875
2354781,45.41015625
2357138,57.2509765625
2364229,54.74853515625
2371719,56.57958984375
2377101,61.279296875
2381884,51.81884765625
2384850,61.1572265625
2387200,59.4482421875
2391208,56.57958984375
2399309,65.185546875
2402778,31.79931640625
2408684,57.67822265625
2411802,59.2041015625
2415574,48.40087890625
2418126,52.490234375
2423536,69.4580078125
2427146,48.828125
2428991,64.14794921875
2436179,33.38623046875
2439810,50.84228515625
2445909,49.1943359375
2447472,61.767578125
2451842,57.43408203125
2454920,50.29296875
2460896,55.72509765625
2465443,55.6640625
2469865,57.31201171875
2475415,54.26025390625
2476747,53.64990234375
2478912,48.583984375
2483921,59.99755859375
2492092,31.1279296875
2493945,54.99267578125
2496816,51.81884765625
2499044,50.47607421875
2502709,49.560546875
2505219,53.64990234375
2513031,63.720703125
2518364,56.21337890625
2525322,50.29296875
2530360,46.875
2536397,57.4951171875
2539368,57.55615234375
2541941,49.62158203125
2549822,60.97412109375
2552374,55.48095703125
2553487,56.45751953125
2554968,57.55615234375
2556704,52.18505859375
2564026,56.09130859375
2566657,40.1611328125
2575844,56.94580078125
2586398,58.77685546875
2592235,57.43408203125
2595711,63.8427734375
2598498,57.92236328125
2604428,65.12451171875
2611299,47.607421875
2612828,62.8662109375
2613824,57.0068359375
2615251,54.931640625
2620081,54.931640625
2621503,31.494140625
2622548,49.25537109375
2633009,58.28857421875
2633889,56.82373046875
2634826,49.072265625
2639005,57.18994140625
2640124,49.86572265625
2641753,51.20849609375
2646172,56.57958984375
2652814,59.4482421875
2655369,44.86083984375
2657095,40.8935546875
2658096,43.701171875
2664389,54.99267578125
2668523,53.5888671875
2670814,53.5888671875
2675907,49.4384765625
2679170,57.92236328125
2680255,48.4619140625
2692107,48.15673828125
2693670,49.98779296875
2695694,55.7861328125
2697906,43.64013671875
2699021,53.89404296875
2706878,48.583984375
2713073,57.31201171875
2719519,57.861328125
2723728,54.26025390625
2725773,56.94580078125
2727464,51.20849609375
2732036,53.03955078125
2738252,49.1943359375
2741636,51.26953125
2748312,59.08203125
2750299,56.2744140625
2753034,40.6494140625
2757205,51.1474609375
2758682,59.50927734375
2766713,61.58447265625
2770510,65.5517578125
2776036,41.748046875
2779781,45.47119140625
2781145,56.2744140625
2785824,60.4248046875
2789690,56.5185546875
2797888,68.359375
2800379,55.7861328125
2805619,49.74365234375
2811161,52.978515625
2817873,67.3828125
2820077,54.38232421875
2824306,56.09130859375
2830701,52.06298828125
2836167,66.2841796875
2840211,50.35400390625
2841959,55.17578125
2845252,50.78125
2852132,51.33056640625
2855460,57.55615234375
2857240,44.37255859375
2865873,46.2646484375
2871103,63.78173828125
2874522,56.884765625
2878854,50.59814453125
2883669,69.580078125
2887137,34.66796875
2887689,57.0068359375
2890505,54.8095703125
2891691,32.470703125
2900652,62.68310546875
2901971,51.7578125
2906583,61.09619140625
2910474,55.5419921875
2913937,61.82861328125
2916203,59.75341796875
2920051,56.15234375
2925737,36.62109375
2925893,50.59814453125
2928793,61.46240234375
2933793,49.072265625
2935828,50.72021484375
2941107,52.3681640625
2945672,47.2412109375
2949615,55.23681640625
2956657,47.66845703125
2965600,58.77685546875
2965903,31.31103515625
2967382,48.33984375
2968405,32.8369140625
2972680,60.05859375
2977702,66.7724609375
2981993,62.255859375
2985143,46.44775390625
2988036,50.6591796875
2990875,54.62646484375
2994931,52.1240234375
2998148,55.2978515625
3005569,58.04443359375
3009611,48.33984375
3011995,53.89404296875
3023773,54.3212890625
3031662,63.04931640625
3034256,63.90380859375
3040420,51.69677734375
3047051,51.45263671875
3051376,65.36865234375
3059801,55.0537109375
3061569,50.84228515625
3066661,56.0302734375
3070628,59.02099609375
3077552,57.67822265625
3078559,31.31103515625
3081152,54.6875
3084343,56.09130859375
3087300,58.4716796875
3095425,70.1904296875
3096362,55.2978515625
3099388,50.35400390625
3101625,31.494140625
3101666,49.560546875
3107715,52.91748046875
3110025,47.30224609375
3122087,64.88037109375
3125013,51.45263671875
3132259,57.2509765625
3133030,54.99267578125
3137852,59.26513671875
3142362,55.23681640625
3145794,49.37744140625
3152107,60.72998046875
3155593,56.7626953125
3159930,58.89892578125
3160868,50.048828125
3165084,63.53759765625
3170586,50.4150390625
3171600,44.3115234375
3176204,33.02001953125
3183150,59.38720703125
3187678,63.1103515625
3189205,50.1708984375
3197334,61.8896484375
3201000,60.546875
3207157,54.8095703125
3208246,53.5888671875
3212579,50.10986328125
3221631,62.43896484375
3224812,55.7861328125
3230397,45.71533203125
3236611,48.7060546875
3243485,59.326171875
3245257,54.38232421875
3250428,60.72998046875
3259324,68.05419921875
3263125,57.80029296875
3265947,58.16650390625
3271704,61.1572265625
3276565,48.40087890625
3280956,62.07275390625
3285072,55.11474609375
3291789,52.06298828125
3296833,60.05859375
3301033,52.67333984375
3306724,63.232421875
3308442,65.73486328125
3315159,44.61669921875
3318818,32.470703125
3320974,56.2744140625
3322458,48.7060546875
3330771,58.89892578125
3334203,59.2041015625
3336884,34.60693359375
3339828,61.8896484375
3345694,46.5087890625
3349906,61.279296875
3351232,56.09130859375
3358816,64.208984375
3360723,60.9130859375
3365430,69.03076171875
3372536,59.50927734375
3374923,58.89892578125
3378945,72.3876953125
3388410,56.21337890625
3390049,58.59375
3395588,63.232421875
3398676,60.24169921875
3400290,57.67822265625
3403514,54.5654296875
3407067,51.6357421875
3419317,59.02099609375
3424809,57.7392578125
3428794,57.67822265625
3433158,62.1337890625
3437695,45.0439453125
3443135,52.8564453125
3446230,49.072265625
3454725,50.78125
3461511,64.3310546875
3467249,62.80517578125
3473061,58.9599609375
3477576,68.2373046875
3481959,51.8798828125
3485465,51.57470703125
3487818,50.4150390625
3489711,54.74853515625
3491613,31.79931640625
3493706,55.35888671875
3496420,58.77685546875
3500864,44.12841796875
3504772,53.64990234375
3507088,31.982421875
3508097,43.0908203125
3514091,69.76318359375
3524074,59.26513671875
3526723,54.8095703125
3530464,49.8046875
3532964,35.0341796875
3540009,31.31103515625
3545392,69.3359375
3547596,31.73828125
3548767,63.41552734375
3553446,63.8427734375
3555243,44.921875
3562452,69.7021484375
3565379,58.65478515625
3568121,56.0302734375
3568523,40.34423828125
3568812,39.4287109375
3569932,50.537109375
3580348,59.4482421875
3586110,59.9365234375
3588251,64.88037109375
3592591,60.36376953125
3598512,56.884765625
3600139,63.41552734375
3606084,52.55126953125
3608149,56.5185546875
3613692,54.99267578125
3615823,32.5927734375
3617040,59.50927734375
3620180,64.453125
3624015,61.58447265625
3627313,70.068359375
3634247,59.99755859375
3636509,48.2177734375
3638515,52.67333984375
3643729,49.37744140625
3648468,56.57958984375
3652566,68.05419921875
3657121,53.64990234375
3662573,65.91796875
3665692,60.97412109375
3669030,48.64501953125
3673081,58.10546875
3677721,37.4755859375
3683434,64.39208984375
3688295,58.4716796875
3689527,52.6123046875
3698822,59.08203125
3698868,31.55517578125
3701932,53.7109375
3705903,57.861328125
3710213,47.54638671875
3716668,61.279296875
3720500,54.26025390625
3723415,54.26025390625
3725446,44.61669921875
3727743,53.28369140625
3730841,51.1474609375
3734156,52.79541015625
3737803,31.6162109375
3737942,46.630859375
3739184,58.65478515625
3744505,60.72998046875
3748149,59.814453125
3752436,49.25537109375
3757030,51.20849609375
3760360,54.0771484375
3766738,53.28369140625
3767852,34.1796875
3768678,50.23193359375
3768766,37.04833984375
3771628,56.396484375
3774826,56.70166015625
3776822,51.69677734375
3782923,59.9365234375
3786987,50.23193359375
3789306,62.8662109375
3792254,48.2177734375
3793455,57.373046875
3801072,57.6171875
3805733,56.15234375
3808101,53.16162109375
3811080,57.55615234375
3824928,66.5283203125
3826546,48.27880859375
3832396,53.89404296875
3834203,47.79052734375
3836623,54.26025390625
3848121,58.7158203125
3850033,59.2041015625
3852761,58.53271484375
3860778,52.91748046875
3864161,55.908203125
3866172,54.0771484375
3868260,57.55615234375
3870534,58.837890625
3879207,51.45263671875
3882913,52.67333984375
3885117,52.24609375
3889159,51.6357421875
3892002,56.57958984375
3893949,51.6357421875
3898081,61.46240234375
3910975,49.1943359375
3914758,57.92236328125
3918653,59.63134765625
3922380,45.654296875
3930672,58.4716796875
3934128,53.7109375
3939562,52.3681640625
3940858,57.0068359375
3942929,65.185546875
3944767,52.06298828125
3948119,58.837890625
3948775,52.30712890625
3951198,56.2744140625
3959566,57.06787109375
3964331,62.80517578125
3968290,52.30712890625
3969148,41.6259765625
3969603,54.443359375
3970724,50.10986328125
3977099,56.2744140625
3979056,52.67333984375
3981939,50.1708984375
3983194,55.35888671875
3990011,56.15234375
3992701,56.33544921875
3997333,42.29736328125
4005843,57.373046875
4008440,51.3916015625
4011066,50.4150390625
4012592,50.59814453125
4017803,53.64990234375
4021802,54.3212890625
4024778,58.53271484375
4026652,34.5458984375
4028055,56.0302734375
4030575,53.1005859375
4033233,41.9921875
4036480,46.69189453125
4041381,50.47607421875
4046574,56.57958984375
4049608,49.25537109375
4051054,50.4150390625
4054801,54.8095703125
4060911,51.08642578125
4064645,53.77197265625
4069713,53.52783203125
4072054,49.98779296875
4075372,52.67333984375
4079107,53.3447265625
4082732,51.8798828125
4087774,56.884765625
4093004,47.91259765625
4094502,49.49951171875
4098272,49.74365234375
4102486,53.1005859375
4108046,52.79541015625
4109685,55.60302734375
4114373,59.4482421875
4119186,50.72021484375
4121070,49.560546875
4125194,59.326171875
4136340,55.2978515625
4137941,49.86572265625
4138716,48.40087890625
4142587,45.8984375
4143928,47.9736328125
4151590,60.11962890625
4155578,56.7626953125
4159059,53.40576171875
4160176,47.79052734375
4164054,45.166015625
4167090,58.04443359375
4174509,53.955078125
4175375,52.55126953125
4176146,51.45263671875
4178430,52.6123046875
4180153,46.08154296875
4182726,48.76708984375
4186162,47.91259765625
4191452,59.326171875
4193816,50.47607421875
4194825,40.52734375
4205568,59.6923828125
4205886,31.6162109375
4207353,49.560546875
4209818,52.3681640625
4211201,47.79052734375
4214546,45.2880859375
4221367,52.734375
4224874,60.11962890625
4226542,59.08203125
4233647,49.13330078125
4236556,51.81884765625
4240766,47.91259765625
4243072,53.22265625
4246406,55.5419921875
4249248,48.828125
4255159,53.03955078125
4258319,56.94580078125
4258748,31.92138671875
4264791,54.931640625
4267385,53.40576171875
4271898,56.45751953125
4274560,48.52294921875
4276555,58.59375
4279514,59.2041015625
4280911,50.1708984375
4294382,60.546875
4295235,52.001953125
4296370,46.32568359375
4297211,37.4755859375
4299544,55.23681640625
4302203,52.978515625
4310037,54.62646484375
4312393,49.98779296875
4318626,51.57470703125
4323079,47.54638671875
4328611,53.16162109375
4331384,53.89404296875
4334845,47.30224609375
4339909,59.99755859375
4345234,47.7294921875
4346385,54.50439453125
4350960,50.1708984375
4351837,47.4853515625
4356645,52.001953125
4361181,46.44775390625
4365301,51.45263671875
4367132,49.37744140625
4369509,67.68798828125
4374088,48.7060546875
4376316,57.6171875
4383343,59.6923828125
4384272,56.70166015625
4386713,53.22265625
4391771,55.11474609375
4398115,58.7158203125
4401058,53.5888671875
4405864,50.4150390625
4409547,42.90771484375
4413265,49.74365234375
4418983,52.6123046875
4424330,57.06787109375
4427273,50.72021484375
4429729,55.6640625
4434638,57.7392578125
4437654,53.955078125
4440206,50.29296875
4446416,45.41015625
4449623,47.4853515625
4453865,50.47607421875
4458072,56.396484375
4459558,59.02099609375
4464808,54.26025390625
4467222,56.884765625
4474109,49.62158203125
4477330,52.001953125
4480862,52.3681640625
4483048,47.36328125
4494033,53.5888671875
4496077,53.40576171875
4499253,60.302734375
4502517,53.8330078125
4507761,50.35400390625
4508329,32.3486328125
4510403,46.81396484375
4515988,46.9970703125
4521555,46.875
4525132,63.5986328125
4526883,52.06298828125
4531722,54.19921875
4534738,50.1708984375
4540793,46.20361328125
4541791,55.0537109375
4543975,45.5322265625
4546929,51.8798828125
4550154,45.83740234375
4558586,56.15234375
4568565,53.3447265625
4571578,50.10986328125
4576175,59.4482421875
4582566,56.21337890625
4585548,55.48095703125
4588162,58.10546875
4593303,54.38232421875
4599855,57.4951171875
4604209,57.18994140625
4609215,55.6640625
4613337,47.607421875
4618583,54.13818359375
4620273,64.8193359375
4623938,47.66845703125
4627897,52.8564453125
4629879,51.7578125
4631478,51.69677734375
4634381,32.40966796875
4635316,59.9365234375
4637476,43.0908203125
4638607,35.0341796875
4639963,34.24072265625
4643017,46.08154296875
4647328,43.212890625
4651827,47.2412109375
4655367,55.2978515625
4656712,53.89404296875
4659777,45.95947265625
4665700,49.98779296875
4668600,55.35888671875
4673125,50.23193359375
4676349,50.84228515625
4679251,33.99658203125
4683365,56.884765625
4687019,59.326171875
4691925,58.53271484375
4692167,32.470703125
4695006,55.35888671875
4701584,58.77685546875
4705689,46.0205078125
4707303,43.3349609375
4710185,67.19970703125
4713809,58.59375
4717450,57.373046875
4720487,54.931640625
4725806,57.373046875
4730003,56.15234375
4732378,57.67822265625
4733939,45.95947265625
4737739,52.18505859375
4740699,55.2978515625
4743018,54.19921875
4744838,48.583984375
4748003,44.25048828125
4751137,40.10009765625
4754632,52.55126953125
4764330,53.52783203125
4766088,40.22216796875
4771166,46.9970703125
4777163,52.06298828125
4785969,61.82861328125
4786117,32.5927734375
4787304,58.10546875
4788858,48.64501953125
4790953,48.40087890625
4796163,58.04443359375
4802995,47.54638671875
4804462,63.41552734375
4807077,55.5419921875
4807949,50.72021484375
4815589,53.40576171875
4816304,52.6123046875
4818706,51.81884765625
4819609,59.02099609375
4819729,31.25
4823684,55.0537109375
4826362,51.513671875
4831893,51.025390625
4836370,53.8330078125
4838156,60.48583984375
4842211,56.2744140625
4844268,53.52783203125
4850888,55.11474609375
4851703,56.7626953125
4852551,50.35400390625
4856186,52.490234375
4859675,57.861328125
4861706,31.43310546875
4864654,57.7392578125
4866435,55.72509765625
4869492,49.560546875
4876641,54.01611328125
4877422,52.001953125
4879526,44.189453125
4881581,49.01123046875
4882369,32.3486328125
4882935,44.921875
4884041,57.06787109375
4888497,51.6357421875
4895321,52.24609375
4900152,48.4619140625
4901558,59.326171875
4904233,52.734375
4907128,43.9453125
4912658,55.96923828125
4915147,57.31201171875
4916158,54.99267578125
4919571,51.33056640625
4926224,62.19482421875
4931687,31.79931640625
4931720,49.25537109375
4936006,34.3017578125
4937249,55.84716796875
4939120,49.49951171875
4942573,34.66796875
4944961,41.80908203125
4948387,50.6591796875
4951529,51.6357421875
4953450,58.2275390625
4954956,56.94580078125
4956329,52.55126953125
4960369,52.91748046875
4964201,31.1279296875
4965511,48.88916015625
4967491,58.4716796875
4971167,52.1240234375
4972624,54.26025390625
4975078,48.2177734375
4977218,51.81884765625
4983368,59.6923828125
4984244,45.83740234375
4986751,46.93603515625
4992042,53.77197265625
4997622,51.1474609375
4999588,49.49951171875
5001251,31.1279296875
5003029,49.86572265625
5004253,53.5888671875
5006224,53.955078125
5010197,49.25537109375
5018360,50.35400390625
5020889,54.26025390625
5021437,52.18505859375
5022581,45.8984375
5024055,51.94091796875
5027694,50.4150390625
5030260,65.36865234375
5035978,60.791015625
5040899,47.4853515625
5043700,56.70166015625
5043762,31.25
5048002,58.65478515625
5051917,51.20849609375
5053576,59.4482421875
5055834,55.908203125
5059172,56.2744140625
5062902,52.3681640625
5064210,44.61669921875
5068062,52.91748046875
5070356,48.7060546875
5074996,53.22265625
5078515,56.0302734375
5081516,48.7060546875
5084182,51.81884765625
5088261,62.6220703125
5090975,45.83740234375
5094496,51.8798828125
5096328,44.98291015625
5097669,54.6875
5102101,58.77685546875
5105707,55.11474609375
5113832,58.59375
5115620,60.05859375
5118993,61.279296875
5120525,48.583984375
5123856,43.8232421875
5124469,35.888671875
5132598,54.01611328125
5134342,52.734375
5136727,31.6162109375
5136939,50.1708984375
5139156,52.490234375
5140544,43.9453125
5146042,52.3681640625
5152006,50.78125
5152809,49.9267578125
5154813,52.978515625
5155483,32.71484375
5155759,48.03466796875
5159937,53.7109375
5166078,60.1806640625
5171621,51.8798828125
5174548,55.7861328125
5179633,48.88916015625
5180912,53.16162109375
5181356,44.189453125
5182305,44.25048828125
5185556,47.8515625
5191361,55.60302734375
5195231,57.373046875
5197529,47.42431640625
5200784,48.7060546875
5203412,39.24560546875
5205899,51.26953125
5207519,59.5703125
5208290,32.71484375
5209786,46.93603515625
5212247,46.0205078125
5219586,54.01611328125
5224609,49.13330078125
5226923,60.48583984375
5229808,39.24560546875
5232382,47.7294921875
5236606,58.349609375
5240287,53.955078125
5241098,48.095703125
5250998,58.89892578125
5252041,48.828125
5253424,56.15234375
5256085,53.77197265625
5258631,58.16650390625
5263006,61.46240234375
5265563,59.5703125
5270187,48.828125
5271496,59.99755859375
5273329,55.11474609375
5275649,47.7294921875
5278288,53.466796875
5286457,51.513671875
5287754,51.025390625
5289637,53.466796875
5293573,51.3916015625
5297615,51.8798828125
5299182,46.38671875
5304224,53.16162109375
5306779,56.0302734375
5308569,52.42919921875
5312918,51.45263671875
5319056,57.2509765625
5320409,50.537109375
5321291,41.32080078125
5321894,64.02587890625
5323784,51.81884765625
5326716,31.67724609375
5326762,44.12841796875
5332545,48.9501953125
5333963,54.8095703125
5338086,50.9033203125
5340496,55.11474609375
5345792,46.0205078125
5347425,51.3916015625
5349864,46.32568359375
5356352,59.38720703125
5361453,53.22265625
5365717,63.96484375
5367669,59.5703125
5368866,52.24609375
5371477,53.40576171875
5376308,48.52294921875
5377768,47.91259765625
5378654,53.1005859375
5381976,60.9130859375
5382665,49.8046875
5387956,57.92236328125
5388954,52.490234375
5394308,57.0068359375
5399133,46.44775390625
5400621,59.87548828125
5406583,57.9833984375
5410209,44.49462890625
5413256,53.16162109375
5416634,53.22265625
5419361,53.22265625
5426417,49.01123046875
5430678,49.62158203125
5433881,59.02099609375
5437629,60.546875
5439946,57.6171875
5440793,53.89404296875
5444365,57.92236328125
5449368,62.1337890625
5450842,50.29296875
5454011,60.72998046875
5456782,50.10986328125
5459530,58.7158203125
5461435,51.81884765625
5463584,32.40966796875
5467097,50.23193359375
5469336,44.189453125
5470864,48.4619140625
5475447,49.13330078125
5482060,50.23193359375
5485674,47.42431640625
5488274,46.9970703125
5490706,60.85205078125
5493821,56.0302734375
5496212,53.52783203125
5499028,59.26513671875
5502305,50.9033203125
5506285,51.57470703125
5509323,58.41064453125
5511060,47.8515625
5513578,59.99755859375
5516016,52.3681640625
5520922,66.162109375
5523636,51.8798828125
5535559,57.06787109375
5536166,51.33056640625
5537085,51.08642578125
5539359,56.15234375
5542405,46.93603515625
5547635,63.720703125
5551238,57.31201171875
5552931,49.49951171875
5555999,46.9970703125
5559350,31.494140625
5559488,45.71533203125
5566305,47.05810546875
5569636,54.74853515625
5573721,49.9267578125
5576782,48.4619140625
5580881,43.88427734375
5584278,54.931640625
5591713,54.50439453125
5594273,61.279296875
5595237,52.30712890625
5596111,47.7294921875
5597862,44.86083984375
5605966,47.91259765625
5607801,43.15185546875
5609571,34.11865234375
5610317,56.5185546875
5614995,54.19921875
5616296,46.9970703125
5619598,52.490234375
5621935,48.9501953125
5622961,47.42431640625
5628212,58.53271484375
5630445,48.40087890625
5637230,58.4716796875
5638126,60.791015625
5638626,44.921875
5639539,50.84228515625
5640723,48.2177734375
5641535,45.7763671875
5643124,31.18896484375
5645935,51.08642578125
5649336,53.5888671875
5651841,53.89404296875
5655299,48.9501953125
5661542,58.77685546875
5663206,57.55615234375
5666010,51.513671875
5669210,35.58349609375
5672069,54.443359375
5673246,54.6875
5675425,33.38623046875
5675904,60.24169921875
5677456,58.7158203125
5677857,46.81396484375
5678488,44.0673828125
5682983,53.3447265625
5687957,49.98779296875
5692412,52.06298828125
5693350,47.54638671875
5695670,48.52294921875
5698854,50.78125
5703825,56.15234375
5706456,50.048828125
5709927,56.5185546875
5714519,54.26025390625
5718580,55.11474609375
5723317,57.861328125
5723924,58.16650390625
5727391,49.49951171875
5728753,55.419921875
5733922,64.3310546875
5735180,56.5185546875
5737108,44.61669921875
5742813,49.31640625
5746560,49.13330078125
5748944,60.302734375
5752226,51.20849609375
5757662,51.7578125
5759186,58.65478515625
5761698,49.49951171875
5768183,56.70166015625
5770736,54.0771484375
5772248,47.4853515625
5774436,58.7158203125
5779469,58.28857421875
5781562,48.4619140625
5785118,54.19921875
5786354,57.2509765625
5790831,54.931640625
5795074,61.46240234375
5798993,60.72998046875
5801802,59.87548828125
5805558,50.1708984375
5807562,53.64990234375
5809767,39.00146484375
5814609,46.81396484375
5818457,58.2275390625
5822260,65.85693359375
5825860,57.9833984375
5825911,32.5927734375
5828423,53.40576171875
5831718,58.16650390625
5833380,44.25048828125
5836808,63.1103515625
5837891,48.828125
5840915,55.48095703125
5843077,56.21337890625
5843438,51.8798828125
5847607,53.28369140625
5849795,58.16650390625
5855846,43.701171875
5858638,51.025390625
5859813,43.212890625
5862917,54.19921875
5864984,52.55126953125
5870303,52.001953125
5873491,50.47607421875
5875460,56.45751953125
5878750,45.5322265625
5879409,49.560546875
5884764,59.2041015625
5885627,31.494140625
5887149,45.59326171875
5892638,54.0771484375
5895008,52.1240234375
5895552,31.55517578125
5897916,55.60302734375
5900620,55.84716796875
5907437,53.7109375
5910018,54.62646484375
5912117,57.373046875
5915610,54.19921875
5921568,48.03466796875
5925816,54.87060546875
5928057,44.677734375
5930549,60.85205078125
5934772,45.83740234375
5936919,47.2412109375
5939563,44.49462890625
5944000,54.5654296875
5945745,54.0771484375
5947583,46.0205078125
5950100,44.43359375
5951566,52.06298828125
5954855,41.1376953125
5960812,48.7060546875
5964926,57.18994140625
5967720,60.302734375
5972823,59.26513671875
5978043,50.47607421875
5979015,43.27392578125
5980053,48.40087890625
5980619,49.13330078125
5981543,38.63525390625
5986153,49.49951171875
5988476,51.57470703125
5995285,54.74853515625
5999020,50.59814453125
6002851,50.96435546875
6003500,43.9453125
6004249,52.30712890625
6006596,33.99658203125
6008362,52.91748046875
6018116,55.48095703125
6019555,50.59814453125
6020575,45.0439453125
6022221,52.18505859375
6023325,40.6494140625
6024702,36.80419921875
6031416,53.8330078125
6035046,53.77197265625
6038854,47.7294921875
6042123,58.16650390625
6046272,50.9033203125
6049190,50.6591796875
6050543,41.32080078125
6053770,45.2880859375
6057946,55.11474609375
6059161,53.28369140625
6063809,51.7578125
6066833,57.4951171875
6068842,56.5185546875
6073864,56.7626953125
6074963,47.9736328125
6076161,48.52294921875
6079174,46.875
6081846,48.03466796875
6087189,47.79052734375
6090620,56.09130859375
6092269,47.7294921875
6097731,53.22265625
6099281,45.0439453125
6100584,46.56982421875
6104150,48.9501953125
6110208,55.11474609375
6113330,49.37744140625
6117968,52.8564453125
6120684,55.7861328125
6122714,52.79541015625
6125656,45.0439453125
6129442,66.89453125
6133829,48.2177734375
6138125,49.13330078125
6140354,59.814453125
6144328,50.6591796875
6146020,50.048828125
6152108,50.78125
6152786,51.33056640625
6154250,47.9736328125
6157505,50.35400390625
6160743,50.47607421875
6162031,39.97802734375
6167102,48.52294921875
6171123,48.15673828125
6174645,48.76708984375
6178296,43.8232421875
6182482,54.87060546875
6184228,55.48095703125
6185716,46.630859375
6187521,49.072265625
6190763,44.677734375
6192899,54.74853515625
6196814,48.52294921875
6202966,53.03955078125
6204218,47.2412109375
6206077,47.36328125
6210872,49.072265625
6214942,31.73828125
6215992,56.640625
6221993,60.1806640625
6226483,58.28857421875
6227485,57.4951171875
6227955,51.513671875
6234063,54.50439453125
6237467,53.466796875
6238637,52.8564453125
6241287,31.6162109375
6243016,58.10546875
6244934,61.34033203125
6248343,46.56982421875
6251257,54.8095703125
6256505,47.05810546875
6257693,63.04931640625
6262277,54.443359375
6263058,42.1142578125
6269117,54.50439453125
6270659,59.26513671875
6277928,49.49951171875
6281160,55.17578125
6281317,49.49951171875
6281474,39.97802734375
6283526,48.27880859375
6288104,51.8798828125
6291528,53.64990234375
6296946,56.45751953125
6299402,59.38720703125
6302354,50.10986328125
6305642,47.42431640625
6312107,51.513671875
6318295,47.91259765625
6320408,51.81884765625
6324276,58.28857421875
6327253,50.72021484375
6332270,59.38720703125
6337991,51.20849609375
6342368,49.25537109375
6344072,46.56982421875
6345230,53.52783203125
6351529,56.884765625
6354553,59.326171875
6360014,57.31201171875
6363059,54.3212890625
6364848,53.16162109375
6369981,55.84716796875
6375260,63.1103515625
6376589,55.5419921875
6381386,32.28759765625
6381410,57.18994140625
6384166,50.84228515625
6384921,48.76708984375
6388534,42.66357421875
6395089,49.62158203125
6399846,51.025390625
6401541,47.607421875
6404897,50.84228515625
6407862,44.73876953125
6410284,55.2978515625
6413768,53.77197265625
6415586,51.57470703125
6420647,61.1572265625
6423516,54.8095703125
6423626,34.36279296875
6425654,48.828125
6428836,51.6357421875
6430846,37.65869140625
6438996,57.373046875
6440313,31.43310546875
6441242,58.65478515625
6444266,53.5888671875
6448308,48.64501953125
6451448,63.53759765625
6454511,53.03955078125
6458563,58.10546875
6460312,48.4619140625
6464523,48.88916015625
6466462,50.048828125
6469661,32.3486328125
6472653,56.94580078125
6475725,52.67333984375
6476951,49.37744140625
6479753,50.29296875
6482620,52.67333984375
6488714,48.15673828125
6492018,49.8046875
6495148,49.74365234375
6498755,45.8984375
6501639,52.24609375
6507000,53.22265625
6508734,43.27392578125
6512373,58.65478515625
6516491,59.26513671875
6518412,54.38232421875
6519868,52.91748046875
6523175,56.57958984375
6530423,52.734375
6532170,58.10546875
6534634,54.26025390625
6537072,57.55615234375
6543710,52.490234375
6546678,61.46240234375
6550235,58.10546875
6552615,51.025390625
6554594,49.1943359375
6559436,59.87548828125
6564621,54.62646484375
6569325,51.45263671875
6570711,54.931640625
6573342,52.42919921875
6577391,53.03955078125
6580831,53.22265625
6580890,33.50830078125
6584133,52.67333984375
6585102,52.978515625
6587912,56.2744140625
6589776,58.4716796875
6592982,52.1240234375
6595469,53.64990234375
6597607,48.828125
6601391,52.91748046875
6602368,55.0537109375
6611332,52.06298828125
6613439,56.5185546875
6615561,53.5888671875
6617763,49.13330078125
6622710,52.06298828125
6627387,48.76708984375
6630883,61.58447265625
6634157,54.443359375
6636565,55.2978515625
6641385,52.1240234375
6642972,59.9365234375
6646969,42.236328125
6651951,50.35400390625
6655173,58.28857421875
6657023,46.93603515625
6660462,45.83740234375
6661972,59.50927734375
6665436,52.06298828125
6669077,43.02978515625
6672542,55.96923828125
6675085,45.22705078125
6678691,60.48583984375
6681679,47.119140625
6687700,53.03955078125
6689363,54.74853515625
6694990,54.38232421875
6698087,49.01123046875
6700376,52.490234375
6704781,58.4716796875
6708716,62.5
6711411,56.21337890625
6719017,49.86572265625
6720076,57.06787109375
6727474,58.10546875
6730923,52.06298828125
6732001,53.16162109375
6735798,58.65478515625
6737288,48.52294921875
6738988,44.86083984375
6743770,62.3779296875
6746629,50.23193359375
6752500,56.21337890625
6755755,55.7861328125
6758873,48.27880859375
6764106,33.02001953125
6764262,61.03515625
6768462,53.40576171875
6771709,50.35400390625
6774476,56.0302734375
6779967,58.349609375
6782549,62.3779296875
6783443,52.18505859375
6788665,52.67333984375
6793139,48.7060546875
6796058,50.537109375
6799890,52.8564453125
6803063,49.49951171875
6804388,55.35888671875
6808702,46.630859375
6810942,48.4619140625
6812908,49.62158203125
6817101,58.837890625
6819024,53.955078125
6822933,59.6923828125
6826252,58.7158203125
6834041,54.62646484375
6836787,50.1708984375
6838013,56.21337890625
6840817,33.8134765625
6843011,55.23681640625
6846325,45.47119140625
6848936,52.67333984375
6852365,60.11962890625
6857883,50.59814453125
6861001,55.72509765625
6866554,52.3681640625
6868336,49.4384765625
6869951,51.81884765625
6873872,49.072265625
6883034,60.97412109375
6885518,46.7529296875
6887802,63.8427734375
6891261,45.5322265625
6893433,37.4755859375
6896353,54.62646484375
6900118,54.74853515625
6901706,49.9267578125
6905008,53.8330078125
6906164,48.2177734375
6913515,53.28369140625
6915909,46.875
6921149,49.01123046875
6922212,32.3486328125
6926889,58.9599609375
6928873,55.2978515625
6932774,53.466796875
6934966,59.9365234375
6939497,55.11474609375
6944066,54.19921875
6945455,51.08642578125
6948257,50.537109375
6951214,50.96435546875
6952621,54.99267578125
6959885,53.8330078125
6962429,55.6640625
6965700,48.27880859375
6968166,68.359375
6971227,52.3681640625
6974224,53.3447265625
6979883,59.75341796875
6981526,57.4951171875
6985814,55.5419921875
6988499,58.89892578125
6994432,59.14306640625
6997146,56.0302734375
7001168,51.6357421875
7003136,59.26513671875
7010301,61.82861328125
7011661,53.52783203125
7012111,59.87548828125
7018595,59.9365234375
7020576,57.861328125
7023111,31.73828125
7024293,46.9970703125
7029476,51.57470703125
7032159,52.3681640625
7034536,53.89404296875
7038727,48.15673828125
7044629,53.89404296875
7047848,49.560546875
7050743,59.326171875
7052768,65.00244140625
7056281,53.64990234375
7059137,56.21337890625
7062513,45.41015625
7063847,68.42041015625
7068620,48.33984375
7070174,55.96923828125
7074506,47.7294921875
7078864,54.26025390625
7081804,45.5322265625
7083756,47.7294921875
7084807,60.72998046875
7093845,59.14306640625
7095164,44.25048828125
7098593,63.29345703125
7103000,55.2978515625
7113150,59.08203125
7118473,51.8798828125
7123189,54.62646484375
7125430,57.9833984375
7127717,51.26953125
7132549,54.74853515625
7133475,61.09619140625
7134210,51.6357421875
7135549,43.0908203125
7141723,51.20849609375
7145069,53.22265625
7146803,46.0205078125
7148530,60.72998046875
7150668,38.57421875
7151928,48.64501953125
7154057,58.59375
7155622,45.59326171875
7158266,49.31640625
7164271,56.09130859375
7165712,53.77197265625
7168303,46.56982421875
7170108,43.39599609375
7172182,48.15673828125
7175112,42.96875
7179005,43.45703125
7179836,52.001953125
7181408,41.6259765625
7188648,54.19921875
7189519,54.13818359375
7190787,46.44775390625
7193419,42.41943359375
7197804,52.001953125
7200187,54.01611328125
7202263,42.17529296875
7206160,47.42431640625
7208468,49.560546875
7209922,53.52783203125
7214238,46.44775390625
7221894,49.1943359375
7223699,42.96875
7225458,58.16650390625
7229426,44.12841796875
7232728,55.5419921875
7238248,48.76708984375
7240280,50.6591796875
7241673,52.91748046875
7244387,52.30712890625
7246240,37.90283203125
7251891,56.45751953125
7256207,53.52783203125
7260640,45.7763671875
7263461,52.1240234375
7265446,47.30224609375
7267893,48.64501953125
7268615,65.97900390625
7275191,51.81884765625
7276961,49.37744140625
7282148,49.01123046875
7284109,47.30224609375
7285376,42.236328125
7291276,49.98779296875
7291939,49.31640625
7292383,43.76220703125
7292580,36.62109375
7297975,43.5791015625
7302049,49.8046875
7303495,46.93603515625
7307173,51.025390625
7309846,54.931640625
7313971,45.654296875
7315016,46.5087890625
7318072,49.37744140625
7319920,42.78564453125
7322702,42.17529296875
7327746,49.62158203125
7329618,51.3916015625
7331099,49.1943359375
7333944,49.8046875
7336807,49.37744140625
7339252,59.02099609375
7341366,49.49951171875
7344832,47.7294921875
7346327,52.8564453125
7349616,48.03466796875
7352282,48.27880859375
7356814,49.62158203125
7358211,46.69189453125
7361490,44.86083984375
7364174,47.7294921875
7365755,50.10986328125
7366300,46.44775390625
7368678,42.29736328125
7373851,50.9033203125
7374581,48.2177734375
7375416,31.55517578125
7381563,55.11474609375
7382895,53.5888671875
7386296,49.98779296875
7389965,50.23193359375
7390859,49.37744140625
7392544,53.22265625
7396471,56.396484375
7401709,54.13818359375
7403719,52.6123046875
7405393,51.20849609375
7408293,54.931640625
7412807,55.419921875
7415665,54.74853515625
7418979,46.93603515625
7421416,55.60302734375
7424173,54.87060546875
7428292,56.2744140625
7432110,50.72021484375
7434481,55.17578125
7436460,44.49462890625
7439504,51.3916015625
7441033,55.908203125
7445859,52.978515625
7451259,42.41943359375
7453887,51.81884765625
7457462,50.78125
7460530,51.6357421875
7464036,50.10986328125
7466714,51.20849609375
7470726,51.08642578125
7472006,45.41015625
7475132,55.11474609375
7479172,49.31640625
7484266,46.7529296875
7488006,49.74365234375
7491134,49.8046875
7493722,54.3212890625
7496413,56.57958984375
7499618,47.54638671875
7501897,51.1474609375
7505185,54.62646484375
7507408,52.734375
7508270,54.0771484375
7510399,44.98291015625
7513590,46.69189453125
7515351,40.6494140625
7520407,50.72021484375
7522650,48.583984375
7525618,52.79541015625
7526938,50.47607421875
7528683,44.0673828125
7533243,51.81884765625
7536157,53.52783203125
7539412,51.57470703125
7544214,52.42919921875
7548127,57.0068359375
7550675,47.91259765625
7551871,52.1240234375
7553859,50.72021484375
7557323,53.8330078125
7559593,50.23193359375
7563649,52.8564453125
7565977,49.4384765625
7567092,47.2412109375
7571186,47.91259765625
7576141,45.8984375
7579831,58.28857421875
7580960,54.13818359375
7586983,47.05810546875
7588844,49.13330078125
7592152,43.3349609375
7594722,40.52734375
7595885,48.33984375
7600968,47.18017578125
7602312,49.25537109375
7607649,48.4619140625
7612180,48.40087890625
7613423,53.1005859375
7616838,52.42919921875
7618494,46.5087890625
7621978,47.91259765625
7623119,47.607421875
7628708,53.40576171875
7630168,54.931640625
7632668,34.97314453125
7633654,55.96923828125
7636849,50.6591796875
7641115,54.8095703125
7644608,42.17529296875
7647042,49.072265625
7651594,49.49951171875
7654129,51.20849609375
7658084,48.7060546875
7660494,50.78125
7661886,31.18896484375
7661964,49.01123046875
7666992,50.4150390625
7671191,37.65869140625
7676431,61.279296875
7683201,60.6689453125
7685234,52.79541015625
7688432,52.18505859375
7689892,51.8798828125
7691328,46.142578125
7692108,47.42431640625
7692802,57.373046875
7697641,57.31201171875
7700040,55.0537109375
7703382,46.2646484375
7705287,44.00634765625
7707855,47.30224609375
7710676,46.56982421875
7716823,54.01611328125
7718166,55.11474609375
7722197,40.4052734375
7723622,52.978515625
7725387,52.3681640625
7729139,53.8330078125
7732857,53.1005859375
7735989,43.51806640625
7736718,51.45263671875
7740654,45.71533203125
7744148,53.466796875
7746570,54.443359375
7748696,60.6689453125
7750156,52.1240234375
7752032,48.88916015625
7757520,47.30224609375
7760511,45.2880859375
7762632,50.4150390625
7768525,48.64501953125
7769437,41.68701171875
7774561,60.48583984375
7777853,48.828125
7778799,54.87060546875
7782587,48.4619140625
7785891,41.1376953125
7788670,43.701171875
7790396,50.72021484375
7791443,52.8564453125
7796421,53.1005859375
7798665,48.03466796875
7799658,43.701171875
7802708,52.1240234375
7805420,51.33056640625
7810159,47.7294921875
7813534,50.537109375
7816302,42.48046875
7818241,57.55615234375
7822922,52.67333984375
7827660,63.8427734375
7829925,55.6640625
7833730,62.92724609375
7835581,58.04443359375
7839517,49.6826171875
7841302,54.443359375
7845279,49.25537109375
7848245,48.2177734375
7852482,45.5322265625
7855084,53.28369140625
7860306,31.18896484375
7860778,51.20849609375
7862839,49.25537109375
7864611,47.30224609375
7868429,51.7578125
7873333,49.6826171875
7878890,60.1806640625
7880833,44.73876953125
7884534,63.4765625
7889063,56.640625
7890908,54.443359375
7891909,32.16552734375
7893105,57.7392578125
7898922,53.16162109375
7900271,53.03955078125
7906127,40.34423828125
7907411,32.89794921875
7910220,62.43896484375
7912502,51.8798828125
7916033,44.189453125
7919962,39.48974609375
7921577,49.4384765625
7924162,54.6875
7927619,51.1474609375
7931530,57.31201171875
7935462,46.38671875
7941227,57.861328125
7942791,49.4384765625
7948475,57.9833984375
7951411,49.8046875
7953105,44.7998046875
7960043,48.40087890625
7963064,51.26953125
7965186,44.37255859375
7967831,52.30712890625
7976218,55.17578125
7979208,63.65966796875
7983236,53.03955078125
7985538,50.47607421875
7986305,54.01611328125
7993687,46.08154296875
7996915,55.419921875
7998375,53.52783203125
8000598,53.5888671875
8003709,49.98779296875
8006914,32.3486328125
8017182,54.443359375
8023704,57.2509765625
8024571,31.73828125
8028495,62.68310546875
8029248,48.095703125
8031220,56.15234375
8032820,43.64013671875
8036307,46.875
8039825,52.978515625
8044635,57.06787109375
8046355,49.6826171875
8050316,52.1240234375
8053687,46.2646484375
8055386,58.4716796875
8060172,45.22705078125
8062211,55.72509765625
8065026,44.73876953125
8067908,53.8330078125
8076705,49.560546875
8078372,60.4248046875
8080012,56.884765625
8083752,53.1005859375
8087364,53.77197265625
8088701,60.4248046875
8090795,56.09130859375
8093013,58.4716796875
8096324,49.37744140625
8097952,48.33984375
8099987,48.27880859375
8103510,46.142578125
8104548,42.54150390625
8107297,58.53271484375
8111346,64.63623046875
8113065,44.00634765625
8116119,49.62158203125
8118103,50.72021484375
8122559,55.6640625
8125140,51.1474609375
8126764,58.28857421875
8128248,51.7578125
8131667,49.1943359375
8131745,31.67724609375
8134155,52.06298828125
8137923,54.19921875
8140141,43.0908203125
8143025,37.78076171875
8146298,57.67822265625
8146959,48.76708984375
8147886,45.2880859375
8151811,52.1240234375
8154592,51.7578125
8156918,57.55615234375
8158957,54.5654296875
8162649,49.13330078125
8164284,31.6162109375
8164330,42.29736328125
8167843,38.87939453125
8170262,52.8564453125
8172985,57.861328125
8177040,44.3115234375
8180689,51.57470703125
8181496,46.7529296875
8185242,47.607421875
8188536,50.78125
8190573,47.30224609375
8193585,35.15625
8196261,48.27880859375
8200855,62.01171875
8204473,32.04345703125
8205195,55.23681640625
8206354,47.607421875
8211416,62.6220703125
8213107,55.0537109375
8215327,40.0390625
8217092,52.001953125
8220844,51.513671875
8224306,48.27880859375
8227569,47.66845703125
8231108,53.77197265625
8234259,50.84228515625
8238082,50.537109375
8239941,46.630859375
8243696,55.6640625
8247117,47.4853515625
8251046,59.9365234375
8253582,50.537109375
8255595,47.18017578125
8258879,50.537109375
8260741,55.7861328125
8266228,48.9501953125
8267957,50.35400390625
8270927,54.931640625
8272829,41.68701171875
8277661,42.96875
8280275,54.87060546875
8281368,41.19873046875
8281916,56.57958984375
8289399,31.6162109375
8289460,55.908203125
8291319,34.97314453125
8292138,54.13818359375
8292682,31.6162109375
8296028,52.978515625
8299638,54.26025390625
8301669,48.88916015625
8305890,58.349609375
8311104,44.37255859375
8314953,53.52783203125
8316041,31.25
8316397,55.6640625
8318192,33.50830078125
8319732,45.95947265625
8323645,51.94091796875
8329311,56.884765625
8330976,51.6357421875
8334604,52.24609375
8337498,44.921875
8343453,56.21337890625
8346107,46.7529296875
8349502,48.88916015625
8350771,56.396484375
8352763,42.29736328125
8354427,52.18505859375
8358627,49.8046875
8358923,32.470703125
8363192,55.6640625
8367045,49.6826171875
8371103,51.81884765625
8373292,46.2646484375
8376610,52.79541015625
8379304,53.7109375
8381930,53.03955078125
8388500,60.9130859375
8390026,56.82373046875
8392937,49.13330078125
8394672,60.24169921875
8399203,54.6875
8404069,57.0068359375
8406029,51.3916015625
8406888,47.119140625
8411199,55.60302734375
8415168,37.841796875
8418161,51.08642578125
8421043,32.3486328125
8421173,42.78564453125
8424155,55.60302734375
8425346,47.36328125
8425633,40.34423828125
8429822,53.77197265625
8433555,44.7998046875
8439092,65.00244140625
8441660,52.490234375
8445337,58.2275390625
8447283,60.11962890625
8447319,33.8134765625
8450736,49.01123046875
8454857,57.43408203125
8459857,54.74853515625
8459976,33.5693359375
8463234,60.05859375
8464539,36.68212890625
8464871,58.9599609375
8468848,60.05859375
8471200,50.9033203125
8477085,56.09130859375
8479131,54.74853515625
8484877,49.072265625
8487627,48.095703125
8490603,58.16650390625
8495978,52.55126953125
8497922,54.01611328125
8502766,57.2509765625
8505257,55.60302734375
8506995,44.00634765625
8511565,56.33544921875
8514578,45.0439453125
8519218,47.54638671875
8521076,51.1474609375
8525443,46.630859375
8527730,48.583984375
8530825,56.640625
8534434,54.5654296875
8537782,52.734375
8540966,50.72021484375
8545420,45.34912109375
8548944,56.82373046875
8551627,56.09130859375
8554141,51.7578125
8556551,48.27880859375
8559561,57.18994140625
8562508,57.06787109375
8565367,57.67822265625
8568130,50.59814453125
8571781,45.47119140625
8575508,55.48095703125
8579039,58.65478515625
8581237,51.025390625
8584701,53.64990234375
8586302,58.04443359375
8587798,48.828125
8591935,47.05810546875
8595469,55.17578125
8598511,48.7060546875
8601657,52.1240234375
8603642,48.03466796875
8608436,55.48095703125
8611144,62.98828125
8614048,45.166015625
8617077,40.771484375
8620700,42.29736328125
8622194,49.072265625
8623622,32.28759765625
8624894,47.36328125
8629333,58.77685546875
8633227,57.0068359375
8636347,61.4013671875
8640123,51.57470703125
8641647,51.33056640625
8646653,56.21337890625
8650298,47.607421875
8653428,56.396484375
8657129,62.3779296875
8659538,49.8046875
8663850,53.40576171875
8668632,45.71533203125
8672202,52.8564453125
8675741,58.53271484375
8679559,67.93212890625
8681800,50.1708984375
8684935,55.11474609375
8688098,53.22265625
8690776,50.78125
8693077,45.0439453125
8698873,49.37744140625
8699572,47.9736328125
8701200,46.56982421875
8705763,49.98779296875
8711265,57.373046875
8714226,53.89404296875
8715726,38.57421875
8718717,51.69677734375
8725565,48.9501953125
8727689,45.7763671875
8731501,45.83740234375
8735401,47.91259765625
8737204,49.1943359375
8741879,57.92236328125
8744687,53.3447265625
8748916,51.513671875
8751292,52.8564453125
8753690,55.84716796875
8757154,57.861328125
8761317,48.095703125
8764687,51.513671875
8767360,41.93115234375
8770779,48.828125
8774686,50.537109375
8779129,58.4716796875
8785062,48.88916015625
8786904,56.70166015625
8789058,60.05859375
8793695,54.01611328125
8796453,56.0302734375
8800443,60.60791015625
8801834,46.20361328125
8805847,56.09130859375
8810720,47.36328125
8812423,52.1240234375
8814341,47.4853515625
8820090,62.92724609375
8821111,52.18505859375
8829914,47.30224609375
8833196,47.607421875
8834363,51.45263671875
8838065,49.1943359375
8840242,31.25
8842112,51.33056640625
8847365,47.54638671875
8849981,56.33544921875
8853874,46.69189453125
8857269,51.94091796875
8858666,44.49462890625
8861076,52.24609375
8863807,53.22265625
8865910,46.630859375
8868714,43.15185546875
8870937,56.5185546875
8886625,47.8515625
8893223,55.60302734375
8895029,64.27001953125
8896046,50.6591796875
8898004,59.38720703125
8900192,74.70703125
8903878,45.166015625
8910068,48.2177734375
8913726,52.490234375
8914472,60.4248046875
8915593,33.75244140625
8917590,46.56982421875
8919576,55.0537109375
8922370,50.6591796875
8926710,42.90771484375
8929174,48.40087890625
8931715,53.40576171875
8935669,47.4853515625
8938677,52.42919921875
8942825,52.24609375
8944460,40.58837890625
8948322,54.0771484375
8950628,53.8330078125
8951301,54.01611328125
8953773,43.76220703125
8957548,50.4150390625
8962161,51.81884765625
8964561,51.025390625
8966409,51.81884765625
8969546,45.2880859375
8971903,46.5087890625
8975386,46.5087890625
8978153,59.38720703125
8981710,52.79541015625
8983223,31.8603515625
8984265,48.828125
8987786,58.10546875
8990672,53.64990234375
8991914,46.0205078125
8993666,47.66845703125
8996281,53.52783203125
9000609,54.931640625
9002989,52.3681640625
9004120,45.2880859375
9009011,54.8095703125
9010933,52.1240234375
9013386,53.77197265625
9014325,53.03955078125
9018679,39.73388671875
9021792,48.03466796875
9025181,56.70166015625
9027014,52.55126953125
9030367,57.7392578125
9034216,54.50439453125
9036086,47.79052734375
9037994,45.10498046875
9042556,59.38720703125
9043643,44.677734375
9047115,48.2177734375
9048288,34.7900390625
9051115,45.95947265625
9052967,44.5556640625
9053322,40.52734375
9053494,35.64453125
9057904,56.45751953125
9061500,53.466796875
9065801,50.59814453125
9066851,51.025390625
9070357,45.41015625
9074194,56.09130859375
9077139,48.828125
9079572,49.25537109375
9080361,43.02978515625
9082572,55.908203125
9086519,55.17578125
9090161,63.65966796875
9092520,49.74365234375
9099104,49.74365234375
9101140,38.02490234375
9101968,47.18017578125
9104964,43.51806640625
9111120,63.4765625
9112519,47.42431640625
9116929,49.560546875
9120375,51.08642578125
9122689,59.6923828125
9123946,45.71533203125
9127888,44.921875
9134657,48.33984375
9136354,57.06787109375
9139133,69.9462890625
9145588,51.7578125
9147312,61.6455078125
9150129,45.95947265625
9153111,51.20849609375
9157038,55.908203125
9159306,50.96435546875
9163393,55.96923828125
9165981,46.08154296875
9171565,56.396484375
9174467,49.37744140625
9176389,58.9599609375
9181487,55.72509765625
9182977,31.18896484375
9184290,53.955078125
9185783,50.72021484375
9190216,49.74365234375
9192515,53.28369140625
9197904,55.419921875
9200231,57.12890625
9201469,44.25048828125
9208587,50.84228515625
9210508,49.01123046875
9213454,49.49951171875
9216437,54.3212890625
9219513,50.23193359375
9223562,50.23193359375
9224712,50.6591796875
9229179,52.42919921875
9230932,55.60302734375
9234162,47.05810546875
9238419,62.5
9239678,48.828125
9243688,52.6123046875
9248043,50.35400390625
9250631,47.66845703125
9253302,49.4384765625
9256416,43.9453125
9259568,47.9736328125
9259690,51.6357421875
9260658,52.3681640625
9270514,51.33056640625
9273909,53.03955078125
9277997,59.26513671875
9280411,49.072265625
9284749,59.814453125
9286638,48.7060546875
9288826,51.08642578125
9292836,49.62158203125
9296644,55.0537109375
9301165,50.10986328125
9303460,32.04345703125
9305972,44.61669921875
9307165,53.7109375
9311650,50.78125
9315053,53.22265625
9316474,62.68310546875
9320297,55.17578125
9321694,47.54638671875
9328811,53.955078125
9332183,53.22265625
9336565,53.64990234375
9341094,51.3916015625
9344840,51.26953125
9346150,66.0400390625
9350886,57.2509765625
9352343,36.7431640625
9354254,49.86572265625
9357185,31.1279296875
9359172,54.443359375
9363324,65.3076171875
9368611,47.42431640625
9370167,47.05810546875
9374215,59.63134765625
9381079,64.5751953125
9384428,43.02978515625
9387904,32.53173828125
9388315,55.35888671875
9391839,54.931640625
9393812,57.2509765625
9401056,53.1005859375
9403652,61.46240234375
9406500,43.3349609375
9415616,61.1572265625
9417210,44.37255859375
9420294,54.931640625
9424536,63.3544921875
9426721,65.36865234375
9430738,47.42431640625
9432053,56.640625
9434305,58.7158203125
9436050,52.734375
9439499,64.697265625
9443610,53.40576171875
9448290,50.59814453125
9449867,52.734375
9453185,43.27392578125
9458156,55.0537109375
9460677,47.8515625
9464629,47.18017578125
9467462,42.48046875
9470598,57.373046875
9473309,62.744140625
9475699,52.8564453125
9479228,58.10546875
9484409,58.4716796875
9487785,57.18994140625
9490551,57.0068359375
9493928,58.16650390625
9496942,56.5185546875
9500496,45.166015625
9503997,56.640625
9507095,48.828125
9510943,47.36328125
9514316,55.0537109375
9517611,55.5419921875
9520463,62.1337890625
9523460,45.47119140625
9527982,56.15234375
9531545,63.41552734375
9535702,61.8896484375
9542813,55.72509765625
9548052,60.05859375
9550335,60.791015625
9554325,65.673828125
9556049,52.3681640625
9559857,50.9033203125
9562091,57.2509765625
9567192,53.3447265625
9571313,59.9365234375
9574687,55.11474609375
9577074,53.77197265625
9580668,55.84716796875
9584280,60.05859375
9586715,43.701171875
9591170,53.89404296875
9594880,66.7724609375
9597904,49.8046875
9599974,52.490234375
9601333,51.1474609375
9602938,51.81884765625
9606638,50.4150390625
9612663,55.11474609375
9614675,49.31640625
9619726,54.50439453125
9623255,50.96435546875
9627811,57.06787109375
9630864,53.16162109375
9633260,55.5419921875
9637433,54.50439453125
9640312,56.5185546875
9644556,48.52294921875
9647466,58.53271484375
9653328,52.734375
9654413,57.80029296875
9655654,65.73486328125
9661284,46.2646484375
9668358,56.70166015625
9672513,50.84228515625
9675559,56.70166015625
9677952,53.3447265625
9681153,46.44775390625
9686443,52.30712890625
9688732,51.8798828125
9690297,52.3681640625
9693446,54.3212890625
9698554,56.21337890625
9702494,49.9267578125
9704166,52.8564453125
9709907,57.6171875
9711165,47.4853515625
9712791,52.55126953125
9720376,54.50439453125
9723072,55.11474609375
9724800,52.30712890625
9730978,52.06298828125
9734028,59.02099609375
9735169,47.7294921875
9740371,50.23193359375
9745649,52.91748046875
9750054,48.15673828125
9752426,62.1337890625
9754523,57.18994140625
9756388,45.2880859375
9758087,49.6826171875
9765738,42.29736328125
9768322,49.31640625
9771032,50.1708984375
9773259,33.63037109375
9775520,31.25
9776883,59.87548828125
9780263,44.921875
9784254,51.513671875
9786408,54.99267578125
9790250,55.60302734375
9792388,50.96435546875
9794729,51.1474609375
9797967,62.5
9800703,47.18017578125
9805411,57.43408203125
9809529,56.640625
9812047,66.7724609375
9815800,52.6123046875
9820533,55.5419921875
9824410,52.24609375
9827074,58.9599609375
9830105,53.466796875
9833927,56.15234375
9840719,49.8046875
9842312,53.03955078125
9846125,47.42431640625
9849476,60.48583984375
9853108,50.9033203125
9855894,52.8564453125
9859009,51.26953125
9859557,31.494140625
9861991,48.33984375
9865541,38.818359375
9866795,47.8515625
9874993,57.80029296875
9878279,56.33544921875
9880473,50.84228515625
9885052,61.5234375
9888897,43.64013671875
9891341,62.8662109375
9893898,56.7626953125
9896354,54.26025390625
9901389,50.35400390625
9905407,43.39599609375
9909983,54.443359375
9913062,48.7060546875
9917355,60.97412109375
9920217,53.89404296875
9922700,45.10498046875
9927174,50.537109375
9929560,54.19921875
9931103,51.08642578125
9934636,54.62646484375
9937803,57.12890625
9940552,50.96435546875
9943292,52.3681640625
9946268,62.6220703125
9950542,49.560546875
9952612,61.767578125
9959655,61.8896484375
9961050,49.31640625
9966267,61.46240234375
9968672,54.8095703125
9971965,33.50830078125
9974402,50.048828125
9976304,53.89404296875
9977907,59.326171875
9981071,51.8798828125
9983682,58.89892578125
9986843,56.15234375
9992116,57.9833984375
9993503,48.40087890625
9997024,59.9365234375
10001029,53.5888671875
10003299,55.48095703125
10004460,48.828125
10011716,53.1005859375
10014278,51.513671875
10016297,60.4248046875
10019192,55.23681640625
10037149,49.6826171875
10039951,55.84716796875
10042467,51.3916015625
10045919,51.513671875
10047517,53.5888671875
10049962,44.7998046875
10053976,52.30712890625
10056736,58.41064453125
10058642,46.56982421875
10063829,49.25537109375
10066888,58.53271484375
10070730,48.33984375
10072881,53.28369140625
10075223,47.18017578125
10080901,49.31640625
10082457,48.9501953125
10085932,46.93603515625
10086627,50.048828125
10089304,45.34912109375
10093867,58.28857421875
10096864,51.8798828125
10100132,46.0205078125
10101410,53.40576171875
10103161,43.0908203125
10106275,45.41015625
10107900,45.166015625
10111134,40.83251953125
10111541,43.76220703125
10114745,48.33984375
10116122,57.80029296875
10117922,54.0771484375
10121052,56.70166015625
10124199,46.56982421875
10125367,50.78125
10128409,57.0068359375
10129806,48.583984375
10132713,46.81396484375
10132994,31.494140625
10135236,54.26025390625
10136464,46.5087890625
10139506,51.20849609375
10141576,39.794921875
10146006,52.55126953125
10148778,55.6640625
10151327,51.45263671875
10152555,47.79052734375
10155050,41.93115234375
10158454,56.2744140625
10159655,47.54638671875
10161682,48.9501953125
10165675,41.80908203125
10167346,56.45751953125
10170363,52.8564453125
10173658,51.3916015625
10178194,56.82373046875
10182534,50.6591796875
10186809,56.09130859375
10188870,48.828125
10192506,48.2177734375
10194618,47.119140625
10197682,42.236328125
10200729,59.38720703125
10203829,48.583984375
10205517,48.52294921875
10210340,45.8984375
10213652,61.34033203125
10217240,47.119140625
10219716,51.6357421875
10223604,51.81884765625
10227208,56.82373046875
10231232,56.396484375
10234009,51.69677734375
10236521,53.5888671875
10239883,45.83740234375
10242306,45.95947265625
10243538,48.76708984375
10249308,50.96435546875
10250170,48.15673828125
10254864,49.98779296875
10258419,52.18505859375
10262045,65.61279296875
10264131,43.45703125
10268052,50.47607421875
10273088,48.88916015625
10277831,43.9453125
10279949,56.15234375
10283568,55.908203125
10285400,55.23681640625
10288871,55.2978515625
10292234,47.8515625
10296195,51.1474609375
10300018,49.86572265625
10302136,50.23193359375
10306011,52.6123046875
10308445,42.29736328125
10313730,51.025390625
10316127,45.0439453125
10318750,56.640625
10323465,49.49951171875
10327819,55.6640625
10332392,48.88916015625
10335959,56.5185546875
10338536,55.96923828125
10342708,51.1474609375
10344945,40.83251953125
10350325,52.91748046875
10352766,63.65966796875
10355660,60.791015625
10359226,51.1474609375
10360960,50.59814453125
10363964,59.326171875
10368860,47.42431640625
10372122,57.55615234375
10375378,59.50927734375
10378887,49.560546875
10381919,62.1337890625
10387713,48.52294921875
10391638,59.02099609375
10395755,51.26953125
10400054,54.01611328125
10403050,54.62646484375
10407532,55.7861328125
10410492,50.96435546875
10412204,56.396484375
10413894,54.38232421875
10418679,45.83740234375
10421909,56.57958984375
10424798,45.7763671875
10426573,55.84716796875
10429198,50.96435546875
10431888,40.1611328125
10437842,48.27880859375
10441513,51.6357421875
10447104,60.6689453125
10450886,48.828125
10453402,45.654296875
10455588,59.814453125
10457602,44.677734375
10461268,48.7060546875
10462472,47.42431640625
10466167,39.97802734375
10469056,45.10498046875
10471001,45.8984375
10474480,55.7861328125
10476494,48.583984375
10482841,57.4951171875
10485876,41.3818359375
10488058,48.88916015625
10492421,50.78125
10496596,54.50439453125
10498554,47.18017578125
10501444,52.79541015625
10502726,50.048828125
10506981,46.9970703125
10509772,50.59814453125
10513036,52.42919921875
10514309,50.59814453125
10517582,56.0302734375
10523423,55.60302734375
10525503,38.818359375
10527982,42.8466796875
10531557,52.8564453125
10533180,55.84716796875
10537837,51.3916015625
10541472,50.84228515625
10544480,44.49462890625
10547837,54.19921875
10553338,50.537109375
10554648,50.35400390625
10558347,54.74853515625
10560562,56.15234375
10563020,61.03515625
10565131,51.6357421875
10569161,38.6962890625
10569885,31.92138671875
10571571,52.79541015625
10574412,60.05859375
10578326,54.443359375
10580204,55.60302734375
10582541,46.81396484375
10584889,50.537109375
10585935,47.54638671875
10589953,51.33056640625
10594953,47.79052734375
10599187,59.4482421875
10600651,59.63134765625
10605248,53.955078125
10607834,56.82373046875
10611445,51.26953125
10616158,53.466796875
10620647,66.46728515625
10623023,50.59814453125
10624394,62.56103515625
10626944,56.33544921875
10628693,49.86572265625
10632573,51.33056640625
10636563,52.55126953125
10641844,48.9501953125
10643594,56.70166015625
10647894,51.33056640625
10652446,51.20849609375
10654760,53.7109375
10657603,49.072265625
10659033,50.35400390625
10663288,60.24169921875
10666144,44.7998046875
10672411,47.42431640625
10676694,57.373046875
10680786,50.537109375
10683383,62.01171875
10689892,57.0068359375
10691996,53.64990234375
10693177,48.40087890625
10695269,47.42431640625
10697626,42.66357421875
10699663,57.67822265625
10704146,49.62158203125
10705036,31.73828125
10706096,56.45751953125
10711324,57.373046875
10714980,63.96484375
10718261,54.931640625
10720421,52.001953125
10722311,42.8466796875
10725227,46.875
10733082,53.16162109375
10734274,48.4619140625
10738887,53.52783203125
10742072,55.7861328125
10747166,66.46728515625
10749167,47.4853515625
10751361,50.47607421875
10753270,54.931640625
10756396,47.7294921875
10758932,45.8984375
10762746,54.931640625
10766465,50.84228515625
10770060,53.22265625
10774734,53.7109375
10779133,61.09619140625
10782103,57.80029296875
10785307,57.7392578125
10787806,55.419921875
10792232,63.29345703125
10797402,63.232421875
10799958,54.74853515625
10802555,54.3212890625
10807041,61.279296875
10810453,56.5185546875
10811419,58.89892578125
10812094,34.11865234375
10816777,51.025390625
10818899,53.77197265625
10824791,48.64501953125
10826437,44.25048828125
10831024,65.185546875
10833373,52.18505859375
10835383,47.8515625
10839942,57.4951171875
10844956,49.1943359375
10847212,53.3447265625
10847752,31.6162109375
10849656,50.84228515625
10855620,60.546875
10858782,63.3544921875
10861887,57.31201171875
10864288,41.56494140625
10866835,52.978515625
10868969,59.26513671875
10869132,32.5927734375
10872398,46.0205078125
10873463,50.6591796875
10880002,51.94091796875
10882549,59.99755859375
10885235,55.6640625
10887053,46.7529296875
10889888,60.97412109375
10893270,45.2880859375
10896458,54.19921875
10899072,51.513671875
10899600,31.31103515625
10902343,59.63134765625
10905635,59.326171875
10909072,56.21337890625
10910254,50.29296875
10914911,48.76708984375
10918319,53.5888671875
10918489,34.0576171875
10920575,59.63134765625
10925641,54.01611328125
10927135,49.1943359375
10929839,58.16650390625
10934992,47.05810546875
10936881,53.64990234375
10939334,54.5654296875
10941452,54.01611328125
10944310,33.14208984375
10945853,50.29296875
10948561,51.513671875
10952296,46.93603515625
10956654,57.7392578125
10958760,49.560546875
10960892,55.7861328125
10964191,54.931640625
10968362,53.64990234375
10970921,62.56103515625
10972512,39.85595703125
10974684,32.04345703125
10977306,51.81884765625
10980953,58.77685546875
10984618,46.20361328125
10987222,47.54638671875
10989103,46.69189453125
10990904,51.1474609375
10993628,45.0439453125
10995971,59.14306640625
10998328,31.494140625
11000362,57.43408203125
11002632,60.97412109375
11007390,32.77587890625
11007424,48.03466796875
11010396,56.640625
11011660,54.99267578125
11013414,43.76220703125
11015922,42.8466796875
11022855,43.27392578125
11026224,60.05859375
11027836,48.4619140625
11032569,47.05810546875
11036836,52.24609375
11041317,55.6640625
11042478,54.62646484375
11045575,61.82861328125
11047431,50.9033203125
11050072,56.82373046875
11053409,59.2041015625
11058122,58.7158203125
11060893,57.0068359375
11062377,48.76708984375
11063534,59.9365234375
11065771,48.03466796875
11070640,53.8330078125
11074876,53.466796875
11075286,60.60791015625
11078391,31.1279296875
11090930,56.94580078125
11094272,63.1103515625
11095202,53.28369140625
11098531,66.58935546875
11101728,53.955078125
11104956,49.98779296875
11106268,51.81884765625
11108850,58.77685546875
11110187,48.9501953125
11114450,48.095703125
11118213,48.583984375
11120193,61.09619140625
11123724,56.33544921875
11126289,48.64501953125
11127522,45.654296875
11130903,54.13818359375
11133233,44.00634765625
11135385,45.83740234375
11137346,54.50439453125
11137722,32.53173828125
11141215,49.31640625
11144621,46.7529296875
11146176,51.81884765625
11147845,51.81884765625
11148890,37.59765625
11153376,48.40087890625
11154365,47.9736328125
11157480,52.978515625
11159705,42.48046875
11162252,45.5322265625
11164418,41.50390625
11166407,54.19921875
11170225,48.88916015625
11173551,47.607421875
11174748,45.83740234375
11176973,51.69677734375
11179129,49.8046875
11182514,50.1708984375
11184008,51.025390625
11188291,45.166015625
11190160,48.583984375
11192814,44.98291015625
11193985,57.43408203125
11196114,44.61669921875
11199418,53.7109375
11201488,53.89404296875
11205684,47.18017578125
11206686,46.9970703125
11208663,47.36328125
11209828,55.419921875
11211135,31.73828125
11211273,44.49462890625
11215442,52.67333984375
11216406,40.283203125
11220905,45.654296875
11223731,50.537109375
11225024,32.89794921875
11227254,49.560546875
11230536,43.5791015625
11233011,57.43408203125
11235065,47.607421875
11236841,56.7626953125
11238510,42.78564453125
11242294,45.71533203125
11243624,44.00634765625
11246648,55.7861328125
11248485,54.8095703125
11250521,47.8515625
11254401,45.5322265625
11257511,62.56103515625
11258984,56.70166015625
11260370,31.55517578125
11261657,50.29296875
11267085,50.048828125
11268248,58.41064453125
11271105,49.74365234375
11273487,53.1005859375
11276805,51.3916015625
11278888,47.607421875
11281256,31.43310546875
11282991,50.4150390625
11283955,50.1708984375
11287760,64.51416015625
11289566,58.59375
11291005,51.7578125
11294194,49.072265625
11294722,32.40966796875
11296408,43.15185546875
11299802,49.37744140625
11303325,53.8330078125
11305864,51.6357421875
11309651,44.73876953125
11311132,52.55126953125
11312225,60.85205078125
11315347,31.18896484375
11315962,54.0771484375
11319646,58.2275390625
11321932,57.31201171875
11326496,56.396484375
11328575,57.80029296875
11330264,47.607421875
11333319,47.4853515625
11334376,49.86572265625
11336298,48.40087890625
11342695,63.5986328125
11346048,56.94580078125
11348944,58.89892578125
11352155,49.13330078125
11354209,57.18994140625
11356511,51.8798828125
11359072,51.81884765625
11362683,47.36328125
11364347,50.10986328125
11367956,51.1474609375
11369234,52.42919921875
11371796,55.96923828125
11375768,48.33984375
11377410,32.958984375
11378468,53.64990234375
11382963,50.048828125
11386399,58.89892578125
11388760,50.1708984375
11393441,48.095703125
11398578,61.70654296875
11402316,43.76220703125
11404724,51.8798828125
11408120,42.96875
11411264,57.2509765625
11414309,53.52783203125
11417691,50.47607421875
11419103,51.6357421875
11425087,60.72998046875
11427831,55.35888671875
11430759,55.96923828125
11434291,49.86572265625
11437670,37.9638671875
11440851,48.27880859375
11443838,47.7294921875
11446307,45.654296875
11449172,50.4150390625
11451860,52.6123046875
11459781,53.28369140625
11462614,50.9033203125
11466337,59.5703125
11469130,48.095703125
11473191,52.8564453125
11476656,50.84228515625
11479294,51.7578125
11479560,60.1806640625
11479835,50.4150390625
11480360,51.08642578125
11488312,49.25537109375
11492882,51.45263671875
11494648,33.02001953125
11497813,54.74853515625
11500299,60.6689453125
11506854,62.19482421875
11512162,52.79541015625
11516298,62.98828125
11521989,51.8798828125
11524969,64.3310546875
11527323,57.4951171875
11532031,59.2041015625
11534338,59.87548828125
11537930,53.03955078125
11540668,49.74365234375
11542517,50.6591796875
11547191,48.27880859375
11550196,61.46240234375
11553501,52.490234375
11555240,50.59814453125
11559569,55.908203125
11561771,56.15234375
11568008,51.20849609375
11569845,54.5654296875
11573776,50.59814453125
11577213,56.884765625
11579882,65.0634765625
11582322,47.91259765625
11588063,56.5185546875
11590455,56.70166015625
11592895,50.96435546875
11595391,50.10986328125
11599846,55.17578125
11603501,62.3779296875
11605904,59.2041015625
11610443,58.59375
11613866,60.4248046875
11618075,59.326171875
11620572,59.2041015625
11622454,64.0869140625
11624400,59.08203125
11626376,44.86083984375
11630755,56.09130859375
11633063,57.0068359375
11636842,57.67822265625
11640024,31.1279296875
11641566,52.06298828125
11643333,69.9462890625
11644679,62.1337890625
11648462,60.36376953125
11652025,57.31201171875
11653385,55.17578125
11655605,56.7626953125
11658975,31.25
11661109,53.40576171875
11662705,55.908203125
11666345,48.64501953125
11671166,49.31640625
11673484,58.04443359375
11676995,57.06787109375
11677364,34.3017578125
11679250,49.37744140625
11682022,59.63134765625
11684238,54.26025390625
11686774,53.28369140625
11690210,55.6640625
11692722,51.20849609375
11697582,54.6875
11701778,59.4482421875
11704357,58.4716796875
11706434,59.38720703125
11708820,55.2978515625
11710717,57.0068359375
11715684,47.91259765625
11718905,56.70166015625
11723213,60.48583984375
11724462,58.53271484375
11731660,47.119140625
11733820,59.26513671875
11736299,48.33984375
11739137,54.8095703125
11743233,55.908203125
11746793,59.87548828125
11749921,51.3916015625
11754889,61.767578125
11756101,41.32080078125
11757927,45.7763671875
11758107,31.982421875
11764520,44.98291015625
11766864,55.11474609375
11771494,62.80517578125
11774404,57.18994140625
11777414,54.26025390625
11781425,44.7998046875
11785314,53.7109375
11789381,51.8798828125
11790983,52.79541015625
11795566,57.861328125
11798994,65.91796875
11802070,59.50927734375
11804835,62.255859375
11808535,46.142578125
11813334,41.8701171875
11814875,59.6923828125
11818993,54.0771484375
11822197,51.20849609375
11824481,59.50927734375
11829101,55.0537109375
11832626,61.46240234375
11836072,57.06787109375
11838133,48.03466796875
11841631,61.6455078125
11844719,49.98779296875
11845496,32.04345703125
11849552,56.640625
11852110,57.9833984375
11854547,49.25537109375
11857746,47.36328125
11859886,53.03955078125
11865230,53.466796875
11866948,42.17529296875
11870820,55.7861328125
11872130,31.55517578125
11873087,53.64990234375
11874272,52.55126953125
11876986,60.546875
11879899,57.861328125
11884458,53.7109375
11888605,55.84716796875
11892348,46.5087890625
11894289,54.5654296875
11897149,51.57470703125
11899478,54.87060546875
11901390,44.00634765625
11905236,56.5185546875
11910308,54.8095703125
11912725,57.31201171875
11915207,55.6640625
11921003,46.56982421875
11923152,58.77685546875
11928010,58.16650390625
11929346,57.9833984375
11932570,50.72021484375
11937457,59.08203125
11939605,51.57470703125
11941828,61.58447265625
11944194,43.45703125
11946661,50.59814453125
11951520,54.13818359375
11954981,58.65478515625
11957730,57.92236328125
11962027,62.8662109375
11964872,65.24658203125
11966046,47.9736328125
11970622,55.48095703125
11974394,32.40966796875
11974662,42.724609375
11979393,64.3310546875
11983569,66.5283203125
11984953,62.98828125
11985594,36.92626953125
11989027,61.5234375
11990708,54.74853515625
11995054,52.42919921875
