11999000,0
848411,32.470703125
890338,36.19384765625
939363,32.53173828125
946382,32.77587890625
953271,32.8369140625
967733,32.470703125
981240,32.2265625
1019639,33.0810546875
1084992,32.04345703125
1218103,32.3486328125
1231903,47.66845703125
1307706,32.28759765625
1346319,32.5927734375
1422996,32.1044921875
1496457,32.3486328125
1563482,35.82763671875
1756683,32.8369140625
1837527,34.0576171875
1837961,33.50830078125
2039016,33.447265625
2160724,32.958984375
2170344,31.982421875
2208502,32.65380859375
2382891,32.53173828125
2425460,32.89794921875
2455392,32.28759765625
2482260,35.94970703125
2560012,34.1796875
2581028,57.373046875
2581061,33.38623046875
2581175,41.68701171875
2581185,32.04345703125
2581214,35.15625
2581336,32.5927734375
2581374,68.603515625
2581504,33.26416015625
2581525,40.22216796875
2581629,43.701171875
2581760,42.29736328125
2582147,105.65185546875
2582589,89.7216796875
2582654,32.1044921875
2582892,92.34619140625
2582982,32.77587890625
2583626,56.15234375
2583728,32.89794921875
2584310,33.99658203125
2584341,33.02001953125
2584369,88.5009765625
2584796,31.8603515625
2585279,89.599609375
2585566,32.5927734375
2585725,33.203125
2586179,32.28759765625
2586293,54.443359375
2587155,31.8603515625
2588081,53.16162109375
2600015,35.888671875
2604958,32.8369140625
2606564,44.37255859375
2606798,53.466796875
2606860,37.17041015625
2606959,33.0810546875
2607061,43.88427734375
2607218,65.4296875
2607332,32.3486328125
2607349,32.77587890625
2607501,32.3486328125
2607555,47.36328125
2607596,44.0673828125
2607985,61.5234375
2608180,36.62109375
2608384,99.91455078125
2608576,36.865234375
2608686,40.22216796875
2608920,88.92822265625
2609434,39.0625
2610045,51.1474609375
2610064,38.0859375
2631480,33.99658203125
2687381,44.921875
2687632,40.4052734375
2687644,33.0810546875
2687680,46.7529296875
2687886,41.1376953125
2687918,32.8369140625
2687974,36.56005859375
2688099,47.66845703125
2688183,36.865234375
2688362,68.66455078125
2688827,61.5234375
2689321,101.318359375
2689346,44.677734375
2689408,34.60693359375
2689939,46.69189453125
2690549,35.7666015625
2690641,64.453125
2950256,32.28759765625
3062221,33.3251953125
3190757,34.3017578125
3205732,32.16552734375
3218007,32.3486328125
3270030,37.841796875
3332789,35.64453125
3425595,33.50830078125
3457007,36.0107421875
3496050,32.04345703125
3518311,53.3447265625
3518477,34.66796875
3518534,37.65869140625
3518591,50.23193359375
3518734,35.09521484375
3518765,32.3486328125
3518775,32.16552734375
3518794,35.7666015625
3518816,106.01806640625
3519115,122.98583984375
3519155,33.63037109375
3519260,52.24609375
3519320,38.87939453125
3519559,63.65966796875
3519649,32.65380859375
3519701,92.1630859375
3519844,54.13818359375
3520031,50.29296875
3520130,32.16552734375
3520278,54.8095703125
3520497,98.57177734375
3520718,86.5478515625
3521067,39.97802734375
3521080,86.42578125
3521993,90.02685546875
3522287,46.9970703125
3522396,41.07666015625
3522780,68.84765625
3522802,36.43798828125
3522835,34.11865234375
3523467,44.189453125
3540684,34.0576171875
3558661,34.36279296875
3694644,32.16552734375
3748846,34.72900390625
3877144,35.64453125
3903242,54.99267578125
3903401,50.59814453125
3903416,43.5791015625
3903443,42.66357421875
3903456,33.203125
3903641,99.42626953125
3903739,33.38623046875
3903796,37.65869140625
3903873,57.12890625
3903937,34.66796875
3904179,33.69140625
3904192,33.38623046875
3904223,34.72900390625
3904265,33.447265625
3904368,32.40966796875
3904517,103.02734375
3904716,63.90380859375
3904737,31.92138671875
3904863,32.8369140625
3904978,95.76416015625
3905157,32.89794921875
3905479,34.1796875
3905500,39.1845703125
3905586,33.447265625
3906179,94.17724609375
3906260,32.470703125
3906318,34.7900390625
3906679,37.04833984375
3936504,41.015625
3936728,32.77587890625
3936781,36.80419921875
3937061,98.69384765625
3937251,36.07177734375
3937279,105.224609375
3937431,40.22216796875
3937482,48.828125
3937514,63.232421875
3937537,33.203125
3937814,56.2744140625
3937918,36.0107421875
3938243,39.9169921875
3938280,32.77587890625
3939044,56.2744140625
3939315,33.69140625
3939350,32.04345703125
3939851,37.29248046875
3940628,37.353515625
4131070,47.05810546875
4131186,36.1328125
4131216,42.3583984375
4131318,33.75244140625
4131551,41.9921875
4131745,85.14404296875
4131755,36.62109375
4131828,36.31591796875
4131981,40.95458984375
4132268,70.3125
4132412,35.21728515625
4132595,104.67529296875
4132612,33.14208984375
4132765,32.5927734375
4133020,94.3603515625
4133046,38.39111328125
4133071,31.982421875
4133175,31.92138671875
4133314,51.20849609375
4133423,32.1044921875
4133581,47.91259765625
4133846,36.19384765625
4133907,50.29296875
4134272,50.6591796875
4134724,85.693359375
4134991,35.400390625
4170403,45.22705078125
4170455,38.75732421875
4170544,33.99658203125
4170589,36.56005859375
4170690,36.4990234375
4170760,97.412109375
4170963,39.24560546875
4171008,39.306640625
4171034,32.77587890625
4171131,90.6982421875
4171331,41.3818359375
4171398,76.904296875
4171444,35.7666015625
4171710,52.91748046875
4171824,34.0576171875
4172084,56.640625
4172095,35.7666015625
4172489,95.15380859375
4172862,96.00830078125
4173400,31.8603515625
4173506,110.2294921875
4174098,37.41455078125
4201024,42.17529296875
4201103,46.7529296875
4201355,38.02490234375
4201401,69.7021484375
4201570,37.04833984375
4201725,54.3212890625
4202037,32.53173828125
4202089,62.56103515625
4202329,32.77587890625
4202345,48.2177734375
4202370,33.203125
4202671,106.4453125
4202985,36.19384765625
4203551,41.80908203125
4203627,35.09521484375
4203641,96.25244140625
4204242,43.701171875
4290028,41.68701171875
4290168,37.7197265625
4290189,34.0576171875
4290233,34.3017578125
4290361,34.912109375
4290395,51.45263671875
4290475,42.6025390625
4290485,35.33935546875
4290554,36.865234375
4290821,39.6728515625
4290953,32.3486328125
4290998,57.6171875
4291057,40.283203125
4291090,37.17041015625
4291152,48.095703125
4291368,94.1162109375
4291469,34.11865234375
4291609,81.48193359375
4292131,44.3115234375
4292676,32.71484375
4292835,89.9658203125
4370697,33.99658203125
4502806,33.63037109375
4540052,39.12353515625
4552222,32.89794921875
4584554,32.958984375
4625704,33.203125
4656694,32.04345703125
4692073,33.75244140625
4740362,32.470703125
4757590,49.31640625
4757621,37.7197265625
4757731,59.14306640625
4757750,32.8369140625
4757927,44.0673828125
4757944,53.22265625
4758163,34.11865234375
4758256,55.96923828125
4758305,35.0341796875
4758655,67.626953125
4758887,102.96630859375
4758912,38.75732421875
4758940,32.16552734375
4759078,49.6826171875
4759104,31.92138671875
4759210,33.63037109375
4759276,51.025390625
4759574,98.9990234375
4759635,40.283203125
4759827,96.8017578125
4760036,32.77587890625
4760201,85.693359375
4760426,33.447265625
4760470,80.38330078125
4760676,40.22216796875
4760867,80.4443359375
4761308,47.9736328125
4762141,79.2236328125
4762931,36.43798828125
4775755,31.92138671875
4780323,42.236328125
4780577,36.7431640625
4780593,33.50830078125
4780634,47.607421875
4780783,34.912109375
4780876,100.52490234375
4781075,37.65869140625
4781431,86.42578125
4781464,33.935546875
4781501,35.46142578125
4781805,33.75244140625
4781949,34.24072265625
4782102,85.99853515625
4782239,35.46142578125
4782431,52.1240234375
4782769,60.9130859375
4782983,67.2607421875
4783225,35.94970703125
4783558,90.02685546875
4783989,34.85107421875
4784562,33.63037109375
4808041,32.5927734375
4813015,50.4150390625
4813118,31.982421875
4813273,43.88427734375
4813311,36.4990234375
4813366,81.6650390625
4813447,32.5927734375
4813464,37.29248046875
4813545,35.15625
4813711,33.3251953125
4813980,34.48486328125
4814048,44.86083984375
4814337,34.912109375
4814366,60.05859375
4814442,35.888671875
4814636,92.6513671875
4814886,69.580078125
4815112,83.8623046875
4815268,33.38623046875
4815285,33.447265625
4815421,68.90869140625
4815731,81.23779296875
4815909,35.15625
4815970,81.35986328125
4816194,46.0205078125
4816580,35.888671875
4817681,69.88525390625
4846492,48.27880859375
4846588,33.26416015625
4846662,34.912109375
4846686,32.16552734375
4846791,81.11572265625
4847087,42.3583984375
4847146,33.50830078125
4847170,46.32568359375
4847237,32.77587890625
4847319,38.9404296875
4847559,40.283203125
4847617,83.3740234375
4848014,49.4384765625
4848048,53.5888671875
4848166,35.0341796875
4848461,95.0927734375
4848485,41.015625
4848541,42.90771484375
4848801,92.041015625
4849155,34.36279296875
4849277,32.71484375
4849631,78.67431640625
4850139,47.18017578125
4873943,37.109375
4874140,36.865234375
4874168,36.31591796875
4874364,49.8046875
4874385,41.6259765625
4874396,38.39111328125
4874458,34.423828125
4874884,31.8603515625
4874921,35.70556640625
4874966,33.50830078125
4875088,85.205078125
4875362,80.26123046875
4875638,68.54248046875
4875949,32.04345703125
4876005,34.5458984375
4876039,37.353515625
4876413,55.419921875
4876667,72.32666015625
4876994,73.54736328125
4896150,32.958984375
4995456,32.40966796875
5009460,34.36279296875
5009475,32.8369140625
5009513,67.9931640625
5011317,76.7822265625
5011353,95.27587890625
5011369,70.80078125
5011412,38.6962890625
5011423,37.353515625
5011447,35.70556640625
5016501,32.16552734375
5016512,45.0439453125
5016604,34.423828125
5016663,32.16552734375
5016721,34.423828125
5016894,36.80419921875
5016911,32.04345703125
5016997,33.38623046875
5017071,64.39208984375
5017444,48.76708984375
5017478,41.44287109375
5017496,38.330078125
5017590,35.70556640625
5017962,116.51611328125
5018005,34.85107421875
5018243,59.6923828125
5018586,44.37255859375
5019115,56.45751953125
5019202,37.29248046875
5019816,33.50830078125
5066010,36.31591796875
5147776,32.40966796875
5166897,31.92138671875
5185109,35.15625
5201149,45.2880859375
5201519,42.1142578125
5201569,47.79052734375
5201954,34.0576171875
5202029,32.470703125
5202135,101.74560546875
5202192,31.982421875
5202273,33.63037109375
5202612,58.89892578125
5202801,65.49072265625
5202847,33.5693359375
5203076,92.28515625
5203114,31.8603515625
5203137,36.92626953125
5203293,89.9658203125
5203417,31.92138671875
5203488,77.880859375
5203540,33.75244140625
5203690,90.4541015625
5204063,47.30224609375
5204423,94.42138671875
5205309,93.93310546875
5230686,34.7900390625
5245810,48.64501953125
5245960,32.2265625
5246026,45.0439453125
5246212,33.99658203125
5246335,101.01318359375
5246404,41.9921875
5246610,70.61767578125
5246952,39.12353515625
5246988,33.75244140625
5247401,44.0673828125
5247712,115.53955078125
5247975,84.716796875
5248017,33.02001953125
5248270,32.65380859375
5248286,32.470703125
5248541,54.62646484375
5249136,58.16650390625
5282038,51.20849609375
5282074,37.2314453125
5282246,44.12841796875
5282273,33.203125
5282409,101.6845703125
5282421,36.80419921875
5282464,34.0576171875
5282596,44.98291015625
5282645,34.36279296875
5282723,34.72900390625
5282764,105.65185546875
5282946,32.3486328125
5283008,49.31640625
5283025,41.8701171875
5283264,49.31640625
5283372,38.0859375
5283487,36.92626953125
5283504,89.599609375
5283782,39.85595703125
5283955,41.6259765625
5284211,31.982421875
5284329,34.423828125
5284683,84.716796875
5284823,31.8603515625
5284921,64.94140625
5285342,42.05322265625
5297210,31.8603515625
5315594,33.02001953125
5315636,33.69140625
5315653,40.34423828125
5316279,36.43798828125
5316435,32.71484375
5316485,41.3818359375
5316503,38.63525390625
5316974,99.54833984375
5317153,36.31591796875
5317291,81.23779296875
5317310,41.1376953125
5317608,60.48583984375
5317618,45.8984375
5317847,56.70166015625
5318155,81.48193359375
5318601,49.6826171875
5318637,32.470703125
5318675,34.97314453125
5318710,54.0771484375
5319022,33.38623046875
5319541,89.4775390625
5352178,32.3486328125
5396585,33.26416015625
5452068,35.7666015625
5507770,32.40966796875
5526588,32.40966796875
5530952,44.49462890625
5530989,40.52734375
5531083,31.92138671875
5531189,38.02490234375
5531272,75.3173828125
5531348,48.27880859375
5531598,33.63037109375
5531648,34.66796875
5531715,48.27880859375
5531757,31.982421875
5531912,32.40966796875
5532098,33.02001953125
5532120,60.60791015625
5532361,42.724609375
5532575,70.1904296875
5532852,109.4970703125
5533177,78.4912109375
5533205,34.0576171875
5533538,90.6982421875
5534087,41.3818359375
5553766,32.958984375
5589020,37.59765625
5589106,32.28759765625
5589167,33.3251953125
5589394,35.2783203125
5589622,38.14697265625
5589749,74.21875
5589807,31.982421875
5590081,43.27392578125
5590147,99.79248046875
5590401,54.931640625
5590622,40.83251953125
5590963,77.392578125
5590994,32.40966796875
5591020,41.56494140625
5591315,76.84326171875
5591546,37.78076171875
5591716,98.20556640625
5592147,57.12890625
5592832,91.49169921875
5633574,32.470703125
5633599,32.53173828125
5633685,48.33984375
5633801,37.65869140625
5633871,69.39697265625
5633888,32.958984375
5633983,34.11865234375
5634014,33.50830078125
5634264,34.36279296875
5634287,61.82861328125
5634342,32.28759765625
5634356,38.39111328125
5634654,57.06787109375
5634791,31.8603515625
5634915,35.58349609375
5634997,45.5322265625
5635585,91.1865234375
5635624,33.203125
5636119,38.9404296875
5636173,34.97314453125
5636456,94.66552734375
5637407,41.6259765625
5730547,33.87451171875
5739127,32.1044921875
5903600,40.83251953125
5903906,41.9921875
5904050,34.72900390625
5904097,32.04345703125
5904129,32.5927734375
5904250,33.0810546875
5904595,34.0576171875
5904617,36.56005859375
5904644,49.8046875
5904814,35.400390625
5904872,44.677734375
5904997,35.2783203125
5905056,39.24560546875
5905154,90.6982421875
5905382,32.958984375
5905466,66.40625
5905779,89.66064453125
5906025,82.70263671875
5906175,35.82763671875
5906292,84.1064453125
5906587,32.470703125
5906753,66.89453125
5907017,76.96533203125
5907363,79.16259765625
5907923,79.1015625
5940899,40.95458984375
5941157,41.68701171875
5941183,34.3017578125
5941319,34.36279296875
5941358,33.63037109375
5941545,38.51318359375
5941652,38.14697265625
5941749,104.3701171875
5941896,33.447265625
5941983,39.306640625
5942212,97.412109375
5942270,37.53662109375
5942552,34.11865234375
5942605,80.01708984375
5942658,37.2314453125
5942991,113.46435546875
5943033,34.24072265625
5943535,49.25537109375
5943855,91.61376953125
5944284,48.9501953125
5944772,50.84228515625
5945674,65.49072265625
5964387,35.58349609375
5969516,32.53173828125
5974779,32.470703125
5974976,33.447265625
5975030,37.841796875
5975071,35.7666015625
5975305,80.9326171875
5975318,38.6962890625
5975437,35.70556640625
5975457,34.85107421875
5975740,90.51513671875
5975825,33.26416015625
5976141,77.880859375
5976367,42.8466796875
5976638,78.7353515625
5976880,33.69140625
5976935,35.94970703125
5977083,35.888671875
5977328,75.439453125
5977686,80.26123046875
5977722,39.306640625
5978035,63.17138671875
5978555,35.46142578125
6014921,53.89404296875
6015068,34.72900390625
6015142,40.52734375
6015227,35.58349609375
6015405,53.8330078125
6015423,52.001953125
6015473,41.6259765625
6015670,91.00341796875
6015757,32.8369140625
6015875,34.24072265625
6016075,32.04345703125
6016101,32.28759765625
6016138,92.71240234375
6016281,34.24072265625
6016335,37.2314453125
6016430,48.7060546875
6016831,46.9970703125
6017199,86.7919921875
6017576,74.3408203125
6017970,86.669921875
6018815,38.51318359375
6069262,38.51318359375
6069331,44.73876953125
6069424,37.9638671875
6069449,35.09521484375
6069683,39.73388671875
6069718,100.341796875
6069734,32.2265625
6069928,43.27392578125
6070136,60.24169921875
6070589,59.50927734375
6070752,32.16552734375
6071100,40.58837890625
6071116,70.3125
6071230,32.3486328125
6071475,80.13916015625
6071526,37.7197265625
6071843,86.181640625
6072271,36.0107421875
6072315,48.9501953125
6072991,49.560546875
6103187,32.2265625
6105614,33.26416015625
6105652,47.79052734375
6105725,40.8935546875
6105815,36.19384765625
6105943,38.0859375
6106164,35.2783203125
6106202,35.09521484375
6106441,42.41943359375
6106494,44.7998046875
6106792,35.09521484375
6106847,40.71044921875
6106863,34.66796875
6106905,98.2666015625
6107202,52.24609375
6107291,41.6259765625
6107492,53.7109375
6107840,32.470703125
6107854,35.400390625
6107893,44.73876953125
6108396,35.82763671875
6108552,52.55126953125
6108873,50.78125
6109377,69.39697265625
6129976,32.3486328125
6148471,40.771484375
6148658,36.4990234375
6148683,36.56005859375
6148744,31.92138671875
6148875,32.2265625
6148921,35.888671875
6149168,37.65869140625
6149211,79.9560546875
6149225,34.3017578125
6149286,35.58349609375
6149494,76.96533203125
6149526,35.33935546875
6149590,32.470703125
6149959,90.51513671875
6150333,36.68212890625
6150499,45.59326171875
6150547,34.7900390625
6151610,81.298828125
6230422,34.0576171875
6283472,34.1796875
6349027,33.38623046875
6433176,33.0810546875
6433322,61.279296875
6433509,33.87451171875
6433672,35.46142578125
6433740,34.0576171875
6433762,32.65380859375
6433906,57.55615234375
6434055,34.0576171875
6434317,58.59375
6434540,87.7685546875
6434809,91.73583984375
6435174,62.6220703125
6435235,34.60693359375
6435481,87.890625
6435775,33.5693359375
6435941,86.24267578125
6436262,33.203125
6436304,47.36328125
6436601,37.353515625
6436973,71.83837890625
6468629,36.43798828125
6468799,33.0810546875
6468848,33.87451171875
6468973,33.99658203125
6469129,35.09521484375
6469181,91.30859375
6469588,31.8603515625
6469625,75.5615234375
6470046,93.32275390625
6470105,41.6259765625
6470526,54.443359375
6470581,32.28759765625
6471035,57.31201171875
6471395,81.60400390625
6471668,49.072265625
6471950,40.58837890625
6472250,41.3818359375
6472678,44.25048828125
6473495,78.30810546875
6547886,33.8134765625
6596199,33.0810546875
6791963,32.89794921875
6815541,31.982421875
6823575,33.3251953125
6827392,33.935546875
6856615,32.1044921875
6919661,33.0810546875
6919727,32.1044921875
6983617,32.1044921875
7016581,31.982421875
7104040,32.65380859375
7104086,34.85107421875
7104152,34.5458984375
7104389,96.86279296875
7104484,39.6728515625
7104857,31.92138671875
7104921,98.5107421875
7105128,33.02001953125
7105213,81.4208984375
7105382,36.07177734375
7105616,95.03173828125
7105823,78.125
7105957,36.1328125
7105986,34.7900390625
7106303,46.32568359375
7106482,59.38720703125
7106552,34.0576171875
7106692,48.88916015625
7107024,86.9140625
7107276,36.7431640625
7107620,42.8466796875
7107637,32.2265625
7107711,34.66796875
7107760,34.5458984375
7108014,32.470703125
7108801,49.86572265625
7109621,46.20361328125
7127806,41.3818359375
7128034,34.85107421875
7128071,47.91259765625
7128147,37.65869140625
7128419,95.947265625
7128622,41.32080078125
7128933,48.583984375
7128949,39.4287109375
7129134,44.3115234375
7129418,35.888671875
7129469,77.1484375
7129759,51.8798828125
7130035,41.56494140625
7130262,33.26416015625
7130295,50.29296875
7130486,63.78173828125
7130851,44.7998046875
7131263,45.8984375
7131664,35.15625
7132302,73.42529296875
7158758,46.875
7159020,96.25244140625
7159224,35.70556640625
7159440,46.9970703125
7159714,37.53662109375
7159749,65.7958984375
7159972,81.1767578125
7160123,34.60693359375
7160161,42.236328125
7160387,94.7265625
7160571,40.46630859375
7160629,72.93701171875
7160831,86.97509765625
7160992,31.8603515625
7161071,37.109375
7161369,64.02587890625
7161710,46.630859375
7161977,35.5224609375
7162225,56.640625
7162470,54.0771484375
7162751,63.65966796875
7163276,33.0810546875
7181540,32.16552734375
7183881,33.38623046875
7183895,38.9404296875
7184237,34.11865234375
7184259,45.71533203125
7184532,32.8369140625
7184647,33.50830078125
7184826,57.4951171875
7184971,45.83740234375
7185172,48.095703125
7185187,36.0107421875
7185514,71.044921875
7185658,31.982421875
7185852,51.8798828125
7186222,47.607421875
7186581,84.1064453125
7187121,40.46630859375
7228457,32.16552734375
7234131,35.15625
7234209,39.61181640625
7234660,46.08154296875
7234758,89.90478515625
7234877,49.6826171875
7234940,38.57421875
7235216,34.66796875
7235264,36.07177734375
7235307,85.14404296875
7235497,32.89794921875
7235689,35.58349609375
7235714,58.59375
7236106,51.08642578125
7236348,39.61181640625
7236418,35.400390625
7236578,47.79052734375
7236831,32.470703125
7236862,58.04443359375
7237179,69.091796875
7237509,74.03564453125
7237867,86.12060546875
7238464,39.1845703125
7287062,36.0107421875
7287369,39.24560546875
7287738,47.05810546875
7287775,32.40966796875
7287972,32.28759765625
7288023,38.57421875
7288104,76.7822265625
7288335,33.14208984375
7288461,79.833984375
7288490,32.77587890625
7288766,101.25732421875
7288974,37.90283203125
7289116,92.95654296875
7289416,52.1240234375
7289611,72.93701171875
7289926,68.17626953125
7290485,43.45703125
7291381,34.66796875
7324257,40.771484375
7324368,33.14208984375
7324433,36.62109375
7324544,32.77587890625
7324566,35.5224609375
7324828,86.73095703125
7324970,33.447265625
7325011,39.9169921875
7325259,33.3251953125
7325317,33.203125
7325391,41.3818359375
7325793,85.205078125
7326131,39.4287109375
7326170,70.80078125
7326547,31.8603515625
7326594,77.94189453125
7326936,81.48193359375
7327252,44.43359375
7327789,35.58349609375
7361627,32.5927734375
7363330,44.0673828125
7363487,33.02001953125
7363555,39.6728515625
7363912,48.15673828125
7364076,32.77587890625
7364235,74.52392578125
7364254,35.888671875
7364602,69.51904296875
7365100,76.2939453125
7365438,41.015625
7366057,39.306640625
7623202,36.2548828125
7705374,33.3251953125
7712397,35.09521484375
7791623,33.14208984375
8006213,39.306640625
8006332,34.60693359375
8006425,34.60693359375
8006497,32.958984375
8006586,96.98486328125
8006837,83.19091796875
8007081,94.66552734375
8007443,94.66552734375
8007492,33.14208984375
8007659,42.41943359375
8007899,72.3876953125
8007961,43.88427734375
8008067,42.6025390625
8008282,34.85107421875
8008303,51.6357421875
8008474,43.76220703125
8008681,39.6728515625
8009006,71.8994140625
8009062,32.2265625
8009269,60.85205078125
8009531,72.93701171875
8009629,37.59765625
8009649,32.16552734375
8010020,78.30810546875
8010274,32.53173828125
8011094,46.81396484375
8011685,60.546875
8037229,43.39599609375
8037398,31.8603515625
8037426,32.40966796875
8037676,44.0673828125
8037782,32.2265625
8037979,35.70556640625
8038157,45.5322265625
8038432,82.82470703125
8038753,44.25048828125
8038926,52.8564453125
8039118,61.82861328125
8039187,32.53173828125
8039350,82.82470703125
8039473,33.38623046875
8039525,57.43408203125
8039802,50.47607421875
8040027,65.97900390625
8040247,32.958984375
8040503,40.10009765625
8040838,61.5234375
8040877,34.36279296875
8041200,40.22216796875
8041561,60.546875
8042341,44.5556640625
8068236,50.23193359375
8068700,47.607421875
8068932,50.84228515625
8068944,91.9189453125
8068981,32.40966796875
8069262,42.66357421875
8069292,35.21728515625
8069498,80.6884765625
8069570,33.8134765625
8069747,97.16796875
8069945,68.84765625
8070156,56.82373046875
8070360,42.17529296875
8070587,59.4482421875
8070773,73.974609375
8070964,77.2705078125
8070976,37.59765625
8071220,64.94140625
8071392,46.08154296875
8071616,61.58447265625
8071891,33.203125
8072116,41.44287109375
8072563,69.4580078125
8073263,60.11962890625
8236645,31.8603515625
8277184,35.21728515625
8280210,32.3486328125
8872045,47.4853515625
8872216,35.64453125
8872227,41.1376953125
8872403,82.1533203125
8872608,40.8935546875
8872637,94.6044921875
8872724,32.89794921875
8872785,36.68212890625
8872882,47.05810546875
8873036,32.16552734375
8873096,56.0302734375
8873273,72.021484375
8873455,39.36767578125
8873621,75.8056640625
8873775,57.18994140625
8874008,58.349609375
8874251,72.20458984375
8874302,36.4990234375
8874461,36.56005859375
8874601,36.19384765625
8874621,61.34033203125
8874994,70.4345703125
8875285,35.70556640625
8875351,36.19384765625
8875401,36.07177734375
8875534,32.3486328125
8875902,38.4521484375
8875919,57.7392578125
8876352,62.255859375
8876507,31.92138671875
8876626,35.888671875
8877129,65.4296875
8877523,80.322265625
8877974,37.17041015625
8878480,68.29833984375
8908310,41.9921875
8908381,34.11865234375
8908678,47.30224609375
8908869,35.0341796875
8908959,83.984375
8909156,39.97802734375
8909367,50.47607421875
8909598,76.11083984375
8909781,59.14306640625
8909882,35.21728515625
8910009,43.3349609375
8910209,38.26904296875
8910225,63.232421875
8910399,66.7724609375
8910631,44.86083984375
8910872,71.59423828125
8911090,57.0068359375
8911136,33.63037109375
8911307,62.1337890625
8911560,52.1240234375
8911879,42.05322265625
8912159,72.57080078125
8912557,69.39697265625
8912984,70.068359375
8946999,34.60693359375
8947170,32.04345703125
8947365,94.3603515625
8947604,32.958984375
8947676,33.38623046875
8947727,33.75244140625
8947807,91.49169921875
8948043,51.94091796875
8948340,85.99853515625
8948440,32.65380859375
8948505,40.0390625
8948723,67.0166015625
8948904,74.89013671875
8949100,73.1201171875
8949275,37.78076171875
8949516,64.75830078125
8949804,33.02001953125
8950049,34.72900390625
8950372,60.60791015625
8950716,33.38623046875
8951345,36.865234375
8986477,32.5927734375
8986794,49.9267578125
8987097,42.6025390625
8987156,35.0341796875
8987290,61.4013671875
8987540,36.68212890625
8987750,80.4443359375
8987937,78.125
8988229,70.49560546875
8988492,93.44482421875
8988538,35.888671875
8988734,42.41943359375
8988827,37.17041015625
8988852,36.1328125
8988970,72.3876953125
8989241,69.9462890625
8989589,75.0732421875
8989930,65.0634765625
8990421,74.462890625
9017201,39.0625
9198277,33.935546875
9746993,32.04345703125
9809591,32.1044921875
9823129,32.28759765625
9864824,31.92138671875
9943398,32.1044921875
9998919,36.376953125
10021602,39.6728515625
10021764,40.771484375
10021792,43.39599609375
10021830,34.423828125
10021925,35.21728515625
10021966,42.3583984375
10022112,33.0810546875
10022180,96.435546875
10022195,32.470703125
10022373,90.27099609375
10022526,42.78564453125
10022572,34.11865234375
10022757,48.583984375
10022897,62.5
10023122,76.7822265625
10023181,38.0859375
10023337,76.0498046875
10023514,70.068359375
10023606,32.53173828125
10023778,60.05859375
10023835,34.3017578125
10023855,33.0810546875
10023942,51.6357421875
10024209,33.38623046875
10024464,64.94140625
10024746,59.814453125
10024789,39.55078125
10024977,64.208984375
10025239,63.53759765625
10025811,36.0107421875
10026219,70.86181640625
10026622,43.8232421875
10027008,69.88525390625
10027475,67.3828125
10027917,33.14208984375
10028696,68.05419921875
10029413,67.32177734375
10050863,39.794921875
10050924,32.958984375
10051255,50.6591796875
10051530,33.69140625
10051749,41.68701171875
10052075,73.486328125
10052290,81.1767578125
10052367,38.2080078125
10052506,72.44873046875
10052748,33.75244140625
10052818,36.0107421875
10052977,37.17041015625
10053251,59.26513671875
10053494,77.392578125
10053710,65.3076171875
10053936,73.30322265625
10054263,37.29248046875
10054503,37.17041015625
10054827,66.46728515625
10055147,54.0771484375
10055725,56.09130859375
10077434,40.6494140625
10079081,31.8603515625
10079190,38.6962890625
10079259,45.47119140625
10079362,85.87646484375
10079519,33.935546875
10079580,34.423828125
10079767,83.740234375
10080029,35.58349609375
10080044,72.509765625
10080280,80.322265625
10080316,33.26416015625
10080527,35.82763671875
10080554,51.513671875
10080805,79.89501953125
10081067,42.96875
10081334,32.2265625
10081543,68.115234375
10081818,68.603515625
10082138,59.6923828125
10082396,75.98876953125
10082816,36.9873046875
10107994,41.9921875
10108198,40.58837890625
10108230,35.94970703125
10108300,41.80908203125
10108480,32.28759765625
10108799,87.82958984375
10109020,36.56005859375
10109095,37.53662109375
10109191,36.31591796875
10109326,49.74365234375
10109487,36.0107421875
10109659,81.84814453125
10109914,69.9462890625
10110097,38.02490234375
10110327,65.3076171875
10110534,67.56591796875
10110763,36.31591796875
10111031,37.2314453125
10111396,67.93212890625
10111688,54.01611328125
10112515,70.98388671875
10165326,31.8603515625
10316360,33.935546875
10502441,33.0810546875
10605956,32.89794921875
10642727,32.04345703125
10854825,31.982421875
11050983,34.423828125
11077668,42.724609375
11077903,42.48046875
11077974,35.70556640625
11078198,40.34423828125
11078317,38.02490234375
11078344,35.7666015625
11078515,40.1611328125
11078759,79.7119140625
11078906,45.59326171875
11079039,77.81982421875
11079207,32.16552734375
11079387,76.904296875
11079560,69.580078125
11079738,67.87109375
11079967,64.0869140625
11080178,61.1572265625
11080428,62.68310546875
11080678,82.8857421875
11080729,32.04345703125
11080877,70.6787109375
11081182,64.39208984375
11081445,56.45751953125
11081749,72.69287109375
11081787,33.14208984375
11082188,78.55224609375
11082539,67.07763671875
11083115,75.8056640625
11083517,62.43896484375
11083538,33.02001953125
11083914,55.6640625
11084441,40.46630859375
11085523,68.54248046875
11112005,45.83740234375
11112150,38.75732421875
11112195,35.70556640625
11112436,101.01318359375
11112697,54.01611328125
11112857,37.17041015625
11112895,37.841796875
11113146,80.26123046875
11113295,32.40966796875
11113324,74.40185546875
11113336,36.43798828125
11113506,73.42529296875
11113687,47.42431640625
11113880,37.2314453125
11114097,37.53662109375
11114279,59.38720703125
11114498,37.353515625
11114784,71.83837890625
11115006,62.1337890625
11115252,63.720703125
11115530,37.4755859375
11115913,69.7021484375
11116240,62.43896484375
11116805,58.4716796875
11138145,37.4755859375
11138223,40.52734375
11138336,36.9873046875
11138354,56.82373046875
11138743,45.41015625
11139072,83.3740234375
11139412,86.73095703125
11139685,66.95556640625
11139916,41.748046875
11140096,43.8232421875
11140180,85.75439453125
11140426,58.89892578125
11140762,80.62744140625
11141030,66.650390625
11141324,72.57080078125
11141628,73.05908203125
11142179,64.697265625
11155213,33.3251953125
11168372,46.0205078125
11168474,37.109375
11168599,36.1328125
11168768,88.9892578125
11168788,35.15625
11169095,47.607421875
11169173,44.73876953125
11169220,34.72900390625
11169319,70.6787109375
11169533,33.63037109375
11169584,114.1357421875
11169796,37.353515625
11170099,38.75732421875
11170307,49.86572265625
11170488,67.93212890625
11170716,67.44384765625
11170915,64.0869140625
11171152,59.4482421875
11171329,34.36279296875
11171412,69.3359375
11171634,55.11474609375
11171945,56.15234375
11172243,71.10595703125
11172668,65.12451171875
11173226,71.2890625
11204819,41.8701171875
11204896,35.15625
11205053,34.97314453125
11205125,75.98876953125
11205139,36.56005859375
11205472,80.322265625
11205588,35.94970703125
11205650,43.212890625
11205670,55.72509765625
11205870,52.490234375
11206085,70.25146484375
11206257,69.7021484375
11206465,36.1328125
11206481,52.79541015625
11206681,67.19970703125
11206790,41.80908203125
11206892,63.3544921875
11207079,68.29833984375
11207310,73.42529296875
11207509,48.828125
11207745,63.720703125
11208010,66.83349609375
11208414,66.46728515625
11316309,34.7900390625
11343045,32.28759765625
11545625,34.36279296875
11612569,32.5927734375
11851491,31.982421875
11973939,33.3251953125
11985376,32.53173828125
