7799001,0
43908,33.3251953125
43987,37.65869140625
64751,34.66796875
64890,140.44189453125
65066,104.4921875
65143,33.75244140625
65194,100.15869140625
65325,97.412109375
65490,74.89013671875
65729,99.2431640625
476609,94.66552734375
965648,191.95556640625
1028570,32.470703125
1630052,55.84716796875
1630073,48.4619140625
1630083,50.47607421875
1630101,110.595703125
1630116,97.71728515625
1630142,287.53662109375
1630159,128.90625
1630180,115.966796875
1630192,234.0087890625
1630223,77.2705078125
1630243,148.01025390625
1630257,113.58642578125
1630275,95.0927734375
1630291,112.24365234375
1630313,80.26123046875
1630323,82.3974609375
1630344,81.84814453125
1630366,77.94189453125
1630389,88.623046875
1630405,48.33984375
1630427,83.43505859375
1630443,46.5087890625
1630462,72.6318359375
1630493,63.1103515625
1630507,47.66845703125
1630531,83.984375
1630565,103.08837890625
1630587,47.4853515625
1630613,45.654296875
1630640,67.87109375
1630661,46.630859375
1630684,46.20361328125
1630698,39.794921875
1630715,69.39697265625
1630733,39.48974609375
1630763,81.97021484375
1630776,49.1943359375
1630793,58.4716796875
1630804,39.36767578125
1630834,43.701171875
1630883,38.02490234375
1630907,52.734375
1630932,42.96875
1630956,48.03466796875
1630970,33.99658203125
1630991,38.818359375
1631010,41.19873046875
1631051,52.79541015625
1631093,59.9365234375
1631153,39.36767578125
1631185,48.27880859375
1631198,47.9736328125
1631228,33.87451171875
1631270,34.60693359375
1631290,36.62109375
1631315,41.07666015625
1631383,32.89794921875
1631409,39.9169921875
1631437,56.15234375
1631479,41.9921875
1631519,45.10498046875
1631628,54.01611328125
1631792,57.4951171875
1647042,39.12353515625
1648078,37.59765625
1804133,34.97314453125
1804221,36.43798828125
1804253,45.8984375
1804274,42.54150390625
1804292,58.53271484375
1804314,34.48486328125
1804325,154.72412109375
1804346,34.5458984375
1804399,38.39111328125
1804444,33.87451171875
1804490,112.9150390625
1804575,73.54736328125
1804654,56.0302734375
1804664,52.55126953125
1804744,40.34423828125
1804847,53.64990234375
1804953,37.41455078125
1805101,62.31689453125
1805257,54.443359375
1937662,33.50830078125
1937758,32.71484375
1937768,38.39111328125
1937813,35.70556640625
1937835,141.05224609375
1937898,44.0673828125
1937929,119.56787109375
1938028,102.72216796875
1938125,83.984375
1938227,65.5517578125
1938309,34.85107421875
1938345,39.48974609375
1938373,32.65380859375
1938521,67.2607421875
1948841,32.53173828125
1963028,44.61669921875
1973121,33.0810546875
1975740,35.15625
1978498,33.38623046875
1982720,40.0390625
1990140,35.82763671875
1994262,32.5927734375
2007188,33.75244140625
2010353,39.00146484375
2014205,39.48974609375
2014764,32.71484375
2014853,33.5693359375
2032188,33.38623046875
2050827,46.5087890625
2051001,154.84619140625
2060734,34.48486328125
2068547,39.85595703125
2069125,37.7197265625
2080455,35.0341796875
2080478,32.958984375
2080548,35.64453125
2080604,33.87451171875
2081253,33.02001953125
2091525,33.935546875
2103106,33.38623046875
2103332,33.26416015625
2119236,37.29248046875
2119323,35.5224609375
2119691,34.3017578125
2162951,35.5224609375
2163172,34.24072265625
2163252,36.68212890625
2163277,32.28759765625
2163468,139.7705078125
2163989,137.75634765625
2708153,56.82373046875
4769881,32.53173828125
5865818,32.8369140625
6252807,33.3251953125
6253912,35.46142578125
6633534,95.76416015625
7031981,68.359375
7278285,32.28759765625
7435647,109.43603515625
7452633,82.09228515625
