7799001,0
1630084,44.0673828125
1630113,35.64453125
1630126,33.38623046875
1630147,44.5556640625
1630161,39.61181640625
1630182,59.75341796875
1630206,55.48095703125
1630236,41.32080078125
1630252,47.7294921875
1630267,34.97314453125
1630289,51.08642578125
1630315,48.4619140625
1630329,41.32080078125
1630353,46.69189453125
1630366,41.6259765625
1630404,30.3955078125
1630417,41.19873046875
1630435,44.61669921875
1630474,37.109375
1630522,48.15673828125
1630777,30.33447265625
1630836,31.55517578125
1630872,38.0859375
1630928,38.75732421875
1631689,32.53173828125
1804212,32.65380859375
1804240,39.73388671875
1804292,48.40087890625
1967541,30.517578125
2119961,31.3720703125
5732531,30.8837890625
5734762,35.64453125
5755259,31.06689453125
6878315,34.24072265625
7111531,32.16552734375
7230635,36.865234375
