7799001,0
267380,20.3857421875
337329,21.54541015625
1186503,20.20263671875
1424631,21.8505859375
1424697,21.8505859375
1436869,25.08544921875
1436979,21.66748046875
1707255,21.05712890625
1910490,21.54541015625
2815277,20.20263671875
2815307,22.27783203125
3092182,20.32470703125
3130744,20.5078125
3143943,20.5078125
3715077,20.263671875
4488252,25.08544921875
4775953,22.8271484375
4786328,20.81298828125
4799661,20.32470703125
5748157,20.44677734375
6535320,22.0947265625
6535397,26.123046875
6558097,21.91162109375
7303515,20.20263671875
7303581,24.90234375
7303593,23.37646484375
7317622,20.69091796875
