7799001,0
446107,17.88330078125
446131,20.6298828125
446163,16.41845703125
446194,24.169921875
446226,17.88330078125
446237,24.169921875
446265,23.13232421875
446277,26.30615234375
446305,40.771484375
446317,25.146484375
446350,28.86962890625
446372,18.98193359375
446389,35.2783203125
446408,28.3203125
446422,18.5546875
446433,18.9208984375
446465,36.68212890625
446486,19.10400390625
446501,20.3857421875
446531,22.216796875
446633,19.4091796875
446684,17.9443359375
446779,26.0009765625
458527,16.78466796875
458803,19.53125
458825,31.982421875
458853,18.06640625
458888,25.81787109375
458907,28.74755859375
458930,20.3857421875
458959,16.845703125
458986,18.73779296875
459006,41.93115234375
459031,31.73828125
459066,17.88330078125
459090,26.30615234375
459112,23.25439453125
459168,16.41845703125
459258,17.39501953125
459399,21.78955078125
459551,25.87890625
469045,17.822265625
469099,26.611328125
469114,17.822265625
469137,24.169921875
469170,37.59765625
469189,27.4658203125
469230,19.22607421875
469243,62.01171875
469269,21.97265625
469286,16.845703125
469307,38.02490234375
469344,17.51708984375
469359,16.845703125
469383,18.06640625
469404,24.658203125
469430,20.32470703125
469473,18.85986328125
469527,18.98193359375
469617,19.4091796875
469786,16.845703125
469927,20.01953125
470020,21.30126953125
480431,19.8974609375
480574,19.1650390625
480597,29.9072265625
480646,18.98193359375
480656,24.71923828125
480670,40.95458984375
480686,16.9677734375
480712,26.0009765625
480730,32.8369140625
480741,21.6064453125
480756,40.771484375
480775,30.21240234375
480813,22.94921875
480825,17.88330078125
480840,23.74267578125
480856,29.541015625
480903,16.54052734375
480916,17.08984375
480957,18.1884765625
480985,19.1650390625
481025,17.88330078125
481094,17.4560546875
481133,17.15087890625
481295,16.9677734375
481400,16.90673828125
481518,16.78466796875
481645,20.6298828125
481865,24.90234375
481998,25.81787109375
497193,36.4990234375
497208,16.845703125
497235,16.54052734375
497277,21.8505859375
497303,23.92578125
497313,28.25927734375
497348,25.45166015625
497367,28.1982421875
497377,32.53173828125
497388,36.9873046875
497420,23.8037109375
497431,20.44677734375
497461,17.63916015625
497485,18.37158203125
497526,19.10400390625
497598,21.17919921875
497789,17.39501953125
497874,16.357421875
498233,18.798828125
498471,19.71435546875
498737,25.20751953125
498937,20.5078125
499363,29.84619140625
600829,30.6396484375
600870,24.23095703125
600989,29.541015625
601156,29.60205078125
601226,35.58349609375
601313,16.357421875
601622,18.798828125
601642,19.775390625
601762,20.20263671875
601806,18.37158203125
601839,24.96337890625
601876,16.845703125
601906,42.78564453125
601931,28.86962890625
601956,17.2119140625
601971,20.93505859375
602005,34.24072265625
602015,19.4091796875
602036,18.6767578125
602061,24.5361328125
602075,16.78466796875
602102,41.259765625
602127,17.578125
602147,18.6767578125
602171,20.263671875
602191,20.99609375
602224,17.39501953125
602569,17.578125
602704,20.20263671875
603544,28.62548828125
612598,16.357421875
612921,19.287109375
612939,17.02880859375
612983,33.75244140625
612999,19.53125
613027,21.42333984375
613093,23.86474609375
613114,36.2548828125
613132,17.51708984375
613156,16.7236328125
613183,29.052734375
613208,31.005859375
613221,23.25439453125
613250,24.90234375
613260,35.7666015625
613289,16.78466796875
613301,23.98681640625
613325,20.01953125
613346,26.2451171875
613359,22.64404296875
613376,18.49365234375
613388,20.44677734375
613401,19.22607421875
613416,24.5361328125
613436,20.3857421875
613450,19.8974609375
613645,16.6015625
614084,17.88330078125
614230,23.5595703125
614705,24.90234375
625226,35.888671875
625242,17.4560546875
625340,32.1044921875
625386,19.95849609375
625415,20.32470703125
625428,38.51318359375
625479,18.37158203125
625510,31.1279296875
625528,24.84130859375
625556,21.54541015625
625581,27.77099609375
625602,33.0810546875
625618,18.1884765625
625641,26.85546875
625668,25.08544921875
625684,17.4560546875
625700,18.5546875
625722,18.85986328125
625750,16.90673828125
625765,24.0478515625
625828,19.34814453125
626451,17.15087890625
626784,19.04296875
886183,17.27294921875
886237,16.66259765625
886276,18.1884765625
886300,17.02880859375
886331,22.64404296875
886347,23.0712890625
886359,42.3583984375
886382,24.4140625
886408,24.5361328125
886423,17.9443359375
886456,40.8935546875
886479,22.94921875
886511,17.2119140625
886524,22.3388671875
886538,23.681640625
886575,18.37158203125
886639,20.20263671875
886700,16.54052734375
886747,17.63916015625
886837,16.2353515625
886988,25.57373046875
899701,16.2353515625
899858,19.10400390625
899941,19.4091796875
899961,40.71044921875
899978,16.29638671875
900029,21.8505859375
900049,19.6533203125
900083,33.87451171875
900099,25.634765625
900122,24.2919921875
900141,18.00537109375
900193,31.6162109375
900225,20.32470703125
900298,16.357421875
900311,42.96875
900434,27.2216796875
900594,29.1748046875
900653,17.63916015625
900702,25.69580078125
900907,31.1279296875
993188,29.60205078125
993227,25.7568359375
1020055,36.56005859375
1020615,35.82763671875
1020635,18.49365234375
1020678,40.4052734375
1020704,18.85986328125
1020722,25.93994140625
1020776,17.08984375
1020853,23.49853515625
1020904,19.10400390625
1021108,18.12744140625
1021132,16.78466796875
1021233,16.2353515625
1021256,18.49365234375
1021289,17.08984375
1021318,17.88330078125
1021342,18.06640625
1021424,33.3251953125
1021573,46.2646484375
1021941,35.15625
1180601,21.1181640625
1180622,26.123046875
1180730,18.61572265625
1180746,20.32470703125
1180804,16.4794921875
1180855,19.04296875
1180882,26.9775390625
1180918,16.90673828125
1180986,18.06640625
1181110,39.4287109375
1181247,39.73388671875
1267905,34.11865234375
1267941,21.78955078125
1268383,36.56005859375
1268440,16.66259765625
1268474,21.97265625
1268509,16.9677734375
1268530,18.98193359375
1268543,24.658203125
1268564,17.578125
1268595,20.8740234375
1268635,18.24951171875
1268653,18.61572265625
1268692,18.06640625
1268718,21.728515625
1268728,19.4091796875
1268767,64.5751953125
1268792,20.6298828125
1268820,16.66259765625
1268863,22.216796875
1269007,16.845703125
1406771,33.447265625
1406874,19.71435546875
1407119,17.7001953125
1407191,17.15087890625
1407273,20.01953125
1407315,16.90673828125
1407387,22.52197265625
1407465,34.1796875
1407743,38.14697265625
1407863,32.04345703125
1407923,30.6396484375
1454569,37.41455078125
1454628,18.00537109375
1454720,17.4560546875
1454792,16.357421875
1454826,21.728515625
1454920,17.2119140625
1455187,35.7666015625
1455415,38.2080078125
1455600,28.13720703125
1455848,34.7900390625
1455883,46.2646484375
1455981,34.72900390625
1455998,17.76123046875
1456163,35.58349609375
1456176,32.53173828125
1532349,32.16552734375
1532390,23.62060546875
1532415,22.76611328125
1532430,19.95849609375
1532489,17.2119140625
1532865,16.6015625
1532908,17.76123046875
1533119,34.912109375
1533258,37.04833984375
1533450,32.3486328125
1533479,34.7900390625
1533643,30.33447265625
1563353,33.447265625
1563415,18.4326171875
1563463,24.35302734375
1563504,16.4794921875
1563549,17.578125
1563651,16.78466796875
1563851,31.3720703125
1564008,16.41845703125
1564213,32.2265625
1564320,39.0625
1564399,35.400390625
1564611,35.58349609375
1564631,39.6728515625
1564886,30.76171875
1564898,37.41455078125
1564940,17.333984375
1565056,31.25
1565115,31.494140625
1608092,30.517578125
1608132,20.20263671875
1775114,20.263671875
1775203,19.83642578125
1775251,17.578125
1775271,33.87451171875
1775294,38.9404296875
1775307,16.7236328125
1775333,61.6455078125
1775356,25.69580078125
1775370,44.5556640625
1775380,21.8505859375
1775396,19.04296875
1775406,17.76123046875
1775424,37.04833984375
1775474,26.42822265625
1775495,18.37158203125
1775554,20.99609375
1775582,16.2353515625
1775668,16.78466796875
1775712,16.4794921875
1775900,19.6533203125
1775931,16.78466796875
1775979,19.1650390625
1776489,30.029296875
1785355,17.15087890625
1785397,16.78466796875
1785487,16.845703125
1785527,17.39501953125
1785570,18.61572265625
1785588,19.83642578125
1785607,46.56982421875
1785645,20.44677734375
1785663,27.587890625
1785698,32.71484375
1785712,16.66259765625
1785737,41.44287109375
1785769,29.11376953125
1785794,38.330078125
1785830,18.798828125
1785852,26.42822265625
1785923,16.54052734375
1785968,17.578125
1786031,21.6064453125
1786065,18.4326171875
1786193,18.98193359375
1786276,21.91162109375
1786458,18.06640625
1786596,22.0947265625
1786833,21.91162109375
1786977,19.4091796875
1787085,23.74267578125
1787657,25.634765625
1788209,21.66748046875
1788799,26.55029296875
1836355,17.4560546875
1836439,16.9677734375
1836451,17.822265625
1836483,27.7099609375
1836495,17.08984375
1836526,36.376953125
1836548,38.51318359375
1836560,30.6396484375
1836585,36.376953125
1836600,23.3154296875
1836619,27.9541015625
1836638,17.63916015625
1836651,20.3857421875
1836678,16.66259765625
1836701,16.90673828125
1836745,16.2353515625
1836874,16.357421875
1837137,25.45166015625
1837480,19.04296875
1837525,16.357421875
1837592,16.90673828125
1837638,16.357421875
1837867,17.7001953125
1837978,19.47021484375
1838102,21.91162109375
1838258,19.8974609375
1838385,19.4091796875
1838626,20.99609375
1838807,21.78955078125
1839023,24.10888671875
1839313,24.90234375
1842614,32.2265625
1842736,31.6162109375
1842972,28.3203125
1843149,28.13720703125
1843274,17.39501953125
1843460,19.1650390625
1843488,28.01513671875
1843500,21.8505859375
1843537,24.169921875
1843620,16.7236328125
1843631,31.06689453125
1843685,20.08056640625
1843729,17.2119140625
1843754,21.240234375
1843783,19.775390625
1843813,20.93505859375
1843826,19.4091796875
1843848,24.90234375
1843880,22.94921875
1843898,21.240234375
1843955,16.7236328125
1844018,18.24951171875
1844123,18.1884765625
1844391,17.02880859375
1845867,22.76611328125
1856171,35.70556640625
1856212,21.30126953125
1856232,31.43310546875
1856246,17.88330078125
1856278,30.45654296875
1856288,24.0478515625
1856301,23.193359375
1856324,25.87890625
1856345,24.23095703125
1856387,23.25439453125
1856407,19.47021484375
1856431,18.24951171875
1856447,20.1416015625
1856481,19.47021484375
1856526,16.9677734375
1856577,18.4326171875
1856590,18.1884765625
1856783,17.7001953125
1856897,16.54052734375
1857147,20.81298828125
1857904,16.90673828125
1858201,18.37158203125
1858375,20.08056640625
1858465,19.34814453125
1858661,18.37158203125
1858842,19.775390625
1859190,23.681640625
1859403,24.4140625
1859612,24.23095703125
1863094,27.64892578125
1863204,25.57373046875
1863284,33.8134765625
1863304,17.27294921875
1863337,24.5361328125
1863361,32.16552734375
1863395,19.6533203125
1863417,25.390625
1863442,24.90234375
1863468,25.45166015625
1863485,27.83203125
1863498,26.611328125
1863529,24.23095703125
1863557,28.01513671875
1863584,21.1181640625
1863610,26.3671875
1863634,23.49853515625
1863660,16.66259765625
1863687,16.357421875
1864024,17.63916015625
1864037,23.01025390625
1864113,16.357421875
1865491,18.9208984375
1865743,19.1650390625
1870404,31.31103515625
1870471,33.935546875
1870485,19.775390625
1870512,22.94921875
1870570,47.05810546875
1870595,17.76123046875
1870612,19.4091796875
1870627,22.64404296875
1870668,42.29736328125
1870679,20.263671875
1870706,32.89794921875
1870733,25.45166015625
1870750,20.263671875
1870780,22.39990234375
1870801,19.6533203125
1870825,16.357421875
1870856,17.15087890625
1870895,23.193359375
1870922,18.00537109375
1871073,19.34814453125
1871174,16.7236328125
1871329,17.63916015625
1871366,18.61572265625
1872816,18.37158203125
1873072,19.775390625
1873487,20.263671875
1879684,31.55517578125
1879731,22.4609375
1879741,27.4658203125
1879779,29.9072265625
1879791,24.7802734375
1879818,17.2119140625
1879844,22.03369140625
1879870,43.9453125
1879893,18.798828125
1879903,20.1416015625
1879932,19.34814453125
1879958,18.798828125
1880069,17.27294921875
1880126,23.25439453125
1880229,18.6767578125
1880251,17.76123046875
1880352,18.61572265625
1881543,17.578125
1881821,18.798828125
1882565,20.6298828125
1883376,25.69580078125
1888613,35.5224609375
1888665,19.22607421875
1888706,29.60205078125
1888726,21.66748046875
1888744,19.22607421875
1888762,25.32958984375
1888784,24.7802734375
1888806,25.87890625
1888821,21.42333984375
1888850,19.47021484375
1888869,17.333984375
1888892,17.333984375
1888914,16.357421875
1888945,20.1416015625
1888974,17.02880859375
1889092,19.71435546875
1889207,17.88330078125
1889260,16.9677734375
1891074,17.578125
1891255,22.64404296875
1891956,21.3623046875
1899289,31.8603515625
1899321,31.494140625
1899334,27.28271484375
1899381,20.263671875
1899399,25.146484375
1899412,16.90673828125
1899427,19.95849609375
1899463,17.4560546875
1899474,20.5078125
1899508,24.10888671875
1899537,27.4658203125
1899549,17.02880859375
1899578,17.15087890625
1899590,19.04296875
1899704,17.63916015625
1899741,16.9677734375
1899833,21.8505859375
1899912,17.02880859375
1901679,18.24951171875
1901819,17.4560546875
1902158,19.6533203125
1902339,19.8974609375
1902679,20.3857421875
1911226,30.1513671875
1911247,28.9306640625
1911264,18.9208984375
1911297,23.92578125
1911313,29.6630859375
1911347,21.05712890625
1911362,23.62060546875
1911393,22.88818359375
1911403,27.03857421875
1911441,23.01025390625
1911458,30.3955078125
1911482,20.08056640625
1911519,19.10400390625
1911534,16.2353515625
1911547,16.78466796875
1911577,19.8974609375
1911591,22.4609375
1911612,22.03369140625
1911658,18.61572265625
1911687,18.73779296875
1913169,16.2353515625
1913933,18.5546875
1914164,19.775390625
1914894,22.5830078125
1927443,33.63037109375
1927455,35.94970703125
1927490,21.91162109375
1927520,17.27294921875
1927537,27.34375
1927568,30.3955078125
1927597,26.85546875
1927628,23.3154296875
1927657,29.96826171875
1927678,27.2216796875
1927702,22.216796875
1927726,21.17919921875
1927737,17.51708984375
1927818,19.53125
1927902,16.54052734375
1927962,17.63916015625
1928021,16.6015625
1929082,16.845703125
1929919,19.1650390625
1930205,16.78466796875
1930635,16.90673828125
1930879,16.845703125
1931070,22.76611328125
1931312,19.47021484375
1931544,25.69580078125
1932519,24.169921875
1941706,31.1279296875
1941737,43.8232421875
1941754,17.51708984375
1941780,18.61572265625
1941801,21.54541015625
1941814,25.81787109375
1941844,24.84130859375
1941864,22.39990234375
1941903,22.705078125
1941933,28.62548828125
1941961,31.18896484375
1942000,21.78955078125
1942017,20.3857421875
1942094,18.37158203125
1942119,22.5830078125
1942150,20.99609375
1942259,19.71435546875
1942313,16.9677734375
1944226,17.39501953125
1944464,16.7236328125
1944806,23.49853515625
1944993,18.798828125
1945320,23.37646484375
1959186,27.9541015625
1959207,42.48046875
1959227,16.90673828125
1959254,19.59228515625
1959273,22.3388671875
1959301,17.333984375
1959320,17.578125
1959343,22.94921875
1959367,29.23583984375
1959379,32.40966796875
1959389,26.91650390625
1959420,23.3154296875
1959431,20.5078125
1959445,18.4326171875
1959470,16.6015625
1959506,21.17919921875
1959519,17.39501953125
1959548,24.2919921875
1959618,18.49365234375
1959689,22.0947265625
1961746,16.357421875
1962063,29.11376953125
1962393,20.5078125
1962457,29.60205078125
1962684,16.4794921875
1962834,17.63916015625
1962980,20.93505859375
1963142,20.6298828125
1963405,21.8505859375
1963744,22.94921875
2363186,17.63916015625
2363231,16.4794921875
2363259,16.357421875
2363294,17.27294921875
2363309,18.5546875
2363328,32.04345703125
2363342,23.25439453125
2363368,24.658203125
2363394,34.48486328125
2363404,33.50830078125
2363443,20.1416015625
2363461,21.484375
2363480,25.2685546875
2363512,25.20751953125
2363584,20.20263671875
2363646,19.04296875
2363910,16.78466796875
2363989,19.4091796875
2364031,17.15087890625
2364510,29.052734375
2365245,29.23583984375
2374387,16.41845703125
2374522,36.31591796875
2374572,23.86474609375
2374582,24.0478515625
2374601,35.15625
2374620,19.34814453125
2374654,33.26416015625
2374670,21.30126953125
2374700,30.45654296875
2374715,18.98193359375
2374730,16.2353515625
2374749,19.4091796875
2374763,44.677734375
2374792,25.69580078125
2374815,24.0478515625
2374833,20.81298828125
2374860,26.67236328125
2374887,18.798828125
2374913,16.2353515625
2375016,24.59716796875
2375142,17.2119140625
2375246,18.06640625
2375281,18.24951171875
2375420,20.5078125
2375530,17.51708984375
2375559,19.47021484375
2375680,22.27783203125
2375887,23.49853515625
2376221,32.8369140625
2387541,35.46142578125
2387558,16.357421875
2387591,16.845703125
2387626,27.099609375
2387654,20.263671875
2387686,32.65380859375
2387716,21.42333984375
2387731,44.37255859375
2387746,28.50341796875
2387762,16.41845703125
2387784,29.96826171875
2387812,26.18408203125
2387836,22.27783203125
2387859,17.578125
2387911,17.88330078125
2388016,18.310546875
2388050,16.6015625
2388232,18.5546875
2388263,18.06640625
2388376,18.12744140625
2388598,16.29638671875
2388729,21.66748046875
2388840,18.1884765625
2389048,17.51708984375
2389192,23.8037109375
2389594,24.5361328125
2389727,27.34375
2390122,27.9541015625
2417353,36.2548828125
2417385,24.47509765625
2417418,38.39111328125
2417440,21.6064453125
2417471,56.5185546875
2417501,42.66357421875
2417519,26.0009765625
2417529,19.287109375
2417566,23.86474609375
2417590,16.41845703125
2417636,22.3388671875
2417660,19.8974609375
2417690,16.2353515625
2417711,16.29638671875
2417745,17.27294921875
2417871,18.5546875
2417939,17.4560546875
2417966,16.90673828125
2418086,19.287109375
2418166,16.54052734375
2418211,18.37158203125
2418629,20.08056640625
2418757,18.1884765625
2418850,22.3388671875
2418949,18.00537109375
2419179,18.12744140625
2419333,16.41845703125
2419474,20.08056640625
2419799,24.23095703125
2420036,24.7802734375
2420295,21.42333984375
2438184,26.67236328125
2438243,37.4755859375
2438260,19.04296875
2438280,20.263671875
2438293,36.56005859375
2438318,50.048828125
2438356,39.794921875
2438390,25.5126953125
2438421,21.54541015625
2438443,27.34375
2438465,29.47998046875
2438475,19.287109375
2438487,24.169921875
2438506,22.27783203125
2438524,17.15087890625
2438566,18.12744140625
2438625,16.7236328125
2438639,16.54052734375
2438700,17.333984375
2438860,20.5078125
2439430,16.357421875
2439548,20.751953125
2439664,16.78466796875
2439765,20.6298828125
2439868,19.04296875
2440067,19.47021484375
2440228,21.91162109375
2440586,21.78955078125
2440753,25.87890625
2441197,26.2451171875
2584717,28.80859375
2584785,39.36767578125
2584818,31.494140625
2584851,23.62060546875
2584863,36.865234375
2584886,33.99658203125
2584914,30.6396484375
2584926,40.83251953125
2584961,42.1142578125
2584978,23.92578125
2585003,25.146484375
2585025,30.21240234375
2585052,20.1416015625
2585086,23.62060546875
2585102,26.18408203125
2585143,23.86474609375
2585221,17.333984375
2585803,22.39990234375
2585839,19.47021484375
2586078,25.390625
2586287,26.0009765625
2586708,26.79443359375
2587534,25.7568359375
2597264,36.62109375
2597296,23.49853515625
2597325,26.7333984375
2597368,26.3671875
2597384,26.06201171875
2597432,58.10546875
2597450,27.40478515625
2597472,18.5546875
2597509,46.69189453125
2597522,18.12744140625
2597532,18.00537109375
2597561,19.59228515625
2597577,16.357421875
2597601,17.02880859375
2597626,24.10888671875
2597656,17.2119140625
2597718,19.59228515625
2597739,18.24951171875
2597786,17.51708984375
2598416,20.01953125
2598662,23.8037109375
2598957,20.81298828125
2599240,24.96337890625
2599865,25.32958984375
2664205,33.26416015625
2664250,21.240234375
2664324,27.099609375
2664587,31.73828125
2664601,30.21240234375
2664617,21.30126953125
2664661,24.7802734375
2664672,41.015625
2664693,20.263671875
2664714,18.6767578125
2664731,17.39501953125
2664745,31.005859375
2664791,59.08203125
2664821,28.01513671875
2664845,27.83203125
2664891,18.12744140625
2664929,19.10400390625
2665142,18.61572265625
2665204,17.02880859375
2665534,18.37158203125
2665578,16.9677734375
2665687,17.9443359375
2665874,24.0478515625
2666180,24.35302734375
2666382,23.92578125
2666966,27.4658203125
2667184,24.658203125
2667745,26.9775390625
2753378,36.62109375
2760796,31.6162109375
2760888,50.4150390625
2760905,18.798828125
2760920,23.62060546875
2760930,17.27294921875
2760963,32.65380859375
2760982,36.1328125
2761006,24.7802734375
2761025,26.18408203125
2761040,22.8271484375
2761062,47.607421875
2761093,25.2685546875
2761131,29.72412109375
2761151,22.52197265625
2761177,24.59716796875
2761198,19.4091796875
2761228,17.578125
2761255,16.54052734375
2761346,18.1884765625
2761403,18.85986328125
2762030,22.3388671875
2762193,20.44677734375
2762490,22.76611328125
2762575,22.03369140625
2762803,24.35302734375
2762920,22.8271484375
2764060,27.7099609375
2773930,33.63037109375
2774021,30.6396484375
2774052,27.9541015625
2774081,24.47509765625
2774092,48.4619140625
2774114,28.01513671875
2774153,16.54052734375
2774185,33.203125
2774213,18.85986328125
2774229,22.27783203125
2774240,17.08984375
2774281,18.12744140625
2774330,22.0947265625
2774364,17.7001953125
2774375,20.8740234375
2774435,19.04296875
2774585,18.49365234375
2774636,17.51708984375
2774841,16.9677734375
2775070,18.61572265625
2775242,21.17919921875
2775398,17.9443359375
2775496,20.99609375
2775648,16.9677734375
2776212,26.9775390625
2776534,25.08544921875
2776893,29.72412109375
2827949,30.82275390625
2827993,27.4658203125
2973735,34.423828125
2973843,16.90673828125
2973870,17.88330078125
2973916,46.5087890625
2973926,18.00537109375
2973978,16.357421875
2974095,21.1181640625
2974325,17.27294921875
2974655,16.4794921875
3076197,16.4794921875
3076230,19.22607421875
3076252,38.6962890625
3076267,28.13720703125
3076291,22.0947265625
3076309,19.22607421875
3076338,56.7626953125
3076351,29.4189453125
3076370,19.71435546875
3076392,32.04345703125
3076435,28.25927734375
3076476,18.61572265625
3076490,19.34814453125
3076514,18.9208984375
3076564,19.71435546875
3076594,19.83642578125
3076853,16.845703125
3076982,19.47021484375
3077096,19.83642578125
3077140,24.5361328125
3077557,28.1982421875
3077874,27.40478515625
3087754,19.95849609375
3087880,16.66259765625
3087914,17.578125
3087942,18.06640625
3087993,31.06689453125
3088028,23.5595703125
3088074,19.4091796875
3088109,33.14208984375
3088122,19.47021484375
3088162,20.56884765625
3088184,42.05322265625
3088212,30.2734375
3088231,53.1005859375
3088255,26.42822265625
3088274,28.1982421875
3088291,21.8505859375
3088312,23.8037109375
3088323,19.6533203125
3088338,16.4794921875
3088369,22.03369140625
3088393,24.169921875
3088431,16.78466796875
3088498,22.5830078125
3088555,19.8974609375
3088626,16.9677734375
3088949,16.2353515625
3089024,19.8974609375
3089094,20.1416015625
3089228,27.2216796875
3089418,20.32470703125
3089621,27.2216796875
3089804,21.54541015625
3099752,16.2353515625
3099787,16.9677734375
3099844,29.96826171875
3099896,20.263671875
3099928,28.86962890625
3099953,23.01025390625
3099978,27.099609375
3100000,40.71044921875
3100017,22.94921875
3100046,30.029296875
3100080,17.7001953125
3100100,26.30615234375
3100120,16.2353515625
3100166,20.32470703125
3100189,21.3623046875
3100213,18.1884765625
3100240,16.54052734375
3100305,17.15087890625
3100412,22.03369140625
3100487,18.5546875
3100499,21.30126953125
3100579,17.02880859375
3100972,18.73779296875
3101048,16.6015625
3101141,18.9208984375
3101276,22.8271484375
3101362,18.9208984375
3101460,20.32470703125
3101701,24.169921875
3101888,28.50341796875
3102123,23.62060546875
3102348,27.34375
3131894,36.07177734375
3131942,20.81298828125
3131971,42.8466796875
3132005,47.36328125
3132031,30.1513671875
3132057,29.23583984375
3132070,20.32470703125
3132089,20.44677734375
3132110,19.47021484375
3132128,21.91162109375
3132150,18.00537109375
3132241,19.8974609375
3132266,17.2119140625
3132311,18.61572265625
3132359,16.7236328125
3132424,19.59228515625
3132609,19.287109375
3133283,20.01953125
3133374,20.3857421875
3133462,20.1416015625
3133566,20.20263671875
3133658,18.85986328125
3133751,20.6298828125
3133921,22.52197265625
3134109,23.37646484375
3134367,24.47509765625
3156740,36.68212890625
3156814,19.22607421875
3156838,50.47607421875
3156854,16.54052734375
3156880,20.81298828125
3156892,36.7431640625
3156929,27.28271484375
3156950,18.37158203125
3156968,31.005859375
3156987,17.2119140625
3157050,18.798828125
3157250,17.02880859375
3157355,17.7001953125
3157417,16.41845703125
3157439,18.4326171875
3157484,19.04296875
3157523,17.27294921875
3158121,16.357421875
3158225,18.310546875
3158309,17.15087890625
3158424,23.0712890625
3158521,19.83642578125
3158642,17.08984375
3158752,20.6298828125
3158917,24.4140625
3159121,24.71923828125
3159305,23.62060546875
3159572,26.79443359375
3159782,23.92578125
3207853,35.400390625
3207871,21.42333984375
3207897,24.10888671875
3207925,26.9775390625
3207938,27.03857421875
3207973,27.89306640625
3208003,33.3251953125
3208013,23.98681640625
3208042,20.56884765625
3208055,33.02001953125
3208070,20.44677734375
3208102,23.86474609375
3208115,25.08544921875
3208157,21.91162109375
3208206,25.69580078125
3208235,23.86474609375
3208335,19.8974609375
3208968,18.310546875
3209044,16.54052734375
3209143,16.90673828125
3209231,17.9443359375
3209393,20.69091796875
3209523,23.13232421875
3209643,21.728515625
3209785,23.25439453125
3210016,23.0712890625
3210124,24.4140625
3210301,22.64404296875
3210481,30.82275390625
3210806,24.35302734375
3211008,24.47509765625
3211420,27.2216796875
3363416,32.8369140625
3363463,25.390625
3363517,20.6298828125
3363539,19.83642578125
3363569,39.0625
3363597,31.005859375
3363609,21.42333984375
3363633,25.146484375
3363646,38.9404296875
3363684,35.2783203125
3363708,26.18408203125
3363736,22.76611328125
3363755,27.64892578125
3363773,21.484375
3363815,17.15087890625
3363840,25.0244140625
3363858,18.49365234375
3363878,17.27294921875
3364423,17.08984375
3364482,22.5830078125
3364716,25.146484375
3365014,30.3955078125
3365234,22.76611328125
3365665,28.9306640625
3447053,30.70068359375
3447128,20.263671875
3447149,32.71484375
3447167,19.59228515625
3447180,24.59716796875
3447209,20.20263671875
3447228,23.193359375
3447252,40.0390625
3447269,25.93994140625
3447292,16.845703125
3447305,21.8505859375
3447315,26.7333984375
3447340,45.7763671875
3447368,29.78515625
3447398,24.169921875
3447426,25.5126953125
3447451,19.1650390625
3447470,19.47021484375
3447491,23.62060546875
3447545,16.7236328125
3448256,21.54541015625
3448478,27.64892578125
3448730,23.193359375
3448879,25.390625
3449108,25.32958984375
3449269,26.91650390625
3449720,23.92578125
3516167,31.1279296875
3516216,23.62060546875
3542242,32.53173828125
3542256,16.357421875
3542289,25.7568359375
3542321,30.70068359375
3542347,25.32958984375
3542372,22.5830078125
3542386,30.57861328125
3542411,23.62060546875
3542444,49.25537109375
3542454,32.28759765625
3542485,21.6064453125
3542499,26.30615234375
3542529,23.4375
3542550,30.94482421875
3542572,17.02880859375
3542601,19.34814453125
3542653,22.39990234375
3542740,30.21240234375
3542773,16.54052734375
3542791,17.08984375
3543237,17.822265625
3543402,20.01953125
3543613,21.05712890625
3543800,25.32958984375
3543966,22.5830078125
3544289,23.681640625
3544618,26.611328125
3555802,36.4990234375
3555880,18.5546875
3555903,52.24609375
3555922,23.49853515625
3555956,26.67236328125
3555967,23.92578125
3555985,25.69580078125
3556021,32.53173828125
3556034,21.8505859375
3556049,23.49853515625
3556073,21.66748046875
3556103,20.44677734375
3556139,25.7568359375
3556200,20.5078125
3556222,16.357421875
3556270,17.39501953125
3556322,18.37158203125
3556555,17.15087890625
3556790,16.90673828125
3557110,18.5546875
3557227,20.69091796875
3557451,17.578125
3557573,23.3154296875
3557855,20.8740234375
3558127,28.62548828125
3558290,25.69580078125
3558445,28.3203125
3558927,25.2685546875
3613570,35.94970703125
3613616,22.4609375
3614024,43.51806640625
3614062,33.50830078125
3614082,21.05712890625
3614113,27.28271484375
3614125,40.8935546875
3614152,18.310546875
3614164,17.27294921875
3614193,32.3486328125
3614203,21.97265625
3614219,22.0947265625
3614236,27.9541015625
3614247,25.32958984375
3614265,16.9677734375
3614292,19.10400390625
3614310,23.8037109375
3614340,19.71435546875
3614387,20.08056640625
3614412,17.7001953125
3614439,16.41845703125
3614458,16.78466796875
3614693,16.41845703125
3614941,16.2353515625
3615043,16.845703125
3615172,21.6064453125
3615265,17.822265625
3615415,20.263671875
3615562,23.01025390625
3615808,20.81298828125
3616003,21.05712890625
3616225,22.15576171875
3616508,23.37646484375
3673863,30.76171875
3673909,23.681640625
3674141,31.18896484375
3674206,38.26904296875
3674227,18.24951171875
3674255,27.77099609375
3674275,21.240234375
3674305,25.7568359375
3674316,35.15625
3674341,26.9775390625
3674372,44.12841796875
3674403,34.7900390625
3674424,33.8134765625
3674442,27.52685546875
3674472,19.47021484375
3674497,17.27294921875
3674521,19.59228515625
3674544,19.775390625
3674632,16.66259765625
3674796,17.27294921875
3675350,21.17919921875
3675386,18.49365234375
3675521,18.6767578125
3675643,18.61572265625
3675799,20.56884765625
3675938,26.7333984375
3676192,22.39990234375
3676350,25.32958984375
3676547,27.16064453125
3677049,30.517578125
3677937,27.9541015625
3761428,34.0576171875
3761470,36.7431640625
3761485,31.73828125
3761504,32.2265625
3761528,37.04833984375
3761553,17.88330078125
3761586,39.85595703125
3761604,27.03857421875
3761621,16.7236328125
3761643,26.9775390625
3761663,21.42333984375
3761677,23.681640625
3761728,22.64404296875
3761782,28.076171875
3762420,17.08984375
3762545,20.01953125
3762672,19.10400390625
3762922,21.17919921875
3763059,20.93505859375
3763276,24.96337890625
3763458,22.52197265625
3763770,27.03857421875
3764070,27.34375
3972553,46.56982421875
3972678,26.4892578125
3972693,16.7236328125
3972717,19.10400390625
3972800,16.2353515625
3972824,18.4326171875
3972867,18.98193359375
3972896,18.06640625
3972926,32.53173828125
3972940,18.49365234375
3972955,16.54052734375
3972986,16.2353515625
3973007,39.794921875
3973028,22.5830078125
3973074,18.00537109375
3973126,32.65380859375
3973137,30.21240234375
3973219,29.23583984375
3973392,27.83203125
4050004,30.76171875
4050054,31.1279296875
4050379,39.00146484375
4050436,36.0107421875
4050457,16.90673828125
4050487,16.29638671875
4050827,16.29638671875
4050870,17.63916015625
4050967,19.8974609375
4051018,39.6728515625
4051050,16.6015625
4051210,19.53125
4173584,19.10400390625
4173653,21.30126953125
4173673,18.6767578125
4173697,24.23095703125
4173716,28.62548828125
4173743,43.64013671875
4173774,23.681640625
4173799,28.80859375
4173815,18.98193359375
4173850,21.240234375
4173883,23.8037109375
4173909,18.85986328125
4173926,19.04296875
4173961,19.95849609375
4174046,17.02880859375
4174069,17.2119140625
4174107,17.27294921875
4174232,17.333984375
4174299,19.95849609375
4174385,16.9677734375
4174415,19.34814453125
4174509,23.3154296875
4174543,20.01953125
4174795,27.34375
4175674,31.982421875
4185213,26.06201171875
4185289,18.5546875
4185316,19.4091796875
4185349,33.26416015625
4185389,25.81787109375
4185425,29.9072265625
4185462,45.47119140625
4185481,19.47021484375
4185500,31.92138671875
4185527,16.78466796875
4185549,33.26416015625
4185563,21.05712890625
4185587,20.263671875
4185608,24.96337890625
4185626,16.9677734375
4185645,16.6015625
4185700,21.1181640625
4185741,18.37158203125
4185777,17.76123046875
4185803,18.4326171875
4185903,17.63916015625
4186260,17.822265625
4186339,17.51708984375
4186732,23.98681640625
4186965,24.2919921875
4187178,21.6064453125
4187777,28.076171875
4218200,33.75244140625
4218212,26.42822265625
4218253,16.7236328125
4218270,36.68212890625
4218286,29.84619140625
4218306,51.7578125
4218334,19.4091796875
4218345,22.4609375
4218371,24.47509765625
4218387,20.263671875
4218507,18.1884765625
4218574,18.9208984375
4218613,20.01953125
4218696,16.2353515625
4218708,17.578125
4218801,20.20263671875
4218904,22.03369140625
4219084,17.7001953125
4219531,20.99609375
4219654,18.1884765625
4219754,23.8037109375
4219863,22.216796875
4220023,19.8974609375
4220201,24.96337890625
4220312,23.74267578125
4220470,21.78955078125
4220610,23.92578125
4220945,29.11376953125
4248148,18.6767578125
4248196,21.6064453125
4248215,29.9072265625
4248231,32.65380859375
4248243,27.34375
4248270,44.189453125
4248288,29.60205078125
4248314,34.72900390625
4248331,23.37646484375
4248360,29.72412109375
4248410,19.04296875
4248420,17.7001953125
4248431,25.08544921875
4248534,21.66748046875
4248585,16.7236328125
4248654,18.12744140625
4248751,17.15087890625
4248876,17.4560546875
4248918,16.7236328125
4249185,28.076171875
4249413,21.66748046875
4249524,16.54052734375
4249603,17.51708984375
4249690,17.51708984375
4249788,18.49365234375
4249878,19.83642578125
4250050,21.97265625
4250240,23.37646484375
4250356,23.0712890625
4250563,22.64404296875
4250862,21.05712890625
4284370,33.0810546875
4284399,18.98193359375
4284430,28.99169921875
4284450,30.82275390625
4284468,41.9921875
4284478,32.40966796875
4284500,42.1142578125
4284520,29.052734375
4284547,17.7001953125
4284557,35.21728515625
4284583,24.169921875
4284601,22.64404296875
4284622,19.22607421875
4284710,16.54052734375
4284737,19.8974609375
4284782,16.6015625
4284820,20.6298828125
4284875,21.17919921875
4284936,18.61572265625
4284986,21.240234375
4285506,18.4326171875
4285579,18.9208984375
4285681,16.29638671875
4285757,17.02880859375
4285803,17.578125
4285903,21.728515625
4286009,22.27783203125
4286139,18.1884765625
4286295,17.4560546875
4286425,22.5830078125
4286581,19.71435546875
4286715,23.74267578125
4286998,27.40478515625
4287292,25.87890625
4287700,29.96826171875
4288020,29.11376953125
4288718,31.982421875
4400876,32.470703125
4400954,25.08544921875
4400972,38.39111328125
4401002,21.05712890625
4401022,28.62548828125
4401038,23.13232421875
4401062,18.49365234375
4401086,64.208984375
4401111,24.10888671875
4401140,32.77587890625
4401156,23.193359375
4401288,23.37646484375
4401303,17.51708984375
4401365,17.2119140625
4401416,21.240234375
4401539,16.90673828125
4401926,18.24951171875
4402020,21.3623046875
4402066,16.9677734375
4402132,19.287109375
4402344,17.578125
4402504,19.04296875
4402652,23.25439453125
4402795,20.263671875
4403103,26.06201171875
4403363,23.01025390625
4403700,27.2216796875
4418647,34.60693359375
4524361,33.14208984375
4524412,26.0009765625
4524702,33.63037109375
4524741,48.52294921875
4524755,19.04296875
4524812,21.91162109375
4524832,16.7236328125
4524846,25.634765625
4524886,31.005859375
4524900,43.39599609375
4524916,30.94482421875
4524938,18.49365234375
4524968,36.19384765625
4524994,21.17919921875
4525017,18.24951171875
4525037,20.1416015625
4525066,19.1650390625
4525079,19.10400390625
4525112,19.47021484375
4525262,20.5078125
4525720,18.4326171875
4525827,18.4326171875
4525866,20.01953125
4525972,21.78955078125
4526193,21.30126953125
4526299,23.74267578125
4526471,20.93505859375
4526897,23.681640625
4527148,27.64892578125
4608412,34.48486328125
4608459,28.3203125
4608900,39.1845703125
4608957,28.01513671875
4608973,40.771484375
4608985,19.34814453125
4609027,21.1181640625
4609046,43.701171875
4609060,39.1845703125
4609105,42.66357421875
4609119,23.92578125
4609159,23.8037109375
4609194,19.8974609375
4609304,18.6767578125
4609580,17.9443359375
4609696,16.9677734375
4609857,16.90673828125
4609882,20.01953125
4609982,21.3623046875
4610097,17.02880859375
4610179,23.193359375
4610435,24.169921875
4610802,23.681640625
4611282,28.50341796875
4611557,29.11376953125
4612625,26.123046875
4623623,41.748046875
4623675,31.1279296875
4623686,33.203125
4623702,40.46630859375
4623745,18.06640625
4623764,20.99609375
4623793,44.0673828125
4623810,24.169921875
4623823,20.01953125
4623846,17.333984375
4623862,17.822265625
4623891,25.93994140625
4623908,20.263671875
4623943,20.69091796875
4623965,23.37646484375
4623992,17.63916015625
4624064,17.27294921875
4624104,17.76123046875
4624667,17.7001953125
4624793,17.822265625
4624915,19.1650390625
4624925,16.845703125
4625273,21.78955078125
4625385,18.798828125
4625561,21.91162109375
4625719,28.3203125
4626020,24.35302734375
4626295,25.08544921875
4626533,28.50341796875
4719444,35.2783203125
4719467,21.8505859375
4719492,27.099609375
4719587,23.4375
4719674,16.845703125
4719688,18.49365234375
4719708,32.5927734375
4719726,22.27783203125
4719760,43.45703125
4719787,25.93994140625
4719815,31.8603515625
4719832,17.822265625
4719854,20.6298828125
4719870,23.0712890625
4719891,16.357421875
4719913,22.4609375
4719962,16.78466796875
4720022,16.7236328125
4720058,17.76123046875
4720094,16.4794921875
4720564,17.333984375
4720805,22.15576171875
4720839,18.5546875
4720954,20.6298828125
4721092,18.9208984375
4721251,25.69580078125
4721382,22.3388671875
4721556,23.3154296875
4722015,29.11376953125
4784884,34.11865234375
4785354,26.91650390625
4785397,41.19873046875
4785412,18.310546875
4785449,22.64404296875
4785459,37.17041015625
4785492,25.7568359375
4785526,19.53125
4785552,34.11865234375
4785576,34.1796875
4785586,16.29638671875
4785596,27.2216796875
4785624,22.88818359375
4785635,29.4189453125
4785662,17.9443359375
4785674,24.71923828125
4785714,18.9208984375
4785726,18.06640625
4785780,19.95849609375
4785959,16.845703125
4786010,19.59228515625
4786510,19.8974609375
4786669,20.8740234375
4786921,21.3623046875
4787210,25.0244140625
4787590,29.541015625
4787874,23.4375
4817419,38.9404296875
4817453,27.77099609375
4817463,23.74267578125
4817494,20.93505859375
4817510,22.705078125
4817541,26.85546875
4817577,26.79443359375
4817596,26.123046875
4817623,22.3388671875
4817641,31.67724609375
4817664,23.4375
4817687,29.4189453125
4817713,20.6298828125
4817741,24.658203125
4817770,27.83203125
4817788,24.10888671875
4817801,22.64404296875
4817817,17.08984375
4817898,19.10400390625
4817955,18.310546875
4818045,21.484375
4818120,16.41845703125
4818455,20.32470703125
4818604,19.775390625
4818641,16.54052734375
4818702,19.47021484375
4818828,20.263671875
4818918,21.05712890625
4819070,16.2353515625
4819212,18.12744140625
4819337,24.0478515625
4819444,21.17919921875
4819600,18.00537109375
4819744,23.92578125
4820056,26.06201171875
4820183,23.01025390625
4820495,25.2685546875
4820957,30.1513671875
4907398,30.2734375
4907428,18.4326171875
4907449,26.9775390625
4907547,26.123046875
4907591,23.13232421875
4907645,30.57861328125
4907693,47.607421875
4907705,40.58837890625
4907726,25.32958984375
4907751,33.50830078125
4907761,20.32470703125
4907785,20.20263671875
4907798,17.51708984375
4907822,16.7236328125
4907880,17.15087890625
4907913,18.73779296875
4907963,18.00537109375
4908552,21.1181640625
4908578,17.333984375
4908650,20.08056640625
4908845,24.35302734375
4908942,23.4375
4909067,20.3857421875
4909186,22.39990234375
4909375,22.76611328125
4909494,26.42822265625
4909662,23.8037109375
4910197,28.50341796875
4967889,37.2314453125
4967932,23.74267578125
4968160,30.76171875
4968181,35.2783203125
4968208,16.90673828125
4968243,18.12744140625
4968258,17.4560546875
4968299,16.78466796875
4968345,19.22607421875
4968356,16.2353515625
4968388,49.6826171875
4968405,36.56005859375
4968418,24.658203125
4968445,23.49853515625
4968476,30.57861328125
4968487,22.705078125
4968523,26.06201171875
4968535,22.15576171875
4968599,16.78466796875
4968614,20.1416015625
4968664,17.15087890625
4968846,17.02880859375
4969484,22.8271484375
4969784,22.64404296875
4969942,21.1181640625
4970061,22.15576171875
4970233,26.3671875
4970968,28.01513671875
5282116,40.83251953125
5293590,31.3720703125
5293779,16.41845703125
5293791,16.78466796875
5293815,36.68212890625
5293848,18.49365234375
5293895,16.90673828125
5293926,18.61572265625
5293980,17.51708984375
5294038,17.15087890625
5294062,26.18408203125
5294075,17.15087890625
5294183,22.52197265625
5294251,34.85107421875
5294339,19.4091796875
5294390,16.41845703125
5294421,34.423828125
5294531,30.8837890625
5386813,22.216796875
5386946,16.7236328125
5386967,17.9443359375
5387073,25.87890625
5387095,26.30615234375
5387201,18.98193359375
5387324,38.4521484375
5387364,34.60693359375
5387444,17.51708984375
5387544,31.73828125
5387555,37.17041015625
5387735,33.87451171875
5417195,17.4560546875
5417291,29.1748046875
5417362,23.62060546875
5417516,19.47021484375
5417634,17.2119140625
5418039,37.90283203125
5488139,21.91162109375
5488165,34.912109375
5488191,30.21240234375
5488208,28.74755859375
5488235,40.83251953125
5488253,24.2919921875
5488285,46.38671875
5488308,30.45654296875
5488332,34.24072265625
5488360,16.2353515625
5488377,21.66748046875
5488441,20.751953125
5488457,16.9677734375
5488547,16.845703125
5488629,16.66259765625
5488839,17.578125
5488914,21.97265625
5489054,22.4609375
5489093,18.49365234375
5489196,24.4140625
5489734,28.80859375
5490184,29.541015625
5499892,34.5458984375
5500056,33.26416015625
5500106,17.822265625
5500133,39.24560546875
5500170,24.84130859375
5500198,19.10400390625
5500224,28.1982421875
5500248,22.64404296875
5500274,27.16064453125
5500288,32.3486328125
5500328,24.59716796875
5500351,26.611328125
5500391,17.578125
5500427,23.193359375
5500489,16.78466796875
5500507,17.39501953125
5500570,20.751953125
5500690,17.27294921875
5500790,16.90673828125
5500838,16.54052734375
5501000,18.6767578125
5501101,17.51708984375
5501245,22.0947265625
5501355,19.71435546875
5501618,24.0478515625
5501792,26.123046875
5501980,29.296875
5502475,29.35791015625
5545846,34.72900390625
5551513,36.4990234375
5554052,16.357421875
5554091,21.05712890625
5554109,39.9169921875
5554137,26.0009765625
5554158,27.9541015625
5554192,42.54150390625
5554217,28.80859375
5554227,16.2353515625
5554244,26.123046875
5554292,24.4140625
5554324,17.9443359375
5554338,22.52197265625
5554397,24.10888671875
5554516,17.9443359375
5554548,21.66748046875
5554636,16.41845703125
5554817,16.4794921875
5555097,17.39501953125
5555171,18.1884765625
5555333,18.98193359375
5555471,25.45166015625
5555572,23.01025390625
5555737,25.69580078125
5555870,24.658203125
5556093,22.94921875
5556286,23.62060546875
5556581,25.7568359375
5556757,27.64892578125
5594071,31.73828125
5614884,20.20263671875
5614901,41.015625
5614914,20.32470703125
5614945,32.04345703125
5614974,18.00537109375
5614986,25.81787109375
5615002,42.78564453125
5615033,22.705078125
5615046,31.67724609375
5615084,26.4892578125
5615172,18.37158203125
5615212,22.27783203125
5615281,16.54052734375
5615358,24.169921875
5615377,23.49853515625
5615457,24.71923828125
5615500,16.41845703125
5615809,18.6767578125
5615858,16.9677734375
5616047,18.00537109375
5616146,17.88330078125
5616243,20.8740234375
5616345,18.06640625
5616483,25.08544921875
5616597,22.4609375
5616801,25.0244140625
5616943,23.8037109375
5617914,28.4423828125
5693766,17.88330078125
5693795,21.91162109375
5693817,20.99609375
5693832,26.91650390625
5693850,21.42333984375
5693869,38.51318359375
5693890,18.49365234375
5693913,32.2265625
5693930,23.193359375
5693950,29.9072265625
5693971,17.39501953125
5693982,21.6064453125
5694004,20.32470703125
5694041,19.34814453125
5694165,18.1884765625
5694233,19.4091796875
5694702,16.9677734375
5694760,16.845703125
5694850,19.59228515625
5694967,20.08056640625
5695046,17.578125
5695070,18.6767578125
5695167,20.01953125
5695249,21.97265625
5695438,27.2216796875
5695648,27.03857421875
5695823,20.93505859375
5696139,23.0712890625
5696387,25.57373046875
5696895,25.390625
5741125,33.99658203125
5776778,36.43798828125
5776829,25.2685546875
5783166,36.376953125
5783207,24.71923828125
5903408,34.72900390625
5903458,25.57373046875
5903528,19.59228515625
5903556,18.49365234375
5903606,17.27294921875
5903617,23.5595703125
5903644,50.23193359375
5903669,26.123046875
5903700,25.87890625
5903717,38.63525390625
5903727,27.77099609375
5903748,30.09033203125
5903764,37.9638671875
5903794,23.3154296875
5903810,18.5546875
5903844,22.3388671875
5903914,20.56884765625
5904011,16.41845703125
5904044,18.73779296875
5904059,16.6015625
5904123,17.39501953125
5904441,20.5078125
5904555,22.5830078125
5904709,21.728515625
5904990,27.16064453125
5905143,28.564453125
5905434,26.7333984375
5906433,22.76611328125
5988487,33.63037109375
5988535,22.76611328125
6013495,21.484375
6013518,23.62060546875
6013546,21.3623046875
6013564,23.8037109375
6013586,40.83251953125
6013610,24.2919921875
6013626,39.794921875
6013642,32.958984375
6013677,31.73828125
6013689,39.6728515625
6013724,29.296875
6013773,17.822265625
6013796,17.7001953125
6013817,20.20263671875
6013838,18.85986328125
6013869,20.8740234375
6013902,21.97265625
6013932,19.71435546875
6013987,18.798828125
6014001,18.12744140625
6014383,16.4794921875
6014539,21.66748046875
6014661,24.35302734375
6014794,25.7568359375
6014902,17.39501953125
6015174,30.09033203125
6015324,30.09033203125
6015545,25.634765625
6015739,22.5830078125
6016169,25.08544921875
6016333,26.55029296875
6136286,32.470703125
6136388,19.6533203125
6136426,31.8603515625
6136450,21.42333984375
6136478,20.6298828125
6136496,34.66796875
6136523,21.484375
6136555,26.9775390625
6136566,48.4619140625
6136584,28.6865234375
6136600,16.2353515625
6136625,39.794921875
6136644,20.93505859375
6136684,20.20263671875
6136741,17.63916015625
6136773,22.52197265625
6136801,19.6533203125
6137319,20.44677734375
6137473,21.1181640625
6137643,23.01025390625
6137790,22.52197265625
6138110,23.193359375
6138980,25.5126953125
6139455,29.23583984375
6411620,28.25927734375
6411680,31.92138671875
6411701,19.53125
6411801,22.5830078125
6411820,19.22607421875
6411830,19.10400390625
6411844,17.15087890625
6411884,29.23583984375
6411898,20.6298828125
6411953,35.64453125
6411977,22.4609375
6412006,29.60205078125
6412018,22.76611328125
6412036,51.8798828125
6412073,22.64404296875
6412098,24.23095703125
6412111,35.21728515625
6412127,16.2353515625
6412150,22.39990234375
6412178,27.64892578125
6412205,20.263671875
6412216,18.4326171875
6412237,19.34814453125
6412290,26.4892578125
6412419,16.2353515625
6412524,18.310546875
6412647,22.0947265625
6479359,38.4521484375
6501720,41.56494140625
6505671,32.40966796875
6505711,23.5595703125
6506400,27.2216796875
6506469,20.99609375
6506482,62.43896484375
6506500,26.30615234375
6506538,31.73828125
6506567,25.2685546875
6506577,42.724609375
6506612,29.6630859375
6506627,43.701171875
6506648,21.91162109375
6506661,23.74267578125
6506691,32.65380859375
6506722,41.748046875
6506750,21.240234375
6506765,17.2119140625
6506780,18.9208984375
6506808,20.81298828125
6506945,17.51708984375
6507552,21.1181640625
6507809,25.7568359375
6508192,25.7568359375
6508588,22.88818359375
6508924,21.728515625
6509338,27.16064453125
6517932,32.77587890625
6517953,16.78466796875
6518037,17.76123046875
6518052,34.5458984375
6518102,26.0009765625
6518127,25.2685546875
6518150,31.92138671875
6518162,27.34375
6518183,21.240234375
6518204,24.2919921875
6518219,25.81787109375
6518233,21.1181640625
6518250,16.54052734375
6518280,22.8271484375
6518291,22.3388671875
6518307,16.90673828125
6518346,17.578125
6518398,17.333984375
6518529,18.9208984375
6518615,19.71435546875
6518712,16.357421875
6519248,17.822265625
6519380,17.15087890625
6519508,22.03369140625
6519754,25.32958984375
6520173,21.8505859375
6520340,25.87890625
6520605,27.2216796875
6521025,29.60205078125
6559399,16.2353515625
6559415,45.83740234375
6559431,16.54052734375
6559451,18.49365234375
6559480,38.2080078125
6559493,16.41845703125
6559505,62.8662109375
6559532,23.8037109375
6559553,16.357421875
6559573,17.15087890625
6559583,21.240234375
6559656,21.1181640625
6559693,19.6533203125
6559718,18.9208984375
6559822,16.9677734375
6559861,17.08984375
6559912,19.6533203125
6559946,16.845703125
6559990,25.2685546875
6560162,16.29638671875
6560189,17.15087890625
6560374,17.15087890625
6560541,18.61572265625
6560738,16.41845703125
6560834,17.51708984375
6560968,19.4091796875
6561060,18.1884765625
6561187,16.9677734375
6561285,20.81298828125
6561488,21.3623046875
6561597,24.71923828125
6561749,20.08056640625
6562034,26.55029296875
6562217,25.87890625
6562422,25.5126953125
6603415,37.90283203125
6603438,19.04296875
6603460,33.14208984375
6603470,18.12744140625
6603501,48.88916015625
6603511,24.23095703125
6603548,25.32958984375
6603571,18.6767578125
6603591,16.9677734375
6603619,21.728515625
6603657,25.146484375
6603706,18.310546875
6603792,17.27294921875
6603947,27.77099609375
6604085,17.39501953125
6604195,18.06640625
6604346,24.84130859375
6604688,18.49365234375
6604789,17.51708984375
6604870,17.08984375
6604946,18.37158203125
6605045,18.12744140625
6605122,20.3857421875
6605213,19.1650390625
6605358,18.00537109375
6605474,23.92578125
6605580,26.06201171875
6605679,20.99609375
6605812,21.1181640625
6606032,25.93994140625
6606177,23.49853515625
6606419,24.4140625
6606966,23.25439453125
6659492,34.48486328125
6711620,33.26416015625
6711662,23.3154296875
6711727,22.64404296875
6711850,20.44677734375
6712021,27.28271484375
6712032,33.38623046875
6712050,17.4560546875
6712085,35.2783203125
6712103,18.98193359375
6712158,25.45166015625
6712168,25.146484375
6712215,17.88330078125
6712226,24.658203125
6712275,34.85107421875
6712294,31.3720703125
6712325,31.31103515625
6712340,17.51708984375
6712351,17.9443359375
6712371,19.1650390625
6712391,23.74267578125
6712407,18.24951171875
6712428,25.7568359375
6712477,16.66259765625
6712512,17.7001953125
6712533,16.90673828125
6712745,18.73779296875
6713156,19.83642578125
6713402,22.52197265625
6713667,26.7333984375
6713885,24.10888671875
6714161,26.7333984375
6714332,23.5595703125
6732143,33.14208984375
6991670,31.005859375
6991730,32.89794921875
6991766,19.83642578125
6991823,17.15087890625
6991896,16.66259765625
6991931,23.92578125
6991945,19.6533203125
6991976,25.634765625
6992017,21.91162109375
6992045,16.357421875
6992067,19.287109375
6992122,32.958984375
6992222,31.982421875
6992291,22.27783203125
6992302,49.1943359375
6992419,33.02001953125
7051980,18.798828125
7052191,18.6767578125
7052273,25.390625
7052306,19.83642578125
7052330,16.9677734375
7052378,23.5595703125
7052388,37.90283203125
7052430,43.15185546875
7052465,34.60693359375
7052479,29.541015625
7052492,38.4521484375
7052528,27.89306640625
7052558,30.45654296875
7052568,17.822265625
7052606,22.3388671875
7052619,19.1650390625
7052632,19.8974609375
7052653,17.63916015625
7052977,16.845703125
7053072,20.01953125
7053188,26.123046875
7053459,26.4892578125
7053894,26.55029296875
7234344,23.3154296875
7234413,17.2119140625
7234438,39.85595703125
7234459,16.90673828125
7234503,18.5546875
7234514,34.0576171875
7234573,51.8798828125
7234592,41.748046875
7234623,44.43359375
7234640,21.05712890625
7234674,22.64404296875
7234693,29.72412109375
7234706,21.05712890625
7234730,19.22607421875
7234770,17.7001953125
7234816,25.32958984375
7235239,18.98193359375
7235380,20.8740234375
7235507,21.240234375
7235536,21.240234375
7235675,31.06689453125
7237314,31.494140625
7246368,17.76123046875
7246568,35.46142578125
7246663,43.9453125
7246706,19.34814453125
7246740,16.41845703125
7246768,17.7001953125
7246793,16.845703125
7246811,22.03369140625
7246821,68.54248046875
7246848,33.26416015625
7246870,25.32958984375
7246881,16.78466796875
7246896,31.06689453125
7246918,23.25439453125
7246930,23.37646484375
7246948,25.08544921875
7246974,25.08544921875
7246995,17.15087890625
7247008,25.0244140625
7247062,16.6015625
7247082,17.76123046875
7247106,18.49365234375
7247191,17.2119140625
7247205,19.4091796875
7247225,21.54541015625
7247343,16.66259765625
7247693,17.15087890625
7247720,19.53125
7247815,18.6767578125
7247917,20.01953125
7247950,17.27294921875
7248115,23.37646484375
7248389,23.86474609375
7248736,24.658203125
7249232,27.64892578125
7282205,37.17041015625
7282232,18.49365234375
7282256,35.0341796875
7282278,27.40478515625
7282299,62.98828125
7282315,17.7001953125
7282340,26.0009765625
7282363,17.63916015625
7282382,22.64404296875
7282411,17.08984375
7282429,19.71435546875
7282459,17.822265625
7282536,23.37646484375
7282563,20.08056640625
7282616,21.6064453125
7282627,23.49853515625
7282662,18.5546875
7282692,16.78466796875
7282918,16.90673828125
7283252,16.29638671875
7283290,17.2119140625
7283453,16.6015625
7283525,23.13232421875
7283565,19.287109375
7283631,18.24951171875
7283721,19.1650390625
7283812,23.0712890625
7283903,17.88330078125
7284067,21.240234375
7284182,26.18408203125
7284324,26.42822265625
7284449,22.27783203125
7284684,23.37646484375
7285070,29.35791015625
7285283,30.517578125
7285621,30.6396484375
7322767,16.6015625
7322805,32.1044921875
7322865,34.1796875
7322877,20.81298828125
7322902,59.38720703125
7322914,32.16552734375
7322940,23.62060546875
7322960,25.81787109375
7322974,35.2783203125
7322997,28.3203125
7323016,19.59228515625
7323048,16.7236328125
7323074,19.775390625
7323101,22.15576171875
7323124,18.12744140625
7323175,18.24951171875
7323240,16.90673828125
7323255,19.71435546875
7323306,18.4326171875
7323358,17.578125
7323965,16.845703125
7324075,20.263671875
7324178,17.27294921875
7324236,21.78955078125
7324257,21.05712890625
7324372,23.62060546875
7324505,19.71435546875
7324627,23.3154296875
7324730,22.03369140625
7324905,23.98681640625
7325001,24.5361328125
7325125,22.39990234375
7325305,22.3388671875
7325445,25.93994140625
7326285,23.8037109375
7509957,37.17041015625
7509997,25.08544921875
7590081,34.24072265625
7590125,22.8271484375
7590182,18.73779296875
7590229,22.0947265625
7590256,17.39501953125
7590278,28.13720703125
7590306,33.0810546875
7590332,46.2646484375
7590362,31.1279296875
7590408,18.4326171875
7590420,17.578125
7590432,29.35791015625
7590462,23.01025390625
7590517,17.63916015625
7590528,20.3857421875
7590556,17.15087890625
7590587,19.1650390625
7590705,16.9677734375
7591155,16.66259765625
7591271,21.97265625
7591292,19.47021484375
7591347,19.4091796875
7591382,16.6015625
7591574,29.23583984375
7591900,24.658203125
7592271,23.4375
7601630,16.2353515625
7601800,38.26904296875
7601838,18.1884765625
7601861,19.287109375
7601878,18.00537109375
7601904,23.3154296875
7601924,51.08642578125
7601948,36.43798828125
7601964,25.81787109375
7601978,28.99169921875
7601996,26.85546875
7602025,27.2216796875
7602039,20.3857421875
7602080,18.1884765625
7602107,26.55029296875
7602146,20.263671875
7602169,28.13720703125
7602247,17.63916015625
7602358,18.6767578125
7602372,17.02880859375
7602420,16.2353515625
7602979,19.22607421875
7603111,18.6767578125
7603287,20.32470703125
7603507,23.01025390625
7603650,22.15576171875
7603891,22.216796875
7604269,27.7099609375
7604467,27.03857421875
7604847,23.62060546875
7696943,32.28759765625
7697032,32.71484375
7697365,27.34375
7697376,41.015625
7697395,18.06640625
7697434,35.82763671875
7697474,16.66259765625
7697505,24.59716796875
7697515,28.50341796875
7697541,32.40966796875
7697560,32.5927734375
7697585,17.02880859375
7697607,20.32470703125
7697626,21.66748046875
7697643,22.15576171875
7697663,18.798828125
7697693,26.85546875
7697706,20.93505859375
7697766,18.37158203125
7697930,16.90673828125
7698371,16.90673828125
7698549,21.66748046875
7698591,17.7001953125
7698711,18.12744140625
7698929,25.57373046875
7699214,27.28271484375
7699331,18.9208984375
7699855,27.4658203125
7791891,28.13720703125
7791935,20.44677734375
7792006,18.98193359375
7792044,34.85107421875
7792147,27.587890625
7792190,36.62109375
7792235,21.484375
7792258,23.01025390625
7792288,29.4189453125
7792313,41.015625
7792326,22.76611328125
7792340,20.3857421875
7792356,18.61572265625
7792389,28.13720703125
7792413,20.263671875
7792433,24.35302734375
7792454,18.98193359375
7792491,16.78466796875
7792516,19.8974609375
7792564,17.51708984375
7792596,18.00537109375
7792626,19.1650390625
7793151,16.357421875
7793245,18.12744140625
7793323,22.0947265625
7793357,17.15087890625
7793634,24.59716796875
7793837,25.390625
7793946,20.263671875
7794119,23.5595703125
7795715,26.67236328125
