7799001,0
9136,20.20263671875
18431,20.69091796875
18482,23.681640625
41527,17.88330078125
41549,18.73779296875
60851,17.88330078125
60905,26.2451171875
60948,24.0478515625
61897,18.310546875
66939,19.1650390625
71861,20.01953125
78543,18.310546875
78768,22.64404296875
78826,18.73779296875
78903,18.24951171875
84497,18.73779296875
84549,18.37158203125
84634,18.49365234375
102533,18.49365234375
106598,29.78515625
106631,17.9443359375
106831,18.4326171875
116231,18.12744140625
124963,27.4658203125
125001,19.71435546875
136980,21.17919921875
142405,23.193359375
142461,23.3154296875
142488,18.00537109375
159581,17.9443359375
159603,18.5546875
161469,17.76123046875
161517,20.56884765625
181183,19.83642578125
181197,18.1884765625
181256,17.63916015625
181364,23.49853515625
202608,18.00537109375
202711,26.79443359375
202741,26.611328125
202767,22.03369140625
202833,19.1650390625
217916,18.85986328125
222409,21.3623046875
222448,22.3388671875
222468,20.3857421875
222488,22.15576171875
226591,18.6767578125
227228,18.37158203125
234693,21.66748046875
234823,18.85986328125
234995,18.1884765625
235093,18.85986328125
253490,22.0947265625
261667,18.798828125
277769,18.9208984375
278214,20.20263671875
278367,21.240234375
278398,27.34375
295672,17.7001953125
295717,26.18408203125
295757,20.263671875
313500,17.9443359375
317754,19.22607421875
317770,25.5126953125
317803,17.9443359375
317824,17.63916015625
322110,19.287109375
332557,17.822265625
336091,17.76123046875
337755,22.5830078125
337957,21.6064453125
338266,19.53125
338318,17.578125
338415,19.775390625
339317,21.97265625
354647,17.63916015625
355407,19.59228515625
362493,18.49365234375
376892,19.83642578125
377761,17.88330078125
377869,23.0712890625
378313,18.5546875
395449,17.88330078125
396337,18.12744140625
419059,19.53125
419072,27.64892578125
436860,18.4326171875
437876,22.94921875
437980,18.49365234375
454792,19.59228515625
456046,20.6298828125
456300,18.85986328125
457835,22.03369140625
457857,34.97314453125
457879,20.3857421875
457909,21.8505859375
457948,38.02490234375
481824,27.2216796875
481885,22.15576171875
481918,30.76171875
502699,19.22607421875
503181,22.52197265625
503260,22.4609375
503273,25.7568359375
503296,19.59228515625
503317,18.61572265625
524902,20.263671875
524925,18.06640625
525891,24.96337890625
538553,21.3623046875
538613,18.5546875
538633,23.5595703125
538701,17.578125
538731,19.83642578125
548407,21.66748046875
552360,17.88330078125
552424,27.40478515625
553025,18.37158203125
568947,18.37158203125
569005,17.822265625
569276,19.47021484375
569683,18.00537109375
570233,21.54541015625
570441,17.88330078125
570855,22.27783203125
573363,19.53125
573389,19.34814453125
588294,18.00537109375
589850,18.61572265625
589942,17.51708984375
589998,18.24951171875
590010,22.03369140625
590031,23.62060546875
606216,21.66748046875
606769,28.74755859375
606835,24.96337890625
606985,18.6767578125
621307,18.6767578125
621634,17.51708984375
621699,18.12744140625
621748,18.98193359375
623630,21.78955078125
628311,18.06640625
639039,19.1650390625
640010,25.69580078125
640271,23.681640625
654403,17.51708984375
654445,32.3486328125
654467,29.35791015625
654504,23.13232421875
654523,22.0947265625
666949,18.1884765625
667139,17.822265625
667287,18.37158203125
667931,19.287109375
667951,34.60693359375
667983,17.578125
668041,19.53125
668073,17.51708984375
691813,18.61572265625
691937,19.1650390625
692261,20.56884765625
702374,18.12744140625
704260,17.9443359375
704355,21.05712890625
705529,17.88330078125
705545,24.47509765625
705559,33.63037109375
705740,19.1650390625
705849,18.6767578125
705973,18.310546875
706000,18.24951171875
720625,22.52197265625
721374,18.61572265625
732821,20.81298828125
732843,33.99658203125
732923,19.6533203125
732960,23.25439453125
736250,20.263671875
753515,21.05712890625
753607,25.08544921875
753669,22.5830078125
753861,35.94970703125
754003,18.12744140625
754364,20.3857421875
754452,22.216796875
776726,19.10400390625
776862,20.93505859375
778098,20.1416015625
786893,17.9443359375
791096,18.00537109375
791880,21.78955078125
791902,24.0478515625
806371,18.5546875
806981,18.06640625
806999,22.3388671875
807264,18.00537109375
810347,20.20263671875
810417,18.37158203125
810964,23.193359375
811010,21.8505859375
811046,21.6064453125
811069,22.39990234375
826623,23.37646484375
826678,20.3857421875
826902,17.822265625
826963,18.49365234375
827160,20.81298828125
827796,20.3857421875
827848,18.49365234375
830379,23.13232421875
839694,22.27783203125
839816,24.90234375
839932,19.04296875
840035,23.49853515625
840149,19.10400390625
841066,18.00537109375
841358,27.40478515625
841370,22.03369140625
862716,29.6630859375
863112,17.76123046875
863283,18.24951171875
863438,17.63916015625
863637,18.24951171875
863654,29.96826171875
874712,19.47021484375
875697,21.484375
875807,22.27783203125
875843,18.12744140625
875890,17.63916015625
884981,27.03857421875
893316,17.9443359375
893506,18.4326171875
893736,24.90234375
894561,25.87890625
894619,29.296875
894641,30.33447265625
894662,19.83642578125
903222,18.73779296875
917382,24.5361328125
917413,19.53125
917460,25.20751953125
928251,29.541015625
928306,23.74267578125
930853,18.85986328125
930868,20.08056640625
930966,17.88330078125
939790,17.51708984375
942097,17.9443359375
942255,19.6533203125
942296,22.5830078125
950938,25.57373046875
951254,22.94921875
952011,24.84130859375
952154,18.73779296875
952229,19.71435546875
954255,17.51708984375
962216,20.1416015625
963336,20.81298828125
963406,17.578125
963425,22.27783203125
963463,18.310546875
963492,34.72900390625
963546,18.00537109375
963590,33.63037109375
963607,17.578125
963625,20.5078125
976560,27.2216796875
976828,18.5546875
976932,23.3154296875
976985,21.240234375
977047,25.0244140625
977198,17.822265625
980344,17.88330078125
985890,18.06640625
985973,20.69091796875
985994,25.5126953125
990710,18.6767578125
993728,18.310546875
994620,19.1650390625
999352,19.22607421875
999513,19.04296875
1005754,27.4658203125
1007214,30.029296875
1007226,33.87451171875
1007244,24.23095703125
1007293,23.37646484375
1007304,25.7568359375
1007335,17.88330078125
1023817,17.76123046875
1031819,18.00537109375
1033483,18.61572265625
1033804,18.798828125
1033819,26.2451171875
1034006,20.20263671875
1034634,23.92578125
1034721,21.484375
1034781,24.2919921875
1034792,22.94921875
1034812,20.20263671875
1050372,19.775390625
1050456,18.00537109375
1051303,23.92578125
1051904,19.8974609375
1051970,23.74267578125
1052068,20.751953125
1052168,17.822265625
1052243,20.99609375
1065553,19.1650390625
1065588,20.81298828125
1065621,20.263671875
1065631,32.71484375
1065649,17.9443359375
1065659,19.34814453125
1079028,21.30126953125
1081272,18.12744140625
1081511,17.822265625
1081569,22.76611328125
1081598,18.1884765625
1095500,20.99609375
1095546,18.310546875
1095590,22.52197265625
1095616,20.44677734375
1095629,26.30615234375
1095687,19.71435546875
1095698,22.39990234375
1111491,20.56884765625
1114623,19.8974609375
1114715,18.73779296875
1114730,19.8974609375
1114768,20.6298828125
1114810,21.30126953125
1122289,20.751953125
1122360,22.3388671875
1123829,26.06201171875
1123923,19.34814453125
1132516,18.00537109375
1133865,17.9443359375
1133922,18.6767578125
1135475,19.47021484375
1136544,17.9443359375
1136558,27.89306640625
1136583,19.83642578125
1136601,19.71435546875
1136822,19.10400390625
1136878,18.5546875
1136893,18.61572265625
1136950,28.86962890625
1136974,31.494140625
1136996,27.34375
1137015,40.8935546875
1156057,23.0712890625
1156412,27.16064453125
1161179,20.44677734375
1161235,24.23095703125
1161851,21.3623046875
1161896,27.83203125
1161958,23.37646484375
1161977,17.51708984375
1175139,19.287109375
1175372,20.263671875
1175709,18.4326171875
1175955,19.6533203125
1177967,18.00537109375
1177993,24.0478515625
1178034,29.1748046875
1178106,18.9208984375
1193753,22.03369140625
1193985,19.10400390625
1194957,20.81298828125
1195271,23.92578125
1195329,17.51708984375
1195723,19.775390625
1195792,20.08056640625
1209613,18.5546875
1215286,17.822265625
1221152,19.71435546875
1222594,22.705078125
1222958,21.42333984375
1224186,17.9443359375
1224270,18.9208984375
1224358,20.44677734375
1224369,18.98193359375
1238195,20.751953125
1238208,17.822265625
1238753,19.22607421875
1238959,18.12744140625
1239230,32.1044921875
1257573,18.310546875
1258430,18.9208984375
1258468,26.06201171875
1258550,20.263671875
1259790,27.77099609375
1259825,22.0947265625
1259860,21.78955078125
1274312,29.11376953125
1274328,23.3154296875
1274352,29.296875
1274397,26.9775390625
1274415,36.1328125
1274426,23.92578125
1296419,26.06201171875
1297368,19.287109375
1297378,20.20263671875
1297410,18.310546875
1297423,23.01025390625
1297465,18.06640625
1297485,51.81884765625
1306995,18.798828125
1312165,27.83203125
1312181,17.63916015625
1315107,21.728515625
1315132,35.400390625
1315151,21.484375
1315190,25.57373046875
1327581,27.89306640625
1327701,19.34814453125
1337060,19.8974609375
1337073,19.22607421875
1337092,22.39990234375
1341365,27.52685546875
1357517,20.69091796875
1357582,20.20263671875
1357851,21.78955078125
1357998,17.51708984375
1358120,20.44677734375
1358142,32.04345703125
1358159,24.71923828125
1358181,27.9541015625
1372284,18.06640625
1381732,17.76123046875
1382556,23.86474609375
1382619,27.83203125
1382641,17.578125
1382783,21.1181640625
1382816,17.88330078125
1382879,20.81298828125
1391972,18.98193359375
1400046,18.1884765625
1400447,18.6767578125
1400499,28.3203125
1400543,17.822265625
1400589,22.15576171875
1400623,17.822265625
1400633,18.1884765625
1400658,19.95849609375
1414644,18.61572265625
1423510,20.6298828125
1423535,19.95849609375
1423552,24.59716796875
1423582,26.3671875
1423593,17.63916015625
1423623,25.32958984375
1423766,22.5830078125
1436922,28.1982421875
1436935,29.47998046875
1436951,27.83203125
1436988,22.03369140625
1437172,18.85986328125
1443613,17.578125
1444180,26.4892578125
1444566,27.16064453125
1448672,22.27783203125
1448734,19.1650390625
1466673,18.4326171875
1466693,29.84619140625
1466705,34.11865234375
1466731,36.9873046875
1466775,30.33447265625
1466793,20.69091796875
1466815,19.59228515625
1466843,23.3154296875
1466909,28.25927734375
1470802,19.8974609375
1483744,26.9775390625
1483887,23.74267578125
1484336,17.7001953125
1489003,20.263671875
1489026,23.193359375
1489041,26.4892578125
1489071,29.052734375
1489086,20.81298828125
1489110,22.39990234375
1489130,20.751953125
1489151,18.49365234375
1489214,21.8505859375
1502064,24.5361328125
1502080,19.71435546875
1502105,28.80859375
1502117,22.27783203125
1502147,22.88818359375
1502163,20.81298828125
1502177,17.88330078125
1517960,19.10400390625
1517988,38.0859375
1518003,37.59765625
1518037,25.7568359375
1518051,22.8271484375
1518077,25.2685546875
1518090,29.72412109375
1518126,26.30615234375
1529953,17.578125
1529971,23.13232421875
1529992,26.18408203125
1530011,24.2919921875
1530043,27.4658203125
1540274,18.37158203125
1540291,34.85107421875
1540331,22.94921875
1540365,19.71435546875
1540384,41.3818359375
1540403,31.06689453125
1540442,17.822265625
1540537,28.13720703125
1556904,23.01025390625
1556970,38.02490234375
1557002,24.4140625
1557020,29.9072265625
1557030,56.21337890625
1557047,33.203125
1557077,21.484375
1557098,20.5078125
1569077,18.49365234375
1569098,19.22607421875
1569133,41.93115234375
1569143,25.69580078125
1569163,36.62109375
1569174,46.32568359375
1569203,25.81787109375
1569222,20.99609375
1569250,19.22607421875
1569268,22.52197265625
1569288,29.72412109375
1569338,20.3857421875
1569386,19.59228515625
1569943,20.08056640625
1571924,17.88330078125
1577613,20.263671875
1578187,21.240234375
1581704,20.20263671875
1581716,21.42333984375
1581735,23.25439453125
1581751,35.09521484375
1581792,28.4423828125
1581808,18.1884765625
1581836,17.9443359375
1581849,36.56005859375
1581874,19.04296875
1593271,27.4658203125
1593731,18.73779296875
1593741,49.01123046875
1593777,42.724609375
1593796,25.20751953125
1593822,19.6533203125
1593844,23.01025390625
1593871,22.94921875
1593883,26.06201171875
1593908,30.3955078125
1593969,19.34814453125
1596683,17.822265625
1606797,25.32958984375
1606813,33.50830078125
1606843,31.92138671875
1606866,30.33447265625
1606878,26.9775390625
1606905,27.4658203125
1606916,22.5830078125
1606951,31.982421875
1606967,18.61572265625
1606988,18.73779296875
1613346,20.3857421875
1613387,25.2685546875
1613402,36.43798828125
1613438,30.029296875
1613458,42.17529296875
1613471,27.34375
1613496,27.77099609375
1613510,19.71435546875
1613526,21.8505859375
1613536,17.578125
1613574,21.3623046875
1618060,20.20263671875
1618134,30.6396484375
1628547,18.37158203125
1628585,19.4091796875
1628595,49.072265625
1628622,38.26904296875
1628641,49.74365234375
1628669,30.2734375
1628693,23.98681640625
1628725,24.35302734375
1628767,26.3671875
1631777,17.7001953125
1633813,19.1650390625
1642885,18.12744140625
1642918,19.47021484375
1642935,33.75244140625
1642953,24.658203125
1642987,45.8984375
1643005,29.96826171875
1643016,18.310546875
1643051,31.1279296875
1643073,22.0947265625
1646665,19.287109375
1654687,18.00537109375
1654716,44.3115234375
1654731,26.55029296875
1654764,32.71484375
1654782,55.84716796875
1654819,25.69580078125
1654854,33.5693359375
1654874,18.6767578125
1654908,19.287109375
1658938,20.01953125
1670406,20.32470703125
1670434,37.109375
1670462,24.90234375
1670478,28.564453125
1670495,34.85107421875
1670515,38.2080078125
1670534,34.48486328125
1670567,32.3486328125
1670629,19.83642578125
1670737,18.4326171875
1676804,18.00537109375
1676828,23.98681640625
1677784,20.01953125
1689918,26.3671875
1689933,33.99658203125
1689959,23.49853515625
1689973,38.87939453125
1689986,27.9541015625
1690022,26.611328125
1690038,28.80859375
1690065,34.48486328125
1690075,21.17919921875
1690126,21.240234375
1690143,20.5078125
1690190,17.7001953125
1716246,23.49853515625
1716349,23.62060546875
1716508,18.12744140625
1716614,19.4091796875
1716658,21.1181640625
1716693,19.34814453125
1716754,21.97265625
1716767,20.20263671875
1716842,22.0947265625
1716887,28.4423828125
1716918,22.8271484375
1722040,17.822265625
1724324,17.88330078125
1734421,18.98193359375
1734439,24.35302734375
1734456,22.5830078125
1734484,44.86083984375
1734495,26.9775390625
1734518,27.64892578125
1734535,20.81298828125
1734560,37.2314453125
1734585,17.88330078125
1734615,22.0947265625
1738376,18.4326171875
1755042,28.38134765625
1756146,18.73779296875
1756341,22.5830078125
1756359,17.88330078125
1756438,20.69091796875
1756570,23.681640625
1756593,21.3623046875
1756624,19.53125
1756685,21.240234375
1759281,18.24951171875
1763998,19.10400390625
1764048,18.49365234375
1771750,30.45654296875
1772495,18.310546875
1772882,42.48046875
1772893,20.8740234375
1772916,22.88818359375
1772935,45.41015625
1772945,41.44287109375
1772985,25.20751953125
1773002,30.76171875
1773018,21.728515625
1773061,18.00537109375
1778376,21.17919921875
1778457,18.4326171875
1778476,17.7001953125
1778511,19.287109375
1778614,18.00537109375
1795070,25.634765625
1795086,29.47998046875
1795116,20.93505859375
1795140,32.40966796875
1795163,28.13720703125
1795200,25.20751953125
1795247,19.1650390625
1801273,18.24951171875
1801413,18.1884765625
1801502,19.47021484375
1807014,17.63916015625
1807385,27.03857421875
1817659,18.00537109375
1824645,20.263671875
1824915,25.45166015625
1825472,19.1650390625
1826001,19.22607421875
1826150,18.12744140625
1826173,20.3857421875
1826214,23.01025390625
1826241,18.00537109375
1826267,19.4091796875
1826281,18.37158203125
1826319,17.7001953125
1826350,18.5546875
1833416,23.0712890625
1848081,17.88330078125
1850844,17.88330078125
1852517,23.0712890625
1852694,21.240234375
1852910,17.822265625
1853505,21.42333984375
1854286,30.94482421875
1854337,20.3857421875
1854365,20.93505859375
1871417,25.69580078125
1871492,28.076171875
1871632,18.310546875
1873269,26.55029296875
1873352,19.6533203125
1891925,19.10400390625
1896725,20.32470703125
1899901,18.00537109375
1903006,19.10400390625
1913217,18.85986328125
1913619,17.51708984375
1919510,18.5546875
1919748,19.10400390625
1919797,22.39990234375
1919841,28.4423828125
1920387,21.3623046875
1920470,23.49853515625
1920615,17.88330078125
1929685,18.4326171875
1940950,19.22607421875
1941011,18.61572265625
1941965,18.24951171875
1942002,17.63916015625
1942037,19.775390625
1944529,21.66748046875
1944663,22.52197265625
1964552,18.9208984375
1965359,23.13232421875
1965480,22.03369140625
1966053,17.51708984375
1975547,22.27783203125
1975651,21.97265625
1993388,19.10400390625
1993478,30.3955078125
1993509,24.59716796875
1993546,19.6533203125
1994829,17.63916015625
1994949,17.822265625
1995191,18.5546875
1996601,19.22607421875
1996628,20.01953125
1998134,18.5546875
1998186,25.390625
1998215,36.1328125
1998226,19.287109375
1998249,19.59228515625
1998263,26.123046875
2012041,21.91162109375
2012077,22.27783203125
2012176,24.2919921875
2015390,22.52197265625
2015458,19.287109375
2024572,17.63916015625
2025721,21.8505859375
2025809,17.9443359375
2026851,23.86474609375
2034196,23.8037109375
2036255,18.6767578125
2036307,19.04296875
2037586,17.63916015625
2038572,23.37646484375
2041579,17.7001953125
2041737,19.04296875
2041781,24.90234375
2071054,17.7001953125
2072961,19.8974609375
2073331,20.81298828125
2073549,20.263671875
2076897,19.83642578125
2077000,18.98193359375
2091637,28.25927734375
2093888,17.63916015625
2099014,21.54541015625
2099071,23.13232421875
2099151,17.63916015625
2099185,18.6767578125
2099301,21.66748046875
2099337,19.10400390625
2099486,18.61572265625
2100377,18.37158203125
2100437,18.1884765625
2102073,21.728515625
2102094,35.94970703125
2102155,21.17919921875
2102176,18.5546875
2102246,19.34814453125
2104899,19.10400390625
2105070,17.88330078125
2105277,18.98193359375
2124676,19.53125
2125072,28.564453125
2125159,20.8740234375
2125229,21.66748046875
2125511,20.3857421875
2125605,17.822265625
2131330,17.63916015625
2133606,26.4892578125
2133617,24.658203125
2133649,17.51708984375
2134728,18.310546875
2135680,24.47509765625
2135718,31.06689453125
2135753,24.5361328125
2159074,21.91162109375
2159193,17.7001953125
2159277,23.62060546875
2159336,18.49365234375
2159498,20.6298828125
2159959,18.12744140625
2160015,20.01953125
2160067,19.4091796875
2160161,24.71923828125
2160258,20.56884765625
2180849,18.6767578125
2180967,24.96337890625
2182586,19.4091796875
2182644,19.95849609375
2182657,20.56884765625
2182690,20.1416015625
2192184,18.310546875
2208271,17.88330078125
2208356,17.7001953125
2208422,17.578125
2219739,17.51708984375
2224113,20.44677734375
2234728,26.611328125
2235152,23.681640625
2235514,23.37646484375
2235818,19.53125
2235895,17.822265625
2235917,18.798828125
2235978,19.775390625
2236230,17.51708984375
2236297,20.6298828125
2243363,24.23095703125
2243374,22.76611328125
2243394,27.40478515625
2243408,22.03369140625
2243433,17.7001953125
2243471,22.0947265625
2243522,18.00537109375
2260687,18.12744140625
2262085,17.51708984375
2262722,21.05712890625
2262995,18.06640625
2283345,22.4609375
2283451,22.4609375
2283852,21.728515625
2284471,30.09033203125
2284499,27.2216796875
2284516,39.4287109375
2284537,17.578125
2284564,27.9541015625
2284581,20.20263671875
2284608,26.123046875
2305546,17.76123046875
2305847,17.88330078125
2305903,19.95849609375
2305947,23.01025390625
2325668,18.310546875
2326300,18.310546875
2333310,22.216796875
2333418,26.67236328125
2333448,17.88330078125
2333466,17.51708984375
2333572,21.30126953125
2334626,18.1884765625
2335229,18.73779296875
2337280,22.216796875
2337440,24.35302734375
2337486,20.44677734375
2337527,17.822265625
2370025,26.06201171875
2370036,32.16552734375
2370050,19.1650390625
2370066,24.169921875
2370100,25.146484375
2370118,29.1748046875
2371603,18.310546875
2374608,19.1650390625
2375441,18.310546875
2391709,17.822265625
2393610,24.90234375
2393674,24.658203125
2393782,22.4609375
2393893,23.5595703125
2394068,20.56884765625
2394315,19.34814453125
2394379,22.88818359375
2394389,22.8271484375
2394401,18.37158203125
2394506,24.47509765625
2394527,18.98193359375
2395885,18.85986328125
2404044,18.12744140625
2412299,23.74267578125
2412340,18.00537109375
2412353,28.9306640625
2412378,22.0947265625
2412536,31.1279296875
2412671,23.92578125
2414178,17.76123046875
2414198,24.47509765625
2414210,22.0947265625
2414232,30.70068359375
2414268,23.5595703125
2414297,22.88818359375
2414309,20.5078125
2420762,17.88330078125
2440733,21.91162109375
2440887,28.50341796875
2440911,18.61572265625
2440959,20.8740234375
2441038,18.06640625
2441145,22.27783203125
2441167,21.30126953125
2442053,21.8505859375
2442283,18.310546875
2443557,22.4609375
2443571,20.93505859375
2444854,17.88330078125
2452041,17.9443359375
2472118,28.74755859375
2472187,20.8740234375
2472346,20.1416015625
2472356,25.08544921875
2472395,23.3154296875
2472460,17.7001953125
2473418,20.8740234375
2473433,18.1884765625
2487249,29.78515625
2492798,20.56884765625
2492888,28.6865234375
2492914,18.1884765625
2504609,18.24951171875
2504683,29.11376953125
2504778,18.00537109375
2520370,20.6298828125
2520421,21.30126953125
2520488,18.00537109375
2520513,19.59228515625
2520523,22.52197265625
2520633,19.10400390625
2520875,18.85986328125
2525210,18.00537109375
2527087,17.7001953125
2529384,17.76123046875
2541226,19.71435546875
2541248,32.40966796875
2541277,19.1650390625
2541294,20.93505859375
2541313,30.94482421875
2541325,23.681640625
2541398,27.83203125
2562763,17.88330078125
2563121,18.798828125
2563137,24.169921875
2563248,18.310546875
2563442,18.06640625
2563726,24.84130859375
2563739,17.578125
2563787,18.00537109375
2564662,18.1884765625
2564750,28.62548828125
2564764,28.13720703125
2564795,19.53125
2564820,19.10400390625
2564851,21.66748046875
2564868,20.81298828125
2589016,21.17919921875
2589102,28.13720703125
2589283,24.169921875
2589941,22.5830078125
2589974,17.63916015625
2590064,19.95849609375
2590148,19.22607421875
2590210,21.05712890625
2590375,18.6767578125
2590394,18.24951171875
2591391,17.51708984375
2593256,20.8740234375
2617243,17.7001953125
2617554,18.1884765625
2617899,18.310546875
2617979,19.1650390625
2618043,18.310546875
2618120,17.51708984375
2618202,18.00537109375
2618464,18.24951171875
2619740,18.37158203125
2619765,26.2451171875
2625371,20.263671875
2625596,22.0947265625
2625712,17.7001953125
2625757,28.99169921875
2625775,27.16064453125
2625807,21.54541015625
2625820,18.12744140625
2625853,20.263671875
2641674,18.12744140625
2648677,21.728515625
2648693,22.216796875
2648709,28.62548828125
2648725,19.4091796875
2648744,18.00537109375
2648780,19.6533203125
2648794,30.76171875
2661188,19.04296875
2661217,23.3154296875
2661318,18.73779296875
2661333,18.24951171875
2661360,17.63916015625
2661584,17.9443359375
2661616,19.10400390625
2662605,20.56884765625
2662657,19.83642578125
2682525,18.49365234375
2682571,17.63916015625
2682648,20.751953125
2683153,20.56884765625
2684110,18.310546875
2684443,18.798828125
2684521,17.88330078125
2684538,22.3388671875
2684562,18.98193359375
2684601,21.78955078125
2684630,18.06640625
2686561,19.04296875
2686748,19.95849609375
2686801,24.169921875
2704903,17.76123046875
2706661,25.7568359375
2728983,20.44677734375
2729052,21.8505859375
2729087,20.56884765625
2729125,25.69580078125
2730622,20.44677734375
2730774,24.47509765625
2731291,22.3388671875
2732663,17.63916015625
2732875,21.3623046875
2733039,22.52197265625
2733216,19.04296875
2743937,19.10400390625
2767955,17.63916015625
2770344,21.728515625
2770509,21.1181640625
2770525,30.3955078125
2770552,19.775390625
2770590,17.51708984375
2770600,36.2548828125
2790624,20.751953125
2790708,24.59716796875
2790738,24.7802734375
2790763,28.74755859375
2790833,26.55029296875
2790843,22.3388671875
2794960,17.88330078125
2798242,17.76123046875
2799193,17.76123046875
2799526,25.45166015625
2799556,22.39990234375
2805945,19.53125
2805982,18.37158203125
2806081,18.49365234375
2823554,18.61572265625
2825572,18.00537109375
2825630,18.12744140625
2825713,22.15576171875
2837471,17.63916015625
2847267,23.5595703125
2847294,24.35302734375
2847312,20.6298828125
2847327,39.36767578125
2847342,28.564453125
2847362,26.30615234375
2847395,17.88330078125
2863434,22.4609375
2863493,19.47021484375
2863611,17.9443359375
2863757,27.7099609375
2871508,17.7001953125
2871859,18.6767578125
2872934,18.4326171875
2873057,17.63916015625
2873209,19.53125
2907333,18.49365234375
2907951,17.822265625
2907973,18.9208984375
2908018,18.98193359375
2908092,17.7001953125
2908328,18.98193359375
2911533,17.9443359375
2922476,28.62548828125
2922518,22.03369140625
2922533,22.88818359375
2922555,20.32470703125
2922611,21.3623046875
2922632,19.10400390625
2923447,20.3857421875
2923491,18.00537109375
2927815,17.7001953125
2928086,18.310546875
2928103,19.775390625
2928150,21.66748046875
2928165,35.82763671875
2928175,35.0341796875
2928209,19.775390625
2928229,18.49365234375
2928259,24.0478515625
2937984,18.37158203125
2952307,19.59228515625
2952318,25.2685546875
2952345,19.6533203125
2952373,20.3857421875
2952386,19.1650390625
2952416,23.0712890625
2952436,22.03369140625
2952449,25.57373046875
2953662,18.798828125
2953725,23.193359375
2953746,19.22607421875
2953771,18.310546875
2953811,29.296875
2953867,35.46142578125
2953894,20.44677734375
2964893,18.98193359375
2975921,17.76123046875
2975936,21.17919921875
2975962,31.43310546875
2975982,33.02001953125
2975995,21.78955078125
2976024,19.287109375
2984060,21.66748046875
2984497,18.24951171875
2984582,17.63916015625
2984701,17.7001953125
2984756,18.310546875
2984930,19.1650390625
2997584,22.88818359375
2997613,22.216796875
2997667,18.06640625
2997758,17.7001953125
3004800,17.7001953125
3013842,17.822265625
3013925,19.83642578125
3037017,18.00537109375
3037124,18.5546875
3037164,21.17919921875
3037199,34.11865234375
3037220,25.634765625
3037233,21.6064453125
3037252,17.9443359375
3037403,25.08544921875
3041292,20.44677734375
3041321,23.98681640625
3041334,26.91650390625
3041353,25.7568359375
3041366,21.1181640625
3041393,18.6767578125
3041410,22.94921875
3041431,23.8037109375
3060249,17.51708984375
3060727,19.53125
3060809,17.63916015625
3060951,17.63916015625
3061127,18.1884765625
3062302,18.4326171875
3085641,18.310546875
3085710,23.3154296875
3085743,19.1650390625
3085777,22.3388671875
3085826,20.93505859375
3086030,20.8740234375
3103269,19.4091796875
3103507,23.5595703125
3103526,31.79931640625
3103598,18.06640625
3103624,18.9208984375
3103677,17.88330078125
3104293,18.310546875
3104321,18.06640625
3104339,21.91162109375
3104353,19.34814453125
3104382,25.634765625
3104418,21.6064453125
3104458,21.97265625
3116606,26.30615234375
3118386,20.20263671875
3118620,17.63916015625
3118771,19.1650390625
3118824,20.8740234375
3118888,21.54541015625
3118964,24.71923828125
3118990,17.88330078125
3119051,18.37158203125
3119077,18.06640625
3138474,19.6533203125
3138551,24.84130859375
3138604,18.06640625
3138618,18.49365234375
3138666,35.21728515625
3138703,27.89306640625
3138738,25.45166015625
3138751,18.00537109375
3138782,18.98193359375
3161130,24.96337890625
3161344,19.22607421875
3162522,20.44677734375
3162564,20.32470703125
3162712,19.775390625
3162732,19.22607421875
3162826,17.63916015625
3163542,27.34375
3163573,23.25439453125
3182629,23.74267578125
3182737,19.8974609375
3182810,19.22607421875
3187168,20.263671875
3191321,21.66748046875
3191958,18.85986328125
3192103,18.24951171875
3192639,18.37158203125
3206111,27.52685546875
3206150,23.3154296875
3206256,20.32470703125
3215880,19.47021484375
3215901,22.03369140625
3215951,20.08056640625
3215966,31.92138671875
3219944,17.76123046875
3219961,24.5361328125
3219991,31.8603515625
3220006,19.53125
3220024,21.78955078125
3220039,22.94921875
3220075,25.87890625
3239969,17.51708984375
3240548,23.98681640625
3240952,20.263671875
3240963,37.65869140625
3240997,25.87890625
3241022,21.97265625
3241033,18.61572265625
3256954,18.310546875
3257621,33.203125
3257640,17.822265625
3257687,17.63916015625
3257702,33.50830078125
3271653,22.15576171875
3271874,19.287109375
3271910,19.4091796875
3271932,19.47021484375
3272007,31.67724609375
3274173,19.34814453125
3274500,19.287109375
3274543,19.34814453125
3274594,26.30615234375
3274677,18.49365234375
3274715,18.5546875
3274752,26.3671875
3274797,18.49365234375
3274820,23.49853515625
3274837,21.728515625
3274884,21.97265625
3274914,22.216796875
3286546,17.76123046875
3297641,20.01953125
3297700,20.5078125
3297763,17.578125
3297809,21.17919921875
3297843,18.4326171875
3297860,18.06640625
3297886,20.99609375
3298819,21.42333984375
3298843,18.1884765625
3298858,19.775390625
3298876,29.47998046875
3298897,24.10888671875
3298954,22.64404296875
3314706,21.54541015625
3314732,18.4326171875
3315300,22.52197265625
3315679,20.44677734375
3316181,30.1513671875
3316199,22.4609375
3341903,19.4091796875
3341956,19.59228515625
3342019,21.66748046875
3342046,19.47021484375
3342076,21.8505859375
3342108,17.578125
3342134,29.296875
3342160,20.3857421875
3356695,23.37646484375
3356740,20.263671875
3356796,28.564453125
3356814,19.10400390625
3356907,19.775390625
3356919,18.798828125
3357018,19.10400390625
3357119,18.61572265625
3357153,17.51708984375
3357828,19.6533203125
3357870,17.51708984375
3357888,28.62548828125
3357903,19.10400390625
3357925,18.49365234375
3357972,22.76611328125
3357983,22.3388671875
3358022,18.12744140625
3362101,22.0947265625
3362148,22.8271484375
3362174,18.49365234375
3362237,24.658203125
3362250,21.6064453125
3374604,17.63916015625
3374680,30.029296875
3374723,18.12744140625
3387887,17.76123046875
3389233,24.5361328125
3389246,18.9208984375
3389277,22.705078125
3389300,37.4755859375
3389328,19.10400390625
3389353,18.73779296875
3399953,17.76123046875
3400147,18.73779296875
3412401,19.71435546875
3418482,26.91650390625
3418552,24.169921875
3418588,22.94921875
3418707,17.76123046875
3418901,18.6767578125
3418954,17.88330078125
3419681,18.12744140625
3419996,17.9443359375
3420709,20.3857421875
3420839,17.7001953125
3420964,19.47021484375
3421015,19.04296875
3421044,29.84619140625
3421138,23.4375
3421187,25.45166015625
3421220,18.00537109375
3429627,17.578125
3429777,18.00537109375
3429894,24.35302734375
3430029,21.91162109375
3430158,29.78515625
3430196,29.052734375
3443899,24.5361328125
3443934,18.4326171875
3444085,17.9443359375
3444144,27.2216796875
3452615,18.4326171875
3452748,21.66748046875
3452994,19.287109375
3453105,21.91162109375
3453144,19.1650390625
3453237,21.8505859375
3456652,18.06640625
3456788,26.42822265625
3475868,19.34814453125
3475937,21.240234375
3475950,18.24951171875
3476152,23.98681640625
3480766,19.22607421875
3480911,18.06640625
3490312,17.51708984375
3490367,22.705078125
3490414,36.19384765625
3490467,36.865234375
3490488,20.81298828125
3490515,19.47021484375
3490559,22.216796875
3498166,23.01025390625
3498253,17.88330078125
3498362,19.8974609375
3498389,20.263671875
3498546,27.099609375
3510310,22.27783203125
3510390,41.44287109375
3517726,18.49365234375
3518270,24.169921875
3518420,20.20263671875
3518677,23.37646484375
3518695,20.8740234375
3528162,21.240234375
3528238,21.17919921875
3528313,22.0947265625
3528376,25.32958984375
3528508,23.5595703125
3537660,18.06640625
3537856,24.5361328125
3537952,19.1650390625
3538012,23.37646484375
3538164,24.84130859375
3548966,17.9443359375
3549010,27.9541015625
3549033,19.6533203125
3549061,24.169921875
3549114,24.4140625
3549169,19.83642578125
3549243,21.30126953125
3549302,24.59716796875
3557143,27.34375
3557272,21.66748046875
3557310,26.30615234375
3557347,34.912109375
3567178,18.5546875
3567262,21.3623046875
3567277,18.12744140625
3567330,24.71923828125
3567348,18.00537109375
3567386,30.94482421875
3567401,18.6767578125
3575594,23.86474609375
3575689,22.94921875
3575767,19.775390625
3575858,23.0712890625
3588825,18.4326171875
3588910,19.53125
3589129,19.775390625
3589244,27.9541015625
3589828,19.4091796875
3597580,21.78955078125
3597662,24.23095703125
3597688,28.01513671875
3597734,24.59716796875
3597787,19.775390625
3597826,18.73779296875
3609146,25.634765625
3609179,19.71435546875
3609205,19.1650390625
3609259,19.04296875
3609274,30.33447265625
3609288,23.92578125
3609319,18.4326171875
3609347,21.78955078125
3609388,28.74755859375
3609571,20.69091796875
3609614,17.63916015625
3616263,19.8974609375
3616320,20.08056640625
3616367,28.50341796875
3616381,19.34814453125
3616403,23.86474609375
3616434,18.24951171875
3616495,34.7900390625
3616534,17.9443359375
3616586,29.296875
3626166,18.4326171875
3626218,20.08056640625
3626247,27.587890625
3626273,21.3623046875
3626300,24.2919921875
3626336,25.81787109375
3626347,32.65380859375
3626399,28.13720703125
3626541,17.7001953125
3626897,19.34814453125
3632580,17.63916015625
3632682,18.310546875
3632716,28.076171875
3632752,19.10400390625
3632784,22.39990234375
3632804,21.42333984375
3632827,17.76123046875
3632867,27.16064453125
3632898,20.56884765625
3633224,18.37158203125
3644364,28.74755859375
3644401,19.95849609375
3644426,29.23583984375
3644451,17.7001953125
3644488,19.287109375
3644510,25.81787109375
3644546,24.23095703125
3644637,19.4091796875
3656324,17.63916015625
3656369,22.52197265625
3656395,34.1796875
3656421,25.20751953125
3656444,29.23583984375
3656477,22.64404296875
3656512,24.47509765625
3656529,24.59716796875
3656539,18.6767578125
3660621,17.88330078125
3661180,21.30126953125
3661312,21.3623046875
3661416,18.61572265625
3661607,17.7001953125
3661723,21.8505859375
3662097,17.88330078125
3662328,19.287109375
3670699,25.146484375
3670766,18.12744140625
3670810,20.8740234375
3670829,27.34375
3670872,19.1650390625
3670934,17.7001953125
3671041,23.13232421875
3677556,22.27783203125
3677591,17.578125
3677619,18.4326171875
3677665,32.04345703125
3677679,25.390625
3677710,20.6298828125
3677791,36.0107421875
3677842,19.4091796875
3686241,31.79931640625
3686298,17.88330078125
3686329,38.26904296875
3686377,23.8037109375
3686392,41.19873046875
3686439,38.6962890625
3686461,29.23583984375
3686501,17.578125
3686513,29.6630859375
3699974,18.6767578125
3700041,28.86962890625
3700092,34.36279296875
3700127,23.49853515625
3700160,30.029296875
3700187,19.1650390625
3700215,22.76611328125
3700240,18.310546875
3700266,18.5546875
3700325,22.15576171875
3706354,22.5830078125
3706411,18.49365234375
3706549,21.6064453125
3706589,20.81298828125
3706645,29.72412109375
3706682,22.0947265625
3706709,25.2685546875
3706753,21.66748046875
3706764,19.47021484375
3706867,17.63916015625
3706936,23.98681640625
3707072,17.9443359375
3707191,18.12744140625
3717497,21.30126953125
3717545,31.1279296875
3717589,40.4052734375
3717625,24.658203125
3717647,24.71923828125
3717660,36.9873046875
3717741,23.8037109375
3717954,18.61572265625
3723352,24.59716796875
3723427,26.06201171875
3723524,20.263671875
3723573,25.7568359375
3723614,25.146484375
3723672,22.27783203125
3723754,19.4091796875
3723764,23.681640625
3736262,20.44677734375
3736291,22.94921875
3736306,19.59228515625
3736330,34.423828125
3736354,19.47021484375
3736369,23.98681640625
3736427,18.798828125
3736445,23.74267578125
3736500,18.5546875
3736648,20.263671875
3736759,18.37158203125
3742822,20.99609375
3742885,20.263671875
3742900,18.5546875
3742941,18.4326171875
3742987,21.240234375
3743015,38.2080078125
3743055,23.8037109375
3743065,19.59228515625
3743082,19.4091796875
3743101,31.1279296875
3743127,20.93505859375
3743191,18.37158203125
3755514,20.08056640625
3755561,18.85986328125
3755590,26.9775390625
3755621,21.78955078125
3755636,17.51708984375
3755656,40.6494140625
3755670,17.822265625
3755691,18.798828125
3755728,44.49462890625
3755752,18.24951171875
3755764,18.9208984375
3755778,25.32958984375
3755828,20.8740234375
3755958,18.4326171875
3756045,18.798828125
3760315,18.1884765625
3760425,22.76611328125
3760558,17.578125
3760602,17.9443359375
3760632,27.9541015625
3760728,18.1884765625
3760816,20.6298828125
3761019,18.24951171875
3761125,24.35302734375
3761294,18.5546875
3761421,18.4326171875
3773514,21.91162109375
3773548,33.38623046875
3773572,26.7333984375
3773583,20.32470703125
3773595,23.0712890625
3773642,20.32470703125
3773655,22.15576171875
3773859,21.05712890625
3780550,17.822265625
3780569,17.51708984375
3780610,17.76123046875
3780712,21.6064453125
3780735,26.9775390625
3780752,19.53125
3780808,23.37646484375
3780826,21.54541015625
3780843,19.83642578125
3780879,25.81787109375
3780906,21.97265625
3795871,30.517578125
3795900,23.92578125
3795913,21.05712890625
3795938,36.68212890625
3795969,25.93994140625
3795991,22.27783203125
3796020,19.22607421875
3796040,18.06640625
3796078,22.64404296875
3796093,17.88330078125
3796143,18.24951171875
3796189,17.63916015625
3796450,17.9443359375
3802405,17.76123046875
3802518,19.775390625
3802533,18.798828125
3802628,22.3388671875
3802674,24.4140625
3802700,18.98193359375
3802748,21.30126953125
3802795,18.798828125
3802821,21.30126953125
3802897,30.76171875
3820429,19.6533203125
3820451,25.81787109375
3820474,49.37744140625
3820497,19.8974609375
3820516,25.2685546875
3820534,37.109375
3820568,24.7802734375
3820593,29.96826171875
3820621,24.4140625
3820945,18.24951171875
3827356,18.85986328125
3827431,23.4375
3827592,20.01953125
3827632,20.99609375
3827692,21.54541015625
3827736,20.56884765625
3827784,19.95849609375
3828002,19.6533203125
3835097,23.92578125
3835113,17.9443359375
3835141,30.8837890625
3835165,17.578125
3835195,19.71435546875
3835233,23.25439453125
3835304,19.1650390625
3835490,18.85986328125
3835717,19.53125
3843946,28.1982421875
3844000,23.49853515625
3844012,31.55517578125
3844046,26.85546875
3844062,19.47021484375
3844101,24.2919921875
3844303,19.10400390625
3844342,17.88330078125
3854355,21.1181640625
3854384,24.2919921875
3854408,18.12744140625
3854429,23.92578125
3854444,28.076171875
3854551,25.0244140625
3854963,19.10400390625
3854993,19.8974609375
3855024,17.51708984375
3866478,20.44677734375
3866531,31.18896484375
3866586,22.15576171875
3866625,22.15576171875
3866644,26.55029296875
3866676,36.56005859375
3866886,22.88818359375
3880241,20.751953125
3880260,22.5830078125
3880301,18.5546875
3880391,21.3623046875
3880544,17.51708984375
3880949,17.9443359375
3881008,21.17919921875
3881023,17.578125
3895123,19.6533203125
3895142,29.78515625
3895167,20.93505859375
3895193,21.17919921875
3895204,18.73779296875
3895225,20.3857421875
3895257,21.30126953125
3895277,21.6064453125
3896205,18.00537109375
3909914,22.64404296875
3909932,17.51708984375
3909952,30.33447265625
3909983,24.0478515625
3909996,33.02001953125
3910026,22.03369140625
3915873,29.96826171875
3915898,24.23095703125
3915911,17.63916015625
3915941,19.8974609375
3915963,20.20263671875
3931350,26.30615234375
3931388,24.4140625
3931398,38.4521484375
3931427,19.8974609375
3931438,19.22607421875
3931472,22.88818359375
3931486,18.00537109375
3948537,18.61572265625
3948663,22.5830078125
3948684,18.06640625
3948732,25.32958984375
3948749,18.6767578125
3969678,22.5830078125
3982103,19.287109375
3982410,18.798828125
3982532,24.71923828125
3982593,19.6533203125
3985672,19.04296875
3999423,17.76123046875
4000124,17.88330078125
4009273,17.51708984375
4021287,18.310546875
4029351,31.6162109375
4047052,18.1884765625
4048400,21.97265625
4048430,17.9443359375
4048614,18.06640625
4049354,18.85986328125
4049394,18.310546875
4049558,19.1650390625
4050389,20.751953125
4068378,18.4326171875
4069014,17.88330078125
4069713,18.00537109375
4069785,24.96337890625
4069802,23.193359375
4070693,19.22607421875
4088256,17.76123046875
4088339,17.9443359375
4089753,19.287109375
4089879,21.54541015625
4089949,19.04296875
4090003,20.3857421875
4092930,19.6533203125
4093381,23.98681640625
4119971,26.85546875
4120073,17.822265625
4120975,20.32470703125
4121052,21.6064453125
4123676,17.822265625
4129765,18.5546875
4143141,17.822265625
4144378,20.44677734375
4144475,19.59228515625
4145337,20.81298828125
4146401,26.611328125
4146453,19.04296875
4168684,17.578125
4168768,21.6064453125
4186163,25.7568359375
4186179,32.958984375
4186191,26.67236328125
4186235,26.0009765625
4186261,29.296875
4186287,20.263671875
4204828,22.4609375
4205133,17.88330078125
4205157,17.51708984375
4206163,17.7001953125
4206236,28.13720703125
4206365,17.822265625
4222747,17.7001953125
4222919,20.751953125
4226805,17.578125
4226826,18.49365234375
4244004,19.10400390625
4244020,20.751953125
4244057,20.08056640625
4244096,17.7001953125
4244211,20.56884765625
4244251,19.47021484375
4244445,17.822265625
4244603,18.06640625
4244732,20.81298828125
4244792,18.24951171875
4244816,19.71435546875
4245517,18.24951171875
4245650,18.12744140625
4245973,23.13232421875
4269498,20.44677734375
4269632,18.00537109375
4269811,18.1884765625
4270441,30.45654296875
4270479,23.0712890625
4270490,38.63525390625
4270604,18.98193359375
4287193,21.17919921875
4287489,20.1416015625
4287500,20.3857421875
4287554,20.56884765625
4287579,17.88330078125
4288457,17.63916015625
4288475,19.53125
4308292,17.63916015625
4308323,18.61572265625
4308377,19.287109375
4308392,19.71435546875
4308673,20.69091796875
4308860,17.51708984375
4310161,18.1884765625
4310206,22.52197265625
4310231,21.240234375
4310288,19.4091796875
4310311,23.5595703125
4329562,21.54541015625
4330607,17.578125
4330619,18.85986328125
4330684,21.6064453125
4330731,17.76123046875
4330821,17.578125
4351803,18.98193359375
4352174,17.63916015625
4352596,22.216796875
4352621,23.37646484375
4352672,17.578125
4352704,28.01513671875
4356193,17.7001953125
4366522,18.1884765625
4373108,19.71435546875
4373119,20.6298828125
4373136,22.88818359375
4373158,18.06640625
4373181,17.7001953125
4373193,20.6298828125
4373206,25.390625
4383017,17.822265625
4390893,18.37158203125
4391024,18.00537109375
4391076,22.52197265625
4391152,21.54541015625
4391171,25.69580078125
4391974,17.63916015625
4391992,38.9404296875
4392025,18.00537109375
4392036,22.27783203125
4392050,29.11376953125
4392080,18.06640625
4412960,18.98193359375
4413192,29.1748046875
4413204,23.13232421875
4413308,21.05712890625
4413331,18.49365234375
4413470,18.5546875
4414359,21.8505859375
4414372,20.93505859375
4414387,20.01953125
4414413,20.81298828125
4414453,21.6064453125
4419976,18.85986328125
4430352,22.5830078125
4430375,22.88818359375
4430510,31.06689453125
4430524,22.76611328125
4430600,24.7802734375
4430621,18.12744140625
4436108,21.91162109375
4436136,19.6533203125
4436172,29.541015625
4436207,18.37158203125
4436217,25.69580078125
4436259,18.73779296875
4436873,19.8974609375
4437269,17.7001953125
4441940,21.66748046875
4441996,21.8505859375
4442035,36.80419921875
4442070,43.9453125
4442088,21.728515625
4442153,17.76123046875
4458305,20.32470703125
4458359,22.0947265625
4458390,21.1181640625
4458411,27.89306640625
4458421,18.73779296875
4458461,25.57373046875
4468948,17.88330078125
4476195,18.00537109375
4476265,21.484375
4476368,17.7001953125
4476520,19.775390625
4476621,18.310546875
4477308,26.3671875
4477343,20.8740234375
4477466,17.88330078125
4477581,22.4609375
4495176,20.81298828125
4495204,31.67724609375
4495236,18.12744140625
4495252,23.86474609375
4495269,17.822265625
4506738,19.04296875
4506789,18.61572265625
4506821,18.12744140625
4506839,17.63916015625
4506875,24.96337890625
4506934,17.822265625
4506963,20.44677734375
4506980,19.71435546875
4508072,18.798828125
4508086,21.17919921875
4508110,24.2919921875
4508131,21.42333984375
4508162,17.822265625
4508179,32.1044921875
4508205,20.263671875
4508215,19.10400390625
4518294,17.51708984375
4521119,17.9443359375
4530826,19.287109375
4531005,23.5595703125
4531030,19.34814453125
4531054,20.56884765625
4534294,18.6767578125
4534343,25.390625
4534359,28.01513671875
4534375,22.39990234375
4534396,22.27783203125
4534424,27.34375
4534444,26.79443359375
4534487,21.1181640625
4534497,29.4189453125
4556787,18.37158203125
4557109,19.59228515625
4557260,19.47021484375
4560038,25.93994140625
4560069,36.9873046875
4560080,48.27880859375
4560097,42.05322265625
4560129,26.9775390625
4560149,30.33447265625
4560176,19.287109375
4560192,21.6064453125
4560213,24.47509765625
4584512,21.54541015625
4584582,19.4091796875
4584651,28.38134765625
4584667,18.4326171875
4584742,22.5830078125
4584807,19.95849609375
4584878,17.63916015625
4584888,18.4326171875
4584916,19.04296875
4584945,18.06640625
4585265,26.42822265625
4585285,17.822265625
4585318,27.7099609375
4586003,23.98681640625
4586020,21.17919921875
4586040,17.88330078125
4586084,23.5595703125
4586115,20.751953125
4601791,18.5546875
4601919,18.49365234375
4602041,18.310546875
4602747,21.54541015625
4602759,42.48046875
4602789,27.89306640625
4602824,25.57373046875
4602856,30.33447265625
4624157,18.310546875
4624298,19.287109375
4624310,25.2685546875
4624340,34.7900390625
4624356,20.5078125
4624383,31.982421875
4624403,20.6298828125
4641490,18.06640625
4641570,20.6298828125
4641591,21.6064453125
4641632,20.69091796875
4641642,26.30615234375
4641765,18.310546875
4641897,18.5546875
4646381,18.00537109375
4646415,33.02001953125
4646446,31.982421875
4646480,22.0947265625
4646500,26.55029296875
4646529,19.8974609375
4646575,18.24951171875
4673556,19.59228515625
4673701,17.51708984375
4673797,18.4326171875
4673916,20.56884765625
4673941,17.578125
4673971,21.1181640625
4673990,20.6298828125
4687875,19.04296875
4688036,19.287109375
4688162,19.59228515625
4688182,27.28271484375
4688482,17.7001953125
4688499,19.71435546875
4688530,22.03369140625
4703058,17.9443359375
4703115,17.7001953125
4703161,31.005859375
4703197,18.24951171875
4703221,18.61572265625
4703262,23.98681640625
4703292,21.97265625
4713563,18.9208984375
4713596,19.8974609375
4713627,30.82275390625
4713660,20.69091796875
4715134,23.0712890625
4715151,17.7001953125
4715196,25.08544921875
4715306,21.97265625
4715808,17.51708984375
4715829,29.72412109375
4715854,21.1181640625
4715887,38.2080078125
4715899,18.37158203125
4715926,19.8974609375
4715944,19.34814453125
4715967,20.99609375
4716019,20.751953125
4744591,35.21728515625
4744608,19.4091796875
4744643,26.06201171875
4744662,20.263671875
4744689,26.67236328125
4744716,29.1748046875
4744774,24.2919921875
4744784,23.681640625
4744812,17.63916015625
4764099,21.05712890625
4764209,21.78955078125
4764220,43.51806640625
4764314,24.0478515625
4764340,18.9208984375
4780203,19.775390625
4780322,34.97314453125
4780352,26.2451171875
4780429,19.71435546875
4780466,18.73779296875
4780491,22.64404296875
4780518,23.8037109375
4780603,19.34814453125
4780614,38.818359375
4780699,24.47509765625
4780710,22.76611328125
4780792,19.6533203125
4790503,17.88330078125
4797616,20.56884765625
4797709,34.48486328125
4797731,21.78955078125
4797747,19.53125
4797779,19.22607421875
4797813,25.634765625
4797856,27.52685546875
4798366,18.00537109375
4798480,25.93994140625
4798509,33.99658203125
4798533,23.25439453125
4798559,22.3388671875
4798590,25.2685546875
4798605,24.35302734375
4820661,20.20263671875
4820740,17.7001953125
4820946,24.84130859375
4821009,20.69091796875
4821111,24.0478515625
4821138,20.08056640625
4821170,27.77099609375
4821180,21.54541015625
4821206,22.03369140625
4821236,18.00537109375
4839097,18.6767578125
4839108,18.798828125
4839133,28.9306640625
4839163,47.7294921875
4839204,20.01953125
4839217,22.27783203125
4855305,18.73779296875
4855379,29.72412109375
4855392,24.71923828125
4855439,25.93994140625
4855456,31.06689453125
4855477,20.99609375
4855540,18.73779296875
4869979,17.76123046875
4871271,25.5126953125
4871356,20.01953125
4871397,22.705078125
4871424,27.28271484375
4871442,18.5546875
4871457,22.3388671875
4871518,21.91162109375
4871536,19.10400390625
4871651,20.08056640625
4872164,18.798828125
4872182,25.93994140625
4872199,29.4189453125
4872217,17.63916015625
4872246,28.80859375
4872278,21.6064453125
4890322,26.42822265625
4890361,31.06689453125
4890411,18.49365234375
4890434,17.822265625
4890464,20.69091796875
4890487,18.6767578125
4898164,18.24951171875
4900973,18.73779296875
4901017,20.32470703125
4901732,20.5078125
4901766,21.6064453125
4901832,19.10400390625
4901859,17.822265625
4901901,21.3623046875
4901912,20.6298828125
4901942,17.9443359375
4901985,22.3388671875
4904191,17.9443359375
4904216,43.3349609375
4904237,30.3955078125
4904266,26.67236328125
4904291,23.4375
4904319,39.73388671875
4904339,23.86474609375
4904385,20.263671875
4926839,17.88330078125
4928698,19.775390625
4928744,22.15576171875
4928762,23.98681640625
4928788,27.34375
4928825,41.80908203125
4928841,18.85986328125
4928853,19.10400390625
4928895,24.10888671875
4928925,29.296875
4945801,27.587890625
4945840,24.2919921875
4945885,29.72412109375
4945897,21.728515625
4945962,17.9443359375
4945973,20.99609375
4946018,19.53125
4946141,18.06640625
4946300,21.17919921875
4946403,27.2216796875
4946472,19.287109375
4946485,21.484375
4946975,19.4091796875
4947003,17.7001953125
4947014,47.79052734375
4947044,20.56884765625
4947066,27.03857421875
4947082,20.5078125
4968580,18.73779296875
4968731,20.751953125
4969073,19.1650390625
4969199,22.03369140625
4969227,21.91162109375
4969240,19.71435546875
4969296,19.1650390625
4969318,19.59228515625
4969802,18.00537109375
4969859,30.76171875
4981491,17.578125
4981547,21.728515625
4981731,20.1416015625
4981765,20.08056640625
4981779,24.4140625
4981795,21.728515625
4982435,17.9443359375
4982473,24.7802734375
4982483,29.78515625
4982523,22.76611328125
4982561,22.4609375
4982578,40.83251953125
4982597,20.1416015625
5006775,18.06640625
5008578,20.3857421875
5008591,21.66748046875
5008706,22.3388671875
5008744,17.7001953125
5008773,30.57861328125
5008800,26.18408203125
5008819,17.76123046875
5011980,17.51708984375
5012012,23.86474609375
5012036,25.7568359375
5017706,18.06640625
5022301,17.9443359375
5026508,28.38134765625
5026533,18.310546875
5026590,22.705078125
5026674,22.52197265625
5026706,20.5078125
5026807,19.775390625
5026957,25.7568359375
5027354,19.04296875
5027529,22.4609375
5032264,17.578125
5033911,17.9443359375
5033936,19.34814453125
5033987,18.00537109375
5034048,17.7001953125
5035107,30.6396484375
5035145,19.775390625
5035165,19.95849609375
5035255,19.10400390625
5058326,17.76123046875
5058340,20.263671875
5058368,50.1708984375
5058399,17.76123046875
5058445,21.97265625
5058507,17.822265625
5058568,18.98193359375
5058699,21.484375
5075278,18.310546875
5075308,20.01953125
5075336,30.09033203125
5075349,26.0009765625
5075370,18.4326171875
5075400,36.56005859375
5075419,28.13720703125
5075451,33.0810546875
5075463,31.1279296875
5075491,27.9541015625
5096064,19.83642578125
5096158,18.5546875
5096591,18.49365234375
5096634,25.45166015625
5096659,26.18408203125
5096684,18.9208984375
5096744,24.4140625
5096835,21.91162109375
5096868,18.00537109375
5114064,34.11865234375
5114091,25.45166015625
5114114,38.4521484375
5114138,22.8271484375
5114171,18.37158203125
5114542,20.5078125
5114563,18.98193359375
5114876,17.88330078125
5115252,19.04296875
5115287,21.484375
5115310,17.9443359375
5115335,18.85986328125
5115381,20.20263671875
5115413,32.89794921875
5135535,18.00537109375
5135609,21.6064453125
5135636,27.099609375
5135650,18.98193359375
5135683,20.20263671875
5135698,19.6533203125
5135736,26.0009765625
5135811,21.42333984375
5153241,19.287109375
5153367,18.98193359375
5153386,18.6767578125
5153508,20.99609375
5153537,21.484375
5153553,20.5078125
5154098,19.10400390625
5154114,18.73779296875
5154209,26.3671875
5154220,17.822265625
5154338,19.775390625
5154431,21.240234375
5154457,18.310546875
5170089,21.66748046875
5170111,18.61572265625
5170123,20.3857421875
5171469,30.57861328125
5171486,20.32470703125
5171497,38.4521484375
5171542,23.98681640625
5171559,25.0244140625
5171579,24.7802734375
5171597,21.6064453125
5171617,18.98193359375
5192801,25.7568359375
5192882,24.7802734375
5193197,29.35791015625
5193228,19.4091796875
5193290,21.8505859375
5193312,20.5078125
5193330,20.32470703125
5193402,20.08056640625
5193462,19.6533203125
5193562,18.12744140625
5194160,19.71435546875
5194177,22.64404296875
5194208,39.24560546875
5194230,27.83203125
5194241,43.212890625
5194262,21.484375
5194277,17.51708984375
5204164,19.4091796875
5213334,18.1884765625
5218171,17.9443359375
5218217,21.6064453125
5218244,17.9443359375
5218263,24.23095703125
5218286,18.5546875
5218331,20.99609375
5218348,32.3486328125
5218361,29.541015625
5218458,17.7001953125
5235791,20.3857421875
5236486,22.0947265625
5236513,26.79443359375
5236638,18.1884765625
5236754,18.798828125
5237165,22.216796875
5237197,38.39111328125
5237224,28.99169921875
5237252,29.96826171875
5237266,31.43310546875
5237301,18.24951171875
5237347,20.44677734375
5242700,18.6767578125
5242730,25.7568359375
5242760,31.8603515625
5242792,28.74755859375
5242838,27.4658203125
5242869,19.775390625
5242935,23.37646484375
5242961,19.1650390625
5243003,19.34814453125
5252826,21.66748046875
5258633,21.30126953125
5264290,31.982421875
5264329,30.2734375
5264372,22.64404296875
5264744,25.5126953125
5264764,19.10400390625
5264783,52.06298828125
5271675,29.1748046875
5271700,26.85546875
5271737,25.2685546875
5271751,25.87890625
5271772,24.90234375
5271789,21.54541015625
5280211,24.23095703125
5280225,24.169921875
5280257,17.9443359375
5280289,22.5830078125
5280304,20.32470703125
5280328,26.85546875
5295134,19.4091796875
5295178,24.658203125
5295203,30.6396484375
5295238,18.24951171875
5295256,20.99609375
5295266,18.98193359375
5295285,21.3623046875
5295780,22.4609375
5295828,22.0947265625
5295863,24.23095703125
5295941,20.81298828125
5309871,27.099609375
5309885,34.0576171875
5309911,34.60693359375
5309924,39.9169921875
5309938,24.2919921875
5309964,20.99609375
5309982,23.37646484375
5310012,20.1416015625
5310038,17.7001953125
5323899,23.74267578125
5323911,20.8740234375
5323921,40.52734375
5323952,29.78515625
5323964,43.701171875
5323990,25.20751953125
5324011,23.86474609375
5324024,18.37158203125
5324084,31.6162109375
5324094,18.61572265625
5332721,26.0009765625
5335776,20.44677734375
5335793,22.8271484375
5335813,18.5546875
5335850,21.30126953125
5335861,27.2216796875
5335888,22.88818359375
5340015,27.52685546875
5340031,19.04296875
5340099,18.798828125
5342248,23.4375
5342286,26.611328125
5342304,33.38623046875
5342323,21.66748046875
5342346,25.634765625
5342361,36.92626953125
5342374,21.6064453125
5342401,17.88330078125
5342412,25.0244140625
5342436,18.98193359375
5342453,21.97265625
5342473,22.5830078125
5342489,25.634765625
5342530,18.98193359375
5356815,36.0107421875
5356833,24.84130859375
5356848,22.4609375
5356887,22.15576171875
5356902,30.1513671875
5356917,34.5458984375
5356932,21.78955078125
5356979,20.751953125
5357014,22.705078125
5364467,18.4326171875
5364489,30.70068359375
5364523,30.21240234375
5364535,34.3017578125
5364561,22.03369140625
5364577,48.27880859375
5364604,40.283203125
5364630,40.4052734375
5364654,19.22607421875
5364782,20.01953125
5364986,18.73779296875
5375807,18.49365234375
5375826,30.8837890625
5375853,22.4609375
5375898,30.76171875
5375910,20.08056640625
5375951,27.587890625
5375984,21.484375
5376002,20.20263671875
5383075,19.8974609375
5383110,26.42822265625
5383137,31.005859375
5383157,54.443359375
5383184,24.169921875
5383203,23.0712890625
5383213,18.00537109375
5383227,20.8740234375
5383259,33.447265625
5383295,26.0009765625
5389296,19.287109375
5389999,17.51708984375
5396850,52.6123046875
5396864,37.90283203125
5396900,33.14208984375
5396910,45.71533203125
5396932,29.11376953125
5396956,34.912109375
5396988,32.1044921875
5397005,21.42333984375
5397035,29.296875
5397053,18.798828125
5397113,17.76123046875
5404804,17.7001953125
5412571,46.38671875
5412583,40.0390625
5412611,58.41064453125
5412625,44.49462890625
5412643,31.55517578125
5412669,21.6064453125
5412684,67.07763671875
5412705,20.263671875
5412720,18.37158203125
5412746,24.47509765625
5412759,36.92626953125
5412778,17.88330078125
5427149,19.95849609375
5427181,31.005859375
5427208,30.2734375
5427219,31.494140625
5427244,49.49951171875
5427255,25.69580078125
5427291,49.74365234375
5427310,18.06640625
5427330,22.3388671875
5427346,23.0712890625
5427374,42.54150390625
5427451,19.47021484375
5427477,18.5546875
5430017,17.63916015625
5437336,40.4052734375
5437356,25.634765625
5437371,19.95849609375
5437387,18.310546875
5437399,39.73388671875
5437422,18.12744140625
5437447,33.447265625
5437470,31.3720703125
5437492,18.12744140625
5437522,19.10400390625
5437533,25.634765625
5437553,17.578125
5437613,19.59228515625
5437631,22.64404296875
5447815,23.193359375
5447851,47.79052734375
5447875,25.81787109375
5447895,54.8095703125
5447920,37.7197265625
5447940,39.85595703125
5447952,28.1982421875
5447989,45.41015625
5448003,17.76123046875
5448048,23.86474609375
5448075,19.6533203125
5448113,25.7568359375
5448220,17.822265625
5455018,18.6767578125
5455351,19.34814453125
5462461,22.27783203125
5462484,32.71484375
5462498,28.3203125
5462532,43.64013671875
5462556,39.55078125
5462577,33.447265625
5462597,26.42822265625
5462629,30.2734375
5462679,27.4658203125
5462689,25.45166015625
5462705,21.66748046875
5462754,18.1884765625
5463574,17.76123046875
5467665,17.88330078125
5474740,33.02001953125
5474763,27.4658203125
5474791,50.10986328125
5474826,35.33935546875
5474844,30.8837890625
5474891,55.11474609375
5474912,25.20751953125
5474930,18.00537109375
5474961,27.099609375
5475171,18.00537109375
5480382,25.69580078125
5480682,21.728515625
5480767,19.95849609375
5490954,43.701171875
5490974,21.97265625
5490995,62.68310546875
5491029,34.48486328125
5491039,34.912109375
5491081,53.16162109375
5491104,26.611328125
5491130,19.4091796875
5491157,20.81298828125
5491373,21.05712890625
5491459,18.37158203125
5495873,17.51708984375
5496712,17.51708984375
5496761,18.06640625
5496780,18.00537109375
5496861,30.6396484375
5496890,21.8505859375
5496916,23.3154296875
5496963,28.25927734375
5497024,18.61572265625
5497047,18.06640625
5497061,18.4326171875
5497132,20.263671875
5497960,18.98193359375
5506086,24.5361328125
5506106,31.79931640625
5506130,21.240234375
5506155,47.119140625
5506176,31.25
5506192,34.36279296875
5506221,31.18896484375
5506250,24.59716796875
5506262,20.20263671875
5506314,19.4091796875
5506351,20.1416015625
5506441,17.63916015625
5512566,36.43798828125
5512653,18.798828125
5512665,23.4375
5512709,22.03369140625
5512733,28.38134765625
5512760,30.33447265625
5512796,34.5458984375
5512808,31.06689453125
5512830,27.099609375
5512866,18.12744140625
5512894,21.8505859375
5512906,37.17041015625
5524058,20.81298828125
5524080,23.8037109375
5524095,32.5927734375
5524107,76.2939453125
5524149,46.9970703125
5524175,20.93505859375
5524186,32.40966796875
5524204,25.20751953125
5524223,29.6630859375
5524238,27.64892578125
5524268,21.30126953125
5524303,26.611328125
5524315,18.73779296875
5524348,18.00537109375
5524378,18.9208984375
5524654,18.310546875
5529690,23.4375
5529708,18.73779296875
5529938,24.10888671875
5530128,27.9541015625
5530157,18.49365234375
5540409,26.91650390625
5540425,20.08056640625
5540452,21.42333984375
5540465,17.63916015625
5540479,22.4609375
5540508,28.6865234375
5540541,19.22607421875
5540552,29.47998046875
5540575,19.95849609375
5540623,19.8974609375
5540682,20.5078125
5540752,21.17919921875
5540784,21.240234375
5540909,18.85986328125
5546849,18.06640625
5546907,18.85986328125
5546989,19.71435546875
5547011,18.73779296875
5547023,19.775390625
5547095,31.79931640625
5547113,18.37158203125
5547137,21.54541015625
5547167,31.92138671875
5547183,18.98193359375
5547220,37.353515625
5547234,21.728515625
5547256,19.83642578125
5547299,27.83203125
5547345,24.23095703125
5557108,18.4326171875
5557139,18.798828125
5557156,39.36767578125
5557172,26.85546875
5557194,44.43359375
5557211,27.4658203125
5557230,32.40966796875
5557245,22.64404296875
5557258,46.2646484375
5557295,20.3857421875
5557307,22.3388671875
5557333,19.53125
5557370,23.193359375
5557594,21.484375
5562771,17.51708984375
5562895,21.240234375
5562968,20.751953125
5563063,17.51708984375
5563251,19.10400390625
5563554,24.71923828125
5563663,21.3623046875
5563766,21.3623046875
5572570,22.705078125
5572599,29.23583984375
5572615,37.04833984375
5572629,34.7900390625
5572659,37.59765625
5572681,23.5595703125
5572693,38.2080078125
5572715,27.52685546875
5572749,19.34814453125
5572803,17.63916015625
5581972,22.216796875
5581991,18.12744140625
5582019,36.1328125
5582044,40.771484375
5582056,42.90771484375
5582092,32.71484375
5582114,40.6494140625
5582144,30.517578125
5582164,18.5546875
5582218,18.37158203125
5582321,18.4326171875
5582419,27.64892578125
5582454,18.6767578125
5593085,17.63916015625
5593113,24.71923828125
5593123,22.4609375
5593133,19.6533203125
5593154,27.40478515625
5593164,31.6162109375
5593205,24.10888671875
5593229,23.01025390625
5593258,34.3017578125
5593270,32.71484375
5593316,26.91650390625
5593352,22.4609375
5593413,18.1884765625
5593454,19.59228515625
5598520,24.35302734375
5598551,19.6533203125
5598564,17.9443359375
5598575,23.49853515625
5598606,18.1884765625
5598637,28.3203125
5598664,31.494140625
5598711,18.73779296875
5598738,22.39990234375
5598756,17.578125
5598796,18.98193359375
5607186,33.14208984375
5607198,22.64404296875
5607216,28.4423828125
5607231,25.81787109375
5607251,31.18896484375
5607276,21.78955078125
5607293,27.16064453125
5607312,41.748046875
5607341,37.2314453125
5607369,29.96826171875
5607392,25.7568359375
5607410,18.12744140625
5607450,23.74267578125
5607460,17.88330078125
5618235,17.9443359375
5618292,18.49365234375
5618311,18.49365234375
5618330,39.306640625
5618352,31.43310546875
5618382,46.38671875
5618403,26.67236328125
5618432,37.841796875
5618459,24.4140625
5618483,25.57373046875
5618508,33.5693359375
5618537,31.67724609375
5618665,23.193359375
5618809,18.06640625
5623637,17.822265625
5623791,28.25927734375
5623816,19.53125
5623851,29.541015625
5623871,25.87890625
5623929,23.4375
5623956,19.71435546875
5623992,33.14208984375
5624028,27.83203125
5624057,20.6298828125
5624084,19.4091796875
5634702,18.5546875
5634713,30.70068359375
5634728,22.39990234375
5634757,34.912109375
5634771,38.02490234375
5634786,22.8271484375
5634799,28.74755859375
5634830,25.634765625
5634841,25.390625
5634870,22.94921875
5634895,31.67724609375
5634927,33.14208984375
5634961,21.728515625
5635487,17.88330078125
5645920,21.78955078125
5645949,17.7001953125
5645963,23.4375
5645977,51.08642578125
5645988,19.8974609375
5646007,22.5830078125
5646025,33.935546875
5646047,25.69580078125
5646076,23.8037109375
5646103,26.611328125
5646117,21.240234375
5646158,17.9443359375
5646231,17.76123046875
5646270,21.78955078125
5646306,18.24951171875
5646439,20.751953125
5657371,37.109375
5657395,18.310546875
5657408,40.0390625
5657437,24.59716796875
5657451,23.74267578125
5657474,28.62548828125
5657504,34.3017578125
5657514,21.6064453125
5657560,21.6064453125
5657585,22.8271484375
5657670,18.5546875
5657832,17.51708984375
5672557,19.83642578125
5672577,21.8505859375
5672598,21.30126953125
5672608,54.443359375
5672631,33.99658203125
5672648,37.59765625
5672690,31.67724609375
5672701,22.94921875
5672719,21.05712890625
5672744,39.4287109375
5672784,25.146484375
5672797,18.4326171875
5672826,18.00537109375
5672875,19.34814453125
5672940,18.4326171875
5673025,19.1650390625
5673353,17.578125
5679185,19.83642578125
5679379,17.88330078125
5689231,17.76123046875
5689253,28.01513671875
5689269,21.05712890625
5689292,36.4990234375
5689306,31.79931640625
5689316,30.2734375
5689331,25.390625
5689355,32.16552734375
5689381,31.92138671875
5689411,27.16064453125
5689439,21.42333984375
5689453,26.85546875
5689517,25.20751953125
5689544,21.6064453125
5694516,26.55029296875
5702641,18.24951171875
5702690,35.888671875
5702714,27.77099609375
5702740,54.38232421875
5702758,38.63525390625
5702782,28.1982421875
5702794,29.4189453125
5702815,33.5693359375
5702844,20.81298828125
5702862,24.90234375
5702908,18.37158203125
5702923,17.822265625
5702969,17.76123046875
5703010,20.44677734375
5703050,17.7001953125
5714787,17.578125
5714830,23.62060546875
5714864,27.099609375
5714884,23.3154296875
5714906,29.4189453125
5714917,36.56005859375
5714958,41.1376953125
5714975,18.49365234375
5715006,25.93994140625
5715035,18.1884765625
5715137,17.578125
5733798,35.21728515625
5733837,19.83642578125
5733862,30.8837890625
5733879,26.9775390625
5733900,25.20751953125
5733915,28.9306640625
5733925,21.97265625
5733949,20.20263671875
5733962,21.17919921875
5733980,23.37646484375
5734037,17.88330078125
5748953,30.6396484375
5748999,24.96337890625
5749016,43.76220703125
5749058,24.5361328125
5749072,40.1611328125
5749089,34.85107421875
5749102,21.6064453125
5749120,19.47021484375
5749142,23.74267578125
5749179,18.798828125
5749399,18.4326171875
5767033,21.6064453125
5767047,17.7001953125
5767063,20.01953125
5767075,59.4482421875
5767108,39.12353515625
5767131,31.25
5767152,23.4375
5767175,30.21240234375
5767210,23.25439453125
5767230,21.30126953125
5788263,32.2265625
5788290,33.38623046875
5788317,49.49951171875
5788345,32.3486328125
5788369,41.6259765625
5788380,25.20751953125
5788398,19.34814453125
5788418,24.2919921875
5788436,20.751953125
5788468,25.146484375
5788891,18.1884765625
5821539,29.052734375
5821568,20.01953125
5821591,20.751953125
5821732,32.3486328125
5841518,18.12744140625
5841558,18.37158203125
5841940,18.37158203125
5842495,18.798828125
5861178,19.1650390625
5861238,22.52197265625
5861356,21.240234375
5861401,20.751953125
5875364,18.06640625
5877438,20.56884765625
5877626,20.69091796875
5878805,18.6767578125
5880599,18.310546875
5881910,27.28271484375
5884264,17.822265625
5886770,17.51708984375
5905630,25.0244140625
5905646,18.310546875
5905727,18.24951171875
5905781,22.3388671875
5906014,19.34814453125
5906338,19.22607421875
5908124,22.39990234375
5908911,18.4326171875
5929033,17.76123046875
5929113,23.0712890625
5929195,17.7001953125
5930261,20.69091796875
5930396,20.01953125
5932561,18.9208984375
5932653,21.66748046875
5932685,18.9208984375
5959438,17.51708984375
5960824,17.63916015625
5961806,22.27783203125
5962419,18.49365234375
5983663,17.9443359375
5990270,18.5546875
5990748,17.578125
5991230,17.63916015625
5993886,17.822265625
6013249,19.47021484375
6013438,25.390625
6013519,17.7001953125
6013580,20.5078125
6044441,19.1650390625
6044507,18.798828125
6044575,23.193359375
6044605,18.12744140625
6044636,24.90234375
6064729,18.37158203125
6071593,17.76123046875
6092986,18.61572265625
6104365,17.88330078125
6106486,20.751953125
6107211,18.00537109375
6107312,25.146484375
6107342,18.12744140625
6130138,20.3857421875
6138972,21.17919921875
6139042,17.63916015625
6139161,18.06640625
6139823,17.63916015625
6163655,17.63916015625
6168525,20.56884765625
6175647,17.76123046875
6191073,20.99609375
6191509,19.4091796875
6191545,24.10888671875
6191555,20.08056640625
6191587,17.88330078125
6191613,28.4423828125
6191627,28.74755859375
6217301,19.71435546875
6217327,18.4326171875
6217399,23.37646484375
6217422,18.310546875
6243735,17.578125
6245226,19.1650390625
6245309,18.5546875
6247620,19.22607421875
6250965,18.12744140625
6265349,17.76123046875
6265361,27.40478515625
6265433,24.658203125
6265459,19.4091796875
6266327,17.7001953125
6275059,18.06640625
6275070,24.0478515625
6275113,23.8037109375
6275149,18.49365234375
6275211,22.39990234375
6309784,18.85986328125
6309878,22.39990234375
6310009,21.05712890625
6312007,19.1650390625
6312217,18.98193359375
6332099,18.24951171875
6347594,18.98193359375
6347641,17.51708984375
6347719,17.76123046875
6348435,20.8740234375
6388088,18.61572265625
6389124,17.822265625
6389158,19.8974609375
6416700,20.32470703125
6416750,18.310546875
6417040,22.39990234375
6417142,18.798828125
6417171,17.88330078125
6417253,20.56884765625
6453663,18.00537109375
6453777,19.34814453125
6453860,17.51708984375
6455195,19.6533203125
6455543,17.88330078125
6456048,20.5078125
6456572,18.310546875
6456730,20.69091796875
6456923,18.798828125
6456951,20.6298828125
6456987,21.484375
6457629,17.51708984375
6457746,20.32470703125
6457769,22.216796875
6457788,18.310546875
6457859,18.9208984375
6457987,18.00537109375
6461002,18.9208984375
6488796,17.822265625
6498174,21.42333984375
6515718,18.798828125
6515742,18.1884765625
6515779,17.7001953125
6515877,20.08056640625
6516290,21.728515625
6516593,18.9208984375
6518563,21.8505859375
6518664,20.93505859375
6518754,17.51708984375
6518770,20.93505859375
6518813,18.6767578125
6560218,17.88330078125
6560932,20.44677734375
6561041,18.5546875
6561145,18.06640625
6561596,18.12744140625
6597052,17.578125
6599957,18.73779296875
6611133,19.775390625
6611268,19.95849609375
6611594,18.24951171875
6611665,20.263671875
6613178,18.37158203125
6613205,20.32470703125
6650781,19.95849609375
6653053,21.6064453125
6653077,18.6767578125
6653089,23.5595703125
6653167,17.822265625
6653192,24.169921875
6653693,17.9443359375
6654367,18.6767578125
6655304,24.84130859375
6673981,26.0009765625
6674048,25.20751953125
6674088,21.05712890625
6674113,21.240234375
6674260,24.90234375
6674399,19.1650390625
6674438,18.1884765625
6674934,19.10400390625
6678158,19.287109375
6678395,17.822265625
6680589,20.32470703125
6699000,17.578125
6699617,18.6767578125
6699864,18.06640625
6700165,19.4091796875
6700204,17.822265625
6701714,22.216796875
6735001,23.62060546875
6736415,18.5546875
6736498,18.37158203125
6755762,20.5078125
6757169,19.04296875
6778647,17.9443359375
6780247,23.37646484375
6780390,18.1884765625
6787262,17.51708984375
6787308,17.9443359375
6787988,17.63916015625
6788068,17.76123046875
6788841,19.8974609375
6788901,18.24951171875
6804457,18.06640625
6804815,20.5078125
6804851,18.00537109375
6806273,18.6767578125
6822454,19.53125
6825388,22.27783203125
6825419,20.32470703125
6825590,20.99609375
6826171,22.8271484375
6849542,18.9208984375
6849658,18.06640625
6856172,17.822265625
6866818,19.22607421875
6867203,18.06640625
6867343,21.3623046875
6868114,17.578125
6868215,21.8505859375
6868593,18.12744140625
6868642,18.9208984375
6868657,18.37158203125
6869530,18.00537109375
6869789,18.12744140625
6869882,18.798828125
6869907,18.4326171875
6869960,17.578125
6870828,25.32958984375
6870883,19.775390625
6892282,22.5830078125
6892411,19.6533203125
6892611,27.28271484375
6897868,18.1884765625
6898373,17.51708984375
6898435,22.5830078125
6898448,20.20263671875
6912552,18.61572265625
6921725,23.25439453125
6921839,18.310546875
6921850,23.8037109375
6923225,19.22607421875
6923289,23.5595703125
6942346,20.01953125
6943876,28.99169921875
6944355,18.798828125
6960791,20.3857421875
6960842,20.5078125
6964871,21.91162109375
6965288,18.61572265625
6965532,21.17919921875
6965577,18.00537109375
6985777,20.99609375
6985992,19.95849609375
6986490,22.8271484375
7010077,18.49365234375
7010673,28.6865234375
7010883,23.193359375
7011790,19.22607421875
7011816,19.47021484375
7012494,17.9443359375
7032042,19.4091796875
7032129,18.98193359375
7032151,17.7001953125
7045426,20.99609375
7048918,18.9208984375
7049147,26.55029296875
7049214,19.6533203125
7050243,19.8974609375
7080376,19.287109375
7080806,18.06640625
7081217,18.798828125
7081610,17.578125
7081902,18.24951171875
7082508,25.81787109375
7082531,24.90234375
7082563,21.66748046875
7082586,19.8974609375
7082691,18.37158203125
7104091,19.6533203125
7104126,18.4326171875
7104292,19.287109375
7105334,18.12744140625
7105932,19.775390625
7105952,18.5546875
7106458,22.8271484375
7106625,21.8505859375
7106648,19.83642578125
7127606,17.578125
7135303,20.5078125
7135369,18.9208984375
7135429,18.00537109375
7135458,21.240234375
7138561,18.310546875
7138636,17.578125
7138875,21.17919921875
7138949,18.1884765625
7163534,17.76123046875
7163795,20.8740234375
7164007,18.37158203125
7164351,18.73779296875
7164363,18.00537109375
7167895,20.08056640625
7180355,18.6767578125
7181778,18.24951171875
7182802,17.822265625
7182894,20.8740234375
7182960,23.0712890625
7202514,23.3154296875
7203924,18.6767578125
7203945,20.8740234375
7203975,26.2451171875
7204011,22.39990234375
7204024,38.39111328125
7220188,17.7001953125
7232327,20.01953125
7232412,18.6767578125
7232441,18.00537109375
7238237,17.63916015625
7251123,18.9208984375
7251156,17.9443359375
7251186,18.61572265625
7251206,17.7001953125
7252513,28.99169921875
7275883,18.98193359375
7275902,19.1650390625
7275957,18.5546875
7275971,20.93505859375
7277428,21.3623046875
7277494,36.43798828125
7277527,28.1982421875
7277554,31.005859375
7277592,17.822265625
7298097,19.71435546875
7298238,17.63916015625
7299433,23.62060546875
7299801,25.93994140625
7299899,20.8740234375
7301090,18.61572265625
7301238,18.6767578125
7314633,18.49365234375
7323169,17.822265625
7324738,17.578125
7329325,17.822265625
7331048,19.04296875
7331104,18.49365234375
7331121,18.85986328125
7331142,23.0712890625
7331248,21.91162109375
7331306,23.74267578125
7338988,18.49365234375
7350026,23.5595703125
7350096,21.6064453125
7350161,24.10888671875
7351331,17.9443359375
7352721,19.34814453125
7352881,19.10400390625
7353417,20.3857421875
7355936,24.96337890625
7355973,23.8037109375
7356026,39.4287109375
7356036,35.94970703125
7356051,22.8271484375
7356092,21.30126953125
7356109,19.1650390625
7356148,18.12744140625
7356227,18.98193359375
7378332,18.98193359375
7381287,21.05712890625
7381350,22.52197265625
7381370,23.4375
7381392,18.5546875
7393410,18.9208984375
7393484,19.1650390625
7393556,20.32470703125
7394487,19.34814453125
7394557,17.578125
7395121,20.93505859375
7395690,18.310546875
7395762,19.47021484375
7395959,26.123046875
7396046,27.52685546875
7396090,19.04296875
7396131,30.09033203125
7397414,17.578125
7397616,18.9208984375
7397646,26.9775390625
7397663,23.4375
7404440,18.24951171875
7408545,18.37158203125
7420747,18.1884765625
7420804,20.1416015625
7420821,17.578125
7420903,17.76123046875
7420965,23.4375
7420989,18.49365234375
7422759,17.9443359375
7423011,22.64404296875
7423050,23.13232421875
7423079,20.751953125
7440067,22.52197265625
7440244,17.88330078125
7440316,18.49365234375
7440430,19.04296875
7440479,18.61572265625
7441100,20.6298828125
7442091,17.51708984375
7444204,26.7333984375
7445767,25.0244140625
7445780,18.4326171875
7445825,20.263671875
7445839,18.98193359375
7445855,19.4091796875
7445892,29.1748046875
7445952,21.484375
7456109,17.9443359375
7466493,18.1884765625
7468483,19.10400390625
7469237,17.7001953125
7469292,18.4326171875
7469415,19.04296875
7469634,17.63916015625
7471018,17.822265625
7471282,20.93505859375
7471347,18.61572265625
7471363,21.78955078125
7489576,18.24951171875
7489665,18.06640625
7489725,20.99609375
7489760,18.310546875
7491469,17.822265625
7507792,19.71435546875
7507878,17.578125
7507919,23.92578125
7523322,17.822265625
7523459,18.1884765625
7523517,20.20263671875
7523888,18.37158203125
7524077,17.578125
7524547,18.00537109375
7525420,17.63916015625
7525571,17.88330078125
7525593,21.66748046875
7526679,19.22607421875
7545195,29.4189453125
7545668,19.53125
7546159,20.8740234375
7546702,17.7001953125
7546920,19.71435546875
7546950,23.25439453125
7547025,25.69580078125
7547043,22.94921875
7563869,17.51708984375
7564215,18.6767578125
7564395,26.55029296875
7564471,18.1884765625
7564560,17.578125
7565126,19.775390625
7565898,19.04296875
7569502,29.9072265625
7569553,24.35302734375
7569587,20.1416015625
7569634,29.6630859375
7572997,20.751953125
7581558,19.4091796875
7583187,18.4326171875
7588442,19.775390625
7605722,19.4091796875
7605748,18.5546875
7606076,18.4326171875
7622582,18.06640625
7622642,18.798828125
7623452,19.4091796875
7623963,18.06640625
7624120,19.22607421875
7625534,19.10400390625
7626349,17.51708984375
7626931,19.95849609375
7640910,21.484375
7648729,17.578125
7651138,18.06640625
7652387,18.1884765625
7654941,19.04296875
7655164,17.822265625
7655231,18.85986328125
7655917,19.71435546875
7657798,17.63916015625
7667200,20.6298828125
7667271,18.85986328125
7676652,31.982421875
7676775,23.74267578125
7677156,19.34814453125
7677358,18.5546875
7684800,17.578125
7684842,19.47021484375
7688044,17.9443359375
7688197,22.52197265625
7688228,19.04296875
7688299,19.10400390625
7688314,18.4326171875
7697076,19.287109375
7697202,18.73779296875
7697261,20.751953125
7697567,18.98193359375
7697616,18.61572265625
7698174,20.01953125
7698186,18.00537109375
7698243,19.47021484375
7698262,24.90234375
7698320,17.51708984375
7698357,24.10888671875
7698383,19.6533203125
7703234,23.0712890625
7723812,21.66748046875
7724536,17.76123046875
7730053,18.49365234375
7730239,18.798828125
7739684,21.66748046875
7739746,20.1416015625
7743892,24.23095703125
7748053,17.7001953125
7751786,18.49365234375
7752014,21.17919921875
7752842,20.1416015625
7754970,17.822265625
7756344,18.5546875
7756377,18.49365234375
7757643,18.00537109375
7757776,17.7001953125
7761634,17.578125
7769941,20.3857421875
7770014,18.4326171875
7770410,17.76123046875
7777718,17.51708984375
7784092,18.24951171875
7784123,17.63916015625
7786301,18.49365234375
7786328,21.05712890625
7794190,19.04296875
7798987,23.49853515625
