11999000,0
4689489,29.1748046875
5338727,29.9072265625
5403737,28.13720703125
5574264,28.50341796875
5575071,28.4423828125
6160518,30.3955078125
6191353,29.60205078125
6192231,30.09033203125
6192975,28.99169921875
6419580,27.77099609375
6420810,28.4423828125
6645282,29.47998046875
6950080,29.11376953125
7331677,28.99169921875
7332381,29.96826171875
7332941,29.4189453125
7634540,28.50341796875
7899413,30.2734375
7939063,27.7099609375
8171743,28.99169921875
8173783,32.40966796875
8274032,28.564453125
8313389,29.60205078125
8466802,35.46142578125
8536737,27.83203125
8537066,29.052734375
8685255,27.64892578125
9138748,29.9072265625
9272122,27.7099609375
9904524,30.1513671875
9949067,30.57861328125
10030305,28.13720703125
10308114,30.029296875
10308585,27.64892578125
10308973,29.47998046875
10309193,29.84619140625
10355986,31.6162109375
10458070,29.1748046875
10628196,31.18896484375
10729450,28.62548828125
10731605,28.4423828125
11031393,28.3203125
11036836,28.1982421875
11083691,29.11376953125
11339755,27.9541015625
11492610,29.60205078125
11709746,28.564453125
11712401,28.80859375
