2999000,0
2142,75.439453125
3611,68.84765625
4612,52.06298828125
5831,82.94677734375
8882,68.9697265625
11329,83.80126953125
12725,65.12451171875
14502,69.2138671875
17475,58.77685546875
20732,78.0029296875
21401,61.4013671875
23022,67.5048828125
25899,62.744140625
26741,70.73974609375
27100,60.60791015625
27370,65.00244140625
27734,73.486328125
30638,69.51904296875
32266,71.4111328125
33889,61.03515625
34235,62.19482421875
34560,71.59423828125
41198,73.05908203125
41875,73.18115234375
42097,80.62744140625
42381,58.59375
42484,48.9501953125
42601,70.1904296875
48649,70.1904296875
48875,65.24658203125
49124,78.91845703125
53478,63.4765625
54160,71.47216796875
54450,75.25634765625
54657,65.3076171875
54768,66.71142578125
54838,44.7998046875
54869,66.46728515625
54994,41.3818359375
55138,59.2041015625
55243,48.2177734375
55387,59.99755859375
60452,58.77685546875
60760,72.08251953125
61004,68.84765625
67218,72.6318359375
67419,67.87109375
67550,105.16357421875
67577,101.25732421875
67587,41.259765625
67747,75.86669921875
67913,38.9404296875
67968,67.68798828125
68248,68.7255859375
68599,40.4052734375
68662,67.5048828125
73530,67.2607421875
73786,64.51416015625
73958,66.7724609375
74018,49.072265625
78261,68.17626953125
78491,72.93701171875
78712,72.57080078125
82770,65.49072265625
82968,81.35986328125
83174,69.580078125
83346,114.501953125
91057,71.533203125
91236,83.49609375
91286,88.5009765625
91331,36.92626953125
91367,58.2275390625
91426,48.2177734375
91498,72.20458984375
91559,68.90869140625
91607,44.921875
91700,97.412109375
91773,42.1142578125
91819,66.89453125
91895,77.2705078125
91958,72.1435546875
92028,58.28857421875
92139,54.50439453125
92557,37.53662109375
92657,40.771484375
92679,38.4521484375
92774,43.0908203125
92844,39.12353515625
92891,53.77197265625
93012,39.55078125
93115,41.9921875
93150,39.55078125
93215,40.6494140625
93287,53.1005859375
93419,44.189453125
93551,51.1474609375
93577,41.56494140625
93687,69.82421875
93816,40.771484375
93932,55.0537109375
94077,43.5791015625
94172,46.142578125
94241,42.29736328125
94279,38.14697265625
94395,59.9365234375
94611,39.97802734375
94635,51.57470703125
94795,91.4306640625
94971,58.89892578125
95149,49.98779296875
95370,56.640625
95676,58.837890625
99724,61.82861328125
100287,61.1572265625
105638,76.11083984375
107400,72.32666015625
110435,72.021484375
112687,71.6552734375
114789,70.556640625
117886,76.47705078125
119203,67.56591796875
120554,61.58447265625
122372,62.3779296875
128032,76.904296875
130263,71.83837890625
134054,70.1904296875
136926,67.7490234375
141566,69.39697265625
142958,71.6552734375
143562,69.82421875
143901,67.56591796875
148513,75.0732421875
151373,76.96533203125
151610,57.06787109375
152051,72.021484375
156653,65.24658203125
157023,75.1953125
157331,68.42041015625
161640,49.8046875
164230,76.59912109375
164502,63.41552734375
164762,60.6689453125
169418,66.22314453125
169714,76.0498046875
169945,54.931640625
173826,71.10595703125
175689,65.73486328125
175916,61.767578125
176057,78.2470703125
176094,63.78173828125
176153,50.10986328125
176303,69.9462890625
176448,39.24560546875
176567,64.27001953125
176860,72.81494140625
177230,64.27001953125
186010,75.5615234375
186274,76.7822265625
186351,68.84765625
186440,43.9453125
186453,69.15283203125
186591,40.4052734375
186609,73.2421875
186829,66.71142578125
186929,99.67041015625
187059,62.19482421875
187223,83.984375
187264,47.18017578125
187370,67.3828125
187390,36.92626953125
187474,58.4716796875
187513,86.181640625
187537,42.05322265625
187628,92.59033203125
187691,77.63671875
187753,39.24560546875
187827,63.65966796875
187887,38.9404296875
187951,37.04833984375
188467,54.931640625
188545,39.306640625
188576,41.56494140625
188698,52.490234375
188715,43.76220703125
188819,55.72509765625
188973,41.68701171875
189103,77.57568359375
189229,44.12841796875
189256,56.45751953125
189347,51.81884765625
189381,48.7060546875
189481,73.79150390625
189601,38.87939453125
189626,45.83740234375
189738,76.0498046875
189870,53.28369140625
189898,44.43359375
189994,40.6494140625
190042,60.36376953125
190134,37.841796875
190175,38.14697265625
190307,56.09130859375
190317,37.353515625
190449,53.3447265625
190460,40.8935546875
190639,71.8994140625
190690,42.724609375
190930,68.42041015625
191073,68.4814453125
191105,59.99755859375
194796,69.82421875
199443,61.46240234375
203006,73.8525390625
206163,67.626953125
209037,60.48583984375
211265,60.05859375
212484,71.8994140625
216545,69.76318359375
218181,72.08251953125
221841,73.486328125
226667,70.3125
228873,72.93701171875
233830,78.30810546875
235807,66.7724609375
240391,73.05908203125
240883,79.89501953125
246217,73.1201171875
249756,69.88525390625
251277,71.96044921875
251654,67.9931640625
257017,69.27490234375
259678,74.15771484375
260796,68.66455078125
261051,67.0166015625
261300,74.76806640625
267415,57.6171875
267567,37.109375
270186,78.61328125
270455,71.10595703125
270630,63.96484375
270955,66.10107421875
280357,80.810546875
280581,76.904296875
280656,80.322265625
280720,42.724609375
280776,72.20458984375
280980,68.78662109375
281232,67.0166015625
289959,71.83837890625
290147,65.73486328125
290486,67.93212890625
297668,72.81494140625
297819,68.90869140625
298190,76.171875
303261,80.2001953125
305608,70.86181640625
307760,87.158203125
307955,77.880859375
308039,89.41650390625
308152,94.05517578125
308252,77.392578125
308305,62.1337890625
308333,41.44287109375
308452,54.13818359375
308472,49.74365234375
308541,41.50390625
308554,56.94580078125
308666,41.50390625
308711,81.9091796875
308779,85.63232421875
308833,73.974609375
308890,78.55224609375
308944,48.7060546875
309544,38.39111328125
309719,43.3349609375
309791,37.2314453125
309907,40.71044921875
309966,56.0302734375
310000,42.66357421875
310083,37.9638671875
310108,39.55078125
310189,41.56494140625
310229,39.85595703125
310413,43.8232421875
310425,54.62646484375
310621,54.87060546875
310715,45.59326171875
310816,37.04833984375
310948,38.26904296875
311015,39.48974609375
311086,38.87939453125
311214,38.75732421875
311364,66.58935546875
311471,41.015625
311555,58.7158203125
311709,37.2314453125
311781,56.82373046875
311913,38.26904296875
311981,55.0537109375
312091,44.86083984375
312328,56.45751953125
312517,64.94140625
313149,86.181640625
321292,68.66455078125
323188,78.30810546875
326514,72.81494140625
328820,67.81005859375
330969,77.57568359375
332289,65.73486328125
336059,70.80078125
338641,79.2236328125
342157,68.9697265625
345076,71.044921875
347637,75.0732421875
351936,69.39697265625
354781,72.021484375
356645,67.7490234375
357358,72.75390625
359610,65.0634765625
361474,71.4111328125
363969,75.37841796875
368018,57.861328125
371206,50.6591796875
378680,73.2421875
379919,76.66015625
380256,61.8896484375
385741,67.81005859375
391038,73.42529296875
392040,76.23291015625
397837,85.44921875
399701,72.32666015625
403818,71.533203125
404061,68.05419921875
404197,44.25048828125
404270,67.56591796875
404374,45.10498046875
404408,96.98486328125
404519,60.60791015625
404560,38.6962890625
404582,36.9873046875
404617,86.85302734375
404683,79.52880859375
404747,64.453125
404805,85.8154296875
404857,82.1533203125
404908,46.38671875
404962,39.61181640625
405139,38.51318359375
405456,38.0859375
405598,46.2646484375
405613,38.6962890625
405721,36.9873046875
405782,39.1845703125
405850,44.189453125
405958,47.30224609375
405970,51.20849609375
406129,43.76220703125
406192,43.15185546875
406288,57.6171875
406319,38.330078125
406409,42.6025390625
406434,41.8701171875
406595,46.5087890625
406639,38.39111328125
406768,38.0859375
406850,48.4619140625
406952,41.93115234375
406965,39.794921875
407142,43.0908203125
407199,41.3818359375
407325,43.02978515625
407494,51.45263671875
407600,46.93603515625
407748,43.39599609375
407823,52.30712890625
407889,47.18017578125
407989,53.52783203125
408278,66.22314453125
415240,64.51416015625
420123,76.171875
421309,72.3876953125
423418,79.7119140625
425845,76.904296875
427503,81.11572265625
428711,70.3125
433125,69.39697265625
434017,66.7724609375
437377,70.1904296875
442043,73.974609375
443454,62.3779296875
446405,82.21435546875
452811,65.91796875
454978,59.50927734375
458889,81.72607421875
462167,73.30322265625
465911,71.47216796875
469482,67.87109375
471731,76.59912109375
473059,77.20947265625
477758,78.7353515625
479248,69.9462890625
481004,64.63623046875
484077,66.650390625
486759,73.79150390625
490122,75.37841796875
491784,81.60400390625
496464,67.68798828125
499839,64.02587890625
502563,77.1484375
504217,70.3125
506985,71.1669921875
510902,85.63232421875
512852,75.927734375
516330,76.23291015625
517175,65.00244140625
520366,68.42041015625
524602,68.7255859375
526712,73.66943359375
528529,77.0263671875
530691,71.10595703125
536688,78.2470703125
541756,71.71630859375
542822,72.69287109375
544428,73.8525390625
547472,77.57568359375
549325,78.9794921875
552158,70.9228515625
555643,76.96533203125
558973,71.71630859375
560570,78.125
563526,64.63623046875
566764,73.42529296875
568053,78.30810546875
570110,75.37841796875
573468,81.72607421875
575678,64.88037109375
578217,72.8759765625
581594,79.9560546875
583425,69.27490234375
585913,74.40185546875
587912,67.3828125
593060,79.04052734375
596201,67.32177734375
598623,71.044921875
601657,62.5
605062,78.0029296875
611991,80.9326171875
614810,71.10595703125
616222,68.359375
618025,67.87109375
620561,65.5517578125
622284,62.8662109375
624560,76.171875
627813,70.73974609375
630210,63.232421875
630873,68.29833984375
631854,78.79638671875
636449,71.71630859375
637554,66.83349609375
640968,76.47705078125
641668,61.03515625
644336,72.44873046875
647135,75.25634765625
647844,68.4814453125
651257,66.7724609375
654167,73.79150390625
657919,68.84765625
659508,75.74462890625
661707,69.7021484375
664566,72.44873046875
669496,77.2705078125
674017,77.0263671875
676385,70.4345703125
680367,67.93212890625
683202,70.25146484375
687204,78.2470703125
690057,80.01708984375
690786,61.46240234375
695061,78.857421875
697560,91.12548828125
700335,79.345703125
702939,74.40185546875
704456,69.39697265625
707596,84.16748046875
708817,73.2421875
710901,74.5849609375
715038,67.7490234375
715707,78.43017578125
719005,70.80078125
720598,63.3544921875
722350,73.30322265625
726631,75.86669921875
728103,78.30810546875
731863,77.63671875
735124,78.91845703125
736567,72.998046875
740397,78.61328125
743973,68.603515625
746455,74.40185546875
748787,80.810546875
751758,68.7255859375
753151,76.171875
755046,69.82421875
758586,67.626953125
760894,37.04833984375
761497,62.43896484375
763346,79.65087890625
765505,69.39697265625
766860,80.50537109375
768910,73.8525390625
772824,75.01220703125
774928,74.8291015625
777504,72.20458984375
780992,82.763671875
783172,70.73974609375
784951,71.83837890625
786933,64.02587890625
790967,77.2705078125
792743,77.69775390625
794284,66.2841796875
798013,67.0166015625
798651,59.4482421875
803088,75.927734375
804338,77.7587890625
806784,75.74462890625
807443,74.76806640625
809654,73.8525390625
812137,77.20947265625
812667,72.08251953125
816303,67.7490234375
818684,67.87109375
822501,69.82421875
824696,41.3818359375
828535,77.2705078125
829116,72.93701171875
831370,72.998046875
833527,72.6318359375
835637,79.65087890625
837688,62.1337890625
840570,86.97509765625
843484,82.763671875
847352,65.49072265625
848571,80.9326171875
851289,77.20947265625
853530,65.91796875
855082,79.7119140625
857576,71.10595703125
860752,66.71142578125
863050,59.02099609375
863803,68.66455078125
868012,81.60400390625
870758,69.39697265625
872919,63.8427734375
875985,78.06396484375
878571,70.9228515625
880608,71.2890625
882695,77.392578125
884692,76.416015625
887970,75.5615234375
889424,78.79638671875
893098,84.716796875
895809,82.03125
900625,78.06396484375
902896,78.06396484375
905593,82.70263671875
908563,78.91845703125
912658,68.42041015625
913939,66.34521484375
916363,80.13916015625
917022,67.32177734375
920625,77.63671875
923640,73.2421875
925089,74.64599609375
928863,66.40625
932176,71.533203125
932918,70.49560546875
935599,72.8759765625
940263,73.30322265625
941509,73.486328125
943589,76.35498046875
946649,79.28466796875
949247,79.1015625
954506,61.5234375
957597,70.25146484375
958623,73.66943359375
961233,76.0498046875
966252,72.509765625
966892,67.138671875
968278,74.89013671875
972713,67.56591796875
974420,73.8525390625
976062,71.77734375
978583,79.04052734375
981966,67.68798828125
984235,72.265625
986162,70.4345703125
988698,82.51953125
989271,68.9697265625
991007,74.03564453125
994321,77.57568359375
996206,73.79150390625
997758,76.11083984375
1000551,74.21875
1001781,76.84326171875
1004010,83.984375
1006421,79.65087890625
1010694,77.20947265625
1013061,71.71630859375
1014865,84.3505859375
1016768,63.41552734375
1020085,76.0498046875
1022465,77.63671875
1025185,70.80078125
1028352,77.69775390625
1029825,64.51416015625
1031972,91.49169921875
1032749,78.2470703125
1036067,82.82470703125
1037866,65.12451171875
1039899,75.25634765625
1044573,72.3876953125
1046199,69.88525390625
1048751,80.26123046875
1050976,79.77294921875
1054196,84.5947265625
1055417,73.18115234375
1057771,65.49072265625
1059680,72.81494140625
1062509,72.08251953125
1063136,74.76806640625
1067463,70.73974609375
1069763,76.171875
1070481,76.66015625
1075100,78.67431640625
1076639,77.57568359375
1080197,80.01708984375
1080867,67.19970703125
1083571,66.7724609375
1085076,82.03125
1087476,90.75927734375
1091284,79.833984375
1093868,83.3740234375
1095405,73.05908203125
1097000,73.3642578125
1099461,77.81982421875
1101012,71.8994140625
1103034,63.232421875
1105000,73.66943359375
1107119,67.56591796875
1114149,76.23291015625
1115885,81.0546875
1119612,75.86669921875
1120943,92.34619140625
1125708,79.65087890625
1127018,70.73974609375
1129579,69.4580078125
1132299,75.8056640625
1133058,86.73095703125
1136687,73.30322265625
1137317,69.82421875
1139358,62.98828125
1143085,73.486328125
1147236,69.9462890625
1148791,64.208984375
1151625,67.19970703125
1153930,81.35986328125
1156640,78.43017578125
1158187,81.9091796875
1160241,72.509765625
1162798,72.1435546875
1164854,67.9931640625
1169007,78.67431640625
1171337,76.11083984375
1173988,81.48193359375
1176171,77.20947265625
1178723,75.439453125
1181519,65.00244140625
1183780,68.84765625
1185615,73.66943359375
1187212,84.53369140625
1189784,79.16259765625
1191309,74.8291015625
1195045,72.44873046875
1196549,67.81005859375
1199645,80.322265625
1202587,66.162109375
1205389,71.47216796875
1208311,72.8759765625
1209435,72.8759765625
1212186,61.767578125
1213421,68.4814453125
1214097,73.1201171875
1215983,66.95556640625
1217489,86.24267578125
1219854,87.40234375
1220508,81.4208984375
1222761,67.32177734375
1224433,71.044921875
1227455,79.04052734375
1229965,83.0078125
1233252,68.2373046875
1235431,44.98291015625
1236705,72.6318359375
1238437,70.73974609375
1240958,72.509765625
1242363,72.3876953125
1244865,82.03125
1247088,66.89453125
1248574,67.9931640625
1251033,72.509765625
1253280,72.08251953125
1255392,77.7587890625
1258298,73.2421875
1261931,68.4814453125
1264464,64.453125
1266032,63.4765625
1269167,72.20458984375
1271657,77.0263671875
1274799,78.7353515625
1275443,82.8857421875
1278514,72.32666015625
1282089,83.55712890625
1283863,67.19970703125
1287080,72.32666015625
1289261,84.89990234375
1293258,74.03564453125
1293935,83.43505859375
1295673,75.74462890625
1299411,78.67431640625
1301356,81.54296875
1304376,77.81982421875
1304920,65.36865234375
1309180,79.04052734375
1309828,67.56591796875
1313202,91.73583984375
1316189,68.603515625
1320055,86.0595703125
1323244,80.62744140625
1323986,76.5380859375
1327580,79.52880859375
1329423,76.59912109375
1332969,76.2939453125
1335461,66.58935546875
1336384,70.3125
1338690,75.50048828125
1341807,81.11572265625
1343178,70.556640625
1345345,75.8056640625
1349223,77.2705078125
1349794,76.416015625
1353235,77.392578125
1355798,69.091796875
1357251,71.044921875
1360812,74.27978515625
1362568,85.14404296875
1364996,80.13916015625
1366767,79.77294921875
1371416,73.30322265625
1374062,85.26611328125
1375868,72.08251953125
1379144,71.4111328125
1382737,75.13427734375
1384882,82.1533203125
1388031,73.79150390625
1390096,73.91357421875
1392428,59.99755859375
1394465,66.71142578125
1396081,81.35986328125
1398155,74.27978515625
1398912,87.58544921875
1401522,80.01708984375
1403657,85.02197265625
1405160,70.556640625
1408247,74.27978515625
1410870,82.763671875
1412748,75.68359375
1414829,76.904296875
1417582,75.37841796875
1418159,75.439453125
1420763,61.46240234375
1423315,69.39697265625
1424947,67.93212890625
1425663,71.1669921875
1427757,66.10107421875
1429460,77.33154296875
1430149,66.83349609375
1431874,69.64111328125
1434090,79.28466796875
1436152,70.25146484375
1437863,62.1337890625
1442113,73.73046875
1444963,74.27978515625
1445796,80.2001953125
1449945,88.0126953125
1451058,69.15283203125
1452530,76.47705078125
1454607,80.50537109375
1457016,64.8193359375
1457600,78.4912109375
1462712,74.15771484375
1465357,72.32666015625
1466031,73.79150390625
1468674,67.32177734375
1470562,75.01220703125
1474307,74.21875
1477173,66.71142578125
1479279,67.93212890625
1482628,80.4443359375
1484229,38.6962890625
1485358,75.68359375
1487851,78.4912109375
1489631,76.171875
1491723,80.26123046875
1493707,76.47705078125
1494266,76.0498046875
1498182,75.1953125
1504797,65.24658203125
1507790,75.86669921875
1510626,72.69287109375
1512251,76.0498046875
1515194,67.87109375
1517620,84.8388671875
1519881,65.5517578125
1522870,73.05908203125
1523407,70.98388671875
1529679,80.62744140625
1532579,70.00732421875
1535470,75.50048828125
1538589,60.60791015625
1539592,78.61328125
1540850,76.66015625
1545367,73.486328125
1546592,87.646484375
1549331,84.1064453125
1551937,71.8994140625
1552646,77.7587890625
1556163,75.0732421875
1556741,71.35009765625
1560148,65.00244140625
1561724,82.51953125
1563836,65.3076171875
1564409,82.21435546875
1566779,69.76318359375
1568589,84.04541015625
1571030,73.54736328125
1572233,93.44482421875
1574605,71.4111328125
1576693,86.7919921875
1577941,80.2001953125
1579480,78.79638671875
1583190,64.63623046875
1586558,71.533203125
1588309,75.927734375
1590226,79.40673828125
1591790,69.580078125
1594346,58.349609375
1597776,77.45361328125
1603256,84.77783203125
1603875,79.58984375
1606396,77.08740234375
1610165,81.54296875
1614310,67.56591796875
1615828,69.4580078125
1616458,67.7490234375
1618195,75.01220703125
1621263,75.68359375
1622746,68.78662109375
1624384,71.533203125
1628648,82.275390625
1629273,66.7724609375
1631548,71.96044921875
1634756,74.0966796875
1638353,74.3408203125
1639100,74.89013671875
1641621,77.81982421875
1643797,37.17041015625
1643856,82.21435546875
1646149,85.9375
1647568,70.86181640625
1649801,72.81494140625
1651303,77.69775390625
1653806,81.23779296875
1655638,69.4580078125
1658342,74.462890625
1660368,77.45361328125
1662598,83.6181640625
1664466,74.52392578125
1666299,80.6884765625
1670765,89.4775390625
1672786,72.509765625
1674493,71.35009765625
1676295,84.228515625
1678316,64.75830078125
1679014,58.65478515625
1681833,69.2138671875
1683351,71.10595703125
1683918,74.8291015625
1687339,80.9326171875
1689842,64.453125
1692028,74.462890625
1695308,70.068359375
1695862,79.7119140625
1698154,73.79150390625
1700184,85.205078125
1702571,72.32666015625
1704928,84.3505859375
1706544,65.4296875
1708947,75.50048828125
1710516,75.74462890625
1712951,87.70751953125
1714448,70.80078125
1716718,70.98388671875
1719521,91.552734375
1723396,72.6318359375
1726105,90.75927734375
1728147,74.3408203125
1732387,84.41162109375
1736425,73.486328125
1738675,86.97509765625
1741596,81.48193359375
1744496,84.04541015625
1748247,73.91357421875
1751430,79.58984375
1753025,71.533203125
1755114,77.7587890625
1758251,73.42529296875
1760213,82.82470703125
1762694,76.171875
1765518,69.15283203125
1767684,69.091796875
1768355,80.74951171875
1770220,68.115234375
1773231,69.64111328125
1774747,71.1669921875
1776538,75.68359375
1779875,83.984375
1782498,70.73974609375
1785065,78.30810546875
1786344,74.89013671875
1789374,77.20947265625
1792108,70.00732421875
1792709,80.078125
1794920,69.03076171875
1796767,69.88525390625
1799782,68.115234375
1801861,79.4677734375
1804622,75.37841796875
1805559,74.27978515625
1807079,74.8291015625
1810003,71.59423828125
1810894,82.94677734375
1812553,67.68798828125
1814509,73.18115234375
1817286,78.4912109375
1820172,91.97998046875
1823200,72.81494140625
1824697,67.0166015625
1827780,71.10595703125
1828960,74.70703125
1832323,86.48681640625
1835056,79.89501953125
1838745,75.50048828125
1839335,83.92333984375
1840765,85.9375
1843971,77.7587890625
1846677,75.13427734375
1849155,78.43017578125
1851368,74.951171875
1853402,74.951171875
1856551,84.8388671875
1858302,87.46337890625
1860236,58.28857421875
1863402,75.86669921875
1865395,70.61767578125
1870158,74.89013671875
1872419,70.98388671875
1877007,74.5849609375
1881566,79.04052734375
1884006,88.7451171875
1885321,70.61767578125
1887161,77.392578125
1890549,68.17626953125
1893308,69.9462890625
1896632,76.47705078125
1898311,82.21435546875
1900596,75.25634765625
1901289,74.21875
1903635,76.96533203125
1907121,70.61767578125
1909419,74.76806640625
1911866,77.08740234375
1913570,79.52880859375
1915653,84.47265625
1917169,75.25634765625
1919534,79.52880859375
1922626,74.3408203125
1923771,84.04541015625
1925811,75.25634765625
1928481,82.58056640625
1929190,84.53369140625
1930721,68.17626953125
1933067,80.2001953125
1935993,67.5048828125
1937384,78.61328125
1939498,70.25146484375
1942917,74.15771484375
1946102,76.23291015625
1948147,83.8623046875
1951003,84.89990234375
1951620,69.76318359375
1952813,81.60400390625
1955804,76.904296875
1957160,69.76318359375
1958535,64.3310546875
1960348,65.673828125
1963588,78.9794921875
1964118,90.63720703125
1966588,74.0966796875
1968341,80.56640625
1971143,75.439453125
1972680,67.5048828125
1974391,74.76806640625
1975970,79.58984375
1979061,73.2421875
1982691,78.369140625
1984072,80.99365234375
1986503,72.44873046875
1990856,72.8759765625
1991488,73.05908203125
1993723,73.974609375
1997235,65.3076171875
1997921,68.05419921875
2000306,78.369140625
2002468,65.0634765625
2004579,81.787109375
2007356,70.80078125
2011096,74.76806640625
2011647,78.91845703125
2013839,67.138671875
2015331,75.3173828125
2018790,89.78271484375
2019898,78.67431640625
2021967,79.9560546875
2023845,77.392578125
2026971,80.38330078125
2029598,72.08251953125
2030861,68.17626953125
2033396,78.7353515625
2036101,81.787109375
2039771,76.84326171875
2041922,76.96533203125
2043850,43.02978515625
2044804,70.80078125
2047508,78.0029296875
2049049,78.61328125
2051250,79.7119140625
2053569,76.416015625
2055673,71.4111328125
2061595,59.814453125
2063131,72.1435546875
2066074,74.21875
2066693,68.115234375
2069617,67.138671875
2072191,82.33642578125
2076660,69.03076171875
2077788,74.951171875
2079330,80.9326171875
2082560,79.16259765625
2084252,85.9375
2086843,81.1767578125
2089586,87.646484375
2090207,70.12939453125
2093289,69.2138671875
2098166,62.5
2100195,67.81005859375
2101322,68.7255859375
2103963,78.79638671875
2105929,67.87109375
2108256,83.31298828125
2109748,82.94677734375
2111511,68.90869140625
2114116,86.60888671875
2117067,85.99853515625
2119980,68.66455078125
2121596,91.552734375
2124095,74.03564453125
2124645,63.5986328125
2126155,83.43505859375
2127841,84.77783203125
2129870,67.87109375
2132578,70.9228515625
2134175,74.40185546875
2136902,77.33154296875
2139825,77.63671875
2144383,69.82421875
2146465,73.30322265625
2148657,59.87548828125
2151734,66.83349609375
2152389,71.8994140625
2154740,68.66455078125
2156965,60.4248046875
2159102,79.9560546875
2161439,72.69287109375
2164740,74.951171875
2166171,78.857421875
2169540,66.95556640625
2171540,76.66015625
2174662,82.33642578125
2175492,67.7490234375
2178090,72.509765625
2180367,86.85302734375
2180906,84.5947265625
2183473,74.89013671875
2187185,72.8759765625
2188774,80.87158203125
2191108,64.14794921875
2193558,67.9931640625
2197442,66.95556640625
2199919,75.25634765625
2201988,75.927734375
2203985,79.52880859375
2204574,67.7490234375
2208164,70.73974609375
2210694,75.86669921875
2212011,74.3408203125
2214784,72.998046875
2217173,78.18603515625
2218787,72.998046875
2220501,86.0595703125
2222447,79.833984375
2225908,75.927734375
2228221,67.93212890625
2230640,83.984375
2233471,70.1904296875
2235527,71.22802734375
2238480,73.2421875
2241661,77.57568359375
2243867,66.34521484375
2247279,89.29443359375
2251394,67.56591796875
2255025,73.2421875
2257868,74.21875
2261543,81.84814453125
2262179,65.00244140625
2265686,72.6318359375
2267282,70.37353515625
2269241,77.5146484375
2272166,68.90869140625
2274024,74.64599609375
2276917,74.8291015625
2278158,75.50048828125
2280106,73.54736328125
2280986,87.09716796875
2283922,80.2001953125
2284577,66.0400390625
2286786,78.9794921875
2289675,69.76318359375
2293468,76.11083984375
2295988,65.97900390625
2297879,89.29443359375
2300848,70.068359375
2301942,78.30810546875
2304313,74.70703125
2305037,36.68212890625
2307696,80.9326171875
2309780,75.1953125
2312177,79.04052734375
2314369,81.787109375
2319143,73.18115234375
2321624,71.2890625
2324918,70.00732421875
2326545,74.8291015625
2328533,81.9091796875
2331087,64.39208984375
2333312,70.25146484375
2336413,71.6552734375
2339520,89.35546875
2343151,84.89990234375
2344920,71.2890625
2346289,76.11083984375
2348668,70.61767578125
2352812,78.55224609375
2355364,89.17236328125
2358117,84.16748046875
2360779,78.7353515625
2363232,77.81982421875
2366107,67.9931640625
2367643,80.56640625
2369198,76.84326171875
2372003,69.091796875
2374550,73.66943359375
2379489,76.0498046875
2381318,75.5615234375
2382828,73.42529296875
2386032,78.79638671875
2389228,73.54736328125
2390928,76.23291015625
2392712,73.79150390625
2395836,80.56640625
2398676,80.810546875
2400198,86.9140625
2404436,72.08251953125
2408671,62.5
2411285,70.80078125
2414479,80.26123046875
2417022,77.57568359375
2418884,72.509765625
2419614,76.72119140625
2420865,82.8857421875
2425233,72.69287109375
2427366,64.63623046875
2430423,78.30810546875
2431781,70.98388671875
2434446,74.40185546875
2438076,75.25634765625
2439897,70.86181640625
2441733,70.98388671875
2443838,79.2236328125
2445497,67.626953125
2448247,79.345703125
2450218,67.68798828125
2453794,80.74951171875
2455158,77.7587890625
2457933,69.76318359375
2459593,77.880859375
2461581,80.50537109375
2463799,79.58984375
2465301,75.86669921875
2466599,76.23291015625
2469727,73.05908203125
2474206,81.60400390625
2475706,74.76806640625
2479541,71.59423828125
2481645,76.72119140625
2484141,72.32666015625
2484789,68.115234375
2490591,80.9326171875
2491993,67.56591796875
2494534,75.8056640625
2496472,70.4345703125
2499287,80.50537109375
2501991,68.84765625
2503229,65.85693359375
2506486,77.1484375
2508360,68.84765625
2510718,81.11572265625
2513892,74.21875
2515581,68.17626953125
2517940,66.40625
2519869,65.4296875
2522709,68.9697265625
2526607,87.21923828125
2529448,74.0966796875
2530156,74.951171875
2532146,75.98876953125
2534334,78.125
2536562,72.265625
2539398,89.9658203125
2541424,79.4677734375
2544869,76.0498046875
2547559,78.7353515625
2550617,82.09228515625
2552927,70.00732421875
2555587,76.904296875
2557051,71.1669921875
2558358,73.974609375
2561768,82.6416015625
2564279,82.763671875
2565935,75.927734375
2569024,80.38330078125
2572330,74.5849609375
2575439,66.58935546875
2576076,82.58056640625
2579563,55.84716796875
2581758,72.998046875
2584011,86.24267578125
2585740,76.66015625
2587059,64.697265625
2591328,79.40673828125
2594119,80.4443359375
2596201,79.345703125
2598356,77.33154296875
2601667,78.4912109375
2602365,71.22802734375
2603069,75.01220703125
2605785,72.1435546875
2607876,80.38330078125
2608223,84.5947265625
2610804,78.4912109375
2613564,69.82421875
2615132,86.24267578125
2616498,81.35986328125
2620187,63.1103515625
2622112,77.33154296875
2623537,70.4345703125
2626890,74.70703125
2629135,75.74462890625
2632018,87.7685546875
2633184,75.25634765625
2635026,79.77294921875
2636855,74.64599609375
2638983,76.171875
2641398,71.044921875
2643893,75.98876953125
2648800,78.9794921875
2649468,75.74462890625
2651691,79.58984375
2654831,72.998046875
2657866,78.67431640625
2660581,72.8759765625
2661115,70.73974609375
2663008,81.72607421875
2665797,78.06396484375
2670750,82.45849609375
2672252,81.6650390625
2674915,71.1669921875
2676257,81.4208984375
2676715,79.2236328125
2680033,63.04931640625
2680690,77.0263671875
2684397,75.68359375
2687656,85.26611328125
2689171,65.12451171875
2692069,80.322265625
2694402,88.07373046875
2695065,75.0732421875
2699433,71.47216796875
2701134,37.353515625
2701917,83.8623046875
2705422,89.66064453125
2708153,64.5751953125
2708884,85.8154296875
2713369,74.8291015625
2715120,64.3310546875
2717835,76.23291015625
2718747,70.3125
2723720,71.6552734375
2724401,76.171875
2725974,65.7958984375
2728667,80.74951171875
2730906,84.47265625
2732806,71.47216796875
2733361,71.10595703125
2737904,65.24658203125
2740216,72.44873046875
2742286,85.26611328125
2743430,82.1533203125
2745332,73.2421875
2747097,74.03564453125
2750235,72.1435546875
2753081,82.275390625
2755171,74.0966796875
2756839,73.1201171875
2757622,62.3779296875
2759493,62.1337890625
2761916,81.1767578125
2763538,80.74951171875
2765798,79.58984375
2766616,80.13916015625
2769199,83.67919921875
2771216,68.2373046875
2775003,72.3876953125
2777592,82.03125
2778942,70.556640625
2780941,73.974609375
2782578,70.49560546875
2784616,76.47705078125
2786571,75.37841796875
2789403,37.59765625
2790738,83.43505859375
2791467,73.66943359375
2794018,78.43017578125
2797457,69.580078125
2800060,70.61767578125
2802593,82.21435546875
2804221,79.52880859375
2808693,77.45361328125
2811421,75.25634765625
2814906,68.603515625
2817265,73.73046875
2819706,50.96435546875
2822252,62.5
2825741,74.52392578125
2826437,66.22314453125
2830111,79.833984375
2833120,73.73046875
2834675,83.3740234375
2837744,89.4775390625
2840483,83.92333984375
2843632,77.7587890625
2846757,77.08740234375
2847486,78.79638671875
2849945,78.4912109375
2851718,75.98876953125
2853035,78.91845703125
2855193,69.03076171875
2856925,70.556640625
2858436,81.84814453125
2860953,80.56640625
2862022,73.3642578125
2864380,81.48193359375
2867017,78.9794921875
2869165,75.98876953125
2869806,70.37353515625
2871213,74.27978515625
2874207,72.32666015625
2875925,72.3876953125
2878328,76.59912109375
2879014,68.115234375
2880397,81.6650390625
2883265,77.45361328125
2884514,65.73486328125
2886733,68.115234375
2889187,59.99755859375
2891882,80.50537109375
2892553,68.17626953125
2895944,70.25146484375
2896609,77.08740234375
2900280,75.13427734375
2903221,80.01708984375
2904867,74.76806640625
2907428,70.556640625
2912220,84.8388671875
2914023,79.04052734375
2916090,83.92333984375
2919032,62.80517578125
2921186,77.63671875
2923932,82.275390625
2926713,78.18603515625
2930296,71.71630859375
2932295,76.2939453125
2934553,72.021484375
2935729,72.265625
2937780,68.9697265625
2939729,74.0966796875
2941587,66.89453125
2944494,77.880859375
2945974,79.4677734375
2948648,74.21875
2951696,79.40673828125
2955951,66.7724609375
2957548,77.880859375
2959953,79.345703125
2960727,75.86669921875
2966165,79.04052734375
2968812,81.4208984375
2970730,83.43505859375
2973227,77.57568359375
2975190,72.998046875
2978812,77.7587890625
2980256,80.99365234375
2984477,69.2138671875
2986071,71.47216796875
2988945,87.09716796875
2989712,81.4208984375
2992326,71.8994140625
2995535,70.86181640625
2998623,74.64599609375
