2999000,0
15952,32.470703125
26863,33.02001953125
48219,35.82763671875
48789,38.51318359375
49137,33.87451171875
54363,40.52734375
54930,37.4755859375
60609,32.470703125
67839,32.40966796875
67939,39.9169921875
73918,35.400390625
78818,32.8369140625
91354,35.15625
91403,33.87451171875
91424,35.58349609375
91598,37.41455078125
91818,36.62109375
91841,79.40673828125
91882,86.7919921875
91912,67.32177734375
91974,76.66015625
91994,64.94140625
92035,50.96435546875
92099,69.7021484375
92145,46.08154296875
92174,54.6875
92196,62.07275390625
92272,59.4482421875
93271,33.26416015625
93318,32.958984375
130864,32.2265625
164744,32.2265625
169622,32.53173828125
176236,33.8134765625
176512,40.4052734375
176760,39.36767578125
186552,33.8134765625
186837,38.75732421875
187150,34.912109375
187586,34.48486328125
187610,33.38623046875
187659,42.48046875
187674,57.861328125
187750,72.75390625
187762,54.8095703125
187834,58.41064453125
187850,67.68798828125
187919,63.8427734375
187959,64.39208984375
188008,61.82861328125
188027,32.2265625
188828,36.43798828125
236950,32.2265625
261014,37.29248046875
270421,37.78076171875
281180,32.71484375
308347,34.11865234375
308613,33.38623046875
308627,35.94970703125
308654,32.16552734375
308680,72.265625
308765,61.8896484375
308786,74.21875
308796,36.92626953125
308852,66.22314453125
308870,32.40966796875
308904,66.89453125
308959,55.908203125
309040,98.20556640625
309279,58.59375
373258,33.75244140625
397809,34.5458984375
404295,33.3251953125
404435,46.56982421875
404558,37.841796875
404624,41.68701171875
404683,32.3486328125
404701,118.1640625
404734,32.958984375
404823,71.59423828125
404906,86.3037109375
404990,62.80517578125
405027,58.16650390625
405266,59.02099609375
406641,33.87451171875
529774,33.75244140625
550786,34.1796875
568488,33.14208984375
578691,33.02001953125
608063,98.7548828125
849567,32.89794921875
1022364,36.2548828125
1114015,32.5927734375
1252998,32.28759765625
1373499,36.43798828125
1465502,34.66796875
1518033,32.77587890625
1627092,33.447265625
1741620,33.5693359375
1950979,33.69140625
2044652,32.65380859375
2114920,32.53173828125
2179438,34.66796875
2262512,37.90283203125
2500861,33.02001953125
2553224,35.33935546875
2613705,34.11865234375
2667518,34.912109375
2689280,34.36279296875
2887117,34.3017578125
2958251,94.29931640625
