7799001,0
7319,24.7802734375
16013,26.611328125
17289,25.45166015625
28196,24.47509765625
31022,26.91650390625
31130,25.634765625
48548,24.96337890625
57995,24.96337890625
63636,29.23583984375
68347,24.96337890625
69961,24.96337890625
82502,24.7802734375
85797,26.67236328125
98504,25.81787109375
104833,26.91650390625
104938,25.32958984375
105046,29.35791015625
105059,24.96337890625
119371,24.47509765625
120514,25.7568359375
141063,25.57373046875
147929,26.18408203125
155106,25.0244140625
159205,25.0244140625
164386,24.658203125
167318,24.71923828125
177370,26.0009765625
180647,24.5361328125
182989,25.390625
196794,26.06201171875
218281,28.3203125
246034,27.28271484375
250177,24.71923828125
253337,27.4658203125
277633,24.90234375
284327,24.84130859375
298324,25.0244140625
299799,25.0244140625
303847,24.90234375
305096,24.96337890625
309519,28.80859375
316422,25.0244140625
322865,24.47509765625
330697,25.20751953125
340719,26.3671875
345550,25.69580078125
370551,24.96337890625
396387,26.0009765625
400258,26.18408203125
408394,24.96337890625
421971,25.32958984375
438182,25.634765625
440969,24.5361328125
450301,24.4140625
475141,25.93994140625
476300,24.90234375
496553,24.96337890625
506201,27.9541015625
514500,25.87890625
524472,26.85546875
525363,25.390625
530981,26.9775390625
551229,25.634765625
554044,24.5361328125
554390,25.57373046875
556459,25.634765625
577674,27.34375
579734,24.4140625
586148,24.59716796875
596754,25.32958984375
647770,24.47509765625
665050,25.634765625
666238,24.84130859375
688336,24.4140625
694983,25.57373046875
700098,25.2685546875
701950,24.658203125
706138,26.18408203125
707748,25.7568359375
710911,24.59716796875
714240,26.06201171875
724925,24.658203125
775200,25.146484375
776043,24.658203125
786428,24.59716796875
791284,24.90234375
792022,24.4140625
792193,25.32958984375
795105,24.5361328125
798809,25.08544921875
835815,26.67236328125
842779,28.38134765625
858849,26.2451171875
867285,24.96337890625
869679,25.634765625
887121,24.71923828125
911152,25.5126953125
913563,24.84130859375
936598,24.71923828125
951042,24.47509765625
962077,25.390625
964586,25.5126953125
966671,27.52685546875
976784,25.69580078125
978341,25.45166015625
984425,26.67236328125
991591,24.59716796875
992781,25.5126953125
1045115,24.4140625
1054964,24.71923828125
1061502,25.7568359375
1062451,25.45166015625
1069276,27.77099609375
1091447,25.0244140625
1092304,27.40478515625
1103174,24.71923828125
1103546,24.7802734375
1115228,24.59716796875
1117772,25.2685546875
1131618,29.23583984375
1131749,26.611328125
1145769,25.634765625
1153521,25.08544921875
1166156,25.45166015625
1167410,25.5126953125
1177863,25.5126953125
1179471,25.93994140625
1194200,24.658203125
1211395,30.09033203125
1217991,25.57373046875
1225093,25.87890625
1232298,26.0009765625
1238755,26.06201171875
1242792,24.96337890625
1257422,25.0244140625
1268374,30.33447265625
1279374,24.59716796875
1280204,24.71923828125
1281630,24.47509765625
1291216,25.5126953125
1291462,24.90234375
1291971,25.08544921875
1320235,25.2685546875
1320453,25.08544921875
1324162,24.90234375
1329100,24.71923828125
1338127,25.2685546875
1379019,27.28271484375
1379595,24.47509765625
1385116,26.42822265625
1400457,26.67236328125
1415456,24.5361328125
1437236,25.20751953125
1443287,26.18408203125
1476035,25.32958984375
1476145,27.89306640625
1482165,28.076171875
1486834,25.93994140625
1498854,24.47509765625
1504988,24.7802734375
1518911,25.0244140625
1538300,26.3671875
1559049,24.84130859375
1577635,27.9541015625
1581334,24.96337890625
1587855,24.5361328125
1593382,26.67236328125
1593654,24.47509765625
1597162,27.16064453125
1620225,24.84130859375
1629851,25.20751953125
1650538,25.08544921875
1668200,25.08544921875
1674425,24.84130859375
1682101,26.30615234375
1689078,25.08544921875
1697235,25.69580078125
1723268,25.45166015625
1764884,30.6396484375
1784485,24.658203125
1787104,26.30615234375
1811188,24.7802734375
1824046,24.90234375
1835376,28.01513671875
1839790,25.87890625
1840570,24.5361328125
1840878,25.5126953125
1858722,24.5361328125
1894965,24.4140625
1895597,25.146484375
1898992,25.7568359375
1961529,25.93994140625
1968104,26.7333984375
1979275,26.42822265625
1993926,24.84130859375
1994247,27.587890625
1999533,24.59716796875
2000043,24.59716796875
2002049,27.03857421875
2012826,25.57373046875
2055184,24.90234375
2056776,25.87890625
2061847,26.3671875
2069125,25.57373046875
2086384,25.0244140625
2097774,27.28271484375
2098107,26.123046875
2098162,25.390625
2104119,25.08544921875
2107301,24.71923828125
2119920,24.96337890625
2154060,25.390625
2154566,24.90234375
2169914,25.146484375
2176583,26.0009765625
2180592,27.40478515625
2195549,25.69580078125
2199906,25.45166015625
2208822,25.146484375
2223752,24.59716796875
2227872,27.34375
2235190,26.30615234375
2246745,25.146484375
2250893,25.0244140625
2264906,26.0009765625
2270583,26.18408203125
2272001,25.390625
2272885,26.3671875
2274035,27.7099609375
2287682,26.42822265625
2330525,24.7802734375
2348054,25.2685546875
2349355,24.84130859375
2354223,25.08544921875
2361645,24.47509765625
2387807,24.84130859375
2391353,24.84130859375
2408976,25.5126953125
2424187,24.47509765625
2426269,26.7333984375
2461450,24.90234375
2462798,24.5361328125
2494748,27.64892578125
2496206,27.89306640625
2500829,26.18408203125
2502085,26.3671875
2502350,24.59716796875
2502449,33.38623046875
2503725,30.029296875
2544129,26.3671875
2558601,24.84130859375
2563712,24.84130859375
2573975,24.47509765625
2621337,26.4892578125
2622053,24.59716796875
2622249,25.81787109375
2635470,25.2685546875
2638070,25.20751953125
2645159,26.06201171875
2649365,24.7802734375
2656456,26.55029296875
2676984,25.634765625
2680204,25.69580078125
2682127,29.60205078125
2695815,27.28271484375
2700353,25.634765625
2707602,25.08544921875
2720409,26.79443359375
2723124,24.59716796875
2776679,26.85546875
2780114,25.0244140625
2781430,25.69580078125
2783197,24.658203125
2812405,24.7802734375
2827383,27.4658203125
2827630,24.4140625
2836280,28.4423828125
2872747,26.611328125
2880928,24.4140625
2881547,25.87890625
2882432,24.4140625
2898192,26.611328125
2901868,24.90234375
2925181,24.96337890625
2925423,24.4140625
2926510,25.20751953125
2927036,25.634765625
2935628,25.5126953125
2939831,24.7802734375
2947975,25.57373046875
2955642,26.91650390625
2990220,25.2685546875
3001206,25.20751953125
3013700,24.5361328125
3026246,24.71923828125
3036737,24.84130859375
3037810,24.71923828125
3057305,24.47509765625
3060016,25.20751953125
3074745,26.06201171875
3079629,24.59716796875
3081723,24.96337890625
3092636,24.90234375
3105595,25.7568359375
3110124,24.84130859375
3120392,27.28271484375
3134799,25.5126953125
3136368,25.45166015625
3143824,26.4892578125
3170682,24.658203125
3171240,25.146484375
3187269,24.7802734375
3212946,25.32958984375
3237509,24.5361328125
3240492,26.91650390625
3249557,25.93994140625
3266024,27.16064453125
3266294,24.47509765625
3268408,24.84130859375
3290303,25.93994140625
3291492,25.0244140625
3350837,24.47509765625
3357560,24.59716796875
3359542,26.18408203125
3359637,25.20751953125
3375893,25.45166015625
3388026,26.06201171875
3432370,24.47509765625
3433598,24.71923828125
3437871,27.587890625
3450298,25.45166015625
3465921,24.658203125
3471924,25.81787109375
3476092,25.146484375
3478100,24.5361328125
3481113,24.5361328125
3485836,26.85546875
3492972,26.123046875
3498758,26.611328125
3499358,27.77099609375
3525875,25.146484375
3535770,24.59716796875
3538007,25.87890625
3543069,25.390625
3550667,25.81787109375
3577787,24.84130859375
3585101,25.57373046875
3592319,25.87890625
3594453,26.7333984375
3609836,24.658203125
3628057,27.03857421875
3644688,26.91650390625
3662604,24.59716796875
3670018,24.658203125
3675183,24.4140625
3688677,29.47998046875
3704778,24.5361328125
3722566,25.87890625
3738719,26.06201171875
3743031,24.90234375
3762927,26.9775390625
3767416,25.5126953125
3768327,25.81787109375
3778494,24.4140625
3780523,26.42822265625
3788165,25.0244140625
3795581,28.50341796875
3804360,25.20751953125
3816419,24.4140625
3837234,25.20751953125
3838015,24.59716796875
3850499,29.9072265625
3850729,25.20751953125
3859818,24.71923828125
3864802,26.611328125
3869628,25.5126953125
3875231,24.658203125
3880818,27.64892578125
3898551,26.18408203125
3907505,28.74755859375
3909335,26.0009765625
3917906,27.9541015625
3928487,24.47509765625
3932100,24.5361328125
3949727,25.146484375
3967325,25.20751953125
3967462,27.03857421875
3984598,25.634765625
3990637,26.2451171875
3995639,25.634765625
4037134,25.5126953125
4037612,25.32958984375
4048808,24.71923828125
4059490,26.7333984375
4066113,27.9541015625
4072300,25.7568359375
4081379,28.01513671875
4085331,25.87890625
4089010,25.2685546875
4103838,25.08544921875
4119422,27.34375
4124888,24.59716796875
4134270,24.7802734375
4162039,27.83203125
4165852,25.08544921875
4183181,26.18408203125
4199921,25.69580078125
4205612,25.7568359375
4209373,24.90234375
4220307,26.611328125
4231579,26.0009765625
4232219,27.52685546875
4233015,26.91650390625
4235280,26.7333984375
4237399,25.69580078125
4238425,27.587890625
4260824,24.4140625
4268564,27.52685546875
4269242,26.06201171875
4284432,25.81787109375
4284695,27.77099609375
4289950,25.87890625
4290081,24.96337890625
4290321,24.84130859375
4296667,24.84130859375
4337123,24.47509765625
4342802,25.390625
4350011,25.5126953125
4366235,25.20751953125
4399166,26.91650390625
4400634,26.67236328125
4402222,24.7802734375
4421531,24.5361328125
4421827,25.08544921875
4421921,26.79443359375
4426556,24.658203125
4431120,27.34375
4466509,24.4140625
4477205,25.08544921875
4482044,24.71923828125
4509498,24.7802734375
4510723,27.4658203125
4524331,25.390625
4541932,27.64892578125
4542225,26.3671875
4544032,24.5361328125
4547559,25.146484375
4559688,27.28271484375
4561656,25.0244140625
4569878,28.1982421875
4571893,25.2685546875
4573594,27.03857421875
4577383,25.634765625
4577725,26.2451171875
4585560,26.55029296875
4587489,24.7802734375
4602866,24.658203125
4642376,26.06201171875
4647143,25.390625
4647685,24.59716796875
4663382,24.47509765625
4664050,27.52685546875
4665620,25.20751953125
4672920,25.57373046875
4676658,24.7802734375
4678034,24.4140625
4700202,26.18408203125
4718784,24.4140625
4727183,24.90234375
4730812,26.91650390625
4755682,25.20751953125
4757020,27.2216796875
4760016,26.123046875
4772034,25.5126953125
4772779,28.25927734375
4796342,26.91650390625
4807726,24.96337890625
4808069,26.30615234375
4824109,25.2685546875
4824388,25.57373046875
4852529,25.2685546875
4859633,25.2685546875
4866802,25.0244140625
4881201,26.18408203125
4888250,24.59716796875
4898591,25.5126953125
4900766,26.85546875
4902718,24.47509765625
4910557,24.47509765625
4918641,24.59716796875
4919241,25.32958984375
4924124,26.4892578125
4926332,26.9775390625
4926538,27.2216796875
4926939,26.06201171875
4954268,29.11376953125
4956561,24.96337890625
4962553,25.5126953125
4962893,27.2216796875
4968967,25.0244140625
4981295,24.7802734375
4997728,25.20751953125
5002821,26.123046875
5003350,26.30615234375
5006877,25.87890625
5010145,24.96337890625
5015770,24.90234375
5026874,24.84130859375
5030033,26.7333984375
5031717,25.390625
5034503,28.01513671875
5035009,27.34375
5035073,28.1982421875
5038987,27.4658203125
5039777,24.71923828125
5041986,26.2451171875
5052580,24.71923828125
5058341,25.634765625
5119668,24.5361328125
5127525,26.4892578125
5134830,24.47509765625
5146114,26.55029296875
5157335,25.634765625
5161029,27.34375
5167915,26.42822265625
5171538,26.18408203125
5178328,24.59716796875
5180858,25.08544921875
5197298,24.84130859375
5205334,24.90234375
5217121,25.45166015625
5234413,30.1513671875
5250095,25.08544921875
5256303,24.47509765625
5304396,24.90234375
5315590,24.7802734375
5353791,24.84130859375
5359033,24.59716796875
5366824,25.69580078125
5378863,25.87890625
5393804,24.658203125
5398858,28.62548828125
5406514,25.390625
5410756,27.40478515625
5416165,24.5361328125
5417698,28.4423828125
5468504,25.45166015625
5480690,24.59716796875
5481893,24.5361328125
5482957,24.4140625
5486349,24.47509765625
5503503,25.146484375
5504194,26.611328125
5504589,24.71923828125
5505027,27.77099609375
5505783,28.1982421875
5506177,24.4140625
5513824,26.3671875
5518612,24.59716796875
5523274,25.2685546875
5523504,24.5361328125
5529502,26.67236328125
5550070,26.2451171875
5564466,24.4140625
5570523,27.7099609375
5571329,25.32958984375
5578708,24.7802734375
5612496,24.71923828125
5615008,24.84130859375
5640484,25.146484375
5644079,25.390625
5661454,25.93994140625
5678317,31.3720703125
5682876,24.90234375
5684725,24.84130859375
5686328,28.9306640625
5707649,26.4892578125
5715399,24.5361328125
5719504,24.47509765625
5721570,24.84130859375
5740359,25.7568359375
5743765,27.4658203125
5744455,25.0244140625
5750655,25.32958984375
5754938,24.4140625
5769646,25.08544921875
5772069,27.77099609375
5789393,26.85546875
5790728,25.93994140625
5808476,26.18408203125
5816664,25.57373046875
5822161,24.59716796875
5824388,24.59716796875
5841654,26.3671875
5868530,25.81787109375
5869674,24.84130859375
5873076,24.7802734375
5875522,26.611328125
5891184,25.81787109375
5899073,26.18408203125
5902058,25.7568359375
5911174,26.55029296875
5926967,24.5361328125
5940652,24.59716796875
5947408,31.6162109375
5949053,25.69580078125
5949911,26.30615234375
5949956,24.59716796875
5950253,25.45166015625
5950902,24.59716796875
5952520,26.30615234375
5955686,24.71923828125
5959247,25.146484375
5971193,26.2451171875
5971693,26.9775390625
6011193,24.47509765625
6011340,26.123046875
6011456,25.08544921875
6019073,24.59716796875
6019367,24.59716796875
6024989,24.4140625
6029487,26.3671875
6040568,27.16064453125
6047505,24.71923828125
6050918,24.7802734375
6062714,24.5361328125
6064707,24.59716796875
6065929,26.123046875
6071001,24.59716796875
6075162,24.96337890625
6117334,25.81787109375
6144748,25.45166015625
6145366,24.59716796875
6152686,24.71923828125
6176340,24.71923828125
6185702,24.7802734375
6218003,26.55029296875
6222726,26.30615234375
6227036,24.59716796875
6236239,26.3671875
6258593,24.71923828125
6258708,25.0244140625
6271093,24.90234375
6271591,26.4892578125
6271762,25.2685546875
6273375,25.20751953125
6274497,26.9775390625
6276124,25.634765625
6280041,24.71923828125
6280209,26.30615234375
6280469,24.71923828125
6281282,25.2685546875
6282423,25.87890625
6290753,24.5361328125
6307309,24.5361328125
6312067,25.45166015625
6322129,24.71923828125
6322661,27.40478515625
6331490,25.20751953125
6333501,24.90234375
6334072,26.55029296875
6354199,25.390625
6369494,24.59716796875
6383751,24.47509765625
6390328,26.85546875
6391954,25.146484375
6404912,28.80859375
6419693,26.123046875
6442714,25.0244140625
6443991,28.9306640625
6448370,24.96337890625
6461417,24.7802734375
6475311,24.71923828125
6501641,25.45166015625
6511424,29.296875
6514854,26.30615234375
6517173,25.2685546875
6517443,24.59716796875
6517731,25.390625
6520144,25.7568359375
6520231,25.45166015625
6521833,24.7802734375
6523207,26.79443359375
6525495,25.146484375
6527939,24.658203125
6534386,26.3671875
6541737,24.4140625
6542006,27.2216796875
6545389,28.25927734375
6553144,25.45166015625
6561711,24.7802734375
6578950,25.20751953125
6598801,25.57373046875
6618353,24.59716796875
6649910,24.4140625
6650183,24.90234375
6650523,25.08544921875
6651476,26.79443359375
6651834,25.0244140625
6655212,26.3671875
6656009,26.67236328125
6657092,25.634765625
6657704,25.2685546875
6661602,24.96337890625
6669449,26.4892578125
6693992,24.90234375
6698935,27.03857421875
6723589,24.4140625
6761033,29.4189453125
6799446,27.28271484375
6800357,25.0244140625
6806240,24.658203125
6807322,24.658203125
6830205,25.32958984375
6830468,27.28271484375
6835773,24.7802734375
6840408,24.7802734375
6842403,26.18408203125
6856785,25.57373046875
6857100,26.42822265625
6859935,24.4140625
6875343,24.84130859375
6882955,24.71923828125
6883213,26.3671875
6896228,24.59716796875
6901078,25.81787109375
6907760,27.64892578125
6912555,24.84130859375
6915272,24.658203125
6922183,26.67236328125
6924675,25.634765625
6925192,25.5126953125
6927331,24.4140625
6941865,26.67236328125
6962616,24.47509765625
6972002,25.20751953125
6975206,24.84130859375
7003030,24.5361328125
7003264,26.9775390625
7010126,26.18408203125
7022944,25.0244140625
7037642,25.87890625
7041760,26.06201171875
7044289,25.45166015625
7044715,25.32958984375
7044791,25.45166015625
7045460,25.634765625
7047666,26.0009765625
7052700,24.71923828125
7060771,25.45166015625
7075178,26.0009765625
7080229,28.62548828125
7089295,27.2216796875
7095621,25.87890625
7100125,24.4140625
7100495,25.5126953125
7109973,24.90234375
7135176,26.79443359375
7145459,24.47509765625
7156112,24.47509765625
7160238,26.91650390625
7162207,27.587890625
7179589,26.79443359375
7192864,24.71923828125
7193250,25.93994140625
7194968,24.84130859375
7199674,24.96337890625
7218196,24.71923828125
7257639,26.4892578125
7258291,25.390625
7258535,26.85546875
7276472,24.4140625
7284574,25.390625
7311914,24.5361328125
7342468,27.34375
7369453,26.30615234375
7375216,24.96337890625
7380615,25.81787109375
7381409,25.0244140625
7384421,26.67236328125
7388146,27.28271484375
7391966,26.4892578125
7398198,25.81787109375
7411215,24.90234375
7411430,24.658203125
7415918,24.71923828125
7419950,27.16064453125
7425047,25.2685546875
7425149,25.20751953125
7430418,25.08544921875
7465164,28.50341796875
7469192,24.5361328125
7495198,26.91650390625
7513887,26.06201171875
7519087,24.71923828125
7525373,25.5126953125
7529093,26.42822265625
7549475,24.47509765625
7573600,25.7568359375
7588678,25.0244140625
7594053,24.658203125
7595356,24.71923828125
7595526,25.32958984375
7596828,25.2685546875
7597160,24.84130859375
7597809,26.4892578125
7603896,26.123046875
7609229,25.390625
7611155,26.2451171875
7611961,24.59716796875
7626935,24.71923828125
7646970,26.2451171875
7648895,25.08544921875
7649594,27.77099609375
7670191,24.90234375
7675541,27.7099609375
7675871,25.20751953125
7680844,25.57373046875
7681158,24.4140625
7707012,25.20751953125
7717108,25.81787109375
7726790,25.81787109375
7732689,24.4140625
7733764,24.84130859375
7735209,27.7099609375
7735314,28.74755859375
7736209,27.40478515625
7746336,29.6630859375
7754764,24.7802734375
7755392,27.587890625
7756028,24.90234375
7780592,24.5361328125
