7799001,0
12616,30.21240234375
12668,26.79443359375
13016,26.9775390625
13066,29.1748046875
63187,29.96826171875
63208,29.052734375
63481,27.099609375
63620,32.53173828125
63630,51.20849609375
120653,26.55029296875
120820,27.34375
242746,26.79443359375
242904,31.67724609375
242989,28.99169921875
243048,29.6630859375
243058,27.4658203125
243081,31.73828125
243107,34.60693359375
243122,28.99169921875
243139,52.490234375
243152,34.97314453125
243178,50.6591796875
243204,56.2744140625
243216,35.33935546875
243240,27.89306640625
243258,31.92138671875
243269,27.64892578125
243298,31.3720703125
243313,33.8134765625
243340,32.8369140625
243378,49.13330078125
243392,26.18408203125
243420,27.64892578125
243434,27.16064453125
243468,28.80859375
243554,31.67724609375
243585,41.748046875
243599,26.123046875
243631,28.01513671875
243696,32.1044921875
243784,29.4189453125
243808,31.55517578125
306750,26.3671875
306818,26.91650390625
306914,28.13720703125
307065,28.50341796875
307080,26.3671875
307196,30.57861328125
371596,29.6630859375
371671,27.40478515625
372431,26.42822265625
375439,27.83203125
415911,30.45654296875
415964,26.123046875
415994,31.8603515625
416051,26.06201171875
416165,28.564453125
452878,71.6552734375
452946,27.099609375
465460,26.79443359375
465535,27.16064453125
465652,33.0810546875
514641,27.77099609375
514676,29.72412109375
514770,30.8837890625
514888,37.29248046875
535580,26.7333984375
535867,26.611328125
536035,26.123046875
551986,30.33447265625
552330,35.7666015625
569310,26.91650390625
569358,29.96826171875
615320,26.18408203125
743942,27.099609375
866445,30.2734375
866488,66.650390625
866515,31.79931640625
866529,35.82763671875
866541,27.16064453125
866576,35.33935546875
866589,35.33935546875
866632,52.6123046875
866659,39.24560546875
866671,51.20849609375
866688,32.16552734375
866723,34.423828125
866740,27.40478515625
866767,35.0341796875
866783,38.6962890625
866814,35.09521484375
866873,26.2451171875
866894,28.99169921875
866941,28.6865234375
867066,26.3671875
867182,28.564453125
867193,29.9072265625
867340,29.84619140625
867570,29.296875
868658,26.30615234375
1250926,26.06201171875
1250956,60.48583984375
1251003,31.55517578125
1251016,43.02978515625
1251038,42.6025390625
1251063,46.81396484375
1251079,34.24072265625
1251096,39.97802734375
1251109,53.1005859375
1251137,38.39111328125
1251156,45.41015625
1251184,52.67333984375
1251214,33.14208984375
1251226,29.78515625
1251249,37.841796875
1251273,37.90283203125
1251290,28.38134765625
1251302,27.64892578125
1251338,31.8603515625
1251350,26.91650390625
1251471,28.99169921875
1251496,28.50341796875
1251529,28.50341796875
1251637,26.79443359375
1251652,26.85546875
1251711,29.78515625
1252114,29.11376953125
1252563,28.01513671875
1252959,27.2216796875
1862525,67.626953125
1862570,27.77099609375
1862590,26.42822265625
1862642,29.11376953125
1862661,34.1796875
1862678,42.724609375
1862713,27.03857421875
1862737,32.40966796875
1862759,27.587890625
1862851,39.97802734375
1862958,63.29345703125
1863116,58.349609375
2303220,27.587890625
2303246,78.61328125
2303270,27.52685546875
2303311,73.8525390625
2303331,41.1376953125
2303352,52.1240234375
2303362,47.4853515625
2303377,42.8466796875
2303394,26.91650390625
2303422,58.77685546875
2303442,41.6259765625
2303456,30.029296875
2303479,48.15673828125
2303490,29.541015625
2303542,33.99658203125
2303587,28.3203125
2303618,29.6630859375
2303660,26.55029296875
2303701,29.541015625
2303735,26.4892578125
2303769,32.2265625
2303835,28.38134765625
2303862,27.64892578125
2303943,37.41455078125
2304206,29.78515625
2315863,36.865234375
2315913,28.564453125
2315931,26.123046875
2315950,31.25
2315976,68.90869140625
2315996,36.9873046875
2316031,29.60205078125
2316051,54.87060546875
2316078,49.86572265625
2316099,49.37744140625
2316132,27.52685546875
2316145,29.296875
2316173,35.400390625
2316183,37.2314453125
2316207,30.76171875
2316218,36.31591796875
2316247,30.2734375
2316274,30.70068359375
2316309,26.3671875
2316330,31.3720703125
2316352,26.7333984375
2316368,31.25
2316379,32.53173828125
2316425,26.30615234375
2316439,31.55517578125
2316452,27.099609375
2316500,28.4423828125
2316529,28.74755859375
2316591,28.6865234375
2316608,29.052734375
2316639,27.40478515625
2316752,31.6162109375
2316916,27.4658203125
2317121,26.85546875
2317231,28.3203125
2317317,31.005859375
2317346,26.55029296875
2317460,26.9775390625
2317625,29.47998046875
2317921,26.9775390625
2318213,27.34375
2318328,26.06201171875
2318524,29.11376953125
2319359,27.89306640625
2320437,26.55029296875
2331616,26.2451171875
2331628,50.96435546875
2331700,28.4423828125
2331737,30.09033203125
2331747,35.5224609375
2331775,66.89453125
2331788,59.814453125
2331833,34.3017578125
2331847,42.48046875
2331869,68.115234375
2331883,27.28271484375
2331917,29.78515625
2331932,29.11376953125
2331946,40.22216796875
2332007,49.4384765625
2332020,26.4892578125
2332038,36.07177734375
2332078,32.71484375
2332088,26.7333984375
2332129,39.48974609375
2332173,33.3251953125
2332213,30.33447265625
2332249,29.60205078125
2332260,27.34375
2332372,32.28759765625
2332434,29.47998046875
2332533,26.9775390625
2332555,32.04345703125
2332715,27.099609375
2332734,30.3955078125
2332889,26.3671875
2333081,30.029296875
2333202,27.16064453125
2333232,27.16064453125
2333568,27.587890625
2666394,28.80859375
2666486,60.546875
2666516,31.06689453125
2666568,41.80908203125
2666580,32.16552734375
2666604,72.20458984375
2666624,35.64453125
2666637,64.63623046875
2666664,43.02978515625
2666675,34.3017578125
2666701,38.51318359375
2666717,41.07666015625
2666740,33.935546875
2666767,38.39111328125
2666813,47.36328125
2666831,31.982421875
2666850,28.6865234375
2666889,28.74755859375
2666909,27.28271484375
2666923,35.09521484375
2666984,39.00146484375
2667032,26.4892578125
2667320,33.87451171875
2830302,63.1103515625
2830318,27.9541015625
2830362,26.4892578125
2830389,44.7998046875
2830420,39.0625
2830433,58.7158203125
2830466,51.08642578125
2830485,70.73974609375
2830496,28.74755859375
2830510,35.33935546875
2830527,43.51806640625
2830549,74.3408203125
2830575,38.14697265625
2830590,28.80859375
2830606,34.423828125
2830632,29.72412109375
2830646,28.9306640625
2830678,29.11376953125
2830707,43.39599609375
2830741,33.26416015625
2830762,37.7197265625
2830818,26.55029296875
2830836,32.16552734375
2830863,31.67724609375
2830928,32.470703125
2830999,29.47998046875
2831015,31.73828125
2831561,28.4423828125
2915970,27.34375
2916032,26.7333984375
2916058,71.533203125
2916088,50.35400390625
2916100,57.18994140625
2916116,47.66845703125
2916140,33.69140625
2916164,51.69677734375
2916176,41.015625
2916208,41.6259765625
2916229,38.0859375
2916245,55.0537109375
2916266,26.611328125
2916284,28.99169921875
2916306,31.06689453125
2916345,34.423828125
2916365,30.82275390625
2916387,26.2451171875
2916409,26.06201171875
2916422,30.82275390625
2916443,36.865234375
2916495,32.04345703125
2916532,30.8837890625
2916682,26.42822265625
2916962,31.43310546875
2917072,26.06201171875
2917444,26.123046875
3013824,31.92138671875
3013855,28.50341796875
3013884,29.6630859375
3013925,34.72900390625
3013964,60.24169921875
3014050,30.82275390625
3014087,49.072265625
3014124,30.09033203125
3014148,37.29248046875
3014158,33.87451171875
3014192,76.171875
3014211,53.03955078125
3014225,49.49951171875
3014258,52.490234375
3014269,44.3115234375
3014282,51.6357421875
3014298,31.73828125
3014329,43.02978515625
3014341,51.513671875
3014381,39.36767578125
3014397,33.14208984375
3014423,31.73828125
3014493,36.43798828125
3014550,39.1845703125
3014617,30.33447265625
3014678,26.7333984375
3014798,27.77099609375
3014826,30.09033203125
3014871,28.62548828125
3104135,34.7900390625
3104249,28.99169921875
3104295,26.85546875
3104317,57.31201171875
3104355,26.9775390625
3104382,30.76171875
3104410,29.96826171875
3104443,28.86962890625
3104465,48.7060546875
3104483,43.02978515625
3104502,38.6962890625
3104517,28.86962890625
3104557,61.70654296875
3104582,44.49462890625
3104619,31.982421875
3104656,44.677734375
3104678,46.9970703125
3104711,29.84619140625
3104721,32.40966796875
3104748,29.296875
3104758,46.44775390625
3104786,37.41455078125
3104816,29.1748046875
3104887,30.2734375
3105062,42.90771484375
3191136,30.09033203125
3191208,31.31103515625
3191227,27.9541015625
3191309,27.83203125
3191344,27.52685546875
3191404,28.1982421875
3191435,30.3955078125
3191462,42.90771484375
3191484,52.1240234375
3191532,37.41455078125
3191560,46.69189453125
3191586,48.88916015625
3191599,28.80859375
3191627,40.771484375
3191641,33.63037109375
3191684,37.353515625
3191714,38.0859375
3191756,35.888671875
3191773,31.67724609375
3191807,27.2216796875
3191842,32.53173828125
3191861,27.89306640625
3191942,26.42822265625
3191971,27.2216796875
3191989,28.80859375
3192020,29.47998046875
3192135,27.03857421875
3276884,39.48974609375
3276973,27.40478515625
3277025,50.537109375
3277055,42.6025390625
3277178,26.18408203125
3277434,26.67236328125
3326613,31.1279296875
3326674,34.3017578125
3332980,26.3671875
3424054,26.611328125
3424092,36.1328125
3424179,41.3818359375
3424273,28.3203125
3519166,34.48486328125
3519240,27.16064453125
3519323,34.5458984375
3519379,33.14208984375
3519426,26.42822265625
3604427,31.005859375
3604545,36.1328125
3604588,26.3671875
3604606,26.2451171875
3604794,27.16064453125
3605181,27.52685546875
3693446,27.2216796875
3693549,27.34375
3693736,26.18408203125
3792023,26.18408203125
3792540,27.77099609375
3792749,27.64892578125
3877754,26.30615234375
3877894,27.03857421875
3948050,26.67236328125
3948128,39.6728515625
3957883,30.3955078125
3957896,27.77099609375
4025389,31.55517578125
4025493,26.55029296875
4029587,26.0009765625
4102634,28.99169921875
4102790,27.77099609375
4185701,29.96826171875
4185717,27.099609375
4185730,67.7490234375
4185764,27.77099609375
4185784,67.3828125
4185805,90.63720703125
4185831,53.7109375
4185861,74.8291015625
4185881,48.7060546875
4185893,54.01611328125
4185920,45.8984375
4185946,33.203125
4185965,35.46142578125
4185976,34.11865234375
4185999,28.99169921875
4186021,27.52685546875
4186094,27.9541015625
4186107,38.14697265625
4186145,30.45654296875
4186183,34.0576171875
4186443,27.03857421875
4197121,27.099609375
4197261,30.3955078125
4197322,29.541015625
4197357,27.7099609375
4197383,35.400390625
4197400,29.96826171875
4197427,26.67236328125
4197443,31.982421875
4197484,33.26416015625
4197499,34.85107421875
4197514,32.77587890625
4197535,28.564453125
4197556,44.25048828125
4197581,82.70263671875
4197601,45.22705078125
4197615,37.7197265625
4197646,41.8701171875
4197665,55.0537109375
4197698,41.68701171875
4197720,33.69140625
4197742,37.2314453125
4197772,26.0009765625
4197794,31.67724609375
4197805,30.1513671875
4197828,30.33447265625
4197844,35.64453125
4197894,29.47998046875
4197928,30.09033203125
4197988,32.958984375
4198010,33.935546875
4198051,30.76171875
4198117,27.28271484375
4198148,26.55029296875
4198179,28.076171875
4198453,26.3671875
4198597,30.8837890625
4198746,27.64892578125
4198771,33.02001953125
4198860,28.01513671875
4198981,28.9306640625
4243751,71.2890625
4418351,33.63037109375
4418391,49.31640625
4418409,29.4189453125
4418441,40.83251953125
4418464,42.96875
4418488,49.1943359375
4418504,29.84619140625
4418525,29.23583984375
4418546,35.5224609375
4418581,33.203125
4418599,29.541015625
4418611,32.89794921875
4418636,33.50830078125
4418702,27.9541015625
4418732,33.14208984375
4418830,27.16064453125
4418871,29.78515625
4418936,26.85546875
4418980,31.92138671875
4419304,27.89306640625
4949966,68.84765625
4949989,26.30615234375
4950015,55.48095703125
4950042,38.51318359375
4950053,96.3134765625
4950079,40.46630859375
4950112,35.82763671875
4950133,37.59765625
4950149,46.69189453125
4950163,43.15185546875
4950179,53.03955078125
4950214,39.73388671875
4950256,39.00146484375
4950273,32.5927734375
4950299,37.59765625
4950335,29.6630859375
4950371,26.9775390625
4950489,27.89306640625
4950528,26.42822265625
4950541,26.67236328125
4950729,33.02001953125
4950942,27.587890625
4960533,62.3779296875
4960709,42.17529296875
4960725,27.4658203125
4960757,29.6630859375
4960802,43.76220703125
4960818,36.2548828125
4960869,31.3720703125
4960881,33.203125
4960916,64.02587890625
4960947,28.80859375
4960958,68.17626953125
4960988,50.9033203125
4961013,48.33984375
4961044,34.97314453125
4961054,51.20849609375
4961070,40.34423828125
4961089,26.67236328125
4961111,38.9404296875
4961124,26.2451171875
4961169,28.80859375
4961183,31.8603515625
4961216,30.517578125
4961228,29.296875
4961285,31.06689453125
4961352,28.38134765625
4961368,27.7099609375
4961403,27.83203125
4961434,26.0009765625
4961528,28.4423828125
4961636,29.60205078125
4961693,26.06201171875
4961748,29.6630859375
4961827,35.33935546875
4961934,27.40478515625
4962188,33.5693359375
4962474,29.052734375
4962635,26.91650390625
4962678,28.62548828125
4963257,27.77099609375
5042364,33.14208984375
5042378,68.359375
5042408,46.630859375
5042424,56.09130859375
5042435,31.18896484375
5042449,32.65380859375
5042462,45.5322265625
5042477,44.86083984375
5042495,34.423828125
5042519,43.64013671875
5042554,43.27392578125
5042568,26.7333984375
5042580,36.07177734375
5042601,26.3671875
5042636,27.28271484375
5042659,30.45654296875
5042674,37.41455078125
5042720,26.91650390625
5042780,28.38134765625
5042816,34.60693359375
5042864,32.89794921875
5042926,28.13720703125
5042968,33.38623046875
5043083,28.13720703125
5043138,28.80859375
5043184,32.89794921875
5043210,26.30615234375
5043456,27.9541015625
5043633,28.74755859375
5124459,31.3720703125
5124504,36.7431640625
5124540,26.18408203125
5124557,59.38720703125
5124616,36.0107421875
5124639,60.9130859375
5124649,30.3955078125
5124682,57.12890625
5124702,60.546875
5124717,53.8330078125
5124734,64.208984375
5124747,47.79052734375
5124772,39.794921875
5124789,49.8046875
5124802,29.35791015625
5124839,52.55126953125
5124875,32.1044921875
5124906,27.77099609375
5124931,28.50341796875
5124954,30.21240234375
5125000,31.55517578125
5125012,34.7900390625
5125026,27.34375
5125060,30.70068359375
5125078,28.1982421875
5125142,33.99658203125
5125205,27.89306640625
5125278,30.517578125
5125351,27.89306640625
5125447,31.3720703125
5202657,27.64892578125
5202686,45.8984375
5202712,43.88427734375
5202727,72.93701171875
5202750,33.02001953125
5202778,50.47607421875
5202797,52.67333984375
5202810,31.43310546875
5202822,33.99658203125
5202847,38.330078125
5202895,27.4658203125
5202949,30.029296875
5202980,28.6865234375
5203021,29.4189453125
5203089,31.3720703125
5203374,27.16064453125
5203490,26.91650390625
5224571,30.33447265625
5269121,33.3251953125
5269184,69.39697265625
5269200,39.24560546875
5269216,91.1865234375
5269232,34.912109375
5269249,50.537109375
5269261,33.935546875
5269280,52.91748046875
5269314,83.31298828125
5269325,28.25927734375
5269345,27.77099609375
5269379,40.83251953125
5269391,31.1279296875
5269432,39.24560546875
5269450,26.123046875
5269478,34.1796875
5269493,31.73828125
5269530,27.03857421875
5269540,28.50341796875
5269607,30.21240234375
5269670,29.84619140625
5269737,34.912109375
5341478,27.587890625
5341489,31.06689453125
5341543,37.2314453125
5341573,37.353515625
5341595,50.72021484375
5341612,39.1845703125
5341637,27.587890625
5341666,46.0205078125
5341676,54.50439453125
5341705,42.3583984375
5341720,38.75732421875
5341730,30.70068359375
5341747,31.67724609375
5341772,30.2734375
5341783,38.87939453125
5341810,28.6865234375
5341845,33.99658203125
5341859,57.0068359375
5341896,32.89794921875
5341910,29.35791015625
5341928,27.40478515625
5341953,31.6162109375
5341986,28.38134765625
5342054,27.52685546875
5342099,32.470703125
5342119,27.77099609375
5423596,26.30615234375
5423722,38.2080078125
5423743,61.1572265625
5423797,26.123046875
5423820,27.7099609375
5423845,34.1796875
5423872,32.77587890625
5423882,32.16552734375
5423916,32.958984375
5423940,32.40966796875
5423951,36.865234375
5423974,35.15625
5423993,89.84375
5424014,43.701171875
5424032,43.8232421875
5424055,43.8232421875
5424077,33.935546875
5424091,45.47119140625
5424114,34.24072265625
5424136,33.5693359375
5424163,35.5224609375
5424215,31.73828125
5424251,31.494140625
5424263,30.09033203125
5424284,27.83203125
5424299,29.78515625
5424415,33.02001953125
5550590,26.85546875
5550620,27.2216796875
5551094,26.4892578125
5551290,30.57861328125
5686844,33.935546875
5686860,48.15673828125
5686875,35.09521484375
5686900,35.09521484375
5686923,67.626953125
5686938,38.818359375
5686967,63.5986328125
5686979,32.53173828125
5687002,31.73828125
5687022,53.7109375
5687035,70.61767578125
5687062,36.62109375
5687089,47.2412109375
5687101,56.2744140625
5687129,30.029296875
5687143,39.73388671875
5687158,34.0576171875
5687175,26.9775390625
5687201,35.400390625
5687267,38.51318359375
5687376,26.55029296875
5687411,26.4892578125
5872353,81.4208984375
5872411,29.6630859375
5872427,40.0390625
5872459,35.58349609375
5872471,42.90771484375
5872493,82.275390625
5872503,34.1796875
5872518,34.60693359375
5872532,41.68701171875
5872549,51.513671875
5872572,40.10009765625
5872586,27.9541015625
5872611,38.87939453125
5872642,33.75244140625
5872662,37.109375
5872693,32.89794921875
5872725,28.99169921875
5872741,40.8935546875
5872777,26.91650390625
5872824,29.72412109375
5872865,32.77587890625
5872939,31.06689453125
5872955,31.55517578125
5873180,27.52685546875
6015198,30.21240234375
6015212,28.564453125
6015249,27.83203125
6015275,38.9404296875
6015314,79.65087890625
6015328,41.44287109375
6015362,39.36767578125
6015377,36.80419921875
6015408,52.67333984375
6015426,30.029296875
6015445,29.23583984375
6015463,35.09521484375
6015485,66.7724609375
6015518,37.841796875
6015531,32.40966796875
6015586,38.330078125
6015608,29.35791015625
6015651,31.06689453125
6015675,27.099609375
6015773,26.67236328125
6015816,26.55029296875
6018034,28.1982421875
6151786,28.1982421875
6152063,29.23583984375
6152502,28.99169921875
6152641,50.59814453125
6152688,26.123046875
6152701,30.517578125
6152773,34.36279296875
6152786,41.9921875
6152992,37.04833984375
6153157,35.5224609375
6188703,28.80859375
6288912,26.0009765625
6288942,27.4658203125
6288952,66.83349609375
6288994,41.68701171875
6289009,38.26904296875
6289040,48.33984375
6289053,49.98779296875
6289075,48.76708984375
6289095,53.1005859375
6289115,59.87548828125
6289138,28.3203125
6289149,47.54638671875
6289183,47.30224609375
6289217,28.01513671875
6289228,29.72412109375
6289269,30.45654296875
6289281,31.494140625
6289302,31.55517578125
6289325,29.78515625
6289355,27.34375
6289386,38.57421875
6289431,37.04833984375
6289499,28.99169921875
6289522,26.0009765625
6289596,39.36767578125
6383970,76.59912109375
6383984,28.13720703125
6384032,35.888671875
6384054,50.4150390625
6384079,41.44287109375
6384091,54.19921875
6384107,66.650390625
6384131,26.79443359375
6384145,65.49072265625
6384157,44.921875
6384171,38.0859375
6384181,71.533203125
6384220,42.96875
6384240,29.78515625
6384262,50.23193359375
6384287,36.56005859375
6384313,26.2451171875
6384337,26.85546875
6384363,26.42822265625
6384411,35.09521484375
6384481,26.42822265625
6384534,37.59765625
6384601,27.16064453125
6384613,35.21728515625
6482431,65.85693359375
6482799,26.30615234375
6483285,28.74755859375
6487031,36.376953125
6557971,39.00146484375
6557990,32.2265625
6558025,28.9306640625
6558054,26.2451171875
6558066,31.1279296875
6558092,44.189453125
6558102,32.8369140625
6558117,64.88037109375
6558139,45.41015625
6558159,36.19384765625
6558183,32.89794921875
6558200,31.55517578125
6558218,28.9306640625
6558236,27.64892578125
6558254,37.90283203125
6558277,29.84619140625
6558287,26.611328125
6558327,27.4658203125
6558383,26.0009765625
6558435,27.52685546875
6558561,30.57861328125
6558605,28.564453125
6558684,29.23583984375
6558719,26.18408203125
6558921,26.42822265625
6739276,37.4755859375
6846788,27.03857421875
6846904,29.84619140625
7003691,27.03857421875
7003711,28.1982421875
7112235,26.9775390625
7112263,59.14306640625
7112283,34.423828125
7112315,47.119140625
7112334,80.26123046875
7112354,57.67822265625
7112378,45.34912109375
7112390,80.2001953125
7112415,42.54150390625
7112439,43.76220703125
7112465,33.935546875
7112476,32.53173828125
7112508,39.61181640625
7112522,29.6630859375
7112537,28.25927734375
7112569,26.55029296875
7112635,30.57861328125
7112673,27.16064453125
7112722,27.83203125
7112794,30.517578125
7112807,35.46142578125
7112836,26.85546875
7112906,32.04345703125
7112972,26.9775390625
7178109,29.052734375
7178287,27.28271484375
7178347,37.59765625
7178385,34.423828125
7178426,59.50927734375
7178436,33.0810546875
7178446,37.78076171875
7178465,50.59814453125
7178496,58.10546875
7178529,47.9736328125
7178549,66.0400390625
7178580,36.376953125
7178590,51.8798828125
7178622,29.4189453125
7178632,44.0673828125
7178655,26.9775390625
7178669,30.82275390625
7178781,36.376953125
7178796,30.029296875
7178860,37.353515625
7178906,26.7333984375
7178934,28.4423828125
7178969,29.6630859375
7179013,27.77099609375
7179217,31.1279296875
7273100,42.96875
7273137,30.2734375
7273156,30.029296875
7273174,38.6962890625
7273202,55.23681640625
7273215,43.88427734375
7273234,33.8134765625
7273255,54.87060546875
7273284,44.7998046875
7273310,36.80419921875
7273360,30.82275390625
7273383,29.541015625
7273402,39.73388671875
7273433,28.25927734375
7273492,27.77099609375
7273524,34.11865234375
7273541,26.0009765625
7273571,28.50341796875
7273589,27.587890625
7273618,29.35791015625
7273708,26.91650390625
7274016,26.67236328125
7344192,28.3203125
7344296,27.77099609375
7344317,27.587890625
7344337,69.2138671875
7344370,41.56494140625
7344380,47.30224609375
7344424,63.65966796875
7344434,63.78173828125
7344449,37.17041015625
7344472,33.63037109375
7344485,42.6025390625
7344508,66.5283203125
7344539,37.17041015625
7344563,30.029296875
7344587,32.89794921875
7344601,30.94482421875
7344614,46.875
7344641,26.123046875
7344718,28.38134765625
7344750,27.28271484375
7344815,27.4658203125
7344834,27.7099609375
7344893,27.77099609375
7345158,26.42822265625
7397745,31.005859375
7397773,27.77099609375
7397805,75.0732421875
7397827,26.9775390625
7397857,56.57958984375
7397873,27.2216796875
7397893,90.2099609375
7397910,52.734375
7397926,55.84716796875
7397952,47.119140625
7397975,31.73828125
7397986,43.39599609375
7398000,33.99658203125
7398037,29.78515625
7398060,36.865234375
7398076,28.38134765625
7398098,28.74755859375
7398125,29.052734375
7398137,28.50341796875
7398163,27.099609375
7398296,29.4189453125
7398406,45.10498046875
7398459,26.91650390625
7398696,27.28271484375
7451720,27.77099609375
7451741,26.0009765625
7451773,29.1748046875
7451805,52.18505859375
7451824,46.2646484375
7451842,35.58349609375
7451868,59.75341796875
7451898,37.2314453125
7451914,50.1708984375
7451925,35.400390625
7451937,62.43896484375
7451970,34.3017578125
7451985,33.935546875
7452016,50.96435546875
7452044,37.4755859375
7452080,48.2177734375
7452105,46.56982421875
7452117,29.72412109375
7452137,31.6162109375
7452147,26.2451171875
7452171,27.16064453125
7452187,29.23583984375
7452273,27.2216796875
7452339,29.1748046875
7452548,32.3486328125
7456745,27.89306640625
7504081,30.3955078125
7504121,26.67236328125
7504131,56.5185546875
7504170,38.6962890625
7504191,32.1044921875
7504210,69.88525390625
7504239,59.08203125
7504251,30.76171875
7504265,37.41455078125
7504279,47.05810546875
7504315,52.67333984375
7504334,34.97314453125
7504362,34.1796875
7504393,27.40478515625
7504403,39.00146484375
7504472,32.77587890625
7504484,28.25927734375
7504561,37.353515625
7504635,27.77099609375
7504789,33.50830078125
7553475,29.84619140625
7553504,35.15625
7553537,41.015625
7553555,41.3818359375
7553575,37.7197265625
7553596,47.42431640625
7553614,40.52734375
7553646,46.9970703125
7553660,61.8896484375
7553686,50.10986328125
7553716,30.1513671875
7553730,51.3916015625
7553759,41.44287109375
7553785,40.0390625
7553796,41.748046875
7553839,28.1982421875
7553850,40.10009765625
7553894,33.203125
7553910,31.73828125
7553956,31.31103515625
7554224,32.28759765625
7604056,29.96826171875
7604084,26.67236328125
7604107,27.28271484375
7604152,28.99169921875
7604190,33.87451171875
7604219,50.10986328125
7604248,45.47119140625
7604266,98.14453125
7604288,53.5888671875
7604305,29.47998046875
7604317,35.70556640625
7604346,52.91748046875
7604368,29.11376953125
7604380,30.3955078125
7604409,30.2734375
7604450,26.2451171875
7604499,28.86962890625
7604512,31.25
7604587,29.96826171875
7649970,33.0810546875
7650033,42.724609375
7650054,64.697265625
7650070,32.77587890625
7650107,44.0673828125
7650126,39.9169921875
7650153,27.03857421875
7650168,26.0009765625
7650198,47.54638671875
7650212,29.60205078125
7650234,31.92138671875
7650254,44.73876953125
7650270,33.447265625
7650292,29.23583984375
7650304,35.888671875
7650345,36.68212890625
7650405,38.0859375
7650415,28.4423828125
7650443,30.21240234375
7650477,27.16064453125
7650528,26.0009765625
7650575,27.77099609375
7693196,67.93212890625
7693218,29.47998046875
7693299,29.78515625
7693324,37.53662109375
7693360,27.34375
7693384,53.1005859375
7693425,27.16064453125
7693486,28.25927734375
7693502,55.84716796875
7693549,29.84619140625
7693565,38.87939453125
7693650,26.42822265625
7693693,26.55029296875
7693971,27.099609375
7737759,26.7333984375
7737839,26.611328125
7737862,35.70556640625
7737915,27.4658203125
7737953,30.70068359375
7738008,27.83203125
7738099,26.3671875
7797151,26.4892578125
7797364,31.67724609375
7797381,28.38134765625
7797436,27.03857421875
7797572,26.30615234375
