7799001,0
12970,30.94482421875
13013,32.71484375
13092,29.47998046875
13158,37.29248046875
13234,30.2734375
27402,29.541015625
27441,29.96826171875
27473,29.60205078125
27579,30.09033203125
27613,35.0341796875
27654,30.517578125
27714,40.10009765625
27726,32.28759765625
27772,33.14208984375
28293,29.6630859375
36331,35.15625
36348,50.96435546875
36390,33.87451171875
36459,36.31591796875
55101,52.978515625
55195,31.67724609375
55216,33.63037109375
55243,30.70068359375
55266,34.85107421875
55292,30.09033203125
55379,31.25
55471,33.38623046875
55528,33.38623046875
55586,30.09033203125
55709,30.57861328125
55889,29.72412109375
69569,33.87451171875
69589,54.6875
69703,39.306640625
89925,30.2734375
89990,30.21240234375
90058,30.2734375
90070,34.7900390625
90108,39.85595703125
90160,41.3818359375
90185,30.029296875
90359,29.47998046875
111427,29.84619140625
111441,32.958984375
111467,34.5458984375
111484,50.537109375
111531,31.73828125
111557,32.40966796875
111586,53.7109375
111600,39.55078125
111617,30.45654296875
111651,42.78564453125
111676,56.33544921875
111736,30.33447265625
111780,33.3251953125
111970,38.63525390625
112111,45.8984375
112202,31.67724609375
113003,31.494140625
117392,30.70068359375
119259,33.69140625
120211,30.94482421875
121576,33.50830078125
122197,30.2734375
123432,29.35791015625
125762,30.45654296875
125801,30.21240234375
138157,34.48486328125
138228,34.1796875
138567,30.76171875
138700,30.70068359375
155470,29.4189453125
155777,29.4189453125
156010,38.26904296875
156041,40.58837890625
156090,33.203125
156187,30.45654296875
156591,30.82275390625
175514,35.15625
175533,47.66845703125
175552,38.75732421875
175565,42.8466796875
175583,30.57861328125
175614,31.43310546875
175635,32.5927734375
175670,36.19384765625
175698,39.6728515625
175729,31.67724609375
175790,34.24072265625
175937,29.72412109375
176183,33.75244140625
195026,29.35791015625
195121,29.35791015625
195211,30.21240234375
195260,30.45654296875
220687,30.2734375
220896,32.40966796875
221003,29.60205078125
238009,40.52734375
238054,42.29736328125
238084,39.97802734375
238143,31.25
238197,32.53173828125
243644,29.78515625
243690,37.17041015625
243715,29.9072265625
243775,29.541015625
243822,30.45654296875
243911,29.9072265625
244238,34.5458984375
257589,31.31103515625
257669,34.3017578125
257695,37.9638671875
257720,31.79931640625
257779,30.029296875
273420,33.99658203125
273549,39.306640625
273691,30.76171875
273762,29.541015625
287330,37.7197265625
287497,31.67724609375
287686,32.16552734375
292271,30.6396484375
292289,35.46142578125
292388,38.75732421875
292408,32.65380859375
292444,32.1044921875
292790,29.6630859375
314011,34.0576171875
314093,31.005859375
314117,29.35791015625
314185,32.8369140625
314208,29.78515625
326623,32.71484375
326673,34.48486328125
326688,48.095703125
326719,31.92138671875
326745,34.60693359375
326817,31.67724609375
326938,35.2783203125
327024,29.72412109375
327361,30.33447265625
341113,32.77587890625
341182,36.19384765625
353329,39.4287109375
353345,29.47998046875
353372,33.02001953125
353399,33.99658203125
353477,34.85107421875
353586,29.72412109375
353649,31.005859375
367462,32.1044921875
367571,42.41943359375
367612,48.2177734375
367626,34.912109375
367695,34.912109375
368028,37.4755859375
381013,30.76171875
381136,30.029296875
381207,32.1044921875
381265,37.9638671875
381305,31.43310546875
381367,29.78515625
381395,29.96826171875
381772,31.73828125
394195,33.38623046875
394243,30.6396484375
394294,40.52734375
394329,46.93603515625
394379,29.6630859375
394464,68.84765625
394605,35.888671875
401828,31.005859375
401841,33.87451171875
401865,37.65869140625
401890,35.33935546875
401928,31.79931640625
401980,64.75830078125
402020,43.64013671875
402058,36.68212890625
402073,30.82275390625
402086,49.9267578125
402145,38.14697265625
402426,41.9921875
402551,32.40966796875
403267,30.1513671875
416481,34.48486328125
416518,32.04345703125
416545,29.60205078125
416565,37.29248046875
416591,41.50390625
416633,31.43310546875
416670,47.66845703125
416767,30.70068359375
416905,32.53173828125
417038,29.35791015625
417146,30.09033203125
429674,38.87939453125
429700,29.96826171875
429733,31.92138671875
429774,44.0673828125
429784,31.494140625
429813,37.2314453125
429849,36.43798828125
429862,53.03955078125
429889,69.64111328125
429916,32.16552734375
429932,35.09521484375
429948,30.33447265625
429996,30.3955078125
430087,34.912109375
430421,31.6162109375
442854,34.1796875
442881,30.1513671875
442899,44.3115234375
442936,32.8369140625
442956,37.59765625
443002,86.24267578125
443061,44.921875
443089,33.63037109375
443119,47.36328125
443141,31.79931640625
443183,34.24072265625
443275,62.01171875
443416,32.1044921875
443635,40.0390625
447810,30.21240234375
447884,35.70556640625
448019,55.419921875
448550,31.3720703125
450685,30.21240234375
451992,32.958984375
453246,29.9072265625
453345,30.2734375
468488,38.02490234375
468510,57.373046875
468532,29.541015625
468576,49.13330078125
468586,38.51318359375
468608,32.71484375
468631,32.53173828125
468659,46.5087890625
468674,31.6162109375
468708,29.35791015625
468739,36.07177734375
468838,30.6396484375
468958,30.3955078125
476432,29.78515625
476678,29.60205078125
489538,57.7392578125
489559,29.84619140625
489588,39.6728515625
489608,48.095703125
489662,55.419921875
489677,29.6630859375
489689,30.82275390625
489732,44.5556640625
489782,47.05810546875
489829,31.67724609375
490012,31.1279296875
490061,31.43310546875
490368,31.73828125
490381,31.73828125
490560,46.08154296875
490817,31.25
499974,29.541015625
505223,29.72412109375
508995,30.21240234375
509214,32.1044921875
518836,34.5458984375
518872,32.53173828125
518883,38.6962890625
518919,43.64013671875
518941,39.12353515625
519007,38.4521484375
519024,32.958984375
519089,39.1845703125
519101,30.45654296875
519121,29.96826171875
523805,32.470703125
526836,30.1513671875
535843,29.78515625
535865,41.19873046875
535887,29.96826171875
535908,32.958984375
535948,51.69677734375
536000,40.771484375
536035,35.58349609375
536059,46.81396484375
536197,32.470703125
536271,29.541015625
545834,31.92138671875
545994,35.64453125
546103,30.1513671875
551983,33.50830078125
552123,29.60205078125
552164,30.1513671875
552210,32.8369140625
552359,33.99658203125
563587,30.1513671875
563655,31.3720703125
563667,55.419921875
563694,33.447265625
563714,48.27880859375
563725,29.9072265625
563744,31.73828125
563771,33.69140625
563799,38.26904296875
563837,39.1845703125
563851,38.9404296875
563885,29.35791015625
564000,30.1513671875
564097,40.1611328125
564158,31.25
564211,38.0859375
564384,38.87939453125
586094,33.935546875
586167,30.21240234375
586203,31.982421875
586239,29.84619140625
586280,30.70068359375
586329,32.71484375
586763,29.78515625
593902,31.43310546875
593929,29.72412109375
593941,38.330078125
593997,29.72412109375
594019,46.142578125
594033,56.45751953125
594088,44.0673828125
594150,37.65869140625
594224,30.1513671875
599254,30.2734375
599374,32.470703125
599608,33.0810546875
607336,40.1611328125
607350,34.912109375
607390,31.005859375
607427,50.96435546875
607467,33.69140625
613315,30.45654296875
613456,37.41455078125
620076,37.53662109375
620123,41.015625
620165,35.5224609375
620186,40.95458984375
620229,39.00146484375
620264,32.1044921875
620276,46.630859375
620316,34.7900390625
620339,31.06689453125
620355,29.35791015625
620389,31.06689453125
620479,33.14208984375
621194,30.21240234375
628004,32.3486328125
628043,43.64013671875
628055,36.62109375
628084,36.2548828125
628134,36.4990234375
628216,33.3251953125
628238,32.2265625
628325,32.04345703125
633470,31.3720703125
641018,33.447265625
641045,31.43310546875
641112,37.04833984375
641123,30.517578125
641141,29.4189453125
641164,33.87451171875
641207,35.64453125
641255,48.88916015625
641281,31.43310546875
641476,31.8603515625
650834,37.04833984375
650864,40.1611328125
650885,33.99658203125
650909,52.001953125
650921,35.7666015625
650976,32.8369140625
651019,31.79931640625
651029,52.24609375
651055,40.34423828125
651086,30.76171875
651103,30.21240234375
651120,29.6630859375
651176,33.14208984375
651228,32.04345703125
666490,43.02978515625
666559,38.57421875
666606,32.28759765625
666632,53.64990234375
666657,30.3955078125
666671,34.423828125
666697,59.99755859375
666758,35.33935546875
666834,31.6162109375
667112,33.87451171875
680860,31.18896484375
680901,44.189453125
680911,38.39111328125
680953,39.73388671875
680983,54.74853515625
681006,39.6728515625
681032,36.43798828125
681058,37.4755859375
681083,30.2734375
681115,48.76708984375
681149,44.5556640625
681235,31.1279296875
700516,45.47119140625
700537,31.79931640625
700557,48.27880859375
700574,29.96826171875
700648,46.93603515625
700660,39.36767578125
700676,34.48486328125
705926,31.92138671875
720752,29.47998046875
720803,37.53662109375
720813,30.70068359375
720834,46.20361328125
720847,33.0810546875
720873,41.9921875
720897,31.55517578125
720924,39.00146484375
720940,31.55517578125
720957,38.2080078125
721048,39.00146484375
737678,36.9873046875
737779,34.97314453125
744246,30.029296875
744328,32.1044921875
744371,33.87451171875
744423,33.99658203125
744451,31.67724609375
751971,31.67724609375
751985,42.8466796875
752028,39.85595703125
752057,29.47998046875
752113,29.47998046875
752160,34.11865234375
752461,29.60205078125
764341,34.7900390625
764366,37.109375
764382,37.04833984375
764405,29.47998046875
764427,56.7626953125
764463,48.33984375
764493,45.2880859375
764669,39.12353515625
764937,34.48486328125
764963,42.236328125
778827,36.4990234375
778909,31.67724609375
788991,29.35791015625
789021,42.1142578125
789042,44.3115234375
789069,42.66357421875
789148,31.8603515625
789183,42.236328125
802111,39.306640625
802146,30.2734375
802189,35.0341796875
802242,31.92138671875
802295,33.63037109375
802329,29.60205078125
802340,34.3017578125
811809,30.94482421875
811838,35.15625
811854,39.4287109375
811946,31.6162109375
812012,29.9072265625
812032,30.6396484375
812087,29.72412109375
824619,34.66796875
824723,44.5556640625
824754,33.87451171875
824797,30.94482421875
824807,30.21240234375
837432,40.52734375
837468,33.26416015625
837583,31.43310546875
853318,45.0439453125
853372,35.0341796875
893758,31.8603515625
893831,52.3681640625
893849,35.33935546875
893869,33.63037109375
893905,29.60205078125
894256,29.9072265625
894399,31.005859375
949890,30.21240234375
949945,29.78515625
949977,32.1044921875
950023,39.6728515625
950155,32.89794921875
1019059,33.935546875
1040983,34.48486328125
1042613,48.40087890625
1070669,33.14208984375
1091782,30.33447265625
1122226,30.21240234375
1123970,33.5693359375
1148913,30.76171875
1177472,30.8837890625
1177547,44.189453125
1177637,44.5556640625
1197033,40.71044921875
1197048,34.24072265625
1197078,53.52783203125
1197185,32.65380859375
1197201,35.15625
1197236,34.85107421875
1197269,31.67724609375
1197405,33.87451171875
1227814,40.283203125
1227854,33.203125
1227874,51.08642578125
1227895,38.51318359375
1227929,30.76171875
1262318,29.9072265625
1262336,76.11083984375
1262366,34.0576171875
1262398,29.60205078125
1262439,29.78515625
1262702,29.4189453125
1280034,30.70068359375
1280121,38.14697265625
1304172,31.55517578125
1304204,61.4013671875
1304232,35.2783203125
1304247,32.89794921875
1304261,40.34423828125
1304307,37.17041015625
1304564,30.09033203125
1317068,35.09521484375
1317136,57.55615234375
1317168,31.005859375
1317226,31.67724609375
1317253,30.8837890625
1329303,29.6630859375
1329329,31.005859375
1329341,31.982421875
1329364,45.5322265625
1329403,32.77587890625
1329424,30.33447265625
1329453,48.15673828125
1329474,30.09033203125
1329490,30.94482421875
1329581,32.65380859375
1356031,33.447265625
1356068,53.64990234375
1356094,35.64453125
1356147,32.53173828125
1356246,31.1279296875
1363892,54.8095703125
1363906,36.19384765625
1363982,33.3251953125
1364039,38.2080078125
1364072,38.39111328125
1364300,29.47998046875
1375447,31.494140625
1375577,30.029296875
1375664,29.35791015625
1375867,33.63037109375
1386021,31.55517578125
1386082,31.005859375
1386105,31.79931640625
1386151,41.3818359375
1386161,37.78076171875
1395976,45.47119140625
1396040,36.865234375
1396108,47.7294921875
1396128,36.865234375
1396157,35.09521484375
1406010,30.2734375
1406080,63.78173828125
1406126,29.4189453125
1406165,31.982421875
1406184,38.2080078125
1406559,30.33447265625
1416941,36.376953125
1417003,35.0341796875
1417069,45.71533203125
1417101,35.400390625
1417127,39.36767578125
1417226,31.1279296875
1417328,29.84619140625
1429630,30.76171875
1429685,32.28759765625
1429705,34.85107421875
1429750,62.98828125
1429789,39.9169921875
1429813,56.15234375
1429826,29.60205078125
1429865,33.26416015625
1429927,35.09521484375
1429987,31.3720703125
1430049,30.76171875
1430176,35.33935546875
1430479,29.6630859375
1430709,29.72412109375
1439038,29.96826171875
1454115,29.72412109375
1454138,34.48486328125
1454223,30.09033203125
1454250,32.71484375
1468160,33.50830078125
1468201,31.79931640625
1468219,54.5654296875
1468236,29.84619140625
1468267,44.677734375
1468291,51.025390625
1468352,39.55078125
1468402,33.75244140625
1468414,34.0576171875
1468451,31.494140625
1468483,35.0341796875
1473871,31.18896484375
1482844,37.90283203125
1482881,32.5927734375
1482892,48.88916015625
1482913,43.39599609375
1482945,53.1005859375
1482968,36.56005859375
1482989,30.57861328125
1483034,37.65869140625
1483058,42.78564453125
1483075,36.9873046875
1483096,31.494140625
1483149,30.33447265625
1487523,31.06689453125
1496357,32.65380859375
1496375,29.6630859375
1496400,52.734375
1496436,42.96875
1496535,37.78076171875
1496573,44.43359375
1496584,36.865234375
1496628,38.0859375
1513976,36.7431640625
1514028,31.43310546875
1514081,36.4990234375
1514099,32.40966796875
1514127,32.04345703125
1514155,47.66845703125
1514169,33.8134765625
1514200,37.04833984375
1514224,32.40966796875
1514247,43.76220703125
1514283,57.0068359375
1520943,30.21240234375
1532608,32.2265625
1532668,50.29296875
1532718,29.6630859375
1532778,32.53173828125
1554664,39.794921875
1554708,39.24560546875
1554734,33.26416015625
1554755,31.43310546875
1554778,33.99658203125
1554801,30.8837890625
1554830,51.7578125
1554847,39.4287109375
1554858,33.0810546875
1554969,37.841796875
1562151,30.94482421875
1595225,29.541015625
1595350,29.9072265625
1595488,32.04345703125
1595640,29.72412109375
1595697,29.47998046875
1621173,33.02001953125
1621212,31.43310546875
1621380,30.6396484375
1621440,31.43310546875
1622176,30.517578125
1643443,43.0908203125
1643467,43.15185546875
1643495,31.494140625
1643604,30.45654296875
1643859,33.26416015625
1673251,30.76171875
1673287,32.40966796875
1673410,29.84619140625
1673991,31.06689453125
1679821,35.15625
1679835,36.7431640625
1679862,35.15625
1679872,32.470703125
1679917,30.09033203125
1680020,30.21240234375
1680126,29.60205078125
1680205,33.87451171875
1680790,31.55517578125
1705607,30.8837890625
1706159,32.8369140625
1706235,31.494140625
1706261,34.423828125
1706498,29.47998046875
1714933,29.84619140625
1715063,32.2265625
1750653,32.5927734375
1750669,35.82763671875
1750754,32.1044921875
1750866,30.76171875
1780164,30.21240234375
1781570,30.2734375
1781644,30.33447265625
1781654,44.189453125
1781688,32.470703125
1781726,53.28369140625
1781754,34.48486328125
1781792,41.3818359375
1811168,30.3955078125
1811283,34.5458984375
1811311,41.6259765625
1811338,44.49462890625
1811371,73.486328125
1811389,37.65869140625
1811400,32.04345703125
1811423,35.58349609375
1811446,34.66796875
1842456,32.65380859375
1842495,32.04345703125
1856192,56.45751953125
1856203,64.14794921875
1856237,40.83251953125
1856255,62.1337890625
1856280,46.9970703125
1856325,33.87451171875
1856341,36.865234375
1856393,33.75244140625
1856488,31.494140625
1856530,29.9072265625
1876964,29.6630859375
1877023,32.28759765625
1877051,43.88427734375
1877069,41.32080078125
1877128,44.98291015625
1877142,47.30224609375
1877168,31.8603515625
1877202,29.72412109375
1892813,30.029296875
1892949,35.7666015625
1893011,30.029296875
1893334,30.1513671875
1906680,31.18896484375
1906791,31.8603515625
1906827,31.8603515625
1906951,31.73828125
1906986,31.3720703125
1907083,36.62109375
1920484,31.31103515625
1920533,33.8134765625
1920562,46.142578125
1920643,31.1279296875
1920661,32.65380859375
1920687,31.43310546875
1924442,29.541015625
1924661,33.14208984375
1924799,31.25
1927373,36.31591796875
1927536,42.3583984375
1927601,32.2265625
1927654,33.3251953125
1927679,30.57861328125
1927810,36.62109375
1927929,52.24609375
1928185,36.9873046875
1949615,32.89794921875
1949670,31.73828125
1949697,32.470703125
1949722,33.14208984375
1949735,41.015625
1949754,35.0341796875
1949799,42.17529296875
1949822,33.63037109375
1949868,30.029296875
1949936,36.9873046875
1960921,29.72412109375
1960949,53.40576171875
1961001,32.3486328125
1961023,34.0576171875
1961044,36.865234375
1961086,59.4482421875
1961113,34.11865234375
1961132,29.47998046875
1961188,35.21728515625
1961308,52.001953125
1961538,37.59765625
1962170,31.25
1965717,34.0576171875
1966325,33.63037109375
1971480,29.4189453125
1972070,29.541015625
1984658,29.4189453125
1984683,47.30224609375
1984701,30.09033203125
1984718,31.79931640625
1984769,30.09033203125
1984819,46.142578125
1984860,30.57861328125
1985196,34.11865234375
1991956,29.4189453125
2001088,35.64453125
2001119,37.29248046875
2001179,39.55078125
2001195,49.072265625
2001236,41.6259765625
2001304,29.35791015625
2001378,29.4189453125
2001408,35.15625
2001421,32.71484375
2002187,30.70068359375
2017578,38.63525390625
2017621,49.98779296875
2017631,35.888671875
2017682,42.96875
2017722,30.57861328125
2017803,30.57861328125
2017987,59.4482421875
2018018,29.35791015625
2018643,30.3955078125
2022084,31.982421875
2040969,35.400390625
2041013,29.72412109375
2041050,35.58349609375
2041070,33.935546875
2041094,35.15625
2041106,39.12353515625
2041129,31.67724609375
2041175,33.203125
2041195,30.76171875
2041529,31.25
2041721,32.5927734375
2048229,30.09033203125
2049086,30.70068359375
2066385,37.53662109375
2066405,32.958984375
2066436,35.58349609375
2066452,32.71484375
2066472,32.3486328125
2066500,51.57470703125
2066524,41.1376953125
2066573,38.26904296875
2066586,50.10986328125
2066600,42.96875
2066614,45.654296875
2066648,41.748046875
2066668,32.89794921875
2066694,33.447265625
2066723,30.09033203125
2066796,37.59765625
2066862,31.55517578125
2066921,40.0390625
2066998,35.82763671875
2067019,31.25
2067233,50.47607421875
2067485,31.67724609375
2071324,29.4189453125
2071611,32.04345703125
2080520,31.67724609375
2080614,31.55517578125
2080750,30.82275390625
2080964,30.09033203125
2092194,31.6162109375
2092266,32.958984375
2092328,35.70556640625
2092361,51.26953125
2092386,39.794921875
2092401,29.6630859375
2092437,30.2734375
2092479,30.57861328125
2092686,30.76171875
2101913,32.65380859375
2101948,31.3720703125
2102014,29.96826171875
2102043,41.07666015625
2102071,53.1005859375
2102177,31.005859375
2102474,29.541015625
2102522,29.47998046875
2120857,38.9404296875
2120911,30.029296875
2120961,34.60693359375
2120989,55.48095703125
2121003,31.8603515625
2121021,29.35791015625
2121055,41.259765625
2121076,52.79541015625
2121708,31.55517578125
2125103,29.84619140625
2134774,36.62109375
2134832,32.89794921875
2144731,33.26416015625
2144782,31.25
2144794,30.45654296875
2144828,29.35791015625
2144864,31.18896484375
2144885,32.5927734375
2144945,35.33935546875
2145004,30.94482421875
2145049,29.4189453125
2145085,36.2548828125
2152840,32.65380859375
2152924,29.35791015625
2152952,37.53662109375
2152988,37.109375
2153046,34.5458984375
2153102,31.25
2153125,43.51806640625
2161121,29.47998046875
2161299,33.3251953125
2161347,35.58349609375
2161409,29.541015625
2170478,29.60205078125
2170520,31.005859375
2170541,44.0673828125
2170585,31.67724609375
2170598,29.35791015625
2170634,40.4052734375
2170663,29.9072265625
2170725,31.1279296875
2170765,34.423828125
2181855,34.912109375
2181886,32.71484375
2181903,29.60205078125
2181937,31.73828125
2181952,32.8369140625
2182040,31.6162109375
2182145,30.3955078125
2190951,31.79931640625
2190983,29.47998046875
2191057,31.005859375
2191084,36.19384765625
2191184,29.72412109375
2191224,30.517578125
2200051,31.005859375
2200143,32.3486328125
2200213,29.47998046875
2200347,30.1513671875
2200664,31.494140625
2209803,32.3486328125
2209936,34.60693359375
2209999,31.06689453125
2210026,29.60205078125
2210083,30.45654296875
2221354,32.71484375
2221425,31.18896484375
2221505,32.04345703125
2221562,43.8232421875
2221632,33.99658203125
2233531,33.87451171875
2233628,34.85107421875
2233673,33.63037109375
2233762,46.0205078125
2247445,33.8134765625
2247464,32.71484375
2247553,31.1279296875
2247579,39.48974609375
2247680,30.82275390625
2260762,31.005859375
2260827,31.31103515625
2261013,35.888671875
2272052,30.09033203125
2272079,30.2734375
2272167,32.89794921875
2295725,31.3720703125
2308313,30.21240234375
2308490,29.96826171875
2328857,32.470703125
2328902,32.2265625
2335714,31.25
2335739,30.57861328125
2336057,37.53662109375
2378404,39.6728515625
2378482,32.8369140625
2378729,31.31103515625
2383742,47.2412109375
2383757,47.66845703125
2383783,61.1572265625
2383855,33.935546875
2384012,33.02001953125
2388385,29.35791015625
2428131,31.55517578125
2428153,30.09033203125
2428214,29.78515625
2428228,39.0625
2458278,29.60205078125
2458341,40.83251953125
2478108,34.5458984375
2478161,60.6689453125
2478178,44.921875
2494459,31.494140625
2494517,33.0810546875
2494557,41.68701171875
2494591,31.79931640625
2514765,32.65380859375
2514795,44.921875
2515087,32.53173828125
2548000,30.09033203125
2548177,31.6162109375
2548469,56.70166015625
2548505,37.53662109375
2564147,34.423828125
2564221,51.69677734375
2564349,30.82275390625
2578741,33.38623046875
2578813,43.0908203125
2578847,31.1279296875
2578917,37.17041015625
2578981,34.11865234375
2579019,52.3681640625
2594205,30.09033203125
2594222,50.96435546875
2594317,32.2265625
2609857,32.77587890625
2628319,33.203125
2628338,54.0771484375
2628393,33.8134765625
2628496,30.94482421875
2643999,33.38623046875
2657055,30.3955078125
2657121,38.63525390625
2657139,60.1806640625
2657171,30.6396484375
2657218,29.4189453125
2657327,40.1611328125
2657340,34.48486328125
2657426,37.17041015625
2671366,31.8603515625
2671514,42.78564453125
2671525,32.1044921875
2686551,37.29248046875
2686587,30.33447265625
2686638,46.5087890625
2688388,29.6630859375
2688431,33.935546875
2688455,36.376953125
2688506,37.4755859375
2688571,30.09033203125
2688591,41.80908203125
2688744,29.35791015625
2688979,32.71484375
2703252,34.11865234375
2723353,30.57861328125
2723392,31.8603515625
2723418,36.19384765625
2723482,34.423828125
2723547,65.3076171875
2723610,60.4248046875
2723914,32.958984375
2737217,33.14208984375
2737274,31.06689453125
2755097,32.16552734375
2755144,34.72900390625
2755164,46.142578125
2755184,36.2548828125
2755207,37.9638671875
2755304,30.2734375
2755473,30.517578125
2755518,31.43310546875
2768382,29.541015625
2768420,40.34423828125
2768448,36.7431640625
2768483,63.8427734375
2768524,42.724609375
2768592,34.11865234375
2768806,36.865234375
2768839,29.78515625
2768885,29.4189453125
2782479,31.55517578125
2782600,39.1845703125
2797650,36.31591796875
2797687,33.14208984375
2797724,35.58349609375
2797751,33.14208984375
2797798,29.6630859375
2797836,29.96826171875
2798092,29.96826171875
2811417,54.99267578125
2811429,53.22265625
2811455,46.875
2811486,47.119140625
2811509,30.3955078125
2811527,54.01611328125
2811555,39.0625
2822689,29.78515625
2822871,29.47998046875
2823007,29.96826171875
2838184,29.47998046875
2838268,41.44287109375
2838285,39.0625
2838310,39.36767578125
2838320,50.59814453125
2838341,69.7021484375
2838372,56.82373046875
2838396,33.50830078125
2838417,37.841796875
2838436,51.45263671875
2838465,33.69140625
2838489,60.05859375
2838523,30.09033203125
2838551,45.34912109375
2838582,38.26904296875
2838599,33.26416015625
2838678,30.09033203125
2838714,47.36328125
2838756,31.1279296875
2838789,32.958984375
2838801,30.6396484375
2838913,34.1796875
2838940,30.94482421875
2839066,31.43310546875
2839214,30.33447265625
2843975,29.35791015625
2854060,31.06689453125
2859416,31.79931640625
2859497,31.494140625
2873610,36.68212890625
2873646,30.21240234375
2873674,64.453125
2873693,36.376953125
2873713,66.46728515625
2873750,34.423828125
2873798,36.19384765625
2873825,50.96435546875
2873845,29.4189453125
2873874,34.423828125
2873896,50.84228515625
2873940,29.84619140625
2873964,54.26025390625
2873985,32.53173828125
2874037,53.40576171875
2874067,30.70068359375
2874125,50.9033203125
2874221,38.63525390625
2874312,36.92626953125
2874515,31.67724609375
2874534,30.3955078125
2874566,33.87451171875
2874625,30.82275390625
2880564,29.35791015625
2894938,33.447265625
2895005,45.2880859375
2895025,74.64599609375
2895048,53.466796875
2895084,44.37255859375
2895104,50.048828125
2895115,32.3486328125
2895150,52.79541015625
2895163,32.65380859375
2895186,51.513671875
2895212,34.423828125
2895232,39.12353515625
2895262,36.9873046875
2895273,37.78076171875
2895309,35.15625
2895343,39.00146484375
2895363,31.31103515625
2895407,32.3486328125
2895467,32.8369140625
2895506,33.3251953125
2895519,40.83251953125
2895602,38.6962890625
2895612,31.3720703125
2895646,33.0810546875
2895658,39.61181640625
2895726,43.64013671875
2895745,31.494140625
2895774,36.07177734375
2895817,39.73388671875
2895922,32.470703125
2895974,32.3486328125
2896333,34.66796875
2896526,38.26904296875
2896555,32.89794921875
2896690,32.71484375
2899797,32.1044921875
2910031,31.92138671875
2910115,30.21240234375
2918258,35.46142578125
2918270,36.2548828125
2918291,34.60693359375
2918303,30.09033203125
2918330,70.556640625
2918361,44.37255859375
2918376,29.84619140625
2918405,35.888671875
2918427,33.8134765625
2918452,29.6630859375
2918480,36.7431640625
2918851,29.96826171875
2923481,33.50830078125
2923658,29.6630859375
2930349,44.25048828125
2930377,38.818359375
2930393,30.76171875
2930418,58.349609375
2930428,41.1376953125
2930471,43.9453125
2930494,36.19384765625
2930505,55.419921875
2930572,36.62109375
2930591,33.8134765625
2930796,30.6396484375
2930829,32.2265625
2930903,33.50830078125
2930929,35.09521484375
2931009,40.22216796875
2931158,33.63037109375
2931353,33.5693359375
2937581,29.6630859375
2941021,31.79931640625
2941145,35.70556640625
2947411,32.04345703125
2947464,35.94970703125
2947478,53.5888671875
2947509,37.59765625
2947524,32.65380859375
2947555,35.58349609375
2947581,39.0625
2947604,35.888671875
2947615,34.48486328125
2947644,30.2734375
2947685,39.24560546875
2947698,34.66796875
2947791,32.28759765625
2947869,32.5927734375
2947910,38.51318359375
2947940,34.48486328125
2947982,31.73828125
2948066,40.0390625
2948092,30.70068359375
2948123,30.82275390625
2948143,30.70068359375
2948241,48.76708984375
2948261,35.2783203125
2958680,30.33447265625
2958723,29.541015625
2958748,45.0439453125
2958765,53.7109375
2958776,39.6728515625
2958813,40.22216796875
2958824,44.43359375
2958880,31.8603515625
2958894,43.8232421875
2958970,40.95458984375
2959045,33.8134765625
2959064,45.7763671875
2967562,33.87451171875
2967581,56.21337890625
2967593,39.6728515625
2967628,29.541015625
2967642,37.53662109375
2967662,45.34912109375
2967691,46.20361328125
2967711,32.89794921875
2967726,33.203125
2967753,33.87451171875
2968004,32.16552734375
2968115,30.70068359375
2968216,36.80419921875
2968372,35.2783203125
2968494,30.82275390625
2968600,34.3017578125
2968704,30.6396484375
2968839,32.77587890625
2983923,32.40966796875
2983942,52.1240234375
2983981,36.80419921875
2984025,32.1044921875
2984047,40.22216796875
2984072,33.8134765625
2984109,38.51318359375
2984143,32.470703125
2984198,47.4853515625
2984216,30.8837890625
2990644,32.71484375
2990684,33.63037109375
2990704,36.56005859375
2990728,31.982421875
2990751,44.0673828125
2990790,31.005859375
2990817,40.1611328125
2990835,30.21240234375
2990864,43.51806640625
2990886,31.43310546875
2990905,36.4990234375
2990921,37.9638671875
2990980,30.09033203125
2991098,29.60205078125
2991176,34.36279296875
2991209,38.818359375
2991293,32.8369140625
2991455,44.12841796875
2996715,32.77587890625
2996826,33.935546875
2996906,29.47998046875
2996932,30.6396484375
2996980,35.15625
3002592,30.2734375
3002660,45.10498046875
3002698,35.21728515625
3002732,47.8515625
3002764,41.748046875
3002788,49.9267578125
3002803,30.94482421875
3002828,34.5458984375
3002873,32.8369140625
3002914,32.1044921875
3002936,32.28759765625
3002959,29.47998046875
3002976,29.6630859375
3003115,32.04345703125
3003144,43.701171875
3003327,31.73828125
3014295,39.12353515625
3014338,47.2412109375
3014367,45.654296875
3014394,32.3486328125
3014404,45.47119140625
3014426,35.46142578125
3014451,33.203125
3014498,32.470703125
3014680,31.8603515625
3014708,33.75244140625
3014791,35.09521484375
3014906,40.52734375
3015122,47.91259765625
3024796,31.982421875
3024837,41.50390625
3024867,36.43798828125
3024885,34.48486328125
3024908,49.98779296875
3024956,41.015625
3024989,55.7861328125
3025005,34.48486328125
3025034,56.21337890625
3025106,35.58349609375
3025119,30.76171875
3031110,34.97314453125
3031157,39.00146484375
3031167,30.76171875
3031205,45.5322265625
3031220,47.36328125
3031248,39.61181640625
3031273,31.25
3031285,30.70068359375
3031317,34.7900390625
3031328,45.5322265625
3031361,33.3251953125
3031384,33.0810546875
3031462,29.4189453125
3031671,41.1376953125
3032017,29.35791015625
3041198,32.16552734375
3041226,30.33447265625
3041248,32.65380859375
3041273,71.2890625
3041297,30.3955078125
3041315,39.9169921875
3041355,33.69140625
3041377,34.60693359375
3041667,31.1279296875
3041711,29.72412109375
3041724,29.84619140625
3041740,29.78515625
3041865,33.14208984375
3041935,35.70556640625
3042062,32.1044921875
3057536,32.8369140625
3057557,39.85595703125
3057569,35.70556640625
3057603,35.888671875
3057613,49.86572265625
3057641,45.22705078125
3057663,66.34521484375
3057680,39.55078125
3057706,36.1328125
3057783,31.494140625
3057908,30.2734375
3057940,29.541015625
3058162,33.69140625
3073417,32.3486328125
3073429,49.31640625
3073447,31.79931640625
3073481,40.0390625
3073504,39.97802734375
3073520,64.88037109375
3073554,30.2734375
3073592,33.26416015625
3073758,31.005859375
3073906,30.70068359375
3073940,34.36279296875
3074005,29.47998046875
3074130,29.60205078125
3074150,36.2548828125
3086849,29.35791015625
3086925,46.32568359375
3086944,33.69140625
3086973,43.9453125
3086991,33.5693359375
3087013,45.5322265625
3087051,34.5458984375
3087096,31.73828125
3087125,32.958984375
3096262,36.2548828125
3096290,38.14697265625
3096316,40.283203125
3096343,39.48974609375
3096353,55.72509765625
3096388,31.31103515625
3096410,31.92138671875
3096480,32.65380859375
3096492,29.84619140625
3096537,29.9072265625
3096585,37.29248046875
3096636,32.3486328125
3096721,37.65869140625
3096862,34.66796875
3101715,29.4189453125
3101828,39.24560546875
3101872,29.4189453125
3102093,30.029296875
3118283,53.28369140625
3118297,54.01611328125
3118316,48.583984375
3118328,35.46142578125
3118394,40.6494140625
3118414,29.6630859375
3118436,31.43310546875
3118745,31.6162109375
3118825,33.50830078125
3118851,29.84619140625
3118909,31.25
3119078,32.89794921875
3119125,39.85595703125
3119139,29.6630859375
3119232,34.72900390625
3119406,35.400390625
3135658,33.87451171875
3135678,42.17529296875
3135689,37.04833984375
3135734,36.7431640625
3135754,34.97314453125
3135784,35.33935546875
3135808,31.55517578125
3135840,34.5458984375
3135869,40.4052734375
3135908,42.41943359375
3135963,29.78515625
3135978,34.3017578125
3136054,29.78515625
3136237,42.41943359375
3136270,31.3720703125
3136333,30.70068359375
3136356,29.6630859375
3144809,32.89794921875
3144822,39.0625
3144839,31.79931640625
3144887,34.912109375
3144909,34.48486328125
3144943,41.8701171875
3144989,42.48046875
3145016,37.353515625
3145031,35.33935546875
3145043,37.2314453125
3145075,30.1513671875
3145147,30.029296875
3145373,43.9453125
3145419,34.85107421875
3163272,29.96826171875
3163298,61.279296875
3163333,40.52734375
3163354,47.42431640625
3163381,36.7431640625
3163403,32.28759765625
3163421,30.8837890625
3163485,37.353515625
3163590,33.50830078125
3163720,31.494140625
3163742,33.14208984375
3163776,31.06689453125
3163889,37.59765625
3164110,36.9873046875
3205714,29.6630859375
3205741,39.73388671875
3205756,63.65966796875
3205793,51.1474609375
3205832,45.34912109375
3205848,34.423828125
3205869,54.3212890625
3205909,34.5458984375
3205954,33.26416015625
3206012,33.38623046875
3206050,31.8603515625
3206067,39.12353515625
3206151,31.31103515625
3206253,31.8603515625
3206333,32.40966796875
3206414,29.541015625
3206509,29.60205078125
3206604,33.99658203125
3207255,30.21240234375
3247919,41.80908203125
3247936,41.07666015625
3247952,36.4990234375
3247972,36.92626953125
3247984,34.912109375
3248018,58.2275390625
3248033,43.5791015625
3248054,34.7900390625
3248076,42.54150390625
3248142,50.23193359375
3248159,36.1328125
3248183,36.43798828125
3311193,30.09033203125
3311285,30.70068359375
3430998,29.35791015625
3431058,29.84619140625
3431367,29.9072265625
3431456,33.26416015625
3431644,31.06689453125
3431894,29.35791015625
3432118,31.005859375
3536891,30.6396484375
3537215,33.02001953125
3617566,29.78515625
3617615,43.51806640625
3617698,47.607421875
3617716,31.005859375
3617868,34.11865234375
3618250,31.79931640625
3618411,36.68212890625
3619005,32.71484375
3619396,30.3955078125
3620279,31.8603515625
3621523,31.67724609375
3686158,40.34423828125
3686339,36.31591796875
3686696,31.3720703125
3687679,29.60205078125
3688627,33.63037109375
3689016,30.029296875
3690150,31.494140625
3690683,32.40966796875
3761368,30.3955078125
3761604,31.06689453125
3761675,32.77587890625
3761690,43.39599609375
3762140,31.1279296875
3762694,29.6630859375
3820250,29.4189453125
3820365,33.3251953125
3820439,33.99658203125
3820680,31.6162109375
3824568,32.53173828125
3890617,54.443359375
3890678,53.89404296875
3890753,43.8232421875
3890897,29.35791015625
3891059,31.18896484375
3891368,37.2314453125
3891991,30.8837890625
3896404,33.69140625
3958120,30.94482421875
3958204,31.25
3958248,30.6396484375
3958357,44.921875
3958526,37.109375
3960608,29.96826171875
3963428,29.96826171875
4010895,34.60693359375
4010996,48.76708984375
4011012,31.25
4011062,42.05322265625
4011180,32.2265625
4011213,33.38623046875
4011242,31.005859375
4011350,31.92138671875
4011522,58.77685546875
4011655,37.109375
4011905,31.005859375
4015374,31.005859375
4042754,32.65380859375
4042815,40.8935546875
4075419,37.17041015625
4075520,55.0537109375
4075570,35.0341796875
4075580,43.76220703125
4075715,37.841796875
4075802,36.9873046875
4075943,38.6962890625
4075991,53.3447265625
4076256,31.3720703125
4076621,29.84619140625
4077549,29.47998046875
4079550,30.517578125
4128108,32.28759765625
4128265,44.61669921875
4128280,31.92138671875
4128330,42.90771484375
4128364,32.5927734375
4129057,33.99658203125
4129163,34.48486328125
4130192,30.21240234375
4167156,30.33447265625
4167827,33.38623046875
4167891,57.18994140625
4167949,41.748046875
4167976,32.65380859375
4168021,34.66796875
4168032,54.26025390625
4168050,29.35791015625
4168182,31.3720703125
4168464,33.14208984375
4204826,43.0908203125
4204896,48.7060546875
4205024,29.35791015625
4205043,29.9072265625
4205529,30.94482421875
4232769,44.3115234375
4232825,44.25048828125
4232878,31.79931640625
4232906,31.6162109375
4232970,38.818359375
4233077,32.28759765625
4233214,35.94970703125
4234396,31.982421875
4270025,38.6962890625
4270128,31.25
4286547,30.8837890625
4286656,40.10009765625
4286700,31.79931640625
4286755,34.1796875
4286774,33.99658203125
4286917,30.09033203125
4311788,30.029296875
4311843,34.912109375
4311926,30.82275390625
4311951,36.376953125
4311977,38.02490234375
4312031,34.0576171875
4312056,35.0341796875
4327110,29.78515625
4327223,36.92626953125
4327324,38.14697265625
4327434,32.16552734375
4327735,29.84619140625
4343591,33.26416015625
4343717,29.72412109375
4343746,29.4189453125
4343784,29.96826171875
4343875,34.0576171875
4344656,29.4189453125
4360945,30.82275390625
4360998,30.517578125
4376761,30.09033203125
4376933,37.9638671875
4376961,35.46142578125
4376981,41.259765625
4377025,34.11865234375
4377223,29.84619140625
4386510,49.01123046875
4386538,31.55517578125
4391356,31.43310546875
4391624,31.8603515625
4391705,39.4287109375
4391973,29.6630859375
4404915,34.912109375
4404957,29.4189453125
4405019,51.513671875
4405074,40.0390625
4405098,36.7431640625
4405155,32.8369140625
4417869,29.4189453125
4418052,29.9072265625
4434612,30.94482421875
4434652,31.3720703125
4434669,30.029296875
4434706,32.65380859375
4434716,29.541015625
4434774,47.4853515625
4434844,38.2080078125
4434972,30.21240234375
4457876,29.6630859375
4457901,33.02001953125
4457920,32.65380859375
4457967,32.77587890625
4457980,40.52734375
4457999,29.47998046875
4458020,51.8798828125
4458090,37.41455078125
4458239,33.3251953125
4458563,29.60205078125
4458628,31.8603515625
4476206,30.2734375
4476280,40.52734375
4476330,53.77197265625
4476356,30.6396484375
4476390,39.6728515625
4476445,29.96826171875
4494171,31.1279296875
4494192,30.33447265625
4494215,34.85107421875
4494247,32.470703125
4494269,30.21240234375
4494279,32.28759765625
4511877,47.91259765625
4511898,33.02001953125
4511926,33.75244140625
4511951,32.65380859375
4511962,29.60205078125
4511986,53.40576171875
4512023,30.6396484375
4529290,30.45654296875
4529324,47.607421875
4529334,36.2548828125
4529363,37.29248046875
4529397,30.82275390625
4529473,32.958984375
4529682,30.82275390625
4551075,65.49072265625
4551111,39.794921875
4551140,56.7626953125
4551161,34.36279296875
4551212,34.423828125
4551251,29.72412109375
4551322,29.72412109375
4551551,30.1513671875
4551681,30.94482421875
4572370,30.8837890625
4572397,35.7666015625
4572427,33.8134765625
4572451,59.14306640625
4572497,39.00146484375
4572508,50.47607421875
4572545,32.16552734375
4572623,36.43798828125
4572929,33.935546875
4572975,30.09033203125
4573093,29.72412109375
4589662,35.58349609375
4589683,32.8369140625
4589705,34.85107421875
4589752,33.63037109375
4589775,36.7431640625
4589794,32.89794921875
4589953,30.3955078125
4589987,30.2734375
4605398,30.09033203125
4605460,29.541015625
4605717,29.78515625
4606326,29.78515625
4620872,29.60205078125
4620891,33.0810546875
4620911,30.09033203125
4621042,35.58349609375
4621129,34.60693359375
4621150,30.76171875
4621407,31.3720703125
4635910,31.25
4635984,33.8134765625
4636019,33.8134765625
4636088,32.2265625
4636111,31.55517578125
4636157,33.63037109375
4636172,30.3955078125
4636296,30.33447265625
4636491,31.31103515625
4652184,35.0341796875
4652204,29.35791015625
4652230,32.8369140625
4652373,29.84619140625
4652770,30.33447265625
4668721,30.82275390625
4668872,35.82763671875
4668908,32.2265625
4669467,29.72412109375
4684738,30.3955078125
4684806,32.28759765625
4700335,30.21240234375
4700375,29.72412109375
4700799,29.541015625
4700961,30.8837890625
4701318,30.09033203125
4716053,30.21240234375
4716066,29.72412109375
4716143,31.8603515625
4716218,31.43310546875
4716359,29.96826171875
4716434,31.06689453125
4731727,37.9638671875
4731756,39.36767578125
4731775,30.2734375
4731835,32.77587890625
4731910,29.6630859375
4745865,31.494140625
4745913,31.67724609375
4746529,31.67724609375
4759798,30.45654296875
4759905,33.50830078125
4759974,29.9072265625
4775208,33.14208984375
4775285,29.78515625
4775356,32.53173828125
4788370,37.109375
4788869,30.09033203125
4789115,30.2734375
4801573,29.47998046875
4801660,37.4755859375
4801687,31.79931640625
4801719,33.02001953125
4806338,31.982421875
4806772,33.69140625
4826641,31.55517578125
4826790,31.25
4826893,32.8369140625
4826981,30.82275390625
4827084,31.73828125
4827250,31.73828125
4841143,40.6494140625
4841161,30.82275390625
4841180,32.28759765625
4841222,35.15625
4841265,30.09033203125
4841399,35.70556640625
4848333,29.35791015625
4863648,32.53173828125
4863668,29.84619140625
4863738,34.5458984375
4877277,34.5458984375
4877335,31.31103515625
4877439,32.71484375
4877561,34.5458984375
4877640,29.4189453125
4884389,30.76171875
4884494,31.3720703125
4884544,31.1279296875
4884586,33.75244140625
4884673,30.3955078125
4884889,36.68212890625
4894175,30.6396484375
4894260,29.35791015625
4894286,29.96826171875
4894484,32.04345703125
4903868,32.8369140625
4903974,33.63037109375
4904005,36.92626953125
4904018,33.87451171875
4904030,30.70068359375
4904107,34.48486328125
4913245,32.04345703125
4913267,33.8134765625
4913308,32.71484375
4913750,35.2783203125
4918231,30.70068359375
4918328,39.306640625
4921936,29.4189453125
4925006,32.5927734375
4932876,39.1845703125
4932926,30.33447265625
4932951,32.71484375
4932977,30.09033203125
4933019,39.55078125
4933038,35.21728515625
4943204,32.65380859375
4943231,32.89794921875
4943267,32.65380859375
4943339,44.37255859375
4943361,45.2880859375
4943399,45.95947265625
4943418,49.31640625
4943431,32.89794921875
4943562,37.04833984375
4943694,40.71044921875
4956295,29.541015625
4956324,53.1005859375
4956374,32.8369140625
4956463,36.68212890625
4956620,30.82275390625
4956931,33.26416015625
4965716,30.2734375
4965753,32.8369140625
4965785,57.2509765625
4965824,29.9072265625
4965840,55.2978515625
4965851,31.982421875
4965896,39.9169921875
4965924,39.9169921875
4965983,48.7060546875
4966137,44.86083984375
4980095,29.96826171875
4980130,30.21240234375
4980158,33.02001953125
4980190,35.400390625
4980229,36.56005859375
4980280,31.005859375
4987906,31.005859375
4987933,46.56982421875
4988012,37.353515625
4988033,50.048828125
4988075,31.1279296875
4988159,32.16552734375
4988334,30.21240234375
4988620,39.24560546875
4994787,37.90283203125
4994829,38.75732421875
4994944,40.6494140625
4994985,30.3955078125
4995376,37.841796875
4995599,29.9072265625
5000740,29.541015625
5000855,34.66796875
5005937,30.3955078125
5006035,47.54638671875
5006070,30.45654296875
5006106,32.1044921875
5006202,41.07666015625
5006284,30.2734375
5015977,29.47998046875
5016095,37.4755859375
5016107,52.6123046875
5016139,37.109375
5016163,32.470703125
5016178,34.1796875
5016198,29.60205078125
5016223,42.29736328125
5016238,39.794921875
5016262,38.39111328125
5016497,36.62109375
5016824,29.9072265625
5026890,33.0810546875
5026998,32.470703125
5027041,45.47119140625
5027053,32.04345703125
5027126,30.94482421875
5027169,34.97314453125
5033034,31.6162109375
5033061,40.46630859375
5033107,29.72412109375
5033129,46.93603515625
5033175,33.203125
5033211,30.09033203125
5033260,29.6630859375
5033343,41.1376953125
5041132,29.4189453125
5041145,41.6259765625
5041204,42.3583984375
5041258,41.8701171875
5041311,56.396484375
5041331,29.35791015625
5041350,35.94970703125
5041489,32.8369140625
5041697,34.0576171875
5041871,30.3955078125
5048050,31.8603515625
5048078,33.203125
5048095,34.36279296875
5048134,39.306640625
5048238,34.7900390625
5056313,36.0107421875
5056325,32.65380859375
5056386,30.517578125
5056409,34.1796875
5056441,33.69140625
5056521,36.19384765625
5056624,40.83251953125
5063006,33.87451171875
5063034,30.33447265625
5063097,44.7998046875
5063132,31.25
5063203,29.84619140625
5071327,32.1044921875
5071380,29.47998046875
5071412,40.34423828125
5071432,32.77587890625
5071491,34.97314453125
5071540,33.38623046875
5071559,38.75732421875
5071582,44.37255859375
5071608,35.2783203125
5071643,30.94482421875
5071720,31.005859375
5081352,34.60693359375
5081413,40.0390625
5081438,31.494140625
5081479,48.64501953125
5081505,30.76171875
5081607,36.7431640625
5081734,29.4189453125
5087595,30.8837890625
5087821,34.48486328125
5095475,36.9873046875
5095605,39.36767578125
5095668,46.38671875
5095701,32.04345703125
5095714,31.06689453125
5104381,31.79931640625
5104458,33.75244140625
5104479,34.24072265625
5104534,35.94970703125
5110633,30.94482421875
5118399,31.43310546875
5118454,33.50830078125
5118543,30.3955078125
5118573,33.69140625
5129614,29.4189453125
5129670,34.66796875
5129694,39.97802734375
5129721,31.6162109375
5129749,40.22216796875
5145133,31.005859375
5145414,31.55517578125
5157184,30.33447265625
5157239,30.76171875
5157264,33.87451171875
5164759,32.65380859375
5174926,30.09033203125
5175008,30.3955078125
5187557,29.78515625
5194477,30.8837890625
5194525,33.5693359375
5202493,31.494140625
5212204,31.25
5227549,32.1044921875
5227567,31.494140625
5227615,30.57861328125
5238167,30.94482421875
5238235,33.935546875
5238270,34.60693359375
5247295,29.47998046875
5258423,35.888671875
5258520,31.06689453125
5272654,29.96826171875
5272724,29.4189453125
5300034,40.58837890625
5300105,30.33447265625
5309087,30.33447265625
5321574,30.70068359375
5321584,31.79931640625
5321704,34.72900390625
5335656,30.2734375
5335753,30.70068359375
5356755,29.9072265625
5374526,33.50830078125
5391009,33.14208984375
5411772,32.28759765625
5411795,32.53173828125
5411999,31.92138671875
5460936,29.47998046875
5461046,30.09033203125
5500811,32.28759765625
5556947,30.517578125
5557015,33.99658203125
5557343,29.4189453125
5625519,35.15625
5625546,43.45703125
5627440,30.1513671875
5627511,31.3720703125
5627556,31.005859375
5627582,32.89794921875
5627596,31.92138671875
5659579,41.015625
5660004,32.470703125
5660061,35.5224609375
5692620,37.29248046875
5692640,47.91259765625
5692656,37.90283203125
5692673,45.59326171875
5693003,34.912109375
5693098,29.35791015625
5693110,34.5458984375
5693204,31.6162109375
5723430,29.96826171875
5723466,42.54150390625
5723516,45.59326171875
5723820,32.89794921875
5723944,33.0810546875
5724052,30.09033203125
5744126,30.517578125
5744342,30.82275390625
5744385,37.29248046875
5744396,36.92626953125
5744413,29.72412109375
5744447,30.6396484375
5744517,30.517578125
5759650,33.50830078125
5759680,36.7431640625
5759762,31.3720703125
5759813,29.84619140625
5759835,59.4482421875
5759849,30.09033203125
5759864,29.72412109375
5759896,43.39599609375
5759929,58.2275390625
5773116,29.6630859375
5773140,33.447265625
5773264,53.1005859375
5773299,32.89794921875
5773329,38.9404296875
5790470,33.50830078125
5790515,43.64013671875
5790585,41.44287109375
5790610,62.6220703125
5790639,30.45654296875
5790665,39.61181640625
5790687,36.43798828125
5790770,55.0537109375
5791264,30.94482421875
5810865,30.2734375
5810897,36.19384765625
5810944,31.005859375
5811022,37.65869140625
5824279,32.53173828125
5824302,30.09033203125
5824328,36.80419921875
5824360,35.09521484375
5824372,31.92138671875
5824397,57.7392578125
5824426,53.955078125
5824452,30.82275390625
5824462,30.1513671875
5824506,40.10009765625
5824558,66.58935546875
5824577,34.0576171875
5824657,33.3251953125
5832148,33.75244140625
5841966,30.6396484375
5841989,34.7900390625
5842053,37.841796875
5842079,35.82763671875
5842103,42.3583984375
5842115,54.5654296875
5842146,29.96826171875
5842182,61.21826171875
5842197,50.47607421875
5842235,30.45654296875
5842751,29.96826171875
5854026,32.2265625
5854046,33.75244140625
5854071,46.7529296875
5854100,38.6962890625
5854122,57.92236328125
5854134,37.109375
5854171,63.4765625
5854194,31.43310546875
5854237,41.80908203125
5854251,43.45703125
5854293,37.90283203125
5854341,31.31103515625
5854407,29.4189453125
5854493,34.85107421875
5854610,30.1513671875
5854659,29.541015625
5854726,34.1796875
5854886,33.14208984375
5872808,32.3486328125
5872908,36.68212890625
5872923,36.43798828125
5872982,31.31103515625
5872992,40.6494140625
5873014,36.92626953125
5873062,33.69140625
5873089,29.9072265625
5873153,45.5322265625
5873423,32.5927734375
5873598,29.47998046875
5882728,31.73828125
5882750,31.6162109375
5882821,44.5556640625
5882845,33.75244140625
5882865,42.236328125
5882877,56.21337890625
5882911,43.15185546875
5882937,29.6630859375
5882947,41.44287109375
5882982,43.5791015625
5883000,33.99658203125
5883080,31.18896484375
5883179,30.517578125
5883405,32.65380859375
5893032,29.47998046875
5893103,47.607421875
5893143,33.38623046875
5893165,36.80419921875
5893189,41.8701171875
5893225,36.43798828125
5893250,32.8369140625
5893280,48.7060546875
5893302,50.048828125
5893361,39.9169921875
5893703,33.5693359375
5905592,36.56005859375
5905624,68.90869140625
5905660,35.21728515625
5905684,38.57421875
5905709,33.50830078125
5905733,37.65869140625
5905745,42.3583984375
5905807,37.29248046875
5905817,31.67724609375
5905844,33.50830078125
5905887,50.9033203125
5905919,30.33447265625
5906006,36.31591796875
5906037,32.16552734375
5906094,30.70068359375
5906211,34.72900390625
5920996,30.57861328125
5921023,44.677734375
5921041,33.75244140625
5921065,52.978515625
5921084,39.24560546875
5921115,53.22265625
5921139,43.45703125
5921152,37.353515625
5921176,34.3017578125
5921228,30.21240234375
5921259,50.29296875
5921280,38.330078125
5921296,48.64501953125
5921368,29.78515625
5921541,30.1513671875
5921728,42.6025390625
5933372,32.958984375
5933426,57.373046875
5933470,43.39599609375
5933499,37.65869140625
5933519,40.0390625
5933542,30.09033203125
5933565,39.1845703125
5933580,42.78564453125
5933590,44.25048828125
5933616,32.28759765625
5933632,34.1796875
5933657,29.35791015625
5933684,31.67724609375
5933708,30.76171875
5933824,36.1328125
5941316,30.1513671875
5947081,30.6396484375
5947105,33.26416015625
5947162,34.5458984375
5947198,47.66845703125
5947238,32.470703125
5947262,31.25
5947275,36.1328125
5947286,32.16552734375
5947329,63.8427734375
5947399,29.541015625
5947428,41.56494140625
5947565,33.50830078125
5947895,31.005859375
5959749,33.26416015625
5959791,34.66796875
5959814,30.029296875
5959849,31.31103515625
5959870,43.51806640625
5959884,39.61181640625
5959898,55.35888671875
5959917,29.78515625
5959954,33.0810546875
5959986,44.98291015625
5960011,38.57421875
5960034,33.8134765625
5960070,33.3251953125
5960102,35.0341796875
5960155,33.0810546875
5960172,29.4189453125
5960356,35.0341796875
5960486,32.1044921875
5960765,32.2265625
5977717,32.04345703125
5977798,42.724609375
5977833,31.3720703125
5977862,30.6396484375
5977879,31.73828125
5977909,33.50830078125
5977932,45.22705078125
5978098,32.1044921875
5978317,35.400390625
5978515,30.33447265625
5989276,30.57861328125
5989366,29.72412109375
5989417,45.654296875
5989477,39.4287109375
5989501,50.84228515625
5989517,34.11865234375
5989567,41.015625
5989861,36.376953125
6005854,43.27392578125
6005903,30.82275390625
6005936,47.2412109375
6005964,31.6162109375
6005977,49.13330078125
6005992,45.41015625
6006002,36.92626953125
6006032,29.4189453125
6006069,33.935546875
6006089,39.85595703125
6006102,31.43310546875
6006170,47.54638671875
6006257,31.31103515625
6006400,29.9072265625
6006424,39.48974609375
6006434,30.45654296875
6006540,31.55517578125
6006582,31.005859375
6012427,29.84619140625
6020985,31.25
6030857,31.79931640625
6030892,32.53173828125
6030921,40.95458984375
6030933,50.1708984375
6030976,36.7431640625
6030991,37.841796875
6031003,44.3115234375
6031042,41.015625
6031055,30.3955078125
6031080,30.82275390625
6031095,30.45654296875
6031117,47.2412109375
6031133,38.87939453125
6031207,33.50830078125
6031443,41.93115234375
6031747,33.38623046875
6061472,32.16552734375
6061499,29.60205078125
6061516,49.13330078125
6061532,30.2734375
6061588,63.78173828125
6061626,37.109375
6061648,44.25048828125
6061680,32.40966796875
6061727,37.53662109375
6061761,33.3251953125
6061773,40.0390625
6061855,29.72412109375
6062023,35.2783203125
6062090,30.94482421875
6062182,32.470703125
6062288,33.14208984375
6075916,36.1328125
6075964,36.80419921875
6076011,30.21240234375
6076053,29.72412109375
6076064,29.35791015625
6076150,34.66796875
6076264,39.00146484375
6097185,31.43310546875
6097216,31.8603515625
6097230,29.84619140625
6097261,42.3583984375
6097292,38.4521484375
6097342,60.85205078125
6097383,34.1796875
6097461,29.4189453125
6097474,30.09033203125
6097554,36.19384765625
6097619,30.2734375
6097748,30.94482421875
6097915,32.8369140625
6097993,31.55517578125
6113748,29.6630859375
6113800,41.3818359375
6113824,47.18017578125
6113945,33.38623046875
6114010,31.31103515625
6114080,35.2783203125
6114276,30.029296875
6114302,36.865234375
6130747,29.96826171875
6130890,31.79931640625
6130968,30.1513671875
6131010,41.68701171875
6131072,31.3720703125
6131119,36.31591796875
6131145,31.31103515625
6148231,29.60205078125
6148280,31.25
6148340,30.94482421875
6148359,32.470703125
6148421,29.541015625
6148461,30.21240234375
6148577,30.82275390625
6162588,29.35791015625
6162656,30.94482421875
6162793,33.5693359375
6162835,29.84619140625
6162949,31.3720703125
6162986,31.31103515625
6180723,32.5927734375
6181134,33.26416015625
6181206,33.0810546875
6181509,31.73828125
6195813,30.57861328125
6195904,34.912109375
6196102,29.4189453125
6210573,29.35791015625
6210659,33.69140625
6218004,32.5927734375
6218082,30.33447265625
6233259,29.4189453125
6233333,33.38623046875
6233364,29.4189453125
6233386,30.09033203125
6233417,31.005859375
6250047,29.9072265625
6250170,30.82275390625
6250194,39.4287109375
6250652,29.47998046875
6268393,33.3251953125
6317450,31.982421875
6348288,35.46142578125
6348301,33.3251953125
6348323,31.494140625
6348342,34.1796875
6348359,33.38623046875
6348380,30.029296875
6379681,31.73828125
6379714,34.85107421875
6379742,52.1240234375
6379929,30.57861328125
6410640,34.36279296875
6410699,31.005859375
6410711,31.92138671875
6410742,33.50830078125
6432246,29.35791015625
6485762,33.38623046875
6538471,34.3017578125
6554199,30.1513671875
6591764,30.94482421875
6591785,31.25
6635114,36.62109375
6635291,33.203125
6635353,31.43310546875
6662390,30.8837890625
6688627,35.15625
6705271,50.59814453125
6726369,30.94482421875
6742547,32.40966796875
6776166,29.35791015625
6776185,50.29296875
6776199,69.88525390625
6776235,45.0439453125
6795034,31.3720703125
6795064,39.48974609375
6795096,63.720703125
6795107,35.33935546875
6795148,35.46142578125
6795195,30.3955078125
6795322,32.5927734375
6817854,30.94482421875
6818054,42.29736328125
6818083,41.1376953125
6818094,55.7861328125
6818118,31.92138671875
6818133,49.25537109375
6837027,37.353515625
6837096,40.22216796875
6837107,40.1611328125
6837147,45.0439453125
6837223,30.82275390625
6854070,29.84619140625
6854090,47.42431640625
6854105,33.447265625
6854144,47.7294921875
6854189,30.33447265625
6867572,29.96826171875
6867592,49.560546875
6867633,32.40966796875
6867658,58.7158203125
6867695,31.92138671875
6867737,38.75732421875
6882435,41.9921875
6882449,36.31591796875
6898730,30.3955078125
6913803,31.982421875
6913834,39.9169921875
6913862,62.01171875
6913911,35.33935546875
6913931,30.517578125
6913957,34.1796875
6914396,32.3486328125
6927871,31.06689453125
6927893,33.203125
6927911,45.5322265625
6927976,42.29736328125
6928051,60.791015625
6928089,36.68212890625
6928241,32.8369140625
6934849,29.35791015625
6935102,32.1044921875
6935205,41.19873046875
6935215,33.38623046875
6948896,32.1044921875
6948944,30.3955078125
6948969,56.57958984375
6949038,34.5458984375
6949052,30.21240234375
6949138,44.3115234375
6949349,31.18896484375
6949418,42.90771484375
6960905,38.14697265625
6960934,33.99658203125
6960976,45.22705078125
6961006,52.8564453125
6961089,38.39111328125
6961114,30.70068359375
6961140,33.38623046875
6961168,34.66796875
6961253,40.1611328125
6961279,29.47998046875
6961404,34.11865234375
6961468,39.00146484375
6969177,38.0859375
6969470,30.82275390625
6969482,53.52783203125
6975936,30.2734375
6976077,31.06689453125
6976090,61.95068359375
6976205,31.92138671875
6982639,31.1279296875
6982723,36.80419921875
6982747,34.912109375
6982805,59.326171875
6982816,37.2314453125
6982855,53.52783203125
6982879,38.02490234375
6982929,43.88427734375
6982951,44.61669921875
6982993,43.3349609375
6983004,44.189453125
6983054,41.8701171875
6983136,35.33935546875
6990619,64.63623046875
6990656,32.53173828125
6990670,32.16552734375
6990696,48.40087890625
6990744,32.958984375
6990756,51.26953125
6990782,29.78515625
6990818,31.982421875
6990850,34.7900390625
6990951,35.888671875
6990979,29.6630859375
6991034,39.36767578125
6997833,32.2265625
6997868,30.45654296875
6997925,54.26025390625
6997971,30.3955078125
6998002,44.37255859375
6998103,36.0107421875
7004428,36.80419921875
7004458,33.3251953125
7004503,32.1044921875
7004515,35.33935546875
7004534,45.83740234375
7004549,32.16552734375
7004574,35.46142578125
7004591,35.09521484375
7004609,29.78515625
7004641,34.72900390625
7004672,46.69189453125
7004697,39.6728515625
7004719,53.8330078125
7004788,31.005859375
7004810,31.18896484375
7004875,50.78125
7004920,32.65380859375
7005220,35.0341796875
7013316,50.6591796875
7013510,30.3955078125
7013655,30.8837890625
7018732,47.7294921875
7018762,48.2177734375
7018790,33.3251953125
7018809,37.29248046875
7018888,52.06298828125
7018931,29.96826171875
7018955,31.67724609375
7019026,31.982421875
7019050,32.71484375
7019123,32.470703125
7024792,38.02490234375
7024824,29.78515625
7024865,29.9072265625
7024887,35.15625
7024937,29.96826171875
7024962,31.92138671875
7025000,56.33544921875
7025059,54.5654296875
7025110,32.958984375
7025194,36.7431640625
7025400,34.66796875
7030878,35.64453125
7030939,70.00732421875
7030978,32.04345703125
7030993,29.6630859375
7031021,30.70068359375
7037283,30.029296875
7037357,38.39111328125
7037372,39.0625
7037409,49.86572265625
7037419,34.912109375
7037442,38.0859375
7037477,62.255859375
7037495,38.02490234375
7037510,29.60205078125
7037533,32.77587890625
7037570,35.09521484375
7037630,39.12353515625
7037679,37.2314453125
7047670,32.958984375
7047697,41.9921875
7047808,29.78515625
7051012,37.4755859375
7051351,33.8134765625
7054725,31.8603515625
7054739,46.7529296875
7054782,39.73388671875
7054803,31.73828125
7054846,36.56005859375
7054857,49.01123046875
7054922,61.58447265625
7055021,42.3583984375
7055086,29.35791015625
7059919,53.89404296875
7059931,34.66796875
7059973,32.89794921875
7059983,29.9072265625
7060019,35.0341796875
7060034,31.1279296875
7060048,30.1513671875
7060127,35.94970703125
7060171,29.4189453125
7060443,36.80419921875
7065559,38.818359375
7065574,33.87451171875
7065614,32.40966796875
7065648,31.67724609375
7065694,38.26904296875
7065739,43.15185546875
7065764,38.87939453125
7065828,33.63037109375
7065927,29.4189453125
7066139,32.89794921875
7071569,36.07177734375
7071652,51.6357421875
7071716,37.53662109375
7071757,37.841796875
7071790,29.96826171875
7071804,49.98779296875
7071864,30.57861328125
7072128,40.6494140625
7081573,38.26904296875
7081591,65.49072265625
7081645,45.0439453125
7081664,47.9736328125
7081744,31.92138671875
7081759,39.97802734375
7081787,30.2734375
7081833,31.31103515625
7081897,35.33935546875
7081971,34.48486328125
7081996,30.1513671875
7082090,31.005859375
7082220,31.982421875
7087818,50.537109375
7087910,50.72021484375
7087962,32.77587890625
7088197,29.78515625
7093263,57.4951171875
7093295,46.2646484375
7093326,37.78076171875
7093346,49.86572265625
7093378,39.794921875
7093398,34.85107421875
7093443,46.2646484375
7093463,38.14697265625
7093543,48.095703125
7093616,30.8837890625
7093748,30.1513671875
7093796,29.60205078125
7099662,29.72412109375
7099740,30.3955078125
7099811,29.72412109375
7099874,31.494140625
7099896,63.232421875
7104878,29.4189453125
7104900,59.5703125
7104919,37.29248046875
7104939,38.2080078125
7104957,39.1845703125
7104974,41.56494140625
7104987,29.60205078125
7105004,33.203125
7105035,64.5751953125
7105060,46.20361328125
7105094,29.60205078125
7105182,33.14208984375
7105218,33.87451171875
7105291,33.38623046875
7105457,29.35791015625
7105575,30.8837890625
7110934,50.048828125
7111030,37.353515625
7111061,30.6396484375
7115582,32.77587890625
7115646,40.4052734375
7115690,43.15185546875
7115703,35.400390625
7115733,40.4052734375
7115748,29.6630859375
7115766,31.73828125
7115784,31.73828125
7115805,29.541015625
7115843,34.1796875
7115856,45.47119140625
7115955,42.41943359375
7122787,44.00634765625
7122814,29.4189453125
7122858,50.96435546875
7122873,39.55078125
7122902,50.35400390625
7122918,29.72412109375
7122962,43.9453125
7122985,30.82275390625
7123027,35.0341796875
7123118,36.2548828125
7123215,31.25
7123303,30.45654296875
7128591,29.6630859375
7128696,31.005859375
7128723,59.814453125
7128821,39.97802734375
7133410,43.3349609375
7133449,37.109375
7133482,35.5224609375
7133556,35.15625
7133605,30.21240234375
7133679,41.6259765625
7140783,45.34912109375
7140810,52.67333984375
7140820,29.6630859375
7140860,33.75244140625
7140870,54.26025390625
7140946,48.33984375
7140993,48.03466796875
7141035,33.5693359375
7141063,38.75732421875
7141307,37.17041015625
7148289,48.15673828125
7148301,32.89794921875
7148338,48.4619140625
7148367,33.935546875
7148425,45.8984375
7148481,37.04833984375
7148560,52.001953125
7148688,37.4755859375
7148803,33.02001953125
7155696,32.958984375
7155751,45.34912109375
7155762,41.748046875
7155819,31.1279296875
7155837,41.56494140625
7155867,48.33984375
7155885,53.16162109375
7155929,43.64013671875
7155951,35.5224609375
7156005,33.02001953125
7156023,36.56005859375
7156188,30.2734375
7165453,30.09033203125
7165486,30.70068359375
7165498,57.7392578125
7165528,32.71484375
7165556,41.44287109375
7165566,57.12890625
7165602,29.96826171875
7165614,51.81884765625
7165721,33.14208984375
7165739,33.203125
7166059,33.02001953125
7172705,29.47998046875
7172765,36.1328125
7178606,34.85107421875
7178635,54.74853515625
7178692,32.40966796875
7178717,33.3251953125
7178748,40.0390625
7178794,35.2783203125
7178809,50.72021484375
7179177,31.18896484375
7186680,29.6630859375
7186715,42.96875
7186736,32.77587890625
7186760,45.2880859375
7186773,41.56494140625
7186810,36.2548828125
7186827,33.75244140625
7186845,53.1005859375
7186898,34.1796875
7186913,43.27392578125
7186923,29.84619140625
7186989,29.6630859375
7187332,36.07177734375
7194058,30.33447265625
7194088,45.0439453125
7194105,40.8935546875
7194127,37.04833984375
7194153,34.48486328125
7194168,30.8837890625
7194224,53.955078125
7194243,40.1611328125
7194301,30.70068359375
7194346,30.45654296875
7202499,42.54150390625
7202521,41.32080078125
7202553,37.2314453125
7202577,39.85595703125
7202592,39.12353515625
7202625,44.0673828125
7202662,41.015625
7202682,54.50439453125
7202703,40.10009765625
7202733,40.8935546875
7202866,32.470703125
7203059,30.33447265625
7210486,30.3955078125
7210551,44.0673828125
7210631,33.69140625
7210674,34.7900390625
7210822,36.92626953125
7216382,30.8837890625
7216419,43.15185546875
7216452,35.2783203125
7216474,39.61181640625
7216489,39.85595703125
7216546,62.31689453125
7216621,46.142578125
7224089,36.62109375
7224115,31.494140625
7224163,54.74853515625
7224188,41.8701171875
7224245,34.5458984375
7224288,45.2880859375
7224302,42.96875
7233472,33.5693359375
7233524,34.7900390625
7233555,56.94580078125
7233587,36.2548828125
7233602,32.958984375
7233634,54.26025390625
7233652,32.3486328125
7233688,30.82275390625
7233702,33.99658203125
7233783,31.8603515625
7233836,31.73828125
7233914,31.6162109375
7234102,38.14697265625
7242928,37.841796875
7242956,49.74365234375
7242996,32.2265625
7243018,30.029296875
7243044,29.96826171875
7243069,33.203125
7243099,43.39599609375
7243132,30.1513671875
7243160,32.77587890625
7243222,30.45654296875
7243233,30.45654296875
7252088,55.96923828125
7252104,32.71484375
7252158,55.7861328125
7252186,31.494140625
7252212,30.3955078125
7252240,59.814453125
7252325,31.005859375
7252408,31.6162109375
7252655,33.50830078125
7263725,33.75244140625
7263755,63.53759765625
7263777,44.61669921875
7263801,31.55517578125
7263822,44.43359375
7263862,31.982421875
7263872,30.82275390625
7263911,32.53173828125
7263939,43.5791015625
7264023,31.3720703125
7264046,30.8837890625
7264165,29.4189453125
7264219,30.21240234375
7264252,30.57861328125
7264433,33.14208984375
7273413,30.33447265625
7273491,45.5322265625
7273506,37.59765625
7273533,30.94482421875
7273604,33.69140625
7273614,34.36279296875
7273647,32.8369140625
7273700,32.3486328125
7273713,30.517578125
7281995,34.60693359375
7282098,34.66796875
7282137,29.35791015625
7282158,31.1279296875
7282169,36.68212890625
7282209,34.423828125
7282223,32.3486328125
7282243,33.0810546875
7282275,53.77197265625
7282296,34.3017578125
7282378,31.43310546875
7282484,29.4189453125
7293555,38.2080078125
7293596,35.94970703125
7293618,32.53173828125
7293644,73.2421875
7293718,31.982421875
7293748,50.6591796875
7293799,34.423828125
7293812,30.029296875
7293841,37.17041015625
7293947,34.85107421875
7294177,32.5927734375
7294201,33.935546875
7305902,31.3720703125
7305933,39.97802734375
7305949,32.5927734375
7305971,33.75244140625
7305992,34.912109375
7306008,35.15625
7306056,30.3955078125
7306103,30.029296875
7306129,38.0859375
7306208,36.43798828125
7306315,47.607421875
7361952,34.7900390625
7362048,30.8837890625
7362083,33.38623046875
7362095,42.724609375
7362156,53.1005859375
7362249,48.33984375
7362279,42.236328125
7362300,31.06689453125
7362366,29.541015625
7409129,32.16552734375
7460728,30.45654296875
7461329,31.43310546875
7500937,30.3955078125
7501215,30.8837890625
7536851,30.2734375
7537020,32.71484375
7537051,29.4189453125
7562425,36.80419921875
7562828,30.2734375
7583808,30.6396484375
7584009,33.87451171875
7584392,31.06689453125
7603723,31.79931640625
7603843,34.1796875
7614569,30.029296875
7614802,30.21240234375
7614979,30.029296875
7615005,31.8603515625
7630947,32.958984375
7631110,30.82275390625
7631149,29.47998046875
7631171,31.494140625
7631209,37.17041015625
7631239,29.9072265625
7631294,32.2265625
7631542,29.72412109375
7645944,33.3251953125
7645996,35.70556640625
7646165,36.19384765625
7658530,37.78076171875
7658813,30.6396484375
7672113,35.7666015625
7672244,65.49072265625
7672329,47.05810546875
7672356,43.88427734375
7672376,47.91259765625
7672414,31.67724609375
7672439,33.26416015625
7672482,30.8837890625
7702627,34.423828125
7702694,44.49462890625
7702761,44.37255859375
7702779,36.43798828125
7702859,44.00634765625
7702989,31.18896484375
7703010,31.1279296875
7703328,30.517578125
7703495,29.60205078125
7719650,30.70068359375
7719674,30.76171875
7719803,30.82275390625
7719889,45.47119140625
7731736,32.16552734375
7731766,31.3720703125
7731797,30.029296875
7731866,30.6396484375
7731895,45.22705078125
7731911,43.27392578125
7731921,33.87451171875
7731985,31.6162109375
7732039,31.8603515625
7748929,29.6630859375
7749011,61.58447265625
7749096,36.865234375
7749121,33.3251953125
7749223,30.94482421875
7758699,32.3486328125
7758753,29.6630859375
7758801,30.1513671875
7758855,43.27392578125
7758880,33.8134765625
7758950,31.06689453125
7759072,29.35791015625
7771625,37.109375
7771702,46.0205078125
7771720,41.32080078125
7771753,57.7392578125
7771789,32.8369140625
7771809,29.35791015625
7771826,56.0302734375
7771891,40.283203125
7771903,42.54150390625
7771943,50.4150390625
7771959,46.20361328125
7772016,29.60205078125
7784600,34.7900390625
7793213,52.24609375
7793273,50.048828125
7793294,36.31591796875
7793338,34.3017578125
7793392,31.92138671875
7793424,39.97802734375
