7799001,0
22501,31.3720703125
44358,32.470703125
106111,31.982421875
194862,33.203125
217353,33.3251953125
442945,34.0576171875
468605,32.5927734375
468646,37.2314453125
489567,32.40966796875
563575,30.76171875
563799,31.55517578125
593892,37.353515625
599390,34.3017578125
620177,36.9873046875
627951,30.6396484375
628088,32.89794921875
650793,35.70556640625
666447,31.67724609375
666603,32.71484375
680845,32.53173828125
700368,30.76171875
720728,32.77587890625
720824,34.97314453125
744439,31.67724609375
751950,33.50830078125
764199,30.70068359375
778825,35.64453125
802036,32.40966796875
802148,33.69140625
811703,30.82275390625
811805,31.25
811950,31.005859375
824629,33.02001953125
893620,31.06689453125
893765,32.5927734375
949816,33.99658203125
1018948,31.73828125
1019155,32.470703125
1128339,35.15625
1321518,31.79931640625
1355691,34.11865234375
1429756,31.43310546875
1733391,31.55517578125
1920643,32.3486328125
2001196,33.38623046875
2047430,32.958984375
2120926,36.68212890625
2170593,30.6396484375
2181877,43.02978515625
2182007,33.8134765625
2221384,31.982421875
2221419,31.25
2247525,31.06689453125
2260642,30.70068359375
2260687,30.8837890625
2295774,30.70068359375
2311788,31.67724609375
2335736,35.33935546875
2383560,32.28759765625
2383628,30.82275390625
2458280,31.6162109375
2477898,32.3486328125
2494462,34.66796875
2514717,34.97314453125
2532951,30.57861328125
2532991,32.470703125
2533040,32.8369140625
2533287,34.97314453125
2563939,33.87451171875
2564035,33.87451171875
2594035,33.99658203125
2594551,34.11865234375
2609711,43.5791015625
2628336,33.5693359375
2643723,30.70068359375
2671157,39.4287109375
2703080,33.5693359375
2703247,31.005859375
2723397,37.17041015625
2737041,37.353515625
2737145,31.73828125
2755030,32.53173828125
2768378,31.18896484375
2822683,31.92138671875
2838290,31.67724609375
2838346,35.2783203125
2843708,33.50830078125
2853743,31.18896484375
2859309,31.06689453125
2873559,34.7900390625
2873570,31.18896484375
2873630,31.43310546875
2873719,33.14208984375
2873797,32.65380859375
2894913,32.04345703125
2918174,30.82275390625
2918226,39.55078125
2930287,30.82275390625
2947631,30.82275390625
2967497,32.65380859375
2967639,38.2080078125
2983936,35.15625
2984016,31.005859375
2990607,33.8134765625
2990661,30.82275390625
2990726,32.8369140625
3002921,31.55517578125
3014312,33.63037109375
3024759,32.958984375
3031200,30.82275390625
3057482,31.18896484375
3057647,34.5458984375
3087804,32.28759765625
3118209,33.26416015625
3118281,30.57861328125
3125587,34.36279296875
3135742,31.3720703125
3135776,31.31103515625
3163357,31.43310546875
3205672,33.50830078125
3205745,31.06689453125
3205773,31.18896484375
3205901,34.11865234375
3206359,30.76171875
3206468,31.3720703125
3248037,30.8837890625
3365623,34.0576171875
3387562,32.470703125
3483298,31.005859375
3513594,31.73828125
3538513,32.8369140625
3620117,33.02001953125
3731072,30.57861328125
3763685,31.92138671875
3763889,32.04345703125
3768995,31.494140625
3825896,31.06689453125
3826722,32.470703125
4012084,31.982421875
4044082,31.79931640625
4077320,32.958984375
4079357,30.57861328125
4493620,31.73828125
4529166,32.65380859375
4551094,31.31103515625
4572441,33.14208984375
4652555,31.25
4788453,30.94482421875
4884221,30.57861328125
5006109,32.16552734375
5016162,30.94482421875
5048009,31.55517578125
5071393,32.65380859375
5081330,34.48486328125
5081451,34.60693359375
5081540,32.958984375
5095497,33.69140625
5118358,34.912109375
5118433,31.8603515625
5129569,31.31103515625
5129651,32.53173828125
5129706,30.8837890625
5145006,36.865234375
5157149,43.15185546875
5157373,30.76171875
5174933,30.57861328125
5187458,32.16552734375
5194531,35.5224609375
5202491,36.31591796875
5238039,31.005859375
5247166,33.63037109375
5258324,30.70068359375
5272497,32.8369140625
5272682,30.76171875
5287524,31.55517578125
5287636,30.8837890625
5287781,31.1279296875
5300029,34.3017578125
5308862,32.28759765625
5321533,38.02490234375
5321622,34.3017578125
5335507,31.31103515625
5335592,32.89794921875
5374282,31.982421875
5411554,33.50830078125
5411662,33.69140625
5426330,32.65380859375
5426452,31.92138671875
5426825,31.25
5461339,32.89794921875
5461711,32.1044921875
5773341,33.5693359375
5882979,31.6162109375
5905735,30.70068359375
5947390,30.94482421875
6114349,31.6162109375
6233279,32.53173828125
6411022,32.958984375
6432224,30.8837890625
6684636,33.26416015625
6753388,31.1279296875
6817262,31.25
6867686,35.94970703125
6934803,31.005859375
6934822,32.28759765625
6948786,31.55517578125
6969100,32.16552734375
6982653,32.2265625
6990598,32.16552734375
7018807,36.31591796875
7037318,31.55517578125
7037353,32.16552734375
7037631,32.77587890625
7065578,30.76171875
7065687,30.76171875
7071752,30.57861328125
7081600,32.77587890625
7140855,30.76171875
7148347,31.67724609375
7148472,31.55517578125
7155918,32.958984375
7172822,30.70068359375
7178779,36.19384765625
7233536,31.55517578125
7243050,31.005859375
7263728,32.5927734375
7282154,31.18896484375
7293614,31.31103515625
7293703,31.67724609375
7361963,41.6259765625
7362017,32.3486328125
7362065,34.48486328125
7362188,35.09521484375
7409454,33.26416015625
7409805,33.26416015625
7410096,31.18896484375
7460998,31.005859375
7702911,31.8603515625
