7799001,0
19661,25.7568359375
19691,17.578125
19718,21.484375
19809,15.68603515625
19895,15.625
20020,15.56396484375
20107,16.05224609375
54069,21.6064453125
54097,18.5546875
54131,20.99609375
54226,16.11328125
54437,16.2353515625
87796,54.0771484375
87824,19.95849609375
87835,18.12744140625
87988,17.7001953125
117532,15.93017578125
117542,53.64990234375
117568,24.0478515625
117583,19.22607421875
117599,19.71435546875
117629,18.98193359375
117658,20.32470703125
117731,21.17919921875
117882,17.51708984375
154489,21.1181640625
154503,18.73779296875
154517,24.10888671875
154552,18.310546875
154702,16.2353515625
154751,15.68603515625
154937,16.357421875
174197,25.93994140625
174226,29.84619140625
174252,16.78466796875
174331,19.71435546875
174342,19.10400390625
174402,17.63916015625
174496,18.73779296875
174590,20.3857421875
174844,15.869140625
194205,15.68603515625
194228,15.68603515625
194260,42.236328125
194273,16.17431640625
194383,15.869140625
194406,21.240234375
194629,17.578125
194860,16.17431640625
224255,41.19873046875
224267,27.099609375
224300,23.92578125
224362,16.11328125
224410,18.5546875
224624,17.2119140625
249567,18.24951171875
249619,17.7001953125
249761,16.66259765625
249836,16.90673828125
259011,17.2119140625
259044,16.6015625
259159,17.02880859375
259285,16.05224609375
285985,22.76611328125
286131,17.7001953125
286215,16.9677734375
286231,15.625
286432,17.76123046875
286647,16.4794921875
310096,24.90234375
310108,20.56884765625
310158,19.04296875
310327,18.310546875
310606,15.625
310964,16.17431640625
327266,20.08056640625
327340,17.08984375
334072,18.12744140625
334131,17.822265625
334434,17.63916015625
334688,18.00537109375
356436,25.0244140625
356450,21.42333984375
356462,19.775390625
356495,16.29638671875
356622,17.9443359375
356749,15.5029296875
356865,15.7470703125
378896,25.20751953125
378913,40.71044921875
378927,33.50830078125
379060,17.15087890625
379109,17.08984375
379154,16.41845703125
379176,18.98193359375
379340,15.625
379578,16.54052734375
412301,28.13720703125
412354,19.775390625
412532,15.80810546875
412719,15.9912109375
429914,17.15087890625
431646,18.61572265625
431692,21.484375
459571,16.29638671875
459581,18.310546875
459591,34.85107421875
459610,36.56005859375
459647,16.357421875
459737,31.3720703125
459778,20.5078125
460003,15.7470703125
489454,17.15087890625
490134,22.03369140625
490166,18.00537109375
490208,16.05224609375
490372,28.25927734375
490382,26.42822265625
490464,18.310546875
526156,18.310546875
527425,37.59765625
527442,19.59228515625
527480,16.7236328125
527593,17.39501953125
527626,17.7001953125
527649,15.93017578125
527860,15.56396484375
528170,17.51708984375
551620,16.29638671875
551669,23.5595703125
551783,16.05224609375
551974,15.9912109375
570139,16.78466796875
570237,15.625
570376,15.7470703125
572612,20.44677734375
572794,15.625
595537,18.61572265625
595779,18.37158203125
595885,15.869140625
596138,16.17431640625
605621,20.69091796875
605663,22.94921875
606163,17.578125
606406,17.9443359375
634793,20.56884765625
634816,50.59814453125
634838,15.5029296875
634853,19.8974609375
634930,16.90673828125
634962,17.333984375
635118,18.12744140625
635173,20.08056640625
635250,16.4794921875
635322,15.5029296875
635524,15.869140625
647584,19.04296875
647623,19.775390625
647652,17.4560546875
647733,18.12744140625
647851,17.02880859375
647919,20.751953125
647945,16.6015625
648046,15.80810546875
678012,15.68603515625
678229,20.5078125
678405,15.9912109375
685677,16.66259765625
685694,16.17431640625
685718,19.775390625
685748,20.263671875
685769,20.01953125
685788,15.869140625
685803,21.78955078125
685816,21.54541015625
685846,30.8837890625
685859,19.04296875
685882,39.48974609375
685930,21.54541015625
685949,19.95849609375
685980,25.2685546875
686010,16.357421875
686047,16.357421875
687683,15.68603515625
694741,17.76123046875
703682,16.11328125
704827,17.39501953125
706899,16.357421875
708960,15.5029296875
712264,21.42333984375
712371,20.263671875
712699,15.56396484375
713035,19.95849609375
716350,15.68603515625
717384,18.00537109375
719903,16.41845703125
723685,17.578125
724534,15.93017578125
725711,21.3623046875
728595,19.4091796875
732477,18.61572265625
737133,16.78466796875
739503,15.80810546875
741573,17.578125
741618,18.5546875
745278,20.44677734375
747192,23.25439453125
750176,15.80810546875
750984,16.41845703125
754450,21.484375
755192,23.5595703125
757436,23.8037109375
759613,18.61572265625
763452,31.25
773004,24.71923828125
773492,21.66748046875
775094,29.84619140625
777418,16.05224609375
777480,20.32470703125
777949,23.8037109375
777985,17.7001953125
780768,16.845703125
782579,28.99169921875
784998,22.64404296875
787460,17.27294921875
788036,25.69580078125
788085,21.66748046875
788110,23.13232421875
789876,20.5078125
790719,27.099609375
790746,15.7470703125
790840,16.11328125
792684,31.06689453125
794154,15.9912109375
794253,25.93994140625
794952,25.634765625
794964,17.15087890625
794991,25.57373046875
797480,28.62548828125
797562,15.80810546875
797619,17.9443359375
797682,18.24951171875
797692,18.61572265625
799707,26.7333984375
800621,25.93994140625
800694,17.578125
801589,22.39990234375
801601,21.240234375
801636,20.44677734375
801689,17.4560546875
801825,15.56396484375
804163,26.42822265625
804252,19.8974609375
804264,17.2119140625
804304,23.62060546875
804386,25.146484375
804404,26.18408203125
804479,18.06640625
807910,18.06640625
807936,20.8740234375
807977,15.869140625
808016,24.4140625
808043,17.51708984375
808073,25.87890625
808089,16.11328125
808117,16.78466796875
808154,15.80810546875
808193,31.06689453125
808273,16.17431640625
808313,18.9208984375
814707,26.4892578125
815617,29.60205078125
815635,15.7470703125
815688,17.333984375
815699,18.24951171875
817936,19.04296875
818038,32.71484375
818089,16.17431640625
818102,18.12744140625
818124,27.64892578125
818156,22.64404296875
818231,23.25439453125
818243,31.31103515625
818283,25.634765625
818304,16.7236328125
818336,20.32470703125
818359,25.146484375
818382,22.39990234375
818409,17.08984375
818481,17.822265625
818607,21.78955078125
824065,27.52685546875
824086,19.22607421875
824126,23.86474609375
824153,20.69091796875
824174,28.13720703125
824205,18.49365234375
824265,21.97265625
824319,24.658203125
827961,32.1044921875
827994,16.90673828125
828023,21.8505859375
828040,25.87890625
828081,17.578125
828108,26.91650390625
828150,23.193359375
828176,27.28271484375
828214,15.7470703125
828229,26.2451171875
828257,28.38134765625
828283,15.5029296875
828325,19.95849609375
828586,16.66259765625
833701,18.85986328125
834651,21.42333984375
834750,20.263671875
834776,15.7470703125
834807,24.84130859375
836850,28.13720703125
836901,17.822265625
836936,16.17431640625
836966,18.5546875
836986,18.61572265625
837017,17.822265625
837073,36.31591796875
837093,22.216796875
837112,19.8974609375
837163,22.3388671875
837236,16.66259765625
837399,19.8974609375
841492,19.775390625
841577,29.47998046875
841627,15.5029296875
841639,15.7470703125
841696,21.17919921875
841707,15.9912109375
843875,36.19384765625
843892,27.64892578125
843960,36.19384765625
843984,15.56396484375
844030,24.90234375
844084,27.4658203125
844105,18.00537109375
844139,17.15087890625
844154,19.6533203125
844226,16.29638671875
844255,20.1416015625
844375,16.357421875
849387,25.45166015625
849406,31.3720703125
849444,19.10400390625
849480,16.4794921875
849580,17.15087890625
852604,29.541015625
852632,21.42333984375
852673,17.02880859375
852683,22.3388671875
852698,15.93017578125
852741,29.541015625
852758,21.54541015625
852782,24.59716796875
852811,21.484375
852826,18.06640625
852847,17.27294921875
852863,16.7236328125
852883,16.41845703125
852901,16.29638671875
852940,18.798828125
852975,18.9208984375
853128,20.93505859375
853181,17.9443359375
859030,17.02880859375
861357,15.869140625
861430,17.9443359375
861441,17.02880859375
861463,19.10400390625
861524,35.21728515625
861551,20.8740234375
861561,25.08544921875
861582,22.27783203125
861614,16.78466796875
861649,27.4658203125
861660,21.30126953125
861673,22.64404296875
861711,20.81298828125
861722,20.81298828125
861843,17.39501953125
861963,17.63916015625
867612,20.93505859375
867708,27.89306640625
870380,33.38623046875
870393,15.869140625
870431,20.01953125
870447,20.3857421875
870463,32.2265625
870499,31.1279296875
870520,23.37646484375
870550,20.5078125
870580,44.49462890625
870602,16.78466796875
870658,19.04296875
870674,19.47021484375
870704,18.5546875
870725,15.80810546875
870817,22.76611328125
870859,22.03369140625
870910,23.681640625
871014,20.3857421875
877233,16.05224609375
878820,19.775390625
878836,26.06201171875
878858,16.4794921875
878874,34.11865234375
878897,21.3623046875
878919,25.69580078125
878950,24.71923828125
878985,26.2451171875
879005,19.34814453125
879068,32.65380859375
879079,31.18896484375
879123,17.76123046875
879142,21.66748046875
885884,17.63916015625
885910,32.16552734375
885942,16.54052734375
885976,35.64453125
885986,17.51708984375
886014,18.85986328125
886033,26.7333984375
886061,26.85546875
886097,35.888671875
886108,32.04345703125
886124,17.51708984375
886140,18.24951171875
886168,24.96337890625
886240,19.775390625
886273,17.39501953125
886402,17.7001953125
886528,16.66259765625
891867,15.56396484375
893876,25.81787109375
893938,26.3671875
893964,20.08056640625
893985,22.03369140625
894009,21.728515625
894048,18.85986328125
894067,17.76123046875
894095,18.00537109375
894115,24.5361328125
894160,17.88330078125
894173,16.66259765625
894211,15.869140625
894300,20.56884765625
894463,20.1416015625
902133,19.04296875
902155,35.82763671875
902180,17.15087890625
902205,16.66259765625
902229,33.8134765625
902262,15.68603515625
902293,22.94921875
902308,15.9912109375
902356,30.21240234375
902430,32.2265625
902463,16.2353515625
902758,15.9912109375
908211,16.9677734375
908287,18.37158203125
908340,16.4794921875
908364,19.53125
908406,22.0947265625
908417,29.96826171875
908449,21.78955078125
908464,28.38134765625
908499,25.5126953125
908522,19.53125
908539,23.4375
908579,34.1796875
908604,19.95849609375
908646,19.83642578125
908656,16.05224609375
908766,15.625
914601,18.61572265625
914635,27.77099609375
914659,24.59716796875
914670,17.88330078125
914685,19.10400390625
914707,44.7998046875
914727,21.91162109375
914751,16.05224609375
914775,29.1748046875
914804,18.98193359375
914833,18.06640625
914871,16.29638671875
914946,28.9306640625
921255,16.357421875
921275,17.333984375
921304,18.1884765625
921394,24.5361328125
921441,18.61572265625
921488,20.99609375
925529,18.00537109375
925547,41.8701171875
925566,17.333984375
925611,23.37646484375
925622,26.9775390625
925654,24.0478515625
925679,29.1748046875
925723,16.05224609375
925771,25.57373046875
925844,17.4560546875
925869,18.61572265625
925903,16.29638671875
926209,20.263671875
932658,22.3388671875
932688,27.4658203125
932699,23.37646484375
932725,25.2685546875
932740,28.38134765625
932773,17.15087890625
932791,36.7431640625
932809,15.93017578125
932841,27.4658203125
932851,21.30126953125
932864,23.5595703125
932900,24.10888671875
932929,21.17919921875
932968,23.5595703125
933014,21.8505859375
933152,20.8740234375
933476,16.2353515625
941741,28.6865234375
941752,19.95849609375
941767,17.88330078125
941795,37.7197265625
941813,18.6767578125
941853,27.83203125
941884,17.39501953125
941895,17.333984375
941930,23.25439453125
941972,29.052734375
941998,26.85546875
942040,19.83642578125
942071,23.37646484375
942100,15.625
942122,22.0947265625
942608,15.56396484375
949360,16.7236328125
949404,20.20263671875
949515,23.0712890625
949543,15.93017578125
953054,15.625
953097,32.77587890625
953121,28.86962890625
953143,26.2451171875
953184,43.64013671875
953204,22.03369140625
953237,24.35302734375
953254,32.89794921875
953289,17.2119140625
953301,17.08984375
953339,20.99609375
953355,24.96337890625
953377,25.634765625
953430,30.8837890625
953447,20.263671875
953504,16.2353515625
953536,15.80810546875
953552,16.17431640625
953732,16.11328125
962483,17.822265625
962493,17.88330078125
962669,33.8134765625
966936,16.845703125
967014,17.578125
967041,48.095703125
967072,16.54052734375
967098,35.21728515625
967119,28.01513671875
967149,36.80419921875
967173,18.1884765625
967198,34.66796875
967219,16.9677734375
967239,22.27783203125
967270,29.35791015625
967304,44.5556640625
967315,17.02880859375
967371,22.4609375
967428,16.2353515625
976615,17.333984375
976672,15.68603515625
976703,20.93505859375
976730,33.0810546875
976755,28.9306640625
976842,16.11328125
976854,21.240234375
976885,17.27294921875
977114,16.05224609375
982285,15.5029296875
986406,15.5029296875
986445,27.52685546875
986477,35.94970703125
986493,27.28271484375
986539,41.1376953125
986565,28.1982421875
986588,35.5224609375
986611,21.66748046875
986634,26.42822265625
986661,26.91650390625
986682,38.14697265625
986720,23.3154296875
986749,15.869140625
986794,31.06689453125
986890,16.17431640625
986925,26.85546875
987223,16.11328125
1000935,16.41845703125
1001057,32.89794921875
1001076,30.94482421875
1001097,17.88330078125
1001108,19.34814453125
1001128,52.978515625
1001153,28.01513671875
1001179,21.05712890625
1001200,27.2216796875
1001242,32.3486328125
1001271,18.61572265625
1001290,17.4560546875
1001313,23.74267578125
1001344,21.91162109375
1001379,16.845703125
1001401,19.34814453125
1001424,30.09033203125
1001458,24.0478515625
1001472,17.51708984375
1001534,15.56396484375
1001581,16.90673828125
1001648,19.53125
1012909,20.3857421875
1012936,15.869140625
1018245,18.61572265625
1018325,16.05224609375
1018358,47.91259765625
1018389,15.80810546875
1018420,41.259765625
1018442,25.93994140625
1018471,25.2685546875
1018483,44.00634765625
1018527,32.1044921875
1018555,44.00634765625
1018572,25.146484375
1018604,15.869140625
1018640,18.73779296875
1018665,20.5078125
1018693,20.3857421875
1018720,17.08984375
1018743,21.17919921875
1018761,17.15087890625
1018780,19.47021484375
1018901,28.1982421875
1029666,15.80810546875
1029698,19.04296875
1029714,17.02880859375
1029746,29.9072265625
1029759,22.52197265625
1029781,40.34423828125
1029808,19.71435546875
1029840,18.85986328125
1029856,17.822265625
1029890,16.11328125
1029922,30.33447265625
1029941,24.10888671875
1029979,28.38134765625
1029995,20.5078125
1030047,29.6630859375
1030119,21.240234375
1030162,27.40478515625
1030196,16.54052734375
1030273,19.1650390625
1030304,17.51708984375
1041049,18.9208984375
1041062,16.357421875
1041099,20.20263671875
1041136,18.798828125
1041150,15.68603515625
1041190,25.45166015625
1041222,19.83642578125
1041243,20.93505859375
1041262,26.85546875
1041297,17.39501953125
1041326,23.0712890625
1041344,21.240234375
1041385,20.93505859375
1041406,27.099609375
1041470,35.58349609375
1041848,15.56396484375
1053049,24.90234375
1053087,15.625
1053131,25.390625
1053142,29.23583984375
1053161,17.7001953125
1053179,17.88330078125
1053196,50.537109375
1053238,31.3720703125
1053250,36.80419921875
1053272,21.66748046875
1053302,34.36279296875
1053338,31.1279296875
1053359,16.54052734375
1053391,37.4755859375
1053402,18.6767578125
1053426,19.1650390625
1053441,22.39990234375
1053507,27.34375
1053575,19.287109375
1053593,16.7236328125
1053621,19.4091796875
1053719,26.85546875
1054202,16.17431640625
1065596,16.78466796875
1065711,15.80810546875
1070379,16.29638671875
1070636,15.9912109375
1077491,15.56396484375
1077522,18.73779296875
1077548,22.52197265625
1077573,18.24951171875
1077587,35.70556640625
1077604,16.17431640625
1077641,24.658203125
1077652,34.1796875
1077670,28.38134765625
1077697,30.029296875
1077709,16.9677734375
1077744,25.146484375
1077773,20.56884765625
1077787,28.076171875
1077825,21.05712890625
1077856,39.55078125
1077886,18.798828125
1077907,26.55029296875
1077948,18.37158203125
1077968,17.578125
1077982,16.05224609375
1078018,19.71435546875
1078034,17.27294921875
1078065,24.71923828125
1078089,19.34814453125
1078126,23.5595703125
1078241,17.27294921875
1078601,17.88330078125
1092329,15.56396484375
1092363,17.4560546875
1092397,18.85986328125
1092413,15.93017578125
1092445,22.64404296875
1092472,23.98681640625
1092508,20.6298828125
1092526,16.7236328125
1092538,22.52197265625
1092820,16.78466796875
1102105,17.578125
1102321,18.06640625
1102337,39.61181640625
1102387,23.8037109375
1102400,24.2919921875
1102413,20.5078125
1102445,33.447265625
1102473,22.03369140625
1102498,22.15576171875
1102509,18.12744140625
1102560,16.29638671875
1102580,23.193359375
1102610,30.76171875
1102641,17.9443359375
1102691,15.869140625
1102723,23.98681640625
1102805,33.02001953125
1102831,19.287109375
1102926,15.80810546875
1103126,24.71923828125
1118579,16.2353515625
1118659,16.2353515625
1118692,15.56396484375
1128184,15.68603515625
1128249,21.54541015625
1128274,30.33447265625
1128301,35.400390625
1128322,23.25439453125
1128350,49.62158203125
1128387,25.08544921875
1128398,38.2080078125
1128437,26.55029296875
1128500,17.578125
1128532,22.88818359375
1128562,32.77587890625
1128586,15.9912109375
1128632,26.42822265625
1128667,19.04296875
1128705,31.43310546875
1128739,21.3623046875
1128766,18.37158203125
1128812,31.982421875
1128844,20.56884765625
1128916,25.93994140625
1128938,22.3388671875
1129026,17.27294921875
1129330,15.869140625
1146771,15.869140625
1146876,17.333984375
1146910,20.56884765625
1146977,15.68603515625
1155916,17.51708984375
1155940,15.80810546875
1156005,16.90673828125
1156040,17.15087890625
1156073,17.39501953125
1156126,29.9072265625
1173494,15.93017578125
1173575,16.78466796875
1173810,17.9443359375
1173836,20.93505859375
1173863,48.52294921875
1173916,19.95849609375
1173997,16.6015625
1197008,15.68603515625
1197047,15.7470703125
1698701,18.61572265625
1711083,16.7236328125
1711464,15.80810546875
1731779,16.29638671875
1752230,28.9306640625
1752248,16.2353515625
1752284,15.869140625
1752416,20.69091796875
1753201,15.56396484375
1771710,18.9208984375
1771724,15.869140625
1771738,19.8974609375
1771751,15.68603515625
1771786,18.00537109375
1771856,16.6015625
1771890,19.287109375
1771957,18.37158203125
1772324,16.7236328125
1790479,17.08984375
1790514,18.24951171875
1790560,24.7802734375
1790686,16.29638671875
1790847,19.71435546875
1801388,18.73779296875
1801429,17.578125
1801615,20.99609375
1801787,17.63916015625
1802227,17.63916015625
1813526,18.4326171875
1822992,15.68603515625
1823159,18.49365234375
1823263,15.56396484375
1833087,18.85986328125
1844111,16.54052734375
1852468,17.333984375
1862437,18.5546875
1862685,15.68603515625
1872074,16.41845703125
1872203,18.798828125
1872299,16.6015625
1872737,17.02880859375
1882805,18.9208984375
1882862,16.05224609375
1883022,16.17431640625
1892345,16.2353515625
1903134,17.51708984375
1903481,16.66259765625
1911398,16.78466796875
1920973,17.4560546875
1921376,15.5029296875
1929949,16.7236328125
1930097,15.869140625
1938582,19.04296875
1938886,17.4560546875
1939222,17.63916015625
1948088,16.41845703125
1948380,15.7470703125
1962666,15.9912109375
1962706,16.7236328125
1962765,15.5029296875
1962796,17.7001953125
1962840,18.798828125
1962868,20.44677734375
1962956,15.93017578125
1962998,20.93505859375
1963905,17.51708984375
1964042,16.2353515625
1964354,16.9677734375
1965125,17.27294921875
1966323,19.8974609375
1972291,15.5029296875
1978081,21.17919921875
2003618,15.93017578125
2009395,15.80810546875
2009435,18.06640625
2009459,16.90673828125
2024370,15.80810546875
2035996,16.2353515625
2041863,15.625
2048365,15.869140625
2058224,19.34814453125
2073918,15.869140625
2075030,15.68603515625
2075081,16.7236328125
2083416,15.625
2084596,16.05224609375
2086245,16.78466796875
2086393,16.90673828125
2086421,16.845703125
2086437,16.2353515625
2086474,16.4794921875
2086543,18.4326171875
2086563,30.09033203125
2097298,15.7470703125
2105832,15.5029296875
2106086,15.625
2106177,19.10400390625
2106214,31.3720703125
2106233,29.296875
2106270,15.869140625
2106345,15.869140625
2106366,15.93017578125
2110089,17.27294921875
2110138,17.4560546875
2110159,21.30126953125
2110246,19.1650390625
2110259,17.88330078125
2117205,17.51708984375
2117238,16.78466796875
2119903,18.4326171875
2123091,16.41845703125
2125869,16.11328125
2125956,22.5830078125
2126023,15.9912109375
2129656,17.333984375
2132138,16.41845703125
2133051,16.7236328125
2135880,15.625
2135960,20.01953125
2135972,20.81298828125
2136015,16.54052734375
2136087,15.93017578125
2136119,35.15625
2136141,17.822265625
2136178,20.93505859375
2136244,20.8740234375
2136293,30.09033203125
2136588,18.73779296875
2142078,16.54052734375
2149333,16.41845703125
2149441,23.25439453125
2149455,19.71435546875
2149485,17.15087890625
2149514,30.21240234375
2149530,20.5078125
2149562,15.93017578125
2149603,18.73779296875
2149615,29.78515625
2149638,18.5546875
2149669,23.37646484375
2149689,29.84619140625
2149734,18.37158203125
2157767,18.12744140625
2157846,16.17431640625
2157910,17.08984375
2157993,23.74267578125
2158089,28.38134765625
2165869,17.76123046875
2169764,17.27294921875
2169947,15.56396484375
2169972,36.80419921875
2177504,24.5361328125
2177523,18.85986328125
2177556,22.39990234375
2177597,21.30126953125
2177617,19.71435546875
2177628,21.66748046875
2177649,21.97265625
2177701,18.98193359375
2177718,34.5458984375
2177741,16.7236328125
2177760,15.9912109375
2177798,22.52197265625
2185107,19.83642578125
2185121,20.20263671875
2186232,15.625
2190077,15.80810546875
2190227,16.41845703125
2190284,17.02880859375
2190335,17.08984375
2190370,26.85546875
2190428,18.1884765625
2190464,25.7568359375
2190484,46.38671875
2190502,16.4794921875
2190539,17.578125
2190604,21.54541015625
2201454,20.20263671875
2201576,17.27294921875
2201653,18.12744140625
2201673,17.4560546875
2201723,49.98779296875
2201750,18.00537109375
2201796,38.51318359375
2201825,20.32470703125
2201856,32.04345703125
2201878,31.25
2201904,15.93017578125
2201942,18.6767578125
2201987,16.90673828125
2202024,17.9443359375
2202062,27.587890625
2202082,23.01025390625
2202272,20.08056640625
2210408,17.39501953125
2213717,15.68603515625
2218494,19.59228515625
2218514,17.4560546875
2218537,24.169921875
2218553,27.40478515625
2218574,15.869140625
2218602,22.0947265625
2218614,40.52734375
2218675,34.7900390625
2218738,18.24951171875
2218749,61.03515625
2218803,19.59228515625
2218820,28.4423828125
2218861,22.27783203125
2218883,33.50830078125
2218904,16.66259765625
2218957,28.01513671875
2219030,26.30615234375
2219074,18.06640625
2219084,21.6064453125
2219120,28.62548828125
2219154,17.51708984375
2219189,19.22607421875
2219226,15.869140625
2219287,17.15087890625
2219340,19.6533203125
2237473,16.66259765625
2241622,15.9912109375
2241736,16.4794921875
2241788,20.93505859375
2247415,29.60205078125
2247434,16.357421875
2247459,16.29638671875
2247485,42.29736328125
2247505,33.3251953125
2247557,52.30712890625
2247570,18.85986328125
2247593,22.88818359375
2247629,39.0625
2247639,20.751953125
2247653,19.22607421875
2247677,29.4189453125
2247692,19.10400390625
2247724,22.64404296875
2247740,23.193359375
2247770,15.9912109375
2247820,23.13232421875
2247847,21.97265625
2247858,23.74267578125
2247911,37.53662109375
2247956,20.6298828125
2247982,16.41845703125
2248202,18.6767578125
2248218,17.02880859375
2264607,21.17919921875
2264689,18.00537109375
2264923,16.17431640625
2269356,15.93017578125
2269410,20.6298828125
2269439,38.14697265625
2269515,29.96826171875
2269566,26.55029296875
2269593,20.3857421875
2269612,20.69091796875
2269678,31.005859375
2269700,36.31591796875
2269953,16.7236328125
2279562,20.6298828125
2279614,33.203125
2285290,17.88330078125
2285321,29.78515625
2285338,29.96826171875
2285366,20.751953125
2285385,19.59228515625
2285410,54.74853515625
2285462,19.1650390625
2285474,33.02001953125
2285500,20.44677734375
2285520,17.39501953125
2285530,32.89794921875
2285563,16.41845703125
2285576,19.10400390625
2285598,16.845703125
2285650,31.79931640625
2285673,22.52197265625
2285686,20.56884765625
2285717,18.6767578125
2285741,16.90673828125
2285780,16.9677734375
2285795,15.7470703125
2285863,17.822265625
2285890,18.00537109375
2285920,16.41845703125
2285995,16.78466796875
2286021,19.10400390625
2299746,17.02880859375
2299821,16.11328125
2299855,15.9912109375
2299952,15.93017578125
2300272,15.80810546875
2305053,19.83642578125
2305097,15.9912109375
2305524,17.02880859375
2311122,23.8037109375
2311161,15.56396484375
2311174,22.8271484375
2311193,37.841796875
2311221,24.5361328125
2311264,20.5078125
2311292,44.0673828125
2311324,16.7236328125
2311340,21.66748046875
2311395,16.6015625
2311420,19.287109375
2311514,19.287109375
2311583,20.81298828125
2311728,17.7001953125
2311894,20.3857421875
2321645,15.5029296875
2321681,40.8935546875
2321698,31.31103515625
2321737,16.17431640625
2321819,28.38134765625
2322078,15.625
2322344,16.54052734375
2329125,15.68603515625
2329206,17.39501953125
2329920,15.56396484375
2336301,16.4794921875
2336342,16.78466796875
2336387,25.0244140625
2336410,25.2685546875
2336441,25.634765625
2336491,41.68701171875
2336541,17.578125
2347177,19.10400390625
2347190,46.7529296875
2347235,19.287109375
2347332,23.01025390625
2358129,18.1884765625
2358282,17.76123046875
2358325,18.00537109375
2358342,18.49365234375
2358357,19.34814453125
2358446,16.41845703125
2358709,15.869140625
2372641,16.78466796875
2372775,22.705078125
2373399,17.27294921875
2382951,17.578125
2383111,16.05224609375
2383186,19.287109375
2383714,17.63916015625
2383982,17.51708984375
2403621,15.625
2447117,16.17431640625
2973253,16.357421875
2973277,28.25927734375
2973290,19.83642578125
2973304,26.42822265625
2973360,20.1416015625
2973447,16.54052734375
2973558,16.41845703125
2973718,16.845703125
2973973,18.4326171875
3026746,15.93017578125
3026829,17.9443359375
3027001,15.869140625
3027132,16.7236328125
3030792,16.90673828125
3030816,49.74365234375
3030839,19.71435546875
3030857,22.64404296875
3030943,16.845703125
3031101,18.85986328125
3031216,18.37158203125
3031521,17.63916015625
3031667,16.845703125
3031981,15.5029296875
3052737,15.7470703125
3053289,15.93017578125
3059763,16.66259765625
3064795,15.5029296875
3064815,16.2353515625
3064876,21.66748046875
3065000,20.56884765625
3065079,18.4326171875
3065237,18.98193359375
3065345,16.9677734375
3071413,18.06640625
3071442,37.78076171875
3071469,19.34814453125
3071485,21.240234375
3071588,18.85986328125
3071634,18.49365234375
3071769,19.59228515625
3071855,17.88330078125
3072053,17.51708984375
3079538,16.78466796875
3079553,28.1982421875
3079574,19.6533203125
3079593,16.17431640625
3079664,15.5029296875
3079746,19.34814453125
3079860,19.59228515625
3079898,16.6015625
3079944,17.4560546875
3080071,16.7236328125
3088409,20.81298828125
3088423,18.61572265625
3088434,44.25048828125
3088456,25.146484375
3088476,22.15576171875
3088555,20.81298828125
3088606,17.9443359375
3088659,16.90673828125
3088746,16.845703125
3088882,17.02880859375
3089100,16.66259765625
3089150,15.80810546875
3089304,17.15087890625
3089734,17.15087890625
3097810,20.08056640625
3097823,20.81298828125
3097837,39.12353515625
3097855,27.7099609375
3097882,15.56396484375
3097924,16.9677734375
3097954,17.2119140625
3097988,19.10400390625
3098024,17.333984375
3098052,17.333984375
3098143,18.85986328125
3098259,16.41845703125
3098440,17.51708984375
3098578,17.2119140625
3098758,15.9912109375
3109367,15.56396484375
3109386,63.41552734375
3109396,40.22216796875
3109416,34.912109375
3109444,17.4560546875
3109476,20.08056640625
3109486,30.3955078125
3109527,20.751953125
3109603,18.98193359375
3109627,17.88330078125
3109681,19.1650390625
3109726,15.625
3109875,19.6533203125
3110263,15.68603515625
3121906,19.10400390625
3122167,15.80810546875
3122777,17.822265625
3122800,42.05322265625
3122839,32.16552734375
3122916,24.0478515625
3122934,26.3671875
3123000,20.263671875
3123045,16.9677734375
3123204,16.78466796875
3123240,16.2353515625
3123479,15.9912109375
3123660,15.5029296875
3137020,17.27294921875
3137031,23.01025390625
3137044,59.38720703125
3137064,16.41845703125
3137079,26.67236328125
3137142,17.15087890625
3137165,16.90673828125
3137186,24.23095703125
3137214,19.1650390625
3137239,21.240234375
3137328,19.22607421875
3137355,19.47021484375
3137413,16.66259765625
3138081,16.41845703125
3145286,34.423828125
3145296,17.27294921875
3145306,28.38134765625
3145324,36.4990234375
3145370,19.287109375
3145422,16.29638671875
3145452,16.78466796875
3145473,18.9208984375
3145551,18.85986328125
3145586,19.53125
3145618,19.04296875
3145661,15.625
3145696,16.4794921875
3146021,16.66259765625
3146229,17.39501953125
3146660,16.29638671875
3153455,20.69091796875
3153480,40.1611328125
3153498,17.15087890625
3153514,20.69091796875
3153599,18.61572265625
3153614,18.73779296875
3153646,19.6533203125
3153722,17.51708984375
3153754,15.80810546875
3153836,26.06201171875
3153893,15.625
3154192,15.7470703125
3154376,16.357421875
3162013,22.8271484375
3162032,55.17578125
3162061,33.14208984375
3162094,19.04296875
3162136,23.13232421875
3162165,15.56396484375
3162190,16.11328125
3162223,16.9677734375
3162283,17.63916015625
3162383,21.728515625
3162435,17.51708984375
3162492,17.2119140625
3163124,16.6015625
3169956,17.02880859375
3170044,17.39501953125
3170133,20.1416015625
3170236,16.66259765625
3170404,17.4560546875
3170776,25.0244140625
3171017,15.625
3171514,16.05224609375
3178277,26.123046875
3178291,20.5078125
3178318,15.5029296875
3178329,21.91162109375
3178360,17.63916015625
3178399,22.76611328125
3178409,27.099609375
3178456,17.88330078125
3178510,28.1982421875
3178547,18.85986328125
3178642,18.12744140625
3178655,17.15087890625
3178706,17.333984375
3178780,18.37158203125
3179461,15.9912109375
3186172,16.6015625
3186292,16.41845703125
3186356,16.17431640625
3186396,17.02880859375
3186507,21.6064453125
3186573,17.822265625
3186589,16.05224609375
3187008,15.56396484375
3193024,15.625
3193056,32.89794921875
3193109,22.216796875
3193155,17.27294921875
3193175,17.4560546875
3193192,16.41845703125
3193258,19.59228515625
3193332,27.587890625
3193536,18.4326171875
3193676,17.9443359375
3193819,16.7236328125
3193832,22.15576171875
3194025,16.7236328125
3200156,18.06640625
3200189,15.93017578125
3200329,18.37158203125
3200410,16.2353515625
3200586,18.24951171875
3200712,17.578125
3200859,19.53125
3206500,18.4326171875
3206556,23.01025390625
3206603,16.17431640625
3206705,19.1650390625
3206762,16.11328125
3206901,20.93505859375
3206998,18.61572265625
3207129,18.37158203125
3207276,17.4560546875
3213163,18.49365234375
3213214,21.8505859375
3213228,15.56396484375
3213277,15.5029296875
3213388,15.93017578125
3213439,16.2353515625
3213525,16.54052734375
3213638,15.7470703125
3219986,19.1650390625
3220031,15.80810546875
3220087,21.240234375
3220171,19.59228515625
3220244,16.6015625
3220278,16.29638671875
3220686,17.02880859375
3226291,20.99609375
3226302,19.53125
3226386,16.6015625
3226424,23.4375
3226501,17.39501953125
3226599,16.41845703125
3226745,18.24951171875
3226759,24.10888671875
3226880,15.68603515625
3227077,15.625
3232994,22.64404296875
3233045,16.6015625
3233131,18.24951171875
3233197,21.91162109375
3239707,15.625
3239741,17.27294921875
3239823,16.78466796875
3239883,17.578125
3239985,18.5546875
3240031,20.3857421875
3240149,18.798828125
3240436,17.15087890625
3246409,23.37646484375
3246422,23.5595703125
3246466,18.85986328125
3246479,15.5029296875
3246511,18.310546875
3246546,16.2353515625
3246573,18.12744140625
3246631,16.54052734375
3246727,17.2119140625
3246949,17.333984375
3252863,15.5029296875
3252940,16.11328125
3252998,17.2119140625
3253068,15.56396484375
3253175,16.2353515625
3253256,15.9912109375
3253478,15.7470703125
3259110,30.45654296875
3259124,16.4794921875
3259150,20.08056640625
3259232,17.2119140625
3259307,19.775390625
3259333,15.93017578125
3259379,16.7236328125
3260190,16.05224609375
3267506,18.00537109375
3267564,16.9677734375
3267589,16.845703125
3267791,15.869140625
3267912,18.85986328125
3268008,18.49365234375
3273834,17.27294921875
3273888,18.24951171875
3273977,15.9912109375
3274043,21.1181640625
3274128,17.63916015625
3274232,17.822265625
3280791,16.845703125
3280853,23.25439453125
3280918,16.54052734375
3280943,22.27783203125
3281000,18.00537109375
3281038,15.7470703125
3281252,16.05224609375
3281388,20.3857421875
3281528,17.578125
3287170,20.3857421875
3287217,15.7470703125
3287230,15.869140625
3287308,15.80810546875
3287358,18.798828125
3287388,17.27294921875
3287570,16.7236328125
3287702,18.798828125
3293807,19.59228515625
3293931,18.37158203125
3294090,18.12744140625
3294176,17.39501953125
3294473,17.76123046875
3294689,15.56396484375
3300379,16.6015625
3300462,16.9677734375
3300699,17.08984375
3301288,16.41845703125
3306712,23.01025390625
3306799,17.08984375
3306896,17.88330078125
3307067,17.51708984375
3307159,15.5029296875
3314539,17.4560546875
3314549,16.66259765625
3314581,15.93017578125
3314605,16.05224609375
3314635,19.71435546875
3314698,15.9912109375
3314785,17.39501953125
3314806,15.93017578125
3314980,18.49365234375
3315074,18.85986328125
3315152,16.6015625
3315248,15.56396484375
3315666,17.9443359375
3322702,16.05224609375
3322826,16.845703125
3322900,15.869140625
3322988,16.9677734375
3323097,15.5029296875
3323157,15.7470703125
3323340,15.56396484375
3331258,22.5830078125
3331356,17.9443359375
3331471,16.41845703125
3338599,17.02880859375
3338784,19.22607421875
3360500,15.7470703125
3466335,22.03369140625
3466426,20.263671875
3466538,18.798828125
3466621,19.53125
3466772,15.7470703125
3466808,16.11328125
3466941,16.78466796875
3467143,15.5029296875
3467176,16.11328125
3469351,15.5029296875
3492970,17.51708984375
3518666,16.41845703125
3520720,18.310546875
3551072,15.7470703125
3552183,15.68603515625
3555619,17.822265625
3592858,15.9912109375
3633621,15.68603515625
3651276,16.05224609375
3651586,19.53125
3651956,15.80810546875
3652039,18.06640625
3661933,15.869140625
3666266,16.11328125
3678375,19.4091796875
3682430,15.80810546875
3686428,17.578125
3709338,18.00537109375
3714037,16.17431640625
3742975,15.5029296875
3768490,16.78466796875
3783080,15.625
3818942,17.08984375
3848719,16.7236328125
4474941,16.54052734375
4485470,15.9912109375
4485503,17.27294921875
4485566,17.578125
4485800,16.29638671875
4485823,20.263671875
4485913,19.287109375
4485979,16.54052734375
4486103,16.4794921875
4486310,15.7470703125
4531440,18.37158203125
4531458,24.84130859375
4531487,22.52197265625
4531500,19.83642578125
4531526,18.73779296875
4531670,19.34814453125
4531701,15.56396484375
4531787,22.5830078125
4531913,16.78466796875
4532039,16.845703125
4532075,15.5029296875
4703513,19.59228515625
4703901,21.54541015625
4723195,15.625
4723226,15.625
4723255,18.37158203125
4723268,17.39501953125
4723302,15.625
4723324,22.216796875
4723361,24.84130859375
4723375,21.728515625
4723443,17.822265625
4723544,18.12744140625
4723797,16.2353515625
4723973,15.625
4725086,15.56396484375
4726858,15.625
4729012,17.51708984375
4731623,15.7470703125
4736810,16.41845703125
4737038,16.845703125
4737180,17.822265625
4737286,17.27294921875
4738351,15.9912109375
4745938,16.05224609375
4745980,17.2119140625
4746107,17.822265625
4746121,24.2919921875
4746229,20.69091796875
4746286,19.1650390625
4752573,17.15087890625
4753687,16.2353515625
4762651,21.240234375
4762883,16.41845703125
4763960,20.81298828125
4763976,18.49365234375
4763994,21.1181640625
4764022,38.2080078125
4764061,23.5595703125
4764076,43.5791015625
4764106,33.0810546875
4764125,22.0947265625
4764144,41.259765625
4764166,18.73779296875
4764180,20.6298828125
4764211,32.958984375
4764247,19.287109375
4764293,17.51708984375
4764328,21.8505859375
4764354,17.822265625
4764429,20.263671875
4764495,20.5078125
4764656,15.9912109375
4764851,18.12744140625
4764907,25.81787109375
4765046,16.845703125
4765165,17.76123046875
4765196,20.08056640625
4765402,16.2353515625
4765478,15.68603515625
4765719,16.78466796875
4783350,20.99609375
4785283,18.310546875
4785707,16.29638671875
4789074,16.05224609375
4789532,16.17431640625
4790835,19.53125
4794868,16.6015625
4796578,15.7470703125
4796602,22.4609375
4797355,15.93017578125
4798901,25.45166015625
4798930,16.4794921875
4798972,16.54052734375
4813060,26.0009765625
4813311,17.7001953125
4820578,16.17431640625
4820591,17.15087890625
4824421,16.845703125
4830374,15.68603515625
4836329,15.80810546875
4840502,33.447265625
4840962,19.47021484375
4844793,33.87451171875
4857283,21.240234375
4857314,15.68603515625
4857461,25.20751953125
4861860,18.85986328125
4861886,35.400390625
4865505,36.19384765625
4865520,18.85986328125
4865772,23.3154296875
4871844,17.333984375
4880063,29.78515625
4880074,21.91162109375
4880110,17.2119140625
4880126,33.63037109375
4880159,20.6298828125
4880174,16.66259765625
4880199,18.24951171875
4880233,32.71484375
4880339,15.80810546875
4880456,15.5029296875
4892190,34.3017578125
4892229,25.69580078125
4892242,35.5224609375
4892263,44.61669921875
4892310,41.50390625
4892341,25.7568359375
4892371,29.11376953125
4892410,24.10888671875
4892453,16.7236328125
4892482,15.869140625
4892615,16.90673828125
4892788,16.66259765625
4900151,16.90673828125
4900645,45.7763671875
4900664,16.2353515625
4900687,19.287109375
4907100,16.4794921875
4907121,30.517578125
4907162,26.42822265625
4907220,31.31103515625
4907236,17.51708984375
4907265,28.4423828125
4907284,15.93017578125
4920212,44.0673828125
4920275,24.47509765625
4920290,41.6259765625
4926836,37.04833984375
4926921,44.7998046875
4926933,21.42333984375
4926952,25.93994140625
4933293,17.4560546875
4933359,15.7470703125
4933432,45.34912109375
4933453,17.39501953125
4940292,16.11328125
4940353,32.1044921875
4940405,21.240234375
4940499,15.5029296875
4947604,15.93017578125
4954939,16.17431640625
4954962,15.5029296875
4955010,35.46142578125
4955037,20.69091796875
4968678,17.9443359375
4976459,20.751953125
4976473,34.3017578125
4976546,16.357421875
4976580,26.7333984375
4992765,17.578125
5031601,17.2119140625
6209947,16.7236328125
6256280,25.32958984375
6256317,17.39501953125
6256336,22.76611328125
6256361,19.1650390625
6256378,18.6767578125
6256413,20.263671875
6256443,22.216796875
6256464,50.9033203125
6256484,24.47509765625
6256496,15.68603515625
6256521,23.13232421875
6256546,64.3310546875
6256579,36.0107421875
6256629,20.32470703125
6256665,19.775390625
6256709,19.8974609375
6256784,18.00537109375
6256891,19.71435546875
6256962,15.93017578125
6257170,17.7001953125
6257318,18.310546875
6257978,18.06640625
6258560,16.54052734375
6258739,15.93017578125
6259910,15.5029296875
6260253,15.80810546875
6261060,16.4794921875
6261192,16.05224609375
6261789,16.9677734375
6268710,16.29638671875
6274188,20.5078125
6275813,21.1181640625
6285916,16.05224609375
6286919,16.05224609375
6290733,16.11328125
6291608,18.12744140625
6296014,15.5029296875
6297262,16.78466796875
6299565,18.12744140625
6303298,16.4794921875
6306098,16.05224609375
6311209,19.95849609375
6311273,18.24951171875
6311303,18.73779296875
6311320,30.21240234375
6311371,27.89306640625
6311389,18.37158203125
6311421,34.5458984375
6311432,17.76123046875
6311443,23.49853515625
6311474,32.71484375
6311495,25.87890625
6311524,16.6015625
6311538,39.24560546875
6311558,21.54541015625
6311596,20.81298828125
6311608,27.40478515625
6311622,15.56396484375
6311653,27.77099609375
6311666,15.7470703125
6311680,16.11328125
6311712,19.95849609375
6311759,20.69091796875
6311848,21.05712890625
6311936,17.76123046875
6312013,21.1181640625
6312082,19.53125
6317972,15.93017578125
6323567,21.3623046875
6323602,41.259765625
6323613,20.6298828125
6323624,28.4423828125
6323649,17.02880859375
6323671,28.74755859375
6323723,62.56103515625
6323769,33.0810546875
6323807,33.3251953125
6323850,35.7666015625
6323919,18.73779296875
6324017,18.85986328125
6324050,18.37158203125
6324069,18.85986328125
6324277,19.71435546875
6324376,20.01953125
6324417,16.17431640625
6324487,15.56396484375
6324516,16.845703125
6324638,16.29638671875
6324682,17.08984375
6324771,19.4091796875
6324977,19.22607421875
6325171,21.30126953125
6325468,20.08056640625
6335940,17.2119140625
6336098,17.63916015625
6339440,15.68603515625
6340282,16.90673828125
6340873,16.54052734375
6341361,24.10888671875
6345388,16.7236328125
6347522,17.08984375
6354195,15.68603515625
6354865,18.98193359375
6354937,28.01513671875
6354959,36.1328125
6354981,16.54052734375
6358474,16.05224609375
6360576,19.287109375
6365919,33.14208984375
6366888,15.56396484375
6375648,21.78955078125
6375664,15.7470703125
6375684,29.78515625
6375718,20.3857421875
6375748,16.78466796875
6375892,16.66259765625
6375990,17.63916015625
6377840,16.54052734375
6389596,17.2119140625
6393951,15.7470703125
6396056,46.44775390625
6396074,21.66748046875
6396092,15.56396484375
6396133,21.3623046875
6396144,16.4794921875
6396182,26.06201171875
6396195,21.1181640625
6396210,17.39501953125
6396242,29.9072265625
6396262,24.59716796875
6396290,19.8974609375
6396309,32.40966796875
6396335,34.0576171875
6396346,18.37158203125
6396378,22.64404296875
6396402,23.74267578125
6396436,20.56884765625
6396498,29.4189453125
6396516,29.052734375
6396575,27.2216796875
6396596,17.39501953125
6396677,17.39501953125
6396696,22.52197265625
6396712,18.1884765625
6396812,18.73779296875
6396833,23.92578125
6397119,16.78466796875
6412796,17.2119140625
6419450,15.7470703125
6421746,16.41845703125
6435201,15.5029296875
6449424,15.56396484375
6449510,15.93017578125
6455231,22.64404296875
6455250,18.6767578125
6455328,23.681640625
6469149,16.2353515625
6469582,16.17431640625
6475962,16.2353515625
6503144,17.51708984375
6534385,18.98193359375
7362754,19.47021484375
7362770,33.63037109375
7362798,26.9775390625
7362837,28.076171875
7362853,19.47021484375
7362923,16.7236328125
7362993,16.17431640625
7363070,17.4560546875
7363178,18.06640625
7423882,16.11328125
7423909,20.56884765625
7423922,24.5361328125
7423933,21.1181640625
7423954,22.64404296875
7424165,15.68603515625
7472422,15.93017578125
7487134,20.32470703125
7487172,25.32958984375
7487183,17.333984375
7487196,21.240234375
7487235,19.47021484375
7487249,18.798828125
7487276,18.61572265625
7487318,16.11328125
7487353,18.00537109375
7487392,15.68603515625
7487429,21.05712890625
7487582,16.05224609375
7487877,16.29638671875
7487962,18.85986328125
7488357,15.93017578125
7488418,15.68603515625
7488458,15.56396484375
7489074,16.4794921875
7492472,15.80810546875
7509737,15.93017578125
7509755,15.869140625
7509781,16.29638671875
7509832,16.66259765625
7509870,19.22607421875
7509889,21.30126953125
7509925,27.28271484375
7514548,15.7470703125
7515391,15.68603515625
7516435,16.4794921875
7526184,18.61572265625
7540771,16.7236328125
7540817,18.49365234375
7540838,18.24951171875
7540867,26.0009765625
7540906,24.5361328125
7540958,33.203125
7540997,22.3388671875
7541009,24.84130859375
7541135,17.63916015625
7542803,15.869140625
7550979,15.5029296875
7552091,16.66259765625
7552822,18.49365234375
7552843,38.2080078125
7552866,20.99609375
7552926,17.7001953125
7552948,21.97265625
7553001,16.05224609375
7554811,16.78466796875
7560277,15.5029296875
7563687,15.625
7565850,15.93017578125
7566014,18.1884765625
7567339,15.80810546875
7567467,25.69580078125
7567495,17.76123046875
7567549,26.0009765625
7567586,15.56396484375
7569613,18.73779296875
7569641,16.845703125
7569792,16.66259765625
7576603,15.56396484375
7578243,17.4560546875
7578268,17.27294921875
7580296,16.845703125
7580340,15.7470703125
7580370,18.1884765625
7580386,21.728515625
7580400,19.1650390625
7580436,23.8037109375
7580458,30.94482421875
7580477,20.5078125
7580499,19.8974609375
7580511,18.85986328125
7580525,18.73779296875
7580595,22.0947265625
7589003,19.22607421875
7590090,17.63916015625
7590135,16.41845703125
7590241,21.66748046875
7590270,21.78955078125
7590345,18.49365234375
7590417,18.12744140625
7593987,24.35302734375
7593999,19.8974609375
7594059,15.5029296875
7596034,15.7470703125
7597230,15.7470703125
7602239,18.9208984375
7602265,19.1650390625
7602292,18.37158203125
7602306,29.296875
7602330,41.50390625
7602416,25.08544921875
7602469,16.05224609375
7605207,17.578125
7605223,18.06640625
7605252,15.56396484375
7605329,17.02880859375
7605387,15.869140625
7611204,18.5546875
7613299,16.17431640625
7613386,26.67236328125
7613426,57.92236328125
7613437,21.1181640625
7613450,29.23583984375
7613475,23.62060546875
7613501,22.5830078125
7613537,50.10986328125
7613570,27.587890625
7613610,24.35302734375
7613681,25.5126953125
7623443,26.2451171875
7623461,16.17431640625
7623479,19.1650390625
7623523,16.05224609375
7623556,67.3828125
7623571,21.484375
7623613,21.6064453125
7623636,22.216796875
7625940,16.7236328125
7627343,17.2119140625
7627461,18.1884765625
7629397,15.93017578125
7632598,16.90673828125
7632678,20.69091796875
7632705,15.80810546875
7632747,23.62060546875
7632763,16.845703125
7632788,22.76611328125
7632840,39.9169921875
7632850,22.88818359375
7632865,18.798828125
7635782,18.4326171875
7635827,15.869140625
7635928,15.625
7635954,19.47021484375
7635985,25.45166015625
7644832,16.2353515625
7644854,18.12744140625
7644879,24.90234375
7644907,30.09033203125
7644924,28.4423828125
7644954,33.87451171875
7644977,16.41845703125
7645006,18.85986328125
7645022,16.11328125
7645046,22.64404296875
7650287,16.90673828125
7650298,21.240234375
7650373,18.9208984375
7650400,21.484375
7650417,23.01025390625
7650505,15.56396484375
7653144,16.11328125
7655812,22.0947265625
7658455,16.41845703125
7658487,25.20751953125
7658505,22.88818359375
7658546,18.12744140625
7658572,23.4375
7658624,16.357421875
7665317,16.54052734375
7665404,18.37158203125
7665424,15.68603515625
7665459,27.16064453125
7665473,25.45166015625
7665540,21.78955078125
7665559,43.02978515625
7665600,18.6767578125
7668799,15.5029296875
7676461,17.4560546875
7676492,24.96337890625
7676536,46.630859375
7676595,32.5927734375
7676622,27.40478515625
7676639,16.54052734375
7676701,28.564453125
7676722,17.76123046875
7683827,16.2353515625
7683870,18.4326171875
7683908,21.30126953125
7683920,15.56396484375
7690338,17.2119140625
7693647,16.29638671875
7693704,19.34814453125
7693723,17.02880859375
7693777,18.73779296875
7698683,15.7470703125
7698716,16.90673828125
7698734,16.357421875
7698758,21.42333984375
7698788,19.4091796875
7702322,15.9912109375
7702542,24.658203125
7706266,17.88330078125
7706285,18.24951171875
7711409,15.56396484375
7715379,17.4560546875
7719880,15.68603515625
7720115,17.333984375
7727545,16.11328125
7727571,15.56396484375
7732635,15.56396484375
7742131,16.11328125
7770375,15.869140625
7770875,16.2353515625
7776480,16.17431640625
