7799001,0
207759,72.75390625
338299,31.73828125
338327,82.21435546875
338342,107.60498046875
338375,92.10205078125
338399,91.24755859375
338420,40.10009765625
338452,32.71484375
338471,32.1044921875
338496,30.029296875
364186,32.89794921875
364199,38.818359375
364232,32.470703125
364266,86.0595703125
364292,31.06689453125
391550,32.16552734375
391585,39.12353515625
391599,39.36767578125
391626,75.1953125
391646,49.37744140625
443990,33.63037109375
444012,128.84521484375
444023,103.8818359375
444057,54.931640625
444068,80.26123046875
444100,45.7763671875
444133,66.34521484375
444151,39.794921875
444184,31.8603515625
444263,40.283203125
455026,32.2265625
462219,33.203125
477923,32.2265625
477938,33.75244140625
477964,70.068359375
477975,76.904296875
477996,52.3681640625
478010,41.44287109375
478053,41.259765625
478064,77.880859375
478091,30.517578125
478104,34.0576171875
478140,30.94482421875
478152,31.005859375
478213,38.51318359375
486330,31.67724609375
486361,35.5224609375
486533,33.0810546875
486605,60.1806640625
486640,41.56494140625
486915,38.87939453125
492528,31.79931640625
492897,31.73828125
492939,34.11865234375
492974,52.79541015625
498738,33.38623046875
498749,47.30224609375
498761,32.77587890625
498782,114.8681640625
504721,30.3955078125
504875,34.912109375
504953,30.57861328125
504968,58.77685546875
505452,29.72412109375
511041,29.47998046875
511246,29.9072265625
511267,50.78125
511350,31.005859375
511546,36.19384765625
516708,33.26416015625
516881,44.677734375
516906,64.88037109375
516925,34.36279296875
517125,29.35791015625
523665,35.70556640625
523719,38.330078125
523768,33.87451171875
523779,37.78076171875
523872,43.15185546875
523902,58.9599609375
528388,30.94482421875
528492,31.3720703125
528616,56.884765625
528716,52.67333984375
528736,106.01806640625
528858,30.6396484375
528892,29.541015625
528930,31.55517578125
528940,60.791015625
534596,31.43310546875
534746,75.5615234375
535046,29.78515625
535056,90.9423828125
535079,30.70068359375
539974,33.63037109375
540103,119.68994140625
540122,59.326171875
540139,30.3955078125
540185,60.85205078125
540212,34.3017578125
540547,33.3251953125
545446,30.94482421875
545517,48.2177734375
545536,47.4853515625
545561,29.60205078125
545583,60.791015625
545662,29.84619140625
545816,29.72412109375
550697,31.06689453125
550797,73.18115234375
551024,30.70068359375
551052,29.96826171875
551082,64.5751953125
554960,30.517578125
555331,31.67724609375
555511,97.10693359375
555565,68.603515625
555709,98.08349609375
555735,29.541015625
555768,66.650390625
561138,29.9072265625
561227,32.89794921875
561238,97.35107421875
561271,46.0205078125
561317,41.07666015625
561372,75.13427734375
561448,42.1142578125
561584,30.33447265625
561596,32.2265625
561617,42.29736328125
561647,57.67822265625
566481,32.5927734375
566521,36.9873046875
566538,93.26171875
566579,62.8662109375
566632,37.9638671875
566739,54.443359375
566900,30.517578125
571071,31.25
571177,32.77587890625
571255,58.59375
571436,61.4013671875
571463,110.04638671875
571512,50.4150390625
571699,31.8603515625
576092,33.5693359375
576145,139.70947265625
576206,30.1513671875
576323,31.982421875
576356,35.21728515625
576377,51.45263671875
579874,30.09033203125
580262,31.494140625
583940,37.353515625
584078,75.01220703125
584090,41.8701171875
584138,33.69140625
584158,90.4541015625
584189,61.82861328125
584211,30.2734375
584285,40.34423828125
584305,35.64453125
584321,94.6044921875
588605,32.04345703125
588697,32.3486328125
588780,115.478515625
588797,29.6630859375
588894,63.96484375
588978,97.96142578125
589028,30.94482421875
589083,71.47216796875
589131,39.00146484375
589168,39.12353515625
593072,97.2900390625
593113,37.04833984375
593178,31.005859375
593230,30.09033203125
593525,29.96826171875
593593,63.65966796875
593635,49.49951171875
593648,34.36279296875
597476,30.1513671875
597513,30.3955078125
597658,101.98974609375
597683,39.55078125
600667,48.52294921875
600845,31.1279296875
600919,84.5947265625
601112,42.90771484375
601183,50.72021484375
601212,52.91748046875
601247,108.154296875
601450,89.53857421875
601494,29.47998046875
604940,31.8603515625
605687,89.53857421875
605847,63.41552734375
606139,53.89404296875
606288,94.482421875
609318,30.6396484375
609517,32.1044921875
609786,82.09228515625
609913,58.59375
613168,33.02001953125
613243,92.46826171875
613468,63.53759765625
613689,31.3720703125
613723,34.5458984375
613848,71.35009765625
613932,92.95654296875
617734,32.71484375
617842,99.609375
617860,31.005859375
617916,48.583984375
617937,30.57861328125
617958,89.78271484375
618075,39.48974609375
621371,93.44482421875
621390,33.38623046875
621551,34.85107421875
621811,35.58349609375
625081,81.60400390625
625304,37.53662109375
625314,93.505859375
625357,56.09130859375
625739,58.59375
629522,87.21923828125
629533,32.16552734375
629585,54.13818359375
629785,90.63720703125
629844,46.38671875
629899,51.7578125
633599,32.2265625
633875,96.0693359375
633949,66.58935546875
633960,29.47998046875
637206,82.70263671875
637321,32.28759765625
637334,99.12109375
637392,45.654296875
637410,78.369140625
637421,36.9873046875
637439,29.84619140625
637466,52.06298828125
641285,105.1025390625
641429,96.19140625
641455,32.3486328125
641498,61.03515625
641611,86.0595703125
641984,86.9140625
646154,31.43310546875
646181,32.53173828125
646232,29.96826171875
646358,69.7021484375
646513,35.94970703125
646565,60.72998046875
646613,86.669921875
646653,30.09033203125
646717,45.654296875
650784,30.33447265625
650842,85.0830078125
650931,33.87451171875
650961,36.2548828125
650998,78.91845703125
651021,76.72119140625
651039,36.43798828125
651056,32.16552734375
651139,46.44775390625
651189,34.72900390625
651227,55.35888671875
654366,30.33447265625
654481,98.5107421875
654614,74.3408203125
654854,61.46240234375
654886,67.68798828125
654992,30.029296875
655022,56.33544921875
655033,77.0263671875
655058,77.7587890625
658795,47.119140625
658806,86.181640625
658980,120.30029296875
659087,32.3486328125
659140,74.70703125
659169,76.47705078125
659184,80.9326171875
659242,38.02490234375
663148,83.1298828125
663230,30.94482421875
663308,66.89453125
666629,29.78515625
666655,88.37890625
666779,79.58984375
667017,76.47705078125
667037,75.439453125
667072,73.79150390625
667087,30.6396484375
667136,63.04931640625
667225,70.068359375
670729,89.35546875
670746,32.65380859375
670981,76.2939453125
671180,47.36328125
671212,45.47119140625
671351,77.20947265625
671519,29.96826171875
671626,75.0732421875
671638,55.6640625
675259,76.66015625
675624,62.56103515625
675644,75.439453125
675849,95.03173828125
679478,95.458984375
679586,30.6396484375
679712,125.8544921875
679732,33.5693359375
679808,34.5458984375
679910,34.85107421875
679921,30.6396484375
680103,75.01220703125
683505,80.6884765625
683634,82.94677734375
683990,75.25634765625
684012,36.376953125
684181,78.125
687393,76.171875
687564,50.6591796875
687892,145.69091796875
687908,51.57470703125
687937,29.47998046875
687964,46.44775390625
688050,63.8427734375
688090,61.46240234375
692599,79.65087890625
692698,89.78271484375
692737,75.68359375
692756,39.85595703125
692808,71.59423828125
692915,31.73828125
692981,35.70556640625
693003,74.40185546875
693029,31.43310546875
693287,61.8896484375
693310,46.38671875
697406,75.1953125
697421,30.3955078125
697539,77.2705078125
697592,66.2841796875
697667,30.70068359375
697758,65.97900390625
697772,61.09619140625
697843,90.2099609375
697874,64.3310546875
697908,61.46240234375
698041,83.740234375
702578,80.810546875
702704,70.73974609375
702781,78.67431640625
702936,67.56591796875
703063,57.7392578125
703117,71.77734375
703167,34.60693359375
703202,96.98486328125
703273,63.720703125
707206,83.31298828125
707353,76.0498046875
707635,75.3173828125
707653,56.33544921875
707752,52.55126953125
707800,84.77783203125
707824,51.69677734375
707956,48.828125
707972,77.0263671875
708070,29.84619140625
711882,29.78515625
711951,76.59912109375
712080,74.27978515625
712203,73.30322265625
712222,34.85107421875
712270,76.72119140625
712292,57.0068359375
712336,67.87109375
712385,50.84228515625
712488,56.94580078125
712508,76.7822265625
712653,43.45703125
712721,57.67822265625
716232,81.11572265625
716477,60.302734375
716602,64.75830078125
716720,71.47216796875
716730,60.6689453125
716841,52.67333984375
716923,60.302734375
717137,56.396484375
717322,52.001953125
720694,30.21240234375
720851,72.32666015625
720870,33.69140625
721047,63.65966796875
721066,29.84619140625
721090,103.45458984375
721173,63.78173828125
721230,54.87060546875
721402,57.80029296875
721543,57.43408203125
721583,38.51318359375
725044,76.96533203125
725150,32.3486328125
725662,70.1904296875
725998,64.75830078125
726022,32.89794921875
729167,68.54248046875
729401,62.8662109375
729612,73.66943359375
729698,77.57568359375
729708,30.3955078125
729768,66.2841796875
729916,31.982421875
729929,59.5703125
729968,29.84619140625
729981,52.55126953125
730000,75.86669921875
730139,49.8046875
730222,56.15234375
734058,77.33154296875
734216,84.89990234375
734292,55.84716796875
734422,79.40673828125
734432,65.0634765625
734498,34.36279296875
734605,44.98291015625
734627,71.77734375
734670,30.2734375
734681,66.650390625
734700,30.76171875
734763,52.001953125
734787,30.8837890625
734807,53.52783203125
734847,45.41015625
739113,32.5927734375
739176,71.533203125
739280,53.52783203125
739298,32.04345703125
739344,65.00244140625
739511,31.73828125
739634,50.29296875
739659,78.61328125
739694,55.6640625
739793,52.6123046875
743081,66.40625
743307,56.94580078125
743464,59.14306640625
743486,75.50048828125
743568,55.23681640625
743639,76.23291015625
743764,53.22265625
743820,62.5
747134,64.14794921875
747384,61.58447265625
747414,39.55078125
747549,62.8662109375
747712,76.84326171875
747804,79.04052734375
747876,51.025390625
747941,55.84716796875
751645,66.22314453125
751966,69.580078125
752107,60.4248046875
752139,87.0361328125
752170,30.82275390625
752273,65.5517578125
752342,76.0498046875
752439,47.42431640625
752467,53.1005859375
752496,48.33984375
752598,71.044921875
752700,58.16650390625
756152,71.10595703125
756372,68.2373046875
756484,60.791015625
756543,59.63134765625
756572,31.18896484375
756622,57.861328125
756855,55.6640625
756999,47.119140625
760282,65.12451171875
760303,33.14208984375
760450,62.744140625
760478,29.4189453125
760546,60.72998046875
760647,57.6171875
760696,72.75390625
760830,57.43408203125
760951,51.7578125
764332,72.93701171875
764455,63.53759765625
764473,58.4716796875
764555,65.97900390625
764617,50.29296875
764637,31.92138671875
764730,30.3955078125
764769,75.01220703125
764822,58.04443359375
764848,44.921875
765124,51.08642578125
768508,73.974609375
768598,30.45654296875
768692,57.7392578125
768788,85.75439453125
768818,60.546875
768866,29.78515625
768895,45.0439453125
769030,60.48583984375
769047,95.03173828125
769077,33.38623046875
769336,50.84228515625
773181,66.22314453125
773293,31.79931640625
773369,63.720703125
773395,86.73095703125
773512,47.91259765625
773528,32.71484375
773723,47.30224609375
773744,49.49951171875
773773,36.1328125
773936,46.2646484375
774036,80.56640625
774087,35.15625
774106,30.33447265625
777800,68.17626953125
778042,57.55615234375
778064,31.79931640625
778391,55.84716796875
778414,43.76220703125
778694,50.72021484375
778881,54.8095703125
778988,59.6923828125
779013,67.68798828125
779082,41.748046875
779112,65.49072265625
779157,50.4150390625
783760,64.75830078125
784004,56.640625
784115,59.87548828125
784148,32.28759765625
784165,75.98876953125
784196,29.47998046875
787310,60.72998046875
787835,51.45263671875
788088,56.640625
788204,62.1337890625
788277,109.0087890625
788307,35.82763671875
788518,32.3486328125
791845,62.3779296875
793800,68.66455078125
794017,54.01611328125
794080,31.92138671875
794174,76.416015625
794189,44.25048828125
794218,65.00244140625
799145,81.84814453125
799572,71.77734375
804289,70.12939453125
804468,67.626953125
804628,62.19482421875
804732,61.8896484375
804778,30.21240234375
805083,37.4755859375
810804,63.53759765625
810844,89.05029296875
810910,55.23681640625
810955,72.3876953125
811253,29.78515625
815758,74.40185546875
815947,69.7021484375
816093,81.35986328125
816108,62.3779296875
816139,41.015625
816248,80.01708984375
816268,57.31201171875
816493,53.40576171875
820516,64.14794921875
820637,65.3076171875
820723,77.08740234375
820761,82.82470703125
820774,51.45263671875
820923,77.69775390625
820970,30.33447265625
825570,76.96533203125
825928,57.6171875
826108,50.78125
826194,31.6162109375
826252,52.91748046875
826748,46.38671875
830266,78.61328125
830499,62.3779296875
830662,54.62646484375
830691,67.138671875
830858,53.52783203125
830879,89.66064453125
831026,42.96875
835516,29.60205078125
835722,74.21875
835816,76.2939453125
835872,71.47216796875
835896,47.30224609375
836052,72.1435546875
836176,39.61181640625
836186,48.7060546875
836206,54.931640625
840950,55.5419921875
841128,55.48095703125
841201,30.70068359375
841376,50.35400390625
841401,30.09033203125
841411,81.298828125
841496,40.771484375
841528,87.7685546875
841834,45.10498046875
846000,62.744140625
846178,50.59814453125
846348,78.79638671875
846358,53.466796875
846384,36.56005859375
846407,59.814453125
846433,72.75390625
846454,29.60205078125
850301,31.005859375
850700,52.42919921875
850878,36.9873046875
850992,71.6552734375
851021,30.57861328125
851042,42.90771484375
851064,68.359375
851112,68.84765625
851138,71.2890625
851229,37.2314453125
851252,36.07177734375
851335,78.55224609375
855803,55.17578125
855828,33.5693359375
856088,61.21826171875
856115,29.35791015625
856269,58.28857421875
856332,81.48193359375
856405,73.3642578125
856435,92.22412109375
856534,52.490234375
856545,76.5380859375
856566,70.6787109375
856632,52.001953125
860768,63.78173828125
860922,38.75732421875
860984,49.6826171875
861150,72.44873046875
861173,77.0263671875
861192,48.64501953125
861398,30.3955078125
861585,82.763671875
865055,62.98828125
865393,49.62158203125
865445,33.14208984375
865536,38.39111328125
865625,79.04052734375
865688,71.6552734375
865739,81.60400390625
865775,47.79052734375
865869,36.31591796875
865881,51.81884765625
865961,74.03564453125
865980,30.09033203125
866137,38.57421875
870322,56.7626953125
870586,59.26513671875
870596,33.3251953125
870762,52.978515625
870786,30.94482421875
870808,29.84619140625
870834,57.12890625
870848,65.5517578125
870962,33.38623046875
870985,32.71484375
871102,64.697265625
871126,62.68310546875
871148,30.76171875
871548,31.18896484375
875199,62.43896484375
875586,61.767578125
875665,30.3955078125
875724,69.3359375
875794,39.1845703125
875816,62.56103515625
875958,61.09619140625
875972,78.43017578125
879487,60.48583984375
879919,55.7861328125
879944,31.25
880115,39.48974609375
880154,78.91845703125
880251,30.029296875
880274,31.55517578125
880315,64.453125
880459,31.18896484375
880609,33.26416015625
880799,35.400390625
885475,57.6171875
885495,30.1513671875
885621,29.72412109375
885670,46.56982421875
885689,33.38623046875
885703,72.265625
885748,29.84619140625
885857,67.626953125
885934,67.5048828125
885947,43.9453125
885990,38.57421875
886055,52.3681640625
886093,55.23681640625
886197,56.21337890625
886222,33.203125
890728,67.7490234375
890908,60.05859375
891003,78.4912109375
891411,72.81494140625
891431,30.21240234375
891474,61.34033203125
895648,62.43896484375
896055,50.1708984375
896184,59.14306640625
896221,85.99853515625
896320,87.890625
896390,70.3125
896497,63.78173828125
896582,42.90771484375
900767,59.02099609375
901049,44.921875
901060,30.33447265625
901204,35.888671875
901227,40.34423828125
901257,78.91845703125
901284,68.54248046875
901376,36.4990234375
901432,75.50048828125
901599,52.8564453125
906862,67.81005859375
906940,30.45654296875
907060,30.8837890625
907071,34.0576171875
907107,31.1279296875
907187,66.10107421875
907201,74.03564453125
907370,123.35205078125
911981,62.43896484375
912199,55.23681640625
912383,91.30859375
912395,65.73486328125
912507,71.77734375
912547,35.5224609375
912567,62.744140625
912618,60.48583984375
912659,62.68310546875
912805,66.83349609375
912853,35.5224609375
917634,50.1708984375
917785,31.79931640625
917930,48.9501953125
918283,41.80908203125
922127,48.40087890625
922372,36.2548828125
922397,78.91845703125
922495,62.744140625
922609,31.3720703125
922645,76.59912109375
922674,30.70068359375
922708,70.49560546875
922778,72.57080078125
922859,32.40966796875
922925,63.29345703125
922947,33.447265625
927020,56.70166015625
927504,59.5703125
927959,52.06298828125
928285,48.2177734375
931307,57.43408203125
931330,32.89794921875
931514,55.11474609375
931802,44.98291015625
931947,30.70068359375
935821,52.490234375
936026,60.36376953125
936074,80.87158203125
936169,29.4189453125
936204,83.67919921875
936219,42.66357421875
936272,75.3173828125
936394,71.10595703125
936437,54.6875
936462,32.958984375
936617,31.73828125
936660,76.7822265625
942076,53.64990234375
942466,48.88916015625
942735,53.89404296875
943019,36.19384765625
943313,48.40087890625
947615,47.79052734375
950734,31.8603515625
950791,52.79541015625
950909,89.90478515625
951031,70.556640625
951120,80.2001953125
951260,66.83349609375
951278,67.32177734375
951318,42.66357421875
951447,75.439453125
951527,64.208984375
956159,53.52783203125
956430,55.6640625
956540,33.38623046875
956676,51.3916015625
956853,79.52880859375
956953,42.05322265625
957111,80.38330078125
961363,60.05859375
961836,51.26953125
962170,45.22705078125
962308,30.8837890625
962414,43.64013671875
962426,88.5009765625
962535,76.171875
962679,68.115234375
962689,61.1572265625
962761,32.8369140625
962869,64.697265625
968451,47.05810546875
968679,61.21826171875
972888,49.62158203125
973067,68.54248046875
973187,49.6826171875
973222,68.603515625
973299,69.03076171875
973317,48.33984375
973571,38.51318359375
978178,52.001953125
979418,31.31103515625
982389,61.58447265625
982564,67.2607421875
982834,32.16552734375
982901,56.57958984375
983011,73.974609375
983070,32.470703125
983089,37.65869140625
983222,48.9501953125
988156,57.7392578125
988662,54.74853515625
994844,61.34033203125
995176,52.91748046875
995194,30.517578125
995335,49.4384765625
995426,87.2802734375
995442,63.17138671875
995560,89.41650390625
995608,66.83349609375
995705,29.541015625
995742,71.044921875
1002861,60.85205078125
1006412,62.744140625
1007001,55.908203125
1007125,29.4189453125
1007229,52.1240234375
1007241,85.8154296875
1007341,29.60205078125
1007390,72.57080078125
1007542,34.3017578125
1007630,44.73876953125
1018074,64.63623046875
1021483,67.19970703125
1021770,58.65478515625
1022176,49.37744140625
1022193,34.24072265625
1022267,72.20458984375
1022339,58.16650390625
1022420,80.62744140625
1022614,42.3583984375
1041542,68.05419921875
1045976,75.37841796875
1290508,38.14697265625
1290536,38.6962890625
1290554,37.78076171875
1371229,42.41943359375
1371254,92.95654296875
1371282,49.9267578125
1429361,29.541015625
1429393,30.94482421875
1429414,49.25537109375
1429430,30.6396484375
1429440,35.82763671875
1462870,32.1044921875
1462887,50.59814453125
1462908,39.9169921875
1462931,46.5087890625
1462964,30.09033203125
1510386,29.9072265625
1510409,37.9638671875
1527539,31.1279296875
1527568,56.82373046875
1527578,72.69287109375
1527601,76.11083984375
1527628,72.021484375
1527651,33.69140625
1527669,77.57568359375
1527722,31.06689453125
1547558,40.34423828125
1547578,33.8134765625
1547588,63.53759765625
1547609,96.5576171875
1547636,37.29248046875
1547650,30.2734375
1547685,32.71484375
1568986,34.0576171875
1569007,46.142578125
1569023,96.13037109375
1569043,59.63134765625
1569066,76.904296875
1569081,56.0302734375
1569152,29.96826171875
1585942,48.2177734375
1585963,57.18994140625
1585987,59.4482421875
1586006,98.20556640625
1586020,68.359375
1603828,30.09033203125
1603855,37.59765625
1603870,65.61279296875
1603897,87.58544921875
1603924,103.3935546875
1603934,60.546875
1603949,49.86572265625
1603988,40.22216796875
1617618,41.1376953125
1617640,78.79638671875
1617660,56.45751953125
1617674,81.54296875
1617700,52.978515625
1617715,56.21337890625
1634124,35.888671875
1634152,82.58056640625
1634178,183.28857421875
1634196,50.1708984375
1634208,47.18017578125
1634233,91.796875
1634251,62.3779296875
1634277,35.2783203125
1647959,32.71484375
1647984,77.57568359375
1647997,48.095703125
1648008,55.60302734375
1648018,97.83935546875
1648051,58.41064453125
1648069,60.24169921875
1648085,79.52880859375
1648101,41.68701171875
1648127,52.490234375
1648149,31.18896484375
1648198,30.21240234375
1648248,38.51318359375
1659135,31.005859375
1659153,30.2734375
1659179,46.7529296875
1659191,153.1982421875
1659214,72.57080078125
1659243,55.6640625
1659258,68.78662109375
1659285,60.9130859375
1659309,38.02490234375
1659331,43.15185546875
1659344,30.2734375
1669632,31.79931640625
1669662,50.35400390625
1669685,65.673828125
1669697,71.8994140625
1669724,55.96923828125
1669747,59.75341796875
1669775,30.45654296875
1669789,39.306640625
1669825,29.84619140625
1669944,34.85107421875
1683356,30.45654296875
1683560,30.70068359375
1683913,39.24560546875
1683941,78.79638671875
1683962,60.24169921875
1683985,85.63232421875
1684023,37.04833984375
1684040,30.82275390625
1684066,31.982421875
1684108,29.72412109375
1684123,30.029296875
1684159,31.79931640625
1693716,34.85107421875
1693759,29.60205078125
1693783,56.5185546875
1693801,81.4208984375
1693833,57.06787109375
1693854,46.0205078125
1693873,49.49951171875
1693921,33.447265625
1694043,29.84619140625
1704565,30.09033203125
1704593,32.5927734375
1704621,80.078125
1704640,39.55078125
1704655,37.353515625
1704676,44.61669921875
1704706,31.73828125
1704719,72.021484375
1704738,29.35791015625
1710791,31.1279296875
1719077,30.09033203125
1719095,37.9638671875
1719110,29.72412109375
1719143,69.15283203125
1719154,116.39404296875
1719182,165.10009765625
1719204,77.0263671875
1719223,45.5322265625
1719236,34.97314453125
1719263,63.5986328125
1719299,33.0810546875
1719314,32.28759765625
1719333,30.82275390625
1730674,31.982421875
1730694,39.4287109375
1730713,35.70556640625
1730740,73.73046875
1730762,63.96484375
1730789,31.79931640625
1730800,87.2802734375
1730824,39.306640625
1730871,66.46728515625
1730904,31.43310546875
1738030,32.71484375
1743565,31.06689453125
1743594,53.03955078125
1743610,124.267578125
1743632,79.7119140625
1743650,123.84033203125
1743664,51.025390625
1743678,41.1376953125
1743701,39.36767578125
1743715,70.4345703125
1743742,86.42578125
1751068,31.6162109375
1753530,31.43310546875
1760511,29.84619140625
1760556,34.423828125
1760575,39.6728515625
1760596,105.95703125
1760627,33.14208984375
1760644,54.62646484375
1760662,37.53662109375
1760831,30.029296875
1774478,39.73388671875
1774492,39.48974609375
1774512,30.21240234375
1774534,76.0498046875
1774556,64.8193359375
1774588,31.18896484375
1774602,61.58447265625
1774624,44.7998046875
1782317,30.8837890625
1789079,33.5693359375
1792442,31.25
1792492,29.541015625
1792520,126.15966796875
1792535,33.8134765625
1792553,72.509765625
1792569,35.5224609375
1792592,46.08154296875
1792611,30.33447265625
1808159,40.95458984375
1808190,93.505859375
1808202,31.43310546875
1808218,113.1591796875
1808282,55.35888671875
1821047,115.1123046875
1821071,54.3212890625
1821100,106.99462890625
1821120,78.369140625
1821137,102.783203125
1821163,38.0859375
1821173,31.06689453125
1821223,31.92138671875
1871753,30.33447265625
1871772,45.8984375
1893184,33.5693359375
1893239,35.46142578125
1925467,31.18896484375
1979010,29.6630859375
2094482,29.84619140625
2537223,29.9072265625
2615323,40.34423828125
2615360,33.935546875
2615382,31.494140625
2658962,29.35791015625
2659001,31.31103515625
2659076,39.48974609375
2659453,71.59423828125
2688790,74.21875
2710095,43.45703125
2710119,71.35009765625
2710149,30.21240234375
2710202,32.77587890625
2724729,66.7724609375
2724795,30.6396484375
2747747,57.06787109375
2755888,30.029296875
2755902,42.90771484375
2755923,100.5859375
2755940,39.36767578125
2755954,69.88525390625
2755982,91.36962890625
2756000,33.75244140625
2795160,62.68310546875
2795213,33.26416015625
2795281,30.33447265625
2822699,51.3916015625
2822725,29.541015625
2822744,38.9404296875
2822777,53.89404296875
2822789,84.28955078125
2847572,31.67724609375
2847585,39.4287109375
2847624,72.44873046875
2847641,37.90283203125
2847672,30.029296875
2872862,52.91748046875
2872931,75.439453125
2872989,35.46142578125
2884302,52.06298828125
2884313,60.05859375
2884393,33.63037109375
2899314,38.26904296875
2899327,46.2646484375
2899338,36.62109375
2899384,88.623046875
2899396,37.17041015625
2899418,34.24072265625
2899471,30.2734375
2899495,33.5693359375
2911256,43.5791015625
2911290,30.029296875
2911315,33.0810546875
2911347,35.5224609375
2911647,36.07177734375
2923621,41.19873046875
2933332,73.18115234375
2945079,90.88134765625
2945099,39.97802734375
2945125,106.8115234375
2945154,29.4189453125
2945179,51.8798828125
2945199,31.79931640625
2945219,30.8837890625
2978060,50.29296875
2978107,65.49072265625
2987372,30.21240234375
2987423,30.57861328125
2987457,29.4189453125
2987491,36.9873046875
2987533,36.62109375
2987553,29.9072265625
2987602,30.45654296875
2987625,36.0107421875
3002760,33.5693359375
3011972,33.63037109375
3012001,32.8369140625
3012035,105.46875
3012051,30.21240234375
3012073,35.46142578125
3012107,46.0205078125
3020328,45.10498046875
3020445,31.982421875
3020457,62.255859375
3020497,67.7490234375
3020522,34.5458984375
3020546,38.818359375
3043460,31.25
3043501,117.61474609375
3043537,44.677734375
3043554,32.04345703125
3043580,36.31591796875
3043602,51.45263671875
3043613,49.4384765625
3043639,35.2783203125
3043668,29.72412109375
3060755,39.1845703125
3060811,32.16552734375
3060851,38.57421875
3060874,46.142578125
3060891,58.7158203125
3060902,115.41748046875
3060916,68.9697265625
3060937,36.4990234375
3060953,38.6962890625
3060981,32.2265625
3061019,62.5
3081389,33.14208984375
3081411,30.6396484375
3081422,49.74365234375
3081446,80.56640625
3081481,46.08154296875
3081512,55.17578125
3081525,32.5927734375
3081543,55.60302734375
3081577,32.53173828125
3100032,45.166015625
3100145,54.6875
3100170,41.44287109375
3100208,32.04345703125
3100236,43.64013671875
3100247,32.16552734375
3100277,60.9130859375
3100329,48.9501953125
3109547,33.87451171875
3109925,35.94970703125
3109978,35.70556640625
3128943,35.82763671875
3128953,29.60205078125
3129126,63.90380859375
3129145,42.6025390625
3129170,34.7900390625
3129190,68.4814453125
3129227,44.5556640625
3155595,29.35791015625
3155617,72.3876953125
3155638,44.25048828125
3155655,36.4990234375
3155700,69.82421875
3155718,46.2646484375
3155741,66.89453125
3155751,42.54150390625
3155773,29.9072265625
3155807,29.47998046875
3167849,38.14697265625
3167861,36.62109375
3167936,32.5927734375
3168062,31.3720703125
3168123,30.09033203125
3188180,37.2314453125
3188236,36.4990234375
3188250,68.29833984375
3188276,73.73046875
3188291,34.24072265625
3188317,36.19384765625
3188347,29.35791015625
3188371,32.28759765625
3188392,30.57861328125
3188418,32.53173828125
3205529,35.94970703125
3205679,46.69189453125
3205693,47.54638671875
3205729,37.65869140625
3215382,37.841796875
3215412,48.15673828125
3215431,78.06396484375
3215469,36.19384765625
3215488,38.87939453125
3229323,31.005859375
3229404,37.9638671875
3229440,30.57861328125
3229461,30.94482421875
3247264,33.75244140625
3247372,31.3720703125
3247387,35.64453125
3247445,30.76171875
3247474,36.43798828125
3258297,45.2880859375
3258419,30.029296875
3258438,48.2177734375
3258452,45.0439453125
3258481,84.53369140625
3258508,31.18896484375
3258548,34.0576171875
3276478,32.28759765625
3276503,43.02978515625
3276536,35.82763671875
3276563,33.38623046875
3276575,31.79931640625
3276599,38.39111328125
3276661,29.78515625
3276795,33.14208984375
3292053,35.5224609375
3292097,40.0390625
3292129,31.67724609375
3292167,30.94482421875
3292208,75.98876953125
3299458,37.4755859375
3299530,34.66796875
3299669,30.82275390625
3299679,39.9169921875
3299741,49.4384765625
3309433,31.494140625
3309673,38.57421875
3309685,69.64111328125
3309759,67.2607421875
3320109,43.51806640625
3320186,30.57861328125
3320196,41.07666015625
3320227,53.466796875
3320251,30.70068359375
3320273,38.63525390625
3320305,35.33935546875
3320324,115.3564453125
3320364,33.63037109375
3330664,38.2080078125
3330674,41.748046875
3330706,34.912109375
3330752,31.67724609375
3330784,112.36572265625
3330801,38.6962890625
3330855,60.11962890625
3343110,38.75732421875
3343277,42.54150390625
3343293,33.8134765625
3343338,32.470703125
3343352,31.6162109375
3343379,55.0537109375
3343407,90.576171875
3343421,37.17041015625
3351092,34.60693359375
3351105,51.513671875
3351181,105.1025390625
3361365,37.353515625
3361384,37.109375
3361426,33.203125
3361475,36.7431640625
3361500,32.16552734375
3361528,36.43798828125
3361547,82.33642578125
3361557,56.21337890625
3361582,50.59814453125
3361638,50.72021484375
3368441,31.43310546875
3368524,33.5693359375
3368543,34.7900390625
3368579,30.09033203125
3368611,36.9873046875
3368623,75.927734375
3368635,36.0107421875
3368702,56.0302734375
3378196,36.7431640625
3378217,30.2734375
3378232,42.78564453125
3378328,42.78564453125
3378382,31.982421875
3378416,41.3818359375
3378431,29.47998046875
3391272,36.43798828125
3391292,50.1708984375
3391313,31.06689453125
3391333,103.8818359375
3391353,116.5771484375
3391363,96.25244140625
3391397,37.2314453125
3391422,70.49560546875
3391440,52.1240234375
3391484,33.5693359375
3406191,39.4287109375
3406223,46.08154296875
3406264,61.58447265625
3406284,36.80419921875
3406309,31.73828125
3406364,35.21728515625
3406381,33.447265625
3416119,34.85107421875
3416185,33.447265625
3416201,32.5927734375
3416230,36.7431640625
3416254,79.52880859375
3416280,64.0869140625
3416304,132.26318359375
3416336,35.0341796875
3416347,31.25
3427347,36.80419921875
3427464,33.63037109375
3427489,32.89794921875
3427506,38.57421875
3427527,31.79931640625
3427562,29.84619140625
3427581,74.40185546875
3427593,35.5224609375
3438442,35.82763671875
3438573,50.35400390625
3438588,35.400390625
3438605,86.7919921875
3438626,57.43408203125
3438651,46.08154296875
3438665,128.90625
3438687,32.04345703125
3438698,34.36279296875
3459610,35.7666015625
3459647,33.69140625
3459669,33.69140625
3459693,139.5263671875
3459716,38.26904296875
3459743,31.67724609375
3459768,88.8671875
3459784,39.97802734375
3459802,33.935546875
3459825,30.029296875
3468645,39.0625
3468675,54.931640625
3468700,43.88427734375
3468718,118.2861328125
3468741,40.0390625
3468763,138.36669921875
3468796,45.71533203125
3468806,77.69775390625
3468825,50.10986328125
3468864,87.34130859375
3481895,30.029296875
3482083,32.16552734375
3482177,32.958984375
3482217,30.57861328125
3482296,30.09033203125
3500585,41.19873046875
3500603,78.857421875
3500663,48.27880859375
3500677,76.7822265625
3500690,51.08642578125
3500714,105.89599609375
3500739,56.09130859375
3509910,36.376953125
3509931,108.33740234375
3509965,66.58935546875
3510035,95.03173828125
3510102,46.630859375
3510134,80.6884765625
3510158,54.87060546875
3523423,39.0625
3523537,38.75732421875
3523550,53.8330078125
3523588,85.38818359375
3523621,52.8564453125
3523631,31.18896484375
3523658,36.0107421875
3523672,49.6826171875
3523685,92.59033203125
3523706,74.462890625
3533104,29.72412109375
3533197,43.5791015625
3533227,39.4287109375
3533266,100.76904296875
3533299,95.5810546875
3533322,44.3115234375
3547201,36.07177734375
3547280,35.0341796875
3547353,29.84619140625
3547413,31.73828125
3547462,33.5693359375
3547493,135.43701171875
3547505,83.3740234375
3547547,96.61865234375
3547559,29.96826171875
3547607,36.31591796875
3547659,31.18896484375
3560674,35.33935546875
3560748,37.17041015625
3560842,32.2265625
3560852,131.04248046875
3560866,106.689453125
3560882,50.9033203125
3560926,30.09033203125
3560944,37.353515625
3560995,35.0341796875
3573950,35.400390625
3573978,35.33935546875
3573988,31.73828125
3574039,35.64453125
3574051,119.62890625
3574071,54.0771484375
3574095,42.66357421875
3574120,137.5732421875
3574142,43.3349609375
3574171,32.53173828125
3574231,67.9931640625
3580712,55.0537109375
3580909,33.26416015625
3580939,69.3359375
3580990,33.38623046875
3594272,38.87939453125
3594398,30.2734375
3594457,47.4853515625
3594492,40.71044921875
3594520,210.75439453125
3594552,42.29736328125
3594562,46.875
3594583,53.5888671875
3594596,38.87939453125
3594634,79.345703125
3601981,38.26904296875
3602226,35.64453125
3602241,32.3486328125
3602276,34.5458984375
3602325,32.04345703125
3607819,39.306640625
3607845,114.2578125
3607875,33.3251953125
3607924,105.52978515625
3607948,46.93603515625
3607968,51.81884765625
3607999,72.20458984375
3608016,31.1279296875
3608074,105.712890625
3616386,32.65380859375
3616437,44.37255859375
3616493,36.07177734375
3616510,97.22900390625
3616548,31.92138671875
3616560,30.94482421875
3616616,31.6162109375
3623151,30.82275390625
3623269,30.70068359375
3623481,30.8837890625
3623507,58.89892578125
3623559,33.8134765625
3623625,99.609375
3623667,73.42529296875
3631180,29.96826171875
3631206,39.85595703125
3631218,36.07177734375
3631232,37.4755859375
3631247,47.05810546875
3631274,114.80712890625
3631300,32.04345703125
3631315,71.22802734375
3631333,41.32080078125
3631412,33.26416015625
3640374,29.9072265625
3640452,30.029296875
3640465,30.8837890625
3640489,35.82763671875
3646468,41.015625
3646558,45.41015625
3646578,71.4111328125
3646599,33.935546875
3646622,38.6962890625
3646652,89.2333984375
3646668,41.44287109375
3646688,95.39794921875
3646722,30.8837890625
3655377,39.6728515625
3655418,37.9638671875
3655446,34.912109375
3655620,34.5458984375
3655645,100.830078125
3655737,30.57861328125
3655814,40.46630859375
3655919,38.818359375
3663726,35.70556640625
3663935,37.7197265625
3663945,34.72900390625
3663958,100.28076171875
3663999,34.66796875
3664015,89.41650390625
3664027,37.841796875
3664050,43.0908203125
3664102,68.78662109375
3664117,30.09033203125
3669753,35.33935546875
3669909,105.52978515625
3669946,109.80224609375
3678600,44.25048828125
3678705,29.541015625
3678718,103.515625
3678744,76.416015625
3678789,57.7392578125
3678830,90.9423828125
3678874,67.56591796875
3688444,35.400390625
3688455,115.53955078125
3693400,37.41455078125
3699120,44.7998046875
3699155,34.97314453125
3699185,130.7373046875
3699201,36.2548828125
3699246,49.4384765625
3699278,35.09521484375
3699320,63.96484375
3699389,88.80615234375
3699435,29.4189453125
3708230,38.0859375
3708281,36.0107421875
3708334,32.1044921875
3708356,124.1455078125
3708431,31.982421875
3708468,77.5146484375
3708484,30.1513671875
3720916,31.67724609375
3720934,30.45654296875
3720998,33.3251953125
3721022,144.1650390625
3721035,33.63037109375
3721120,110.16845703125
3721130,30.09033203125
3721207,35.09521484375
3728552,38.57421875
3728587,42.66357421875
3728630,37.4755859375
3728667,40.71044921875
3728708,31.25
3728726,89.4775390625
3738205,108.642578125
3738238,84.716796875
3738301,81.84814453125
3738320,83.19091796875
3738332,88.623046875
3738368,30.6396484375
3738419,67.44384765625
3744710,42.6025390625
3744738,33.75244140625
3744878,101.9287109375
3745330,29.60205078125
3755339,32.1044921875
3755483,34.36279296875
3755511,48.9501953125
3755559,119.81201171875
3755569,48.095703125
3755591,34.85107421875
3755621,30.8837890625
3755641,56.15234375
3755680,56.884765625
3755696,45.5322265625
3755727,30.1513671875
3767438,30.1513671875
3767517,48.583984375
3767605,30.45654296875
3767632,30.57861328125
3767705,32.16552734375
3767732,32.8369140625
3774892,33.8134765625
3781589,32.28759765625
3781648,63.53759765625
3782014,46.7529296875
3782060,30.8837890625
3790137,29.60205078125
3790152,31.06689453125
3790197,42.48046875
3790216,90.27099609375
3790229,30.33447265625
3790268,103.759765625
3790287,29.78515625
3790316,39.794921875
3790338,86.12060546875
3790440,103.515625
3790453,31.6162109375
3797767,31.3720703125
3797937,38.330078125
3797957,31.982421875
3809782,39.48974609375
3809842,33.203125
3809907,32.958984375
3810124,107.421875
3816400,36.92626953125
3825644,37.4755859375
3825695,37.353515625
3825706,33.935546875
3825717,43.8232421875
3825916,42.96875
3826007,83.55712890625
3833953,33.99658203125
3843871,91.24755859375
3843893,36.2548828125
3855350,33.447265625
3855362,43.45703125
3855404,33.935546875
3855455,111.38916015625
3855609,36.2548828125
3855624,113.28125
3871318,45.22705078125
3871399,33.14208984375
3871481,58.16650390625
3885623,35.82763671875
3885654,30.1513671875
3885787,29.4189453125
3885845,36.7431640625
3885878,35.2783203125
3885947,108.2763671875
3907546,45.654296875
3907565,36.07177734375
3907731,41.32080078125
3907757,44.00634765625
3907781,40.771484375
3907791,35.70556640625
3907943,112.36572265625
3908024,33.63037109375
3908036,109.06982421875
3908050,38.75732421875
3908300,34.36279296875
4624217,34.48486328125
4648446,29.78515625
4661910,29.84619140625
4705213,36.1328125
4705229,30.33447265625
4705335,32.5927734375
4757228,31.25
4772647,29.6630859375
4772661,37.353515625
4772703,39.306640625
4810940,45.8984375
4810956,30.45654296875
4835794,31.18896484375
4835812,30.70068359375
4835907,30.6396484375
4849901,30.3955078125
4858523,31.1279296875
4869265,36.68212890625
4889096,30.45654296875
4893340,33.87451171875
4897935,29.72412109375
4903193,33.3251953125
4911619,36.376953125
4928744,32.16552734375
4936929,43.02978515625
4936942,35.09521484375
4937018,33.02001953125
4941594,29.78515625
4954152,31.982421875
4954183,30.82275390625
4954224,29.9072265625
4954325,29.6630859375
4961759,39.00146484375
4961793,32.1044921875
4961968,39.794921875
4968912,39.85595703125
4975845,30.2734375
4979813,30.45654296875
4979975,30.1513671875
5001870,31.8603515625
5002025,32.958984375
5012438,34.7900390625
5016815,30.82275390625
5026047,32.16552734375
5041773,33.02001953125
5062279,30.029296875
5062656,31.982421875
5067936,33.8134765625
5068203,36.56005859375
5074047,53.77197265625
5079845,30.21240234375
5079936,34.1796875
5079952,31.1279296875
5079988,37.2314453125
5084502,29.35791015625
5087808,32.53173828125
5088043,32.958984375
5094974,31.005859375
5100109,35.82763671875
5115063,32.8369140625
5121159,31.31103515625
5124063,30.1513671875
5124112,29.541015625
5147614,29.47998046875
5147669,31.06689453125
5147757,93.68896484375
5152280,32.16552734375
5152363,90.087890625
5152398,31.55517578125
5157111,36.31591796875
5164918,43.5791015625
5164982,32.1044921875
5171543,31.25
5171650,32.5927734375
5171680,30.517578125
5206188,32.40966796875
5209971,35.94970703125
5210174,29.9072265625
5213586,31.18896484375
5213603,30.94482421875
5218602,30.76171875
5218644,33.99658203125
5232238,35.58349609375
5235653,32.71484375
5242580,30.3955078125
5242601,30.82275390625
5242728,33.02001953125
5252588,31.73828125
5252670,96.5576171875
5257237,30.517578125
5269190,39.24560546875
5269240,29.35791015625
5295853,37.90283203125
5299355,33.75244140625
5310891,31.005859375
5316966,35.33935546875
5324685,36.62109375
5324862,29.35791015625
5337718,34.1796875
5354917,29.6630859375
5361994,32.71484375
5362011,32.1044921875
5362044,39.48974609375
5393632,31.73828125
5398064,33.935546875
5407004,32.65380859375
5407038,31.55517578125
5407152,31.494140625
5415978,33.8134765625
5424084,31.31103515625
5424306,34.97314453125
5429973,29.84619140625
5429983,29.78515625
5436101,32.53173828125
5440754,37.4755859375
5440861,30.57861328125
5441010,29.60205078125
5471929,32.40966796875
5475642,35.5224609375
5488980,34.66796875
5489036,43.02978515625
5498864,29.541015625
5506315,32.958984375
5512862,30.82275390625
5513815,38.4521484375
5513849,34.60693359375
5532487,33.87451171875
5538685,30.45654296875
5539718,31.79931640625
5539745,43.9453125
5539760,33.87451171875
5539778,44.86083984375
5539796,35.70556640625
5539821,30.70068359375
5550138,31.005859375
5550156,31.494140625
5550192,39.97802734375
5550211,37.29248046875
5550253,29.84619140625
5550276,31.73828125
5562125,30.8837890625
5562146,35.94970703125
5562194,30.45654296875
5562219,36.56005859375
5562242,43.9453125
5571526,30.6396484375
5582310,32.5927734375
5582331,35.7666015625
5582359,55.84716796875
5582375,54.50439453125
5582412,37.353515625
5582450,30.517578125
5591510,38.0859375
5591541,35.888671875
5591568,43.39599609375
5591611,29.84619140625
5603812,30.6396484375
5603827,31.8603515625
5603844,29.84619140625
5603872,32.65380859375
5603908,75.50048828125
5628160,30.82275390625
5628319,30.45654296875
5628330,35.82763671875
5652254,32.2265625
5672301,29.9072265625
5672529,31.67724609375
5672600,29.47998046875
5686367,35.15625
5686401,33.203125
5686517,36.68212890625
5695860,33.26416015625
5708788,31.43310546875
5773701,30.70068359375
5794074,29.35791015625
5794277,32.958984375
5821294,40.46630859375
5951021,31.18896484375
6105008,30.029296875
6220170,29.47998046875
6283298,38.14697265625
6289340,29.35791015625
6312829,30.82275390625
6312860,31.1279296875
6320823,30.21240234375
6320865,30.57861328125
6328567,39.0625
6328577,32.958984375
6328612,29.35791015625
6328636,33.203125
6335473,39.12353515625
6343302,39.4287109375
6343314,32.65380859375
6343353,37.17041015625
6343379,46.32568359375
6343411,33.63037109375
6343509,30.70068359375
6349889,29.9072265625
6349913,39.0625
6349933,34.48486328125
6349951,32.65380859375
6363786,45.166015625
6363826,30.33447265625
6363842,37.90283203125
6363865,39.4287109375
6363891,45.34912109375
6364049,30.76171875
6373023,29.6630859375
6373048,32.71484375
6373091,29.6630859375
6373123,31.3720703125
6381228,29.541015625
6391977,32.77587890625
6392011,36.376953125
6392047,84.9609375
6392077,31.18896484375
6392112,29.96826171875
6407338,32.8369140625
6407368,45.10498046875
6424412,30.8837890625
6424440,32.5927734375
6424451,38.26904296875
6424493,30.57861328125
6424507,48.88916015625
6424520,76.904296875
6424575,35.21728515625
6424603,33.75244140625
6443283,40.1611328125
6443322,33.50830078125
6443354,31.494140625
6460945,29.47998046875
6499319,31.73828125
6533537,29.78515625
6533555,31.1279296875
6543879,33.87451171875
6550996,32.28759765625
6556310,30.3955078125
6565964,29.60205078125
6566008,48.4619140625
6573324,32.53173828125
6573429,44.12841796875
6573455,49.37744140625
6577179,32.470703125
6586777,35.15625
6586822,29.541015625
6591029,32.8369140625
6591093,32.04345703125
6598512,30.8837890625
6598586,29.72412109375
6606275,29.6630859375
6613801,31.6162109375
6614040,32.04345703125
6614129,30.3955078125
6618216,30.029296875
6618262,30.70068359375
6618285,38.330078125
6623956,29.72412109375
6624009,33.63037109375
6624030,35.94970703125
6624062,91.1865234375
6624074,30.8837890625
6624089,48.7060546875
6632351,29.4189453125
6632471,83.49609375
6643547,41.1376953125
6643581,34.7900390625
6643627,32.40966796875
6643644,35.7666015625
6643662,34.0576171875
6643966,32.2265625
6651621,32.470703125
6651665,29.9072265625
6651727,30.09033203125
6651762,102.72216796875
6651780,30.2734375
6663535,32.1044921875
6663580,31.43310546875
6663606,36.9873046875
6663636,36.92626953125
6663664,43.88427734375
6673719,31.18896484375
6674049,30.70068359375
6678702,29.4189453125
6678871,32.65380859375
6679154,32.89794921875
6690666,32.5927734375
6698596,31.982421875
6698689,36.31591796875
6698734,34.36279296875
6698753,30.09033203125
6698813,70.3125
6698825,92.6513671875
6698877,52.978515625
6707737,78.91845703125
6707852,31.67724609375
6707877,40.46630859375
6708002,38.6962890625
6714948,29.35791015625
6723215,31.494140625
6723325,33.447265625
6730364,38.02490234375
6730428,34.60693359375
6730515,30.21240234375
6737336,29.47998046875
6737605,29.35791015625
6744452,30.76171875
6753131,38.4521484375
6753277,33.5693359375
6753288,39.794921875
6761185,29.72412109375
6761210,30.33447265625
6761236,87.0361328125
6761411,36.9873046875
6761504,35.2783203125
6761528,35.7666015625
6761659,32.04345703125
6769286,30.70068359375
6769300,35.2783203125
6769551,31.494140625
6769563,38.9404296875
6769715,32.71484375
6769795,31.31103515625
6776840,32.65380859375
6776889,30.09033203125
6785670,30.45654296875
6785752,29.72412109375
6785959,33.5693359375
6791225,30.33447265625
6794818,36.92626953125
6794837,86.3037109375
6794866,35.21728515625
6794988,48.64501953125
6800966,29.6630859375
6801196,32.16552734375
6801364,34.5458984375
6801387,92.6513671875
6801457,35.15625
6812187,57.06787109375
6818543,31.25
6818556,37.4755859375
6824276,30.57861328125
6824354,31.6162109375
6824466,29.84619140625
6837524,33.87451171875
6837579,41.50390625
6842537,34.1796875
6842643,32.40966796875
6842732,85.9375
6842764,103.02734375
6842867,30.029296875
6850380,41.93115234375
6850417,34.72900390625
6850430,82.09228515625
6850600,31.494140625
6857110,32.5927734375
6857280,31.79931640625
6862052,32.89794921875
6862250,30.45654296875
6862269,83.31298828125
6862290,60.9130859375
6862315,34.423828125
6871385,31.79931640625
6871496,93.994140625
6871520,36.1328125
6871619,30.3955078125
6879057,112.3046875
6885862,34.85107421875
6885960,30.09033203125
6886010,29.84619140625
6886071,37.59765625
6891707,29.6630859375
6891803,31.73828125
6897027,31.06689453125
6897414,29.84619140625
6903801,31.73828125
6903837,33.5693359375
6903940,118.0419921875
6903990,33.935546875
6904010,122.74169921875
6904025,31.005859375
6909187,29.9072265625
6909314,34.7900390625
6915748,31.1279296875
6915988,32.470703125
6916116,30.57861328125
6924992,35.64453125
6925241,32.53173828125
6931674,106.26220703125
6931925,108.154296875
6938671,42.236328125
6938720,29.35791015625
6944391,31.494140625
6944417,30.09033203125
6944692,36.07177734375
6944710,96.3134765625
6951382,31.005859375
6956940,32.470703125
6957021,30.21240234375
6957255,31.67724609375
6972495,90.576171875
6972594,38.02490234375
6972620,32.470703125
6972735,32.28759765625
6983321,31.79931640625
6990239,33.50830078125
6990263,31.73828125
6990304,33.38623046875
6990363,99.7314453125
6996208,32.71484375
7002017,42.29736328125
7002041,94.3603515625
7008349,31.31103515625
7008464,35.0341796875
7008485,102.1728515625
7008581,93.26171875
7016051,101.5625
7016191,33.0810546875
7021896,30.6396484375
7029190,31.8603515625
7029227,34.423828125
7029258,33.02001953125
7029290,34.24072265625
7029348,89.9658203125
7035573,29.84619140625
7035681,91.30859375
7035911,46.9970703125
7043152,30.94482421875
7043397,33.26416015625
7043546,33.02001953125
7049836,101.806640625
7061143,30.517578125
7061244,30.029296875
7061273,92.46826171875
7061349,34.7900390625
7061393,98.14453125
7061511,39.24560546875
7068344,38.14697265625
7068509,35.09521484375
7068540,32.53173828125
7081676,29.35791015625
7081816,30.029296875
7081922,96.61865234375
7082096,90.63720703125
7094228,31.67724609375
7094428,100.89111328125
7094449,33.87451171875
7100873,99.30419921875
7101020,29.60205078125
7101154,85.9375
7101259,29.6630859375
7108265,29.96826171875
7117952,94.66552734375
7118086,34.85107421875
7118111,93.994140625
7125754,29.6630859375
7137570,40.71044921875
7137587,88.8671875
7143791,44.189453125
7143905,31.005859375
7155796,94.1162109375
7164454,31.6162109375
7164616,41.259765625
7172235,31.31103515625
7181012,48.52294921875
7190011,105.46875
7200548,30.09033203125
7216255,34.1796875
7216320,29.84619140625
7216379,30.33447265625
7216579,39.306640625
7461539,30.2734375
7461568,33.203125
7520515,29.541015625
7526258,30.3955078125
7553699,33.0810546875
7557757,31.3720703125
7561751,30.76171875
7565767,36.7431640625
7572642,32.958984375
7572678,30.33447265625
7572697,33.63037109375
7576526,33.14208984375
7591143,30.70068359375
7591177,33.50830078125
7591218,32.53173828125
7601785,36.43798828125
7601859,31.06689453125
7618195,31.73828125
7618292,39.61181640625
7625196,36.376953125
7625214,47.91259765625
7625226,29.60205078125
7625255,32.5927734375
7625266,38.14697265625
7625317,31.43310546875
7637228,30.57861328125
7637248,29.78515625
7637274,30.70068359375
7646531,44.12841796875
7646561,50.72021484375
7646578,46.38671875
7646601,41.8701171875
7646630,59.326171875
7646658,37.90283203125
7662021,29.84619140625
7662071,33.63037109375
7662088,41.1376953125
7662123,30.1513671875
7672953,30.517578125
7673035,36.2548828125
7685097,31.73828125
7685128,50.72021484375
7685148,40.95458984375
7685164,46.32568359375
7685180,57.4951171875
7685201,44.49462890625
7685213,44.98291015625
7685250,39.73388671875
7685285,29.35791015625
7685296,47.30224609375
7685306,30.21240234375
7685384,29.72412109375
7685517,33.203125
7729570,30.029296875
7744167,42.66357421875
7744191,36.19384765625
7744221,32.5927734375
7744243,33.02001953125
7744263,31.55517578125
7744288,32.04345703125
7764496,40.58837890625
7764553,32.3486328125
7784362,33.38623046875
7784379,30.76171875
7797185,32.77587890625
7797222,34.423828125
7797242,41.07666015625
7797270,33.99658203125
7797300,35.21728515625
7797310,36.1328125
7797332,33.0810546875
7797345,37.53662109375
