2999000,0
1198,43.701171875
6543,45.71533203125
13366,37.04833984375
15838,44.677734375
24491,42.724609375
28257,36.865234375
30570,43.5791015625
38504,36.9873046875
42486,41.3818359375
47271,43.39599609375
50912,42.78564453125
54780,46.9970703125
57540,42.6025390625
61863,38.330078125
66245,45.8984375
74404,41.32080078125
77382,38.6962890625
78015,42.54150390625
86760,42.66357421875
91265,42.3583984375
91917,43.51806640625
98336,40.34423828125
102170,39.00146484375
104799,38.02490234375
106498,42.90771484375
110752,41.9921875
115434,45.166015625
120810,38.02490234375
121516,36.865234375
125809,37.4755859375
130629,38.6962890625
131405,40.283203125
134198,44.00634765625
146262,41.32080078125
147027,42.54150390625
151309,43.212890625
158469,38.0859375
159189,42.236328125
163481,39.36767578125
167787,49.37744140625
170253,40.10009765625
173357,46.875
177829,37.841796875
178256,39.55078125
183046,39.306640625
183837,46.93603515625
195950,39.306640625
197692,43.3349609375
200931,40.95458984375
201656,42.05322265625
204733,40.1611328125
211674,44.0673828125
214763,39.61181640625
221705,38.63525390625
226578,41.32080078125
228952,41.32080078125
233067,49.31640625
238053,41.50390625
243817,39.1845703125
249036,45.166015625
253853,36.68212890625
257479,36.68212890625
263075,43.45703125
267933,42.66357421875
271513,40.34423828125
274678,38.818359375
279586,45.71533203125
280269,47.7294921875
284017,39.55078125
287777,43.39599609375
290952,41.1376953125
295735,46.20361328125
300702,38.6962890625
305420,44.49462890625
314321,37.9638671875
319643,38.51318359375
322343,37.90283203125
325540,44.86083984375
327145,37.78076171875
328505,36.9873046875
337700,43.45703125
338355,49.37744140625
345995,42.236328125
346690,39.306640625
350923,38.51318359375
351699,42.90771484375
360286,42.17529296875
361056,44.921875
364218,47.2412109375
368582,36.68212890625
372950,37.4755859375
375864,42.48046875
380874,38.26904296875
384920,42.29736328125
387747,48.33984375
395477,45.83740234375
398942,43.0908203125
403644,41.80908203125
404272,42.96875
407544,41.07666015625
413628,37.59765625
415149,49.8046875
417684,41.93115234375
424804,45.0439453125
431266,47.119140625
431460,37.109375
431501,43.51806640625
431536,38.6962890625
431582,40.0390625
431600,54.87060546875
431618,60.97412109375
431636,52.06298828125
432738,40.771484375
432914,38.39111328125
433069,39.61181640625
433193,37.53662109375
435912,39.55078125
436572,51.57470703125
439159,39.24560546875
439671,39.4287109375
444126,37.353515625
446027,48.64501953125
448497,39.1845703125
448561,41.748046875
448763,39.12353515625
448821,42.3583984375
449003,42.90771484375
449124,40.1611328125
449188,38.63525390625
449231,36.865234375
449343,37.109375
450400,37.53662109375
450990,37.4755859375
451198,37.65869140625
451302,38.818359375
451355,38.51318359375
462668,38.9404296875
465759,41.6259765625
465887,45.41015625
471964,39.4287109375
473077,56.15234375
479756,38.51318359375
480326,42.17529296875
487831,37.109375
488170,52.8564453125
488413,44.677734375
488582,47.607421875
488688,58.4716796875
488727,44.7998046875
488742,44.37255859375
488768,39.0625
488812,47.119140625
488897,41.3818359375
489594,37.29248046875
489747,39.61181640625
489972,36.80419921875
490175,43.51806640625
490298,37.59765625
490590,45.47119140625
490809,37.353515625
491019,48.76708984375
491230,42.48046875
491431,41.93115234375
491676,42.236328125
505283,39.9169921875
510866,37.109375
513551,44.61669921875
516208,36.865234375
516614,41.259765625
519670,45.59326171875
524477,43.15185546875
524807,38.818359375
524820,45.83740234375
524991,37.04833984375
525052,54.8095703125
525245,44.25048828125
525302,37.109375
525334,36.7431640625
525360,54.62646484375
525378,45.0439453125
525433,41.32080078125
525461,39.73388671875
525494,37.78076171875
525538,43.51806640625
525634,40.52734375
526210,39.4287109375
526258,36.68212890625
526324,40.283203125
526547,39.00146484375
526767,43.02978515625
527185,46.9970703125
527388,41.19873046875
527973,36.7431640625
528514,40.83251953125
547816,47.18017578125
548407,37.59765625
553432,42.66357421875
559240,41.748046875
559571,39.73388671875
559832,39.0625
559890,41.80908203125
560183,49.072265625
565227,46.5087890625
569128,49.4384765625
569411,39.61181640625
569522,50.78125
572958,38.39111328125
573122,37.90283203125
573257,41.9921875
577309,43.212890625
577652,52.30712890625
580839,39.12353515625
583815,48.33984375
583826,37.2314453125
588251,45.7763671875
588551,38.26904296875
588586,38.330078125
592500,57.2509765625
593026,44.7998046875
596642,38.9404296875
596770,37.841796875
596958,45.0439453125
597295,37.17041015625
601426,50.6591796875
606573,38.63525390625
606878,43.45703125
607127,49.98779296875
607397,54.26025390625
607712,37.90283203125
607731,48.828125
607824,40.58837890625
607908,45.34912109375
608098,37.353515625
608652,43.27392578125
608845,38.330078125
609061,42.1142578125
609483,38.57421875
609891,37.90283203125
610319,38.02490234375
610565,39.61181640625
610869,37.65869140625
635581,40.22216796875
635661,44.12841796875
636144,40.46630859375
643486,44.43359375
643943,41.07666015625
651094,42.05322265625
651161,41.259765625
651422,41.1376953125
651811,38.51318359375
657940,49.25537109375
663945,39.36767578125
664255,43.39599609375
669884,54.13818359375
670299,38.0859375
677679,49.25537109375
677901,44.921875
677954,37.2314453125
678190,45.71533203125
678357,59.4482421875
678432,45.5322265625
678548,37.53662109375
678577,41.68701171875
678604,41.8701171875
678682,38.39111328125
679049,38.39111328125
679813,38.2080078125
679945,37.4755859375
680951,38.2080078125
681142,37.90283203125
681687,36.68212890625
713660,45.10498046875
714092,53.3447265625
729691,39.55078125
730017,46.5087890625
730188,37.109375
730218,43.0908203125
730315,39.97802734375
730330,40.10009765625
730403,38.39111328125
730468,39.306640625
730482,37.41455078125
731572,36.7431640625
731949,41.07666015625
732114,39.36767578125
732537,40.0390625
732577,39.85595703125
732943,36.68212890625
794932,57.861328125
795407,41.44287109375
817202,39.73388671875
817482,40.58837890625
817666,38.6962890625
817688,38.14697265625
817747,38.4521484375
817764,44.25048828125
817838,46.93603515625
818872,41.93115234375
819244,38.63525390625
819390,39.73388671875
820670,39.48974609375
882138,40.4052734375
964059,37.29248046875
1011017,37.9638671875
1054503,38.51318359375
1087344,43.212890625
1112125,41.015625
1117234,43.15185546875
1117895,40.95458984375
1145205,37.17041015625
1149982,44.189453125
1152884,36.80419921875
1168754,37.109375
1180439,41.56494140625
1184886,39.794921875
1188639,49.072265625
1201306,41.8701171875
1207200,37.4755859375
1207910,50.47607421875
1211907,37.841796875
1219074,39.36767578125
1222360,38.87939453125
1224889,41.3818359375
1227277,48.27880859375
1233752,38.0859375
1239857,38.51318359375
1247370,40.52734375
1260133,47.607421875
1278846,41.748046875
1282295,39.12353515625
1287311,42.1142578125
1294026,39.794921875
1299070,38.26904296875
1304726,42.29736328125
1312525,41.07666015625
1316378,44.86083984375
1320186,37.04833984375
1322715,41.259765625
1323512,47.607421875
1327502,41.3818359375
1337232,48.2177734375
1345512,41.9921875
1349864,41.80908203125
1353344,38.63525390625
1357170,48.88916015625
1357803,41.9921875
1368946,43.51806640625
1374251,46.2646484375
1375817,43.27392578125
1387249,42.05322265625
1391124,40.8935546875
1402493,41.9921875
1404300,41.56494140625
1410170,39.24560546875
1418872,36.865234375
1419607,42.66357421875
1425051,38.2080078125
1427202,53.955078125
1430620,40.283203125
1441681,37.7197265625
1444283,44.86083984375
1449716,47.66845703125
1458104,40.34423828125
1460931,41.68701171875
1465286,42.66357421875
1469989,45.22705078125
1473250,49.8046875
1478606,38.87939453125
1485695,49.74365234375
1486357,47.30224609375
1492852,44.677734375
1497239,45.0439453125
1497957,39.00146484375
1502244,44.921875
1507018,42.41943359375
1514718,39.306640625
1517268,43.0908203125
1519963,45.10498046875
1522935,36.80419921875
1525805,40.771484375
1533323,40.71044921875
1533939,46.5087890625
1538377,40.34423828125
1547865,45.95947265625
1548614,41.1376953125
1550722,36.865234375
1556429,37.109375
1560068,45.7763671875
1563671,40.83251953125
1567702,38.87939453125
1575569,41.3818359375
1581109,38.39111328125
1585249,40.46630859375
1587462,43.212890625
1588227,36.68212890625
1591735,39.85595703125
1597015,41.32080078125
1601306,42.29736328125
1607872,41.56494140625
1611753,45.10498046875
1618374,40.46630859375
1623311,36.9873046875
1628131,40.58837890625
1629841,37.53662109375
1631778,39.36767578125
1634778,43.212890625
1637102,44.189453125
1637743,38.818359375
1641217,44.0673828125
1649610,37.29248046875
1652277,40.8935546875
1652981,38.51318359375
1653672,37.4755859375
1662980,40.52734375
1665530,41.1376953125
1667034,46.2646484375
1667632,37.2314453125
1670345,43.45703125
1676398,41.8701171875
1678716,42.96875
1680138,41.015625
1686540,42.29736328125
1689492,40.0390625
1690876,36.9873046875
1694068,44.0673828125
1694770,39.794921875
1695489,37.7197265625
1702505,38.2080078125
1703171,36.92626953125
1707113,38.4521484375
1707818,50.048828125
1715644,38.2080078125
1719494,38.51318359375
1720206,37.59765625
1728158,39.9169921875
1731785,37.59765625
1734736,41.56494140625
1738876,39.97802734375
1743834,39.00146484375
1744470,41.6259765625
1748684,39.85595703125
1752409,37.41455078125
1755890,49.13330078125
1762043,39.794921875
1764554,46.81396484375
1770576,48.52294921875
1771197,54.38232421875
1775143,40.71044921875
1775797,37.2314453125
1780849,48.88916015625
1783350,47.18017578125
1785650,47.2412109375
1787571,38.4521484375
1790057,43.64013671875
1792826,46.20361328125
1793424,52.18505859375
1796388,44.189453125
1799786,38.87939453125
1804935,41.32080078125
1805579,40.46630859375
1810004,41.9921875
1812890,39.61181640625
1817604,39.55078125
1821621,37.841796875
1822456,45.95947265625
1825990,37.2314453125
1826015,39.85595703125
1829780,46.44775390625
1830431,44.7998046875
1835803,38.63525390625
1836507,39.306640625
1844651,39.1845703125
1845305,39.36767578125
1851251,44.677734375
1855607,45.22705078125
1857993,39.97802734375
1861561,37.9638671875
1864104,38.63525390625
1869135,45.2880859375
1869775,42.66357421875
1872790,41.68701171875
1874278,41.68701171875
1874989,38.63525390625
1877331,44.189453125
1877959,39.306640625
1885809,40.10009765625
1886463,41.32080078125
1891027,41.3818359375
1891686,43.701171875
1896183,38.51318359375
1896804,43.64013671875
1901024,39.6728515625
1901711,38.330078125
1910404,37.59765625
1911963,41.8701171875
1914736,38.818359375
1915474,38.0859375
1923591,40.34423828125
1924242,38.9404296875
1927240,37.29248046875
1931336,39.85595703125
1931966,40.4052734375
1935890,41.50390625
1939498,39.00146484375
1940341,44.73876953125
1945363,37.78076171875
1949503,37.29248046875
1954491,38.26904296875
1955160,40.6494140625
1958923,39.9169921875
1959575,49.072265625
1963157,36.865234375
1969079,40.0390625
1969893,44.86083984375
1973773,44.189453125
1974456,47.8515625
1979247,39.12353515625
1980671,43.0908203125
1983070,44.86083984375
1986504,37.841796875
1987168,40.6494140625
1993327,42.96875
1994758,38.330078125
1998762,38.87939453125
1999471,40.0390625
2002018,43.8232421875
2007698,38.63525390625
2010441,36.92626953125
2013059,43.27392578125
2016690,40.1611328125
2021471,53.03955078125
2025783,42.78564453125
2029288,37.41455078125
2029975,41.80908203125
2032370,43.0908203125
2039380,38.9404296875
2040145,39.97802734375
2042886,45.34912109375
2047369,41.19873046875
2051256,43.701171875
2054435,41.19873046875
2055108,37.41455078125
2060724,50.1708984375
2063421,42.54150390625
2066748,44.5556640625
2068440,41.68701171875
2071843,44.61669921875
2074051,37.2314453125
2074759,38.0859375
2078395,38.75732421875
2080551,39.36767578125
2084851,38.330078125
2085536,43.02978515625
2088242,38.87939453125
2092122,39.0625
2092747,42.17529296875
2098553,44.37255859375
2099227,37.59765625
2102249,44.61669921875
2104372,40.8935546875
2105078,44.0673828125
2108227,47.607421875
2109696,42.96875
2112701,41.93115234375
2116361,45.71533203125
2119543,37.04833984375
2120195,48.095703125
2122911,47.91259765625
2126622,44.7998046875
2133177,39.12353515625
2135385,44.5556640625
2136075,49.37744140625
2139350,42.8466796875
2144071,44.7998046875
2147963,37.29248046875
2149981,47.36328125
2152990,39.36767578125
2155471,40.283203125
2159000,42.78564453125
2159801,39.794921875
2163433,49.25537109375
2167114,38.4521484375
2169563,36.68212890625
2177061,40.1611328125
2180319,39.9169921875
2183757,37.41455078125
2186929,58.349609375
2192362,39.48974609375
2193041,37.109375
2200760,36.80419921875
2201435,36.68212890625
2205456,41.19873046875
2206176,39.794921875
2211915,46.142578125
2212575,42.66357421875
2215266,37.9638671875
2215924,40.83251953125
2218974,42.78564453125
2221539,41.80908203125
2225204,46.20361328125
2225895,41.56494140625
2230019,43.02978515625
2232124,49.01123046875
2236082,40.71044921875
2236808,39.48974609375
2240975,41.07666015625
2241647,39.97802734375
2246918,40.52734375
2249844,40.71044921875
2250560,36.7431640625
2253051,41.9921875
2253800,40.0390625
2257090,38.14697265625
2257775,45.166015625
2262885,36.68212890625
2265788,44.5556640625
2266506,39.12353515625
2269773,41.8701171875
2270481,41.8701171875
2272264,44.12841796875
2274840,41.93115234375
2281748,42.78564453125
2282455,44.73876953125
2285888,39.48974609375
2286910,36.865234375
2289305,39.97802734375
2292358,38.818359375
2293090,38.39111328125
2296690,37.2314453125
2299823,42.48046875
2305153,42.8466796875
2308119,41.19873046875
2311971,38.75732421875
2318100,41.748046875
2321752,37.4755859375
2325826,44.5556640625
2326666,43.9453125
2328972,38.26904296875
2331740,39.0625
2335077,39.85595703125
2335741,40.22216796875
2338923,50.29296875
2339578,41.259765625
2343000,41.80908203125
2344901,38.14697265625
2348050,43.51806640625
2348804,45.0439453125
2351475,51.94091796875
2352310,38.818359375
2354958,40.22216796875
2355659,49.1943359375
2358588,39.9169921875
2361452,38.0859375
2364368,40.283203125
2367168,46.20361328125
2367854,44.86083984375
2369927,41.56494140625
2374627,43.701171875
2378814,40.6494140625
2383405,44.98291015625
2384154,46.44775390625
2387554,38.75732421875
2389096,40.95458984375
2393783,49.01123046875
2394705,39.306640625
2395331,48.40087890625
2395993,44.3115234375
2398320,44.677734375
2401438,41.19873046875
2406697,40.6494140625
2407352,37.65869140625
2411120,40.4052734375
2411794,38.0859375
2414032,40.10009765625
2415546,39.55078125
2418831,41.015625
2421325,42.17529296875
2423980,42.29736328125
2426357,44.0673828125
2426959,39.61181640625
2431199,41.9921875
2431904,42.41943359375
2436108,50.72021484375
2436698,39.4287109375
2440266,42.48046875
2440978,39.306640625
2445789,40.58837890625
2446363,39.24560546875
2450794,36.865234375
2455684,40.6494140625
2456376,43.8232421875
2460456,43.76220703125
2461200,43.02978515625
2465125,42.90771484375
2470651,53.03955078125
2473712,40.58837890625
2475216,44.921875
2477062,36.68212890625
2477688,40.22216796875
2482141,36.92626953125
2483627,42.236328125
2484283,41.748046875
2485913,41.56494140625
2487041,42.8466796875
2488318,36.68212890625
2489528,37.2314453125
2490250,37.4755859375
2491003,40.34423828125
2493932,37.29248046875
2494599,44.189453125
2497354,40.46630859375
2500457,41.80908203125
2501078,40.95458984375
2504306,38.87939453125
2505040,46.2646484375
2507750,39.48974609375
2508457,47.18017578125
2512273,36.80419921875
2512974,38.0859375
2513679,50.048828125
2516694,38.2080078125
2518212,37.78076171875
2518815,39.00146484375
2521776,37.65869140625
2525072,41.9921875
2528219,37.53662109375
2531341,40.283203125
2534135,41.50390625
2536164,41.19873046875
2539164,39.97802734375
2544000,41.9921875
2546082,42.78564453125
2550346,44.3115234375
2550982,43.64013671875
2553771,49.4384765625
2554528,43.39599609375
2557162,42.66357421875
2559372,43.02978515625
2562497,40.34423828125
2564924,49.37744140625
2565640,39.0625
2569335,45.59326171875
2569994,39.6728515625
2576323,40.58837890625
2578897,40.71044921875
2581408,37.41455078125
2582139,42.1142578125
2586007,44.189453125
2586757,38.51318359375
2588901,42.66357421875
2592082,38.14697265625
2594157,45.7763671875
2598341,36.9873046875
2599034,42.90771484375
2601158,43.02978515625
2601218,38.818359375
2606540,39.48974609375
2607187,36.68212890625
2609306,42.41943359375
2609999,38.330078125
2614646,42.41943359375
2615316,46.142578125
2618561,42.41943359375
2623471,41.259765625
2629085,44.37255859375
2631916,37.9638671875
2635606,40.22216796875
2636313,39.1845703125
2639824,41.6259765625
2640365,39.00146484375
2643511,48.76708984375
2644174,41.3818359375
2647776,42.17529296875
2648476,41.80908203125
2649116,55.72509765625
2652290,42.54150390625
2652909,37.353515625
2655944,44.49462890625
2656679,37.17041015625
2660148,37.41455078125
2660815,39.55078125
2664859,40.4052734375
2667726,41.9921875
2668441,40.52734375
2672026,37.2314453125
2672696,40.8935546875
2673660,37.90283203125
2675804,41.3818359375
2676116,37.2314453125
2681601,44.7998046875
2682342,46.69189453125
2684676,38.818359375
2688905,51.94091796875
2690830,42.8466796875
2691467,45.2880859375
2694197,44.25048828125
2697367,46.875
2698026,41.6259765625
2701396,36.9873046875
2702026,48.095703125
2705629,47.42431640625
2709492,37.9638671875
2711940,41.748046875
2712647,42.54150390625
2715093,40.771484375
2716795,38.818359375
2721191,42.54150390625
2726192,42.78564453125
2729129,39.4287109375
2729783,45.95947265625
2731436,42.6025390625
2733276,42.6025390625
2738118,37.7197265625
2738844,38.51318359375
2742774,40.0390625
2743461,39.12353515625
2746460,41.6259765625
2746617,41.93115234375
2746694,39.24560546875
2746782,40.4052734375
2746798,37.4755859375
2746829,46.56982421875
2746858,77.33154296875
2746873,41.44287109375
2746919,50.59814453125
2748216,37.17041015625
2748363,37.78076171875
2748504,42.3583984375
2748569,38.0859375
2748636,40.22216796875
2750334,38.51318359375
2750485,37.841796875
2750762,39.61181640625
2751041,41.56494140625
2753875,39.55078125
2758698,42.1142578125
2763096,45.59326171875
2764638,42.17529296875
2768130,37.78076171875
2768218,41.80908203125
2768528,38.75732421875
2768783,51.45263671875
2768949,37.04833984375
2769001,47.607421875
2769052,96.13037109375
2769095,53.64990234375
2769110,36.92626953125
2769144,36.865234375
2769197,39.00146484375
2769872,37.2314453125
2770068,38.02490234375
2770475,39.97802734375
2771227,38.39111328125
2771451,37.841796875
2775530,39.55078125
2782621,37.65869140625
2786788,37.4755859375
2791679,37.65869140625
2792670,51.57470703125
2793183,39.55078125
2793397,39.0625
2793962,38.75732421875
2799718,50.59814453125
2805355,40.4052734375
2805828,49.560546875
2806097,37.29248046875
2806178,46.20361328125
2806311,42.724609375
2806445,37.29248046875
2806513,36.80419921875
2806586,62.1337890625
2806634,37.109375
2808089,36.9873046875
2808237,39.306640625
2808270,38.818359375
2808470,36.68212890625
2808668,38.02490234375
2808760,38.4521484375
2808947,47.607421875
2831425,39.794921875
2837482,39.36767578125
2843317,39.6728515625
2843641,52.30712890625
2843988,39.48974609375
2844256,37.4755859375
2844470,41.80908203125
2844604,40.58837890625
2844630,39.4287109375
2844749,39.794921875
2844790,43.88427734375
2844809,37.04833984375
2844862,45.166015625
2844908,44.49462890625
2844961,36.92626953125
2845660,37.65869140625
2846554,38.330078125
2846899,39.97802734375
2847276,44.5556640625
2847749,42.96875
2867283,37.4755859375
2883104,39.55078125
2887349,38.51318359375
2889614,42.29736328125
2891595,42.236328125
2894047,38.6962890625
2896755,44.12841796875
2899096,42.96875
2901302,40.1611328125
2902331,37.7197265625
2903417,36.92626953125
2905493,38.14697265625
2907600,40.95458984375
2907758,37.65869140625
2910696,43.3349609375
2912907,38.2080078125
2913262,37.53662109375
2916281,43.212890625
2916650,41.015625
2919009,50.9033203125
2923727,50.29296875
2924028,41.93115234375
2928332,43.88427734375
2930444,44.7998046875
2932809,43.76220703125
2933120,44.73876953125
2937264,48.33984375
2937581,43.64013671875
2940434,40.771484375
2943657,43.212890625
2943996,38.0859375
2946152,55.48095703125
2949421,38.2080078125
2949698,37.59765625
2953422,45.59326171875
2953704,38.4521484375
2956902,41.748046875
2957325,44.5556640625
2960372,41.56494140625
2960700,39.1845703125
2963960,49.6826171875
2964296,42.48046875
2967483,44.3115234375
2967642,38.4521484375
2967800,44.5556640625
2970705,37.353515625
2970733,40.52734375
2971124,41.32080078125
2974219,37.7197265625
2974489,46.875
2974849,36.7431640625
2978217,43.5791015625
2978563,40.95458984375
2981498,47.42431640625
2981899,38.02490234375
2984955,39.36767578125
2988039,40.4052734375
2988332,40.46630859375
2992217,37.41455078125
2992496,49.8046875
2996761,39.6728515625
2997087,43.212890625
2997127,42.1142578125
