2999000,0
431809,52.30712890625
432021,45.8984375
432148,49.31640625
432963,42.54150390625
433330,39.306640625
433480,45.83740234375
433580,47.4853515625
433679,46.44775390625
433774,39.97802734375
433850,47.54638671875
433957,54.01611328125
434082,49.86572265625
434174,52.1240234375
434283,40.4052734375
434436,43.51806640625
434582,50.78125
434673,46.44775390625
434873,54.0771484375
435262,58.59375
435392,45.71533203125
449227,57.18994140625
449312,49.8046875
449392,46.7529296875
449459,40.283203125
449531,43.39599609375
449659,48.33984375
449744,54.0771484375
449845,47.607421875
449936,54.0771484375
450143,45.34912109375
450579,52.490234375
451297,45.83740234375
488748,55.7861328125
488805,41.259765625
488872,40.0390625
488962,48.52294921875
489044,58.77685546875
489138,36.07177734375
489265,44.677734375
489393,46.9970703125
489641,47.119140625
490266,46.0205078125
490456,47.2412109375
490906,46.9970703125
491383,45.7763671875
525492,41.6259765625
525596,49.74365234375
525693,47.119140625
525768,50.72021484375
525846,44.98291015625
526094,47.2412109375
526406,46.630859375
526889,51.025390625
527274,56.2744140625
607854,51.8798828125
607981,41.6259765625
608078,44.0673828125
608193,51.8798828125
608601,61.21826171875
678733,48.15673828125
678865,46.875
680642,49.62158203125
680823,45.166015625
681092,59.2041015625
681219,45.47119140625
681378,46.875
681507,45.83740234375
681641,40.95458984375
730467,41.80908203125
730561,38.57421875
730670,40.46630859375
730770,47.18017578125
730908,44.43359375
731206,50.72021484375
731309,39.61181640625
732073,42.66357421875
732272,47.66845703125
732372,46.81396484375
732494,43.88427734375
732582,44.12841796875
732711,46.20361328125
732831,43.15185546875
732965,41.68701171875
733078,47.9736328125
733361,53.77197265625
817910,49.560546875
818007,54.0771484375
818117,47.54638671875
818218,42.724609375
818365,51.08642578125
818545,41.3818359375
818686,34.3017578125
818898,44.00634765625
819133,39.97802734375
819374,41.6259765625
819467,51.8798828125
819553,41.93115234375
819641,37.109375
819714,40.4052734375
819813,48.52294921875
819907,45.7763671875
820000,55.6640625
820099,43.701171875
820210,44.00634765625
820365,34.0576171875
820455,46.5087890625
820673,36.92626953125
820904,51.513671875
2747078,48.52294921875
2747142,51.025390625
2747202,46.0205078125
2747275,44.5556640625
2747365,44.189453125
2747443,56.640625
2747537,55.17578125
2747758,45.59326171875
2748024,45.95947265625
2748289,58.59375
2748468,51.33056640625
2748652,49.6826171875
2748770,50.72021484375
2749039,48.7060546875
2749413,40.46630859375
2769087,60.48583984375
2769187,44.921875
2769249,41.748046875
2769335,44.7998046875
2769411,42.78564453125
2769493,54.3212890625
2769590,44.98291015625
2769707,41.8701171875
2769825,37.353515625
2769991,40.83251953125
2770333,40.10009765625
2770656,69.76318359375
2770905,38.87939453125
2771249,43.64013671875
2806508,53.64990234375
2806590,45.83740234375
2806669,41.56494140625
2806740,42.8466796875
2806815,40.22216796875
2806915,52.42919921875
2807023,52.001953125
2807157,55.48095703125
2807419,46.875
2807760,47.18017578125
2807946,44.49462890625
2808089,55.0537109375
2808398,55.908203125
2808578,38.39111328125
2808960,52.8564453125
2844789,53.5888671875
2844857,44.00634765625
2844927,50.47607421875
2844990,44.49462890625
2845098,47.2412109375
2845197,59.4482421875
2845281,54.3212890625
2845423,44.86083984375
2845567,42.8466796875
2845751,40.6494140625
2845917,46.630859375
2846094,52.91748046875
2846271,45.22705078125
2846464,53.8330078125
2846703,49.1943359375
2846889,41.07666015625
2847069,42.48046875
