2999000,0
4055,38.14697265625
4596,39.12353515625
23740,38.26904296875
28763,34.48486328125
43039,38.75732421875
48672,38.51318359375
55004,38.818359375
58669,42.17529296875
64377,36.31591796875
71725,36.19384765625
74630,33.02001953125
78937,35.15625
87618,35.46142578125
90437,37.90283203125
107839,32.71484375
110355,40.34423828125
114726,44.3115234375
115179,33.63037109375
130697,41.3818359375
135048,33.63037109375
141911,41.68701171875
144271,40.6494140625
151623,36.43798828125
157322,39.55078125
157828,33.38623046875
161278,36.1328125
168049,37.29248046875
171505,33.75244140625
176735,33.02001953125
179084,37.2314453125
179536,33.87451171875
185689,34.66796875
188309,35.888671875
193873,36.0107421875
200055,36.92626953125
203672,40.52734375
211457,33.50830078125
215540,36.2548828125
216085,38.57421875
221034,38.14697265625
225348,36.19384765625
231835,41.1376953125
235369,36.1328125
237291,33.0810546875
242241,41.68701171875
244171,33.38623046875
248259,40.58837890625
251110,39.4287109375
254182,36.68212890625
255345,37.90283203125
258730,43.02978515625
261692,34.60693359375
272525,41.259765625
278554,38.330078125
287770,39.00146484375
290980,34.66796875
295413,38.330078125
297680,36.7431640625
307914,37.65869140625
308404,38.63525390625
310745,36.68212890625
316501,38.26904296875
321017,41.50390625
322960,38.330078125
323452,35.09521484375
329788,33.02001953125
332017,38.75732421875
335534,35.7666015625
338047,35.70556640625
342455,33.69140625
342943,35.58349609375
350332,33.38623046875
354026,39.794921875
356414,33.935546875
361120,36.7431640625
361612,33.75244140625
365023,41.015625
369189,35.64453125
371479,39.24560546875
377768,33.02001953125
378233,35.400390625
381875,35.46142578125
385843,36.80419921875
389118,33.87451171875
397136,35.7666015625
398947,44.37255859375
400902,34.24072265625
408067,36.2548828125
410101,33.02001953125
413515,37.9638671875
414016,40.46630859375
417122,35.82763671875
419416,33.3251953125
429809,32.77587890625
431301,35.888671875
431508,34.5458984375
431557,85.99853515625
431614,49.74365234375
437205,34.24072265625
437471,33.63037109375
446111,34.0576171875
449112,43.5791015625
449158,63.04931640625
449278,55.96923828125
449378,42.54150390625
452320,33.0810546875
469320,34.24072265625
472733,36.19384765625
472953,37.2314453125
483946,38.02490234375
486639,40.95458984375
488137,36.62109375
488566,35.58349609375
488585,71.533203125
488718,70.3125
502130,34.3017578125
508661,46.9970703125
509058,36.376953125
510361,35.888671875
513240,34.423828125
516779,37.78076171875
523260,36.1328125
524696,32.958984375
524937,35.58349609375
525139,33.99658203125
525234,63.720703125
525392,73.974609375
525486,51.7578125
529537,33.935546875
538430,32.53173828125
544270,37.841796875
547658,37.53662109375
553412,38.2080078125
553699,36.62109375
557521,32.53173828125
558946,33.0810546875
559657,35.2783203125
568220,32.8369140625
569159,34.48486328125
572918,33.3251953125
577022,33.69140625
577452,36.68212890625
583891,34.66796875
587849,40.8935546875
588343,34.36279296875
588625,40.4052734375
592376,36.80419921875
592668,34.36279296875
596630,35.94970703125
602063,36.0107421875
606669,33.02001953125
606908,32.77587890625
607650,54.38232421875
607771,59.5703125
607839,35.400390625
611418,34.72900390625
611625,36.9873046875
620268,41.44287109375
635405,37.7197265625
635752,38.330078125
636051,34.24072265625
643373,43.9453125
651040,35.0341796875
657993,34.423828125
663689,33.75244140625
669765,35.400390625
670382,33.99658203125
677636,37.04833984375
677873,34.72900390625
678171,72.8759765625
678380,66.2841796875
678473,51.33056640625
682603,34.97314453125
693116,32.958984375
698830,36.68212890625
708644,36.4990234375
713125,34.1796875
713637,36.7431640625
713921,32.65380859375
725419,45.71533203125
727076,40.4052734375
729610,36.56005859375
729879,37.2314453125
730074,38.330078125
730089,74.76806640625
730213,41.50390625
730286,76.171875
730378,43.39599609375
734598,39.55078125
739183,37.4755859375
751769,37.65869140625
755021,35.2783203125
756880,34.36279296875
765060,35.5224609375
769777,38.63525390625
780641,37.04833984375
794963,38.26904296875
795347,36.80419921875
806014,36.07177734375
811806,38.4521484375
815976,35.58349609375
817200,32.470703125
817645,34.97314453125
817683,72.8759765625
817781,50.10986328125
817845,33.3251953125
818859,34.1796875
844095,36.07177734375
851240,36.9873046875
854855,37.2314453125
866716,38.2080078125
869147,42.54150390625
882121,35.09521484375
889129,36.7431640625
897186,35.888671875
901537,41.56494140625
911341,51.3916015625
931100,39.24560546875
935849,38.39111328125
941938,37.65869140625
945614,38.818359375
953560,35.21728515625
962223,36.1328125
972790,33.0810546875
974406,35.7666015625
979742,32.89794921875
984868,46.44775390625
989192,35.0341796875
996697,33.87451171875
1003307,47.05810546875
1003846,33.63037109375
1013407,32.470703125
1024449,38.2080078125
1034725,33.14208984375
1036904,39.306640625
1040747,34.912109375
1043413,32.71484375
1048643,32.77587890625
1050722,38.9404296875
1065094,34.24072265625
1070797,38.26904296875
1075272,42.78564453125
1081360,38.57421875
1086952,41.9921875
1090225,34.66796875
1095973,39.97802734375
1098071,32.53173828125
1104979,33.87451171875
1105412,32.470703125
1110698,35.82763671875
1114608,32.958984375
1120335,38.26904296875
1120773,40.6494140625
1133487,36.376953125
1141285,36.4990234375
1141788,33.50830078125
1149554,34.85107421875
1154016,40.52734375
1155135,41.68701171875
1159575,40.71044921875
1163548,49.31640625
1167947,39.12353515625
1173529,41.93115234375
1175917,38.02490234375
1178307,35.33935546875
1178846,34.3017578125
1184238,41.44287109375
1187475,35.21728515625
1190936,40.46630859375
1195536,36.1328125
1198491,35.82763671875
1205154,39.85595703125
1207754,38.02490234375
1208211,36.80419921875
1214343,32.5927734375
1214858,44.73876953125
1216626,34.72900390625
1218838,33.26416015625
1225472,40.83251953125
1225954,34.11865234375
1230530,36.80419921875
1232807,41.3818359375
1234312,38.2080078125
1236843,35.400390625
1241113,33.0810546875
1248569,36.43798828125
1253553,37.29248046875
1258798,38.57421875
1260612,32.53173828125
1262015,32.65380859375
1263716,36.1328125
1271139,38.75732421875
1272211,40.6494140625
1276126,41.015625
1276577,38.330078125
1284825,34.7900390625
1288933,37.78076171875
1295775,41.259765625
1298160,41.50390625
1306495,37.2314453125
1307751,39.1845703125
1310347,33.0810546875
1311302,32.958984375
1314702,40.0390625
1316879,38.818359375
1320271,34.60693359375
1326496,32.77587890625
1330601,33.14208984375
1331078,34.48486328125
1332887,38.63525390625
1337049,34.0576171875
1347861,37.78076171875
1350193,33.447265625
1350692,36.2548828125
1354475,45.83740234375
1355002,35.0341796875
1362120,41.015625
1362704,34.24072265625
1363144,33.3251953125
1364821,37.90283203125
1367490,37.9638671875
1376186,36.7431640625
1379709,37.41455078125
1380821,37.2314453125
1382797,35.58349609375
1383658,35.94970703125
1386835,36.376953125
1389159,35.21728515625
1394700,44.0673828125
1395154,40.95458984375
1398375,38.57421875
1403534,36.9873046875
1404009,36.9873046875
1406076,34.1796875
1415108,44.86083984375
1418303,36.2548828125
1418775,34.60693359375
1420455,37.04833984375
1423289,34.5458984375
1423807,35.5224609375
1427279,40.10009765625
1429700,35.46142578125
1430244,36.07177734375
1436960,34.97314453125
1440129,40.95458984375
1444215,33.935546875
1451005,40.22216796875
1455439,33.63037109375
1456897,41.80908203125
1460701,38.63525390625
1465620,39.9169921875
1466677,41.6259765625
1467166,34.5458984375
1470088,43.0908203125
1472597,33.0810546875
1475111,40.283203125
1475587,36.2548828125
1485579,37.2314453125
1487492,38.39111328125
1495813,34.24072265625
1498458,39.24560546875
1498895,33.26416015625
1503585,41.015625
1505472,37.353515625
1510793,36.9873046875
1512701,36.56005859375
1518227,39.1845703125
1518657,35.2783203125
1525354,35.400390625
1529452,38.02490234375
1529941,35.70556640625
1532937,35.15625
1536026,36.4990234375
1539420,35.0341796875
1539972,37.29248046875
1542528,33.8134765625
1545318,36.4990234375
1552886,43.27392578125
1553333,38.75732421875
1556055,40.34423828125
1557656,34.48486328125
1560378,40.95458984375
1560921,37.78076171875
1563108,38.57421875
1565941,41.80908203125
1568618,37.29248046875
1569993,32.77587890625
1573612,44.37255859375
1574065,33.8134765625
1577795,37.78076171875
1580439,33.99658203125
1586749,34.912109375
1587227,33.63037109375
1589780,44.49462890625
1596203,36.9873046875
1596697,37.841796875
1601398,39.794921875
1603856,35.70556640625
1606191,39.24560546875
1609800,39.306640625
1615761,41.6259765625
1620517,41.07666015625
1620959,37.7197265625
1624130,36.2548828125
1627502,39.61181640625
1632366,34.66796875
1632847,35.70556640625
1635702,36.376953125
1637722,35.15625
1640507,34.423828125
1640992,36.7431640625
1646076,43.45703125
1646557,41.3818359375
1650600,37.90283203125
1651060,39.55078125
1658906,34.3017578125
1659407,34.66796875
1661566,35.58349609375
1663775,38.4521484375
1666342,35.15625
1669656,35.64453125
1670115,32.65380859375
1676459,33.14208984375
1678106,40.6494140625
1679713,34.60693359375
1685278,34.24072265625
1685705,32.5927734375
1687967,39.61181640625
1690484,40.0390625
1693304,36.07177734375
1699751,35.58349609375
1703961,40.34423828125
1707553,36.376953125
1710944,38.51318359375
1717203,35.400390625
1717657,33.0810546875
1719828,37.04833984375
1723410,36.56005859375
1723843,37.29248046875
1728731,36.4990234375
1729213,35.7666015625
1739465,35.400390625
1739922,37.41455078125
1743733,36.68212890625
1746323,38.57421875
1751772,33.8134765625
1754723,33.02001953125
1757624,34.66796875
1758082,35.58349609375
1762739,37.7197265625
1766250,34.0576171875
1770090,36.19384765625
1780542,36.376953125
1786187,34.1796875
1786641,32.53173828125
1789643,36.31591796875
1794981,35.888671875
1797465,43.02978515625
1800850,37.29248046875
1801333,35.888671875
1805621,36.7431640625
1806051,34.66796875
1807920,38.0859375
1808457,33.3251953125
1811532,49.8046875
1816622,35.70556640625
1820882,33.38623046875
1821287,38.9404296875
1824318,35.5224609375
1827017,32.77587890625
1833023,38.57421875
1834899,35.58349609375
1835398,43.02978515625
1839326,35.82763671875
1840342,37.4755859375
1846661,38.02490234375
1853978,34.48486328125
1858283,34.423828125
1861104,34.5458984375
1861623,41.3818359375
1867659,41.015625
1869472,38.87939453125
1873422,35.58349609375
1877510,44.86083984375
1881140,35.0341796875
1882769,45.47119140625
1885186,32.8369140625
1893513,37.65869140625
1893982,32.77587890625
1898305,37.841796875
1903426,36.9873046875
1906520,35.5224609375
1909941,38.2080078125
1910449,36.376953125
1914796,38.63525390625
1918775,36.07177734375
1922736,33.935546875
1925081,38.6962890625
1929537,37.109375
1930831,36.4990234375
1933113,34.97314453125
1937778,33.447265625
1938225,43.88427734375
1939633,33.87451171875
1942044,38.02490234375
1943827,37.353515625
1947877,34.72900390625
1951363,37.4755859375
1957173,34.85107421875
1957630,34.48486328125
1960094,40.283203125
1962722,40.10009765625
1966503,35.888671875
1967016,42.6025390625
1970318,34.66796875
1975953,37.59765625
1976407,36.9873046875
1979116,32.470703125
1980223,33.69140625
1982480,35.400390625
1982961,48.9501953125
1990259,36.92626953125
1994083,32.89794921875
2006921,34.85107421875
2009592,39.73388671875
2011527,39.9169921875
2014511,35.94970703125
2017068,39.1845703125
2019103,34.97314453125
2021976,34.24072265625
2022537,35.82763671875
2026781,36.07177734375
2033273,35.94970703125
2033778,34.423828125
2035338,37.17041015625
2038431,34.3017578125
2042872,44.3115234375
2043353,40.46630859375
2046175,37.41455078125
2049790,36.31591796875
2053443,39.6728515625
2053882,35.70556640625
2056959,38.330078125
2060329,34.5458984375
2062942,36.1328125
2069017,37.4755859375
2069438,33.447265625
2073095,33.02001953125
2075231,34.1796875
2078709,34.60693359375
2083801,34.66796875
2087971,35.21728515625
2094740,43.5791015625
2097819,41.015625
2098313,39.55078125
2101815,39.9169921875
2102252,33.38623046875
2106971,34.48486328125
2109705,36.80419921875
2115155,41.50390625
2117290,39.85595703125
2117805,38.330078125
2120600,33.99658203125
2121023,33.38623046875
2124744,36.92626953125
2126911,40.22216796875
2133800,41.68701171875
2134282,35.94970703125
2135929,32.89794921875
2137608,43.45703125
2139116,35.15625
2142563,37.9638671875
2143085,34.97314453125
2146702,33.935546875
2150052,33.26416015625
2154478,39.36767578125
2155998,43.212890625
2158805,34.24072265625
2162067,33.87451171875
2164978,37.53662109375
2165403,33.8134765625
2168653,37.04833984375
2173051,35.33935546875
2178315,35.64453125
2182077,37.2314453125
2182511,35.15625
2187155,36.7431640625
2187629,37.9638671875
2190538,35.70556640625
2190997,33.8134765625
2195895,42.78564453125
2198589,33.14208984375
2200405,33.02001953125
2205606,33.26416015625
2206086,41.1376953125
2207679,36.56005859375
2211212,33.63037109375
2216698,39.24560546875
2217120,35.888671875
2219470,32.8369140625
2222004,37.109375
2226180,33.02001953125
2229203,37.90283203125
2230998,37.41455078125
2234353,33.02001953125
2240089,36.865234375
2244803,43.15185546875
2250293,34.60693359375
2260705,34.0576171875
2263138,41.259765625
2265452,41.50390625
2270454,38.26904296875
2270893,36.43798828125
2273722,37.04833984375
2278522,32.958984375
2279547,37.90283203125
2281737,33.14208984375
2285213,40.34423828125
2288488,40.10009765625
2288983,34.60693359375
2291303,35.0341796875
2293893,37.4755859375
2296918,34.97314453125
2297381,37.2314453125
2304337,34.0576171875
2304846,33.0810546875
2308373,36.9873046875
2308832,35.21728515625
2317355,33.8134765625
2325566,36.9873046875
2329351,39.85595703125
2336364,37.65869140625
2337531,36.2548828125
2341312,33.02001953125
2341735,43.76220703125
2346032,41.748046875
2346485,32.8369140625
2351048,37.65869140625
2351479,34.24072265625
2354593,37.109375
2361239,40.83251953125
2361705,36.43798828125
2367763,38.2080078125
2368350,43.64013671875
2371587,33.63037109375
2372102,33.0810546875
2375633,42.90771484375
2378214,37.78076171875
2378642,35.82763671875
2381945,43.3349609375
2382427,37.353515625
2385791,36.1328125
2388945,45.8984375
2392970,36.62109375
2395617,35.15625
2397870,41.1376953125
2400871,37.7197265625
2405026,38.6962890625
2409839,36.43798828125
2410307,39.55078125
2413078,36.19384765625
2413493,35.94970703125
2416316,33.0810546875
2420265,34.85107421875
2426511,39.00146484375
2430587,35.94970703125
2432753,38.330078125
2434769,35.400390625
2437410,35.15625
2439856,40.52734375
2443748,36.7431640625
2444250,32.5927734375
2447864,32.53173828125
2454136,36.56005859375
2456818,36.56005859375
2458397,34.0576171875
2460950,36.865234375
2463230,36.31591796875
2466207,33.935546875
2466679,33.935546875
2469297,35.0341796875
2474028,36.43798828125
2476865,36.865234375
2477337,38.39111328125
2481682,46.32568359375
2482201,33.02001953125
2485976,37.9638671875
2486471,44.25048828125
2489004,34.85107421875
2493010,37.04833984375
2493478,43.212890625
2497284,45.59326171875
2498844,39.24560546875
2501545,37.41455078125
2502052,35.70556640625
2503372,34.48486328125
2506059,40.34423828125
2508048,35.0341796875
2508493,36.43798828125
2510256,35.2783203125
2512601,33.38623046875
2513071,33.935546875
2514377,32.77587890625
2517905,36.0107421875
2518322,34.66796875
2520381,39.1845703125
2524247,34.24072265625
2526483,37.41455078125
2528439,39.4287109375
2531304,33.203125
2531776,40.10009765625
2539564,38.818359375
2540014,35.33935546875
2542493,37.29248046875
2542918,40.1611328125
2546153,34.36279296875
2550952,35.64453125
2553514,34.3017578125
2556315,38.26904296875
2559572,38.75732421875
2561094,33.14208984375
2564224,38.39111328125
2564666,38.14697265625
2569683,33.935546875
2570178,39.48974609375
2575312,37.109375
2578028,35.09521484375
2578527,35.46142578125
2584608,35.0341796875
2585087,32.8369140625
2591956,32.958984375
2594161,35.7666015625
2596530,36.4990234375
2601374,42.724609375
2603194,38.2080078125
2608163,33.50830078125
2609511,39.73388671875
2611165,45.0439453125
2617985,36.1328125
2622348,40.34423828125
2622827,41.3818359375
2624220,39.1845703125
2624651,33.8134765625
2629542,35.82763671875
2630589,38.2080078125
2634664,35.7666015625
2637758,39.12353515625
2638285,34.3017578125
2640960,40.283203125
2645646,41.8701171875
2652466,33.5693359375
2652966,36.1328125
2653491,37.90283203125
2660479,38.26904296875
2663419,35.888671875
2663945,36.865234375
2669161,32.958984375
2671837,36.865234375
2675549,35.94970703125
2677035,37.29248046875
2682518,39.6728515625
2686027,33.87451171875
2690081,36.376953125
2690561,38.75732421875
2694631,33.63037109375
2695108,37.353515625
2697235,37.04833984375
2700980,33.447265625
2704463,34.24072265625
2704910,33.63037109375
2709763,35.09521484375
2712130,32.53173828125
2718732,39.0625
2721117,33.935546875
2721612,35.09521484375
2723856,35.888671875
2728434,32.958984375
2732294,44.73876953125
2734534,35.888671875
2738375,34.5458984375
2738830,38.26904296875
2742069,35.94970703125
2745268,33.87451171875
2746669,41.50390625
2746838,92.10205078125
2746893,57.6171875
2752329,34.1796875
2752721,38.2080078125
2755062,32.958984375
2758569,36.376953125
2761212,34.48486328125
2762228,34.423828125
2763297,34.0576171875
2768922,35.58349609375
2769041,89.84375
2769158,65.91796875
2769254,33.50830078125
2771037,34.66796875
2771859,36.43798828125
2778265,35.70556640625
2778767,33.26416015625
2782441,41.015625
2786107,33.447265625
2792936,36.2548828125
2798069,33.38623046875
2799827,41.015625
2803371,33.02001953125
2806427,79.345703125
2806546,61.95068359375
2806634,42.3583984375
2810374,33.87451171875
2816375,33.26416015625
2825594,34.24072265625
2827711,32.89794921875
2830124,38.26904296875
2840393,35.58349609375
2844343,39.9169921875
2844679,81.23779296875
2844802,54.01611328125
2844884,33.38623046875
2848615,33.0810546875
2849189,38.330078125
2865426,38.57421875
2866699,38.39111328125
2872546,35.15625
2878771,33.75244140625
2882729,32.53173828125
2887319,38.63525390625
2888915,32.8369140625
2891711,39.9169921875
2893853,35.400390625
2896633,35.5224609375
2898965,35.21728515625
2901118,38.9404296875
2901450,33.3251953125
2903526,34.66796875
2905568,33.50830078125
2912904,42.41943359375
2914560,35.21728515625
2916343,33.75244140625
2923790,37.78076171875
2924493,35.5224609375
2928227,35.15625
2932595,38.818359375
2933056,34.66796875
2935058,34.48486328125
2937236,32.77587890625
2943743,33.14208984375
2946083,37.109375
2953825,34.7900390625
2956810,33.14208984375
2960316,37.90283203125
2960578,33.26416015625
2960841,39.0625
2963948,34.48486328125
2967562,33.75244140625
2967879,34.11865234375
2970955,38.57421875
2974200,36.865234375
2978312,39.97802734375
2981625,42.1142578125
2984704,33.99658203125
2984985,33.02001953125
2988057,33.50830078125
2992303,36.0107421875
2992560,38.26904296875
2992832,38.51318359375
2996875,37.78076171875
