7799001,0
1512,65.73486328125
1591,20.69091796875
1639,52.55126953125
1688,19.8974609375
17244,77.08740234375
18256,63.90380859375
18285,18.49365234375
18335,43.9453125
38830,21.78955078125
39010,68.7255859375
39142,57.31201171875
39434,64.63623046875
39531,18.61572265625
57672,19.47021484375
58161,71.59423828125
58223,65.61279296875
58306,23.98681640625
58401,63.720703125
58530,63.90380859375
58591,57.9833984375
58714,46.5087890625
88206,52.30712890625
88314,52.67333984375
88888,65.85693359375
88901,21.3623046875
88981,23.25439453125
89536,18.798828125
106487,21.3623046875
108381,18.98193359375
122518,71.6552734375
122535,25.634765625
122566,67.07763671875
122606,18.98193359375
122737,18.37158203125
137897,62.3779296875
153042,50.048828125
153053,21.6064453125
153114,59.99755859375
155002,19.83642578125
174604,64.88037109375
174621,23.4375
175263,19.83642578125
175274,67.7490234375
175373,18.5546875
191963,64.88037109375
192006,66.162109375
192024,26.18408203125
192093,49.37744140625
192548,21.17919921875
192585,47.42431640625
192650,22.03369140625
192677,20.263671875
209680,65.0634765625
210503,71.044921875
210561,47.91259765625
210571,22.27783203125
216084,18.798828125
231102,19.4091796875
241391,19.53125
241407,21.78955078125
241485,18.37158203125
259703,59.02099609375
259721,23.74267578125
259952,72.32666015625
260142,21.17919921875
260188,18.61572265625
268619,20.01953125
270208,76.59912109375
270294,18.37158203125
283592,71.35009765625
283681,48.33984375
283814,51.81884765625
283858,20.6298828125
303267,80.2001953125
303627,56.70166015625
304191,18.4326171875
304467,52.18505859375
304654,70.556640625
304670,19.59228515625
316494,79.04052734375
318399,19.1650390625
335308,22.76611328125
335368,63.29345703125
335385,21.78955078125
343831,25.146484375
364067,73.486328125
364131,58.837890625
364185,50.4150390625
364233,42.78564453125
364305,46.630859375
364357,26.30615234375
364435,37.2314453125
364512,24.23095703125
367242,20.6298828125
367298,22.3388671875
367328,26.123046875
388348,24.35302734375
388379,70.556640625
388511,71.77734375
388626,52.490234375
388643,19.6533203125
405999,76.84326171875
406127,69.3359375
406536,18.61572265625
406579,19.95849609375
406606,20.20263671875
406625,28.564453125
406652,18.61572265625
418485,60.36376953125
418495,19.1650390625
418602,19.59228515625
418640,18.798828125
433829,73.6083984375
433884,58.28857421875
434167,63.17138671875
434440,19.83642578125
435126,56.884765625
435345,50.6591796875
453613,23.681640625
453630,23.01025390625
467064,18.61572265625
471916,19.4091796875
472062,19.1650390625
472244,19.34814453125
478635,50.6591796875
478645,19.04296875
490244,22.0947265625
490374,18.9208984375
498573,19.22607421875
500096,61.46240234375
500108,19.34814453125
500798,53.1005859375
517649,18.798828125
517746,18.98193359375
532085,23.74267578125
532978,18.73779296875
533005,74.462890625
533017,19.53125
533028,18.798828125
548524,18.37158203125
548633,69.39697265625
548832,62.6220703125
548885,45.59326171875
548942,43.212890625
549049,42.236328125
549182,51.6357421875
549254,40.1611328125
549353,20.99609375
549414,18.61572265625
549437,20.263671875
562549,19.22607421875
562612,57.4951171875
583221,19.22607421875
583649,19.1650390625
585010,22.3388671875
585065,19.6533203125
600033,60.36376953125
616212,62.92724609375
616323,61.1572265625
616374,47.91259765625
616471,51.7578125
616530,21.30126953125
616599,19.6533203125
635466,63.5986328125
635546,68.29833984375
635588,39.00146484375
635665,46.2646484375
635683,21.66748046875
635900,19.22607421875
635934,49.560546875
648512,66.34521484375
655474,18.49365234375
655567,77.57568359375
655655,68.42041015625
656184,21.8505859375
657248,20.99609375
657376,73.30322265625
657394,19.6533203125
657426,22.94921875
672997,19.95849609375
680199,18.5546875
696872,58.77685546875
696941,48.64501953125
697034,50.78125
697052,21.30126953125
697778,18.49365234375
701727,21.6064453125
701757,25.5126953125
716794,77.33154296875
716896,58.2275390625
717390,51.94091796875
717563,20.32470703125
718594,20.263671875
729295,22.5830078125
729326,51.69677734375
729337,21.17919921875
737918,24.35302734375
746981,28.01513671875
747003,18.61572265625
747038,44.25048828125
747052,19.34814453125
760891,58.28857421875
760901,19.04296875
760914,21.97265625
760946,61.09619140625
760956,18.798828125
772624,19.04296875
777934,18.49365234375
777956,22.52197265625
777971,55.6640625
778004,18.98193359375
778034,65.36865234375
778044,18.798828125
790484,18.49365234375
790506,23.13232421875
790531,20.263671875
806331,24.169921875
806352,56.45751953125
806368,26.0009765625
806391,52.1240234375
806417,19.95849609375
806438,23.37646484375
806476,61.4013671875
809370,19.47021484375
813646,18.85986328125
815125,22.27783203125
840323,18.4326171875
840333,19.775390625
840352,21.1181640625
840374,18.5546875
840386,21.8505859375
863081,19.59228515625
863110,49.1943359375
863127,36.19384765625
863146,27.4658203125
863161,35.09521484375
863194,54.6875
863207,26.2451171875
863217,33.99658203125
863268,20.5078125
867067,19.10400390625
867289,22.216796875
867440,20.44677734375
867726,18.49365234375
867843,18.5546875
871565,19.53125
872404,21.30126953125
903201,22.15576171875
916003,20.6298828125
917175,72.08251953125
917250,64.39208984375
917275,23.98681640625
917608,46.5087890625
918019,18.9208984375
923846,18.85986328125
923905,20.08056640625
947491,18.61572265625
967332,24.0478515625
967345,19.775390625
970052,19.287109375
970101,60.85205078125
970171,70.49560546875
1002180,66.34521484375
1002374,21.78955078125
1004101,21.30126953125
1004151,21.97265625
1004186,18.9208984375
1020347,23.0712890625
1021104,47.9736328125
1021287,55.0537109375
1021358,50.35400390625
1021665,18.49365234375
1021717,58.65478515625
1021735,21.484375
1037952,62.68310546875
1038004,56.94580078125
1038263,18.798828125
1038438,76.47705078125
1038624,20.32470703125
1052819,81.1767578125
1052866,19.34814453125
1052907,52.1240234375
1052968,60.05859375
1052993,19.775390625
1054176,23.74267578125
1054209,54.01611328125
1067315,19.83642578125
1078662,19.83642578125
1078806,18.37158203125
1083008,30.57861328125
1083080,48.88916015625
1083130,45.2880859375
1083184,38.330078125
1083232,28.3203125
1083423,63.90380859375
1083478,31.18896484375
1083552,36.43798828125
1083605,20.263671875
1083810,51.08642578125
1084130,21.91162109375
1086088,57.06787109375
1086269,56.70166015625
1086440,20.81298828125
1086481,18.4326171875
1087944,50.72021484375
1087962,18.73779296875
1108973,63.3544921875
1109071,64.75830078125
1109132,53.7109375
1109198,41.1376953125
1109297,59.6923828125
1109927,48.9501953125
1110027,54.13818359375
1125861,65.24658203125
1125896,18.49365234375
1125957,52.24609375
1134734,19.1650390625
1137053,19.6533203125
1137216,78.91845703125
1137267,19.47021484375
1137296,56.5185546875
1163466,59.5703125
1163658,18.49365234375
1163671,18.98193359375
1183331,18.85986328125
1183394,50.84228515625
1183569,19.59228515625
1183845,23.86474609375
1200266,21.1181640625
1200338,84.28955078125
1200467,23.01025390625
1212309,64.697265625
1212376,59.87548828125
1212459,51.69677734375
1212882,72.32666015625
1213219,24.96337890625
1213327,18.73779296875
1213355,18.85986328125
1213417,19.287109375
1228613,19.47021484375
1228636,65.7958984375
1228656,19.83642578125
1228687,58.77685546875
1228729,21.78955078125
1244576,20.56884765625
1256695,21.66748046875
1256729,62.1337890625
1256769,50.537109375
1256784,25.2685546875
1256803,24.71923828125
1256825,50.29296875
1256856,18.98193359375
1278582,19.10400390625
1279037,62.744140625
1279057,19.10400390625
1292817,23.4375
1293011,67.44384765625
1293377,18.49365234375
1300819,19.34814453125
1311778,80.13916015625
1311808,20.20263671875
1311833,52.24609375
1311845,23.49853515625
1311856,18.9208984375
1311883,19.95849609375
1311904,30.3955078125
1311917,20.3857421875
1342628,66.95556640625
1342779,57.12890625
1342811,21.30126953125
1342900,19.47021484375
1349423,26.3671875
1364001,68.05419921875
1364058,75.68359375
1364107,55.908203125
1364123,21.3623046875
1364261,50.47607421875
1364627,18.85986328125
1380843,73.8525390625
1380921,51.26953125
1380950,23.74267578125
1380966,18.98193359375
1381015,19.10400390625
1398308,56.884765625
1398396,21.42333984375
1398439,46.142578125
1398558,19.287109375
1410477,19.10400390625
1424625,73.18115234375
1440584,19.71435546875
1440654,25.634765625
1456402,18.49365234375
1456525,55.7861328125
1472870,69.76318359375
1473062,50.537109375
1487314,65.24658203125
1487405,55.11474609375
1503858,18.6767578125
1503930,57.67822265625
1503955,18.5546875
1504049,19.4091796875
1504162,52.978515625
1506815,72.998046875
1506827,19.53125
1506864,56.45751953125
1506890,20.1416015625
1506913,51.26953125
1506933,24.4140625
1506971,18.73779296875
1524252,69.4580078125
1524310,46.93603515625
1524364,58.349609375
1524550,64.453125
1524683,19.22607421875
1524760,54.01611328125
1524795,18.798828125
1524971,20.5078125
1549206,26.06201171875
1549787,20.56884765625
1549829,19.4091796875
1549845,19.775390625
1566753,20.93505859375
1580982,19.34814453125
1581104,22.88818359375
1593161,19.83642578125
1593445,62.56103515625
1593640,19.4091796875
1611238,19.287109375
1611797,20.5078125
1611862,73.30322265625
1611887,18.49365234375
1612029,18.73779296875
1628801,22.76611328125
1628917,66.89453125
1628973,18.5546875
1629006,39.24560546875
1629016,18.5546875
1647588,18.9208984375
1647628,64.51416015625
1647757,70.12939453125
1647890,19.8974609375
1659940,20.32470703125
1673361,18.49365234375
1680336,18.9208984375
1694096,24.96337890625
1694878,68.05419921875
1694913,21.42333984375
1712636,67.81005859375
1712665,18.4326171875
1712818,19.10400390625
1724313,58.65478515625
1724324,21.97265625
1724337,39.61181640625
1724374,52.1240234375
1724387,18.37158203125
1724405,18.61572265625
1724495,21.97265625
1740440,18.798828125
1741429,80.62744140625
1741444,18.5546875
1741480,20.20263671875
1741500,20.93505859375
1741526,23.5595703125
1744895,69.88525390625
1744911,19.22607421875
1744990,60.546875
1770185,18.85986328125
1770215,19.1650390625
1770450,18.85986328125
1782662,18.4326171875
1782699,73.30322265625
1782712,18.6767578125
1782751,20.01953125
1782761,70.25146484375
1782845,20.93505859375
1800881,22.94921875
1801075,18.85986328125
1801123,21.6064453125
1801639,21.97265625
1816023,75.927734375
1816047,25.7568359375
1816112,71.4111328125
1816128,18.9208984375
1816139,33.5693359375
1816248,18.37158203125
1819115,20.69091796875
1819146,20.93505859375
1819179,19.10400390625
1839737,18.49365234375
1839837,20.08056640625
1854162,59.75341796875
1854199,18.9208984375
1854397,19.1650390625
1874749,58.4716796875
1874763,22.03369140625
1874840,48.2177734375
1878979,20.44677734375
1879089,51.1474609375
1879115,19.10400390625
1879239,21.8505859375
1900686,52.8564453125
1900772,61.8896484375
1907689,63.5986328125
1907705,21.97265625
1909984,19.22607421875
1927700,76.35498046875
1946376,19.22607421875
1946415,77.81982421875
1946447,21.17919921875
1946472,20.81298828125
1946560,20.263671875
1946581,21.54541015625
1952328,19.83642578125
1952393,19.83642578125
1952467,19.6533203125
1955738,19.287109375
1955782,65.185546875
1955795,18.5546875
1955828,24.23095703125
1955856,20.1416015625
1955915,22.52197265625
1983705,54.931640625
1983785,37.90283203125
1983804,22.3388671875
1983825,20.32470703125
1983857,19.10400390625
1986539,21.42333984375
1986609,67.87109375
1986623,26.06201171875
1986651,59.02099609375
1986665,33.447265625
1986678,28.80859375
1986703,46.2646484375
1986715,20.01953125
1986729,21.17919921875
2005512,55.48095703125
2005531,19.775390625
2005625,61.4013671875
2005641,22.0947265625
2005696,22.3388671875
2005713,19.287109375
2005743,19.04296875
2023541,19.53125
2023699,26.3671875
2023717,58.53271484375
2023730,18.5546875
2023761,52.30712890625
2023779,29.1748046875
2023853,20.32470703125
2046375,21.17919921875
2047692,61.5234375
2047764,21.1181640625
2047836,23.3154296875
2048003,19.53125
2048266,20.44677734375
2048314,57.18994140625
2048325,18.61572265625
2048363,20.32470703125
2070977,20.32470703125
2071051,64.88037109375
2071064,25.69580078125
2071111,52.55126953125
2071151,26.79443359375
2071180,71.59423828125
2071200,25.0244140625
2071226,21.42333984375
2071256,58.04443359375
2093074,20.99609375
2093173,49.49951171875
2093234,18.49365234375
2093323,81.48193359375
2093408,23.98681640625
2107840,72.8759765625
2107850,19.4091796875
2107920,62.19482421875
2108076,18.61572265625
2108147,21.42333984375
2108600,20.8740234375
2121297,55.48095703125
2121429,63.8427734375
2121450,21.6064453125
2121474,22.94921875
2121500,56.2744140625
2121514,18.5546875
2121539,18.798828125
2121568,20.56884765625
2139259,19.95849609375
2140090,78.0029296875
2140153,54.62646484375
2140167,19.59228515625
2140324,18.49365234375
2140356,48.15673828125
2140407,21.66748046875
2155339,66.71142578125
2155365,18.49365234375
2155407,55.11474609375
2155455,19.53125
2155716,21.17919921875
2155919,59.26513671875
2155941,24.90234375
2155964,21.42333984375
2155999,19.71435546875
2156016,60.546875
2156068,22.52197265625
2173940,69.88525390625
2174066,20.08056640625
2174101,54.62646484375
2174132,22.3388671875
2174152,23.98681640625
2174181,53.89404296875
2174206,21.78955078125
2192290,21.97265625
2192348,69.2138671875
2192482,19.775390625
2192513,53.03955078125
2192530,22.4609375
2192560,21.1181640625
2192579,18.73779296875
2210902,76.23291015625
2210931,19.59228515625
2210961,55.419921875
2210978,22.64404296875
2211009,21.17919921875
2211021,65.91796875
2211063,23.37646484375
2211074,49.072265625
2211096,23.37646484375
2211157,18.73779296875
2227002,23.193359375
2227015,25.0244140625
2227051,53.40576171875
2227065,18.798828125
2230187,19.4091796875
2230526,18.4326171875
2230677,56.7626953125
2245340,20.08056640625
2245451,21.30126953125
2261556,18.4326171875
2261613,20.1416015625
2261640,20.81298828125
2261656,18.5546875
2261794,22.94921875
2278491,62.68310546875
2278628,62.01171875
2278700,18.9208984375
2278883,55.11474609375
2279090,22.15576171875
2279118,64.3310546875
2279187,18.6767578125
2279229,55.419921875
2279250,21.91162109375
2279265,21.728515625
2279341,20.751953125
2296466,63.232421875
2296560,68.29833984375
2296644,47.79052734375
2296658,26.06201171875
2304594,20.99609375
2304755,26.18408203125
2305095,19.8974609375
2305280,61.58447265625
2305373,60.24169921875
2305485,54.19921875
2305526,20.69091796875
2321307,57.12890625
2321445,23.37646484375
2321482,18.6767578125
2323504,18.4326171875
2323534,68.42041015625
2323569,21.42333984375
2338071,19.47021484375
2338097,55.84716796875
2338435,61.8896484375
2338637,19.59228515625
2338726,65.24658203125
2338738,23.74267578125
2338788,54.3212890625
2356040,59.38720703125
2356145,19.83642578125
2359542,18.61572265625
2359666,54.62646484375
2359740,62.3779296875
2362222,18.9208984375
2379711,75.3173828125
2379773,53.3447265625
2379876,20.44677734375
2379910,55.17578125
2381221,19.8974609375
2381253,18.98193359375
2381303,19.287109375
2381341,60.302734375
2381481,18.98193359375
2397746,67.3828125
2397858,54.62646484375
2398512,22.5830078125
2398600,70.12939453125
2398656,19.4091796875
2398693,25.20751953125
2398715,21.1181640625
2398737,20.751953125
2398766,18.5546875
2414094,23.193359375
2415708,18.9208984375
2416949,19.95849609375
2417500,18.98193359375
2418092,20.3857421875
2446021,63.4765625
2446225,67.19970703125
2446263,21.05712890625
2446277,53.89404296875
2446316,23.3154296875
2446334,49.4384765625
2446356,26.2451171875
2446376,19.6533203125
2467481,18.85986328125
2467518,24.96337890625
2467554,49.6826171875
2467603,18.5546875
2467618,44.98291015625
2467629,25.69580078125
2483140,19.04296875
2484332,18.49365234375
2485159,20.751953125
2485309,18.798828125
2485516,18.6767578125
2485539,24.658203125
2485571,74.03564453125
2485642,18.6767578125
2485661,42.96875
2485674,25.20751953125
2485834,20.1416015625
2499394,21.240234375
2499831,68.54248046875
2501740,69.51904296875
2506206,20.56884765625
2506224,30.45654296875
2506245,21.17919921875
2506258,18.85986328125
2534047,73.54736328125
2534115,57.06787109375
2534136,21.05712890625
2534988,24.96337890625
2535044,61.6455078125
2535073,20.32470703125
2535154,60.11962890625
2538631,21.1181640625
2538731,54.38232421875
2538744,19.22607421875
2538772,23.13232421875
2538807,23.01025390625
2557141,67.44384765625
2557996,19.775390625
2558186,77.0263671875
2558320,59.9365234375
2558554,18.37158203125
2558640,26.3671875
2558665,53.3447265625
2558705,20.1416015625
2558715,20.99609375
2574477,20.1416015625
2577915,56.640625
2577944,19.10400390625
2578003,43.88427734375
2579523,20.8740234375
2579582,88.0126953125
2579608,20.3857421875
2579626,21.05712890625
2579686,19.6533203125
2579780,18.85986328125
2580261,19.59228515625
2580480,19.287109375
2580639,18.98193359375
2580766,67.68798828125
2580787,20.01953125
2580861,22.3388671875
2582747,18.49365234375
2618572,21.6064453125
2618594,20.5078125
2618643,19.04296875
2620215,59.9365234375
2620244,21.240234375
2620283,55.908203125
2620298,23.0712890625
2620400,19.95849609375
2620418,18.798828125
2640304,23.92578125
2640318,57.06787109375
2640331,19.8974609375
2641056,19.04296875
2641072,18.37158203125
2641190,73.30322265625
2641259,25.7568359375
2641324,23.4375
2642075,19.4091796875
2644323,18.4326171875
2644625,19.287109375
2645250,18.37158203125
2690982,50.29296875
2690993,18.4326171875
2691029,21.66748046875
2691062,20.81298828125
2691083,18.37158203125
2692036,18.85986328125
2692179,19.04296875
2692216,54.87060546875
2692237,18.98193359375
2693599,18.798828125
2693648,56.2744140625
2693659,20.263671875
2693688,22.8271484375
2693724,54.6875
2693763,19.6533203125
2697865,18.85986328125
2730884,19.4091796875
2730930,55.7861328125
2730942,20.1416015625
2732073,19.71435546875
2732184,20.5078125
2763941,68.54248046875
2764687,59.75341796875
2765041,67.3828125
2765132,50.1708984375
2765162,22.0947265625
2765225,21.8505859375
2788447,54.50439453125
2788659,24.47509765625
2788684,69.091796875
2789229,18.49365234375
2789619,51.6357421875
2789855,19.71435546875
2789939,18.49365234375
2789961,22.76611328125
2830574,58.77685546875
2830643,19.287109375
2830821,51.3916015625
2830984,19.775390625
2831015,19.83642578125
2831115,50.4150390625
2831134,18.9208984375
2857164,20.93505859375
2857181,51.8798828125
2857300,18.73779296875
2857330,22.94921875
2857416,19.53125
2857518,20.8740234375
2858525,18.4326171875
2858540,21.1181640625
2858669,59.5703125
2858679,18.98193359375
2860181,19.6533203125
2860273,18.37158203125
2860321,65.85693359375
2860914,20.44677734375
2900071,53.28369140625
2900097,19.22607421875
2900154,52.18505859375
2901699,18.73779296875
2901750,60.72998046875
2902202,46.875
2902261,22.52197265625
2902464,19.04296875
2902491,47.119140625
2942794,63.3544921875
2943087,50.6591796875
2943139,22.39990234375
2943222,22.94921875
2956286,19.10400390625
2967462,58.837890625
2968529,61.95068359375
2968582,22.27783203125
2968619,47.7294921875
2968689,19.1650390625
2986796,19.83642578125
2986935,81.23779296875
2986949,20.5078125
2987186,20.20263671875
2987827,65.73486328125
2987840,20.8740234375
2988022,19.4091796875
2990201,19.10400390625
2990903,22.94921875
2991142,20.81298828125
2994161,63.8427734375
3036618,18.98193359375
3036936,75.74462890625
3037077,54.62646484375
3038761,22.0947265625
3038805,77.5146484375
3038875,19.04296875
3038905,54.01611328125
3038953,20.93505859375
3041286,53.77197265625
3067755,18.5546875
3067796,18.85986328125
3068236,68.603515625
3069132,70.068359375
3069226,55.60302734375
3069296,51.26953125
3069414,53.3447265625
3069718,56.640625
3069825,52.978515625
3070031,18.98193359375
3070209,57.43408203125
3070631,58.2275390625
3070731,44.0673828125
3070924,19.8974609375
3070994,18.4326171875
3071154,19.83642578125
3071366,49.01123046875
3071570,42.05322265625
3071741,51.57470703125
3071890,40.771484375
3071910,22.39990234375
3090237,66.7724609375
3090321,58.349609375
3090484,18.798828125
3090877,76.904296875
3091776,19.775390625
3091914,51.08642578125
3092262,20.1416015625
3092376,50.1708984375
3113850,20.751953125
3113911,54.5654296875
3114457,18.49365234375
3114681,20.01953125
3114756,65.185546875
3114771,18.798828125
3115539,69.7021484375
3115619,64.02587890625
3115652,21.42333984375
3134309,71.47216796875
3134403,19.59228515625
3134643,69.7021484375
3135358,58.04443359375
3135381,23.74267578125
3135590,19.04296875
3135604,22.88818359375
3140422,18.5546875
3140445,63.04931640625
3140501,20.20263671875
3140533,49.01123046875
3140564,21.6064453125
3159664,63.4765625
3159694,21.3623046875
3159759,58.7158203125
3160217,62.01171875
3160281,52.3681640625
3160422,59.08203125
3160516,61.95068359375
3160539,20.56884765625
3177447,18.37158203125
3177905,20.1416015625
3178021,19.71435546875
3178317,75.68359375
3178423,58.53271484375
3178499,43.212890625
3178758,53.77197265625
3179973,20.3857421875
3179993,87.70751953125
3197609,78.18603515625
3197809,64.88037109375
3197830,23.8037109375
3197973,20.08056640625
3198054,52.001953125
3198114,19.8974609375
3204540,19.775390625
3208428,70.556640625
3209896,25.20751953125
3210847,26.2451171875
3219093,19.47021484375
3241027,62.3779296875
3242272,52.67333984375
3242366,51.6357421875
3242551,54.26025390625
3242588,19.10400390625
3242776,69.82421875
3257110,66.0400390625
3258686,57.6171875
3258895,53.77197265625
3258905,24.2919921875
3258967,49.01123046875
3259104,19.287109375
3273411,25.81787109375
3273652,58.2275390625
3274066,22.8271484375
3274256,19.10400390625
3274281,61.767578125
3274372,57.06787109375
3274404,18.98193359375
3274432,18.6767578125
3277030,59.75341796875
3293021,18.98193359375
3293819,21.97265625
3294584,23.5595703125
3294619,71.22802734375
3294719,49.98779296875
3294861,18.73779296875
3314430,76.59912109375
3315788,19.95849609375
3315981,58.28857421875
3316074,20.1416015625
3317120,57.2509765625
3326788,63.29345703125
3326920,53.7109375
3326970,18.6767578125
3327167,56.82373046875
3327231,23.681640625
3327250,18.73779296875
3328758,18.5546875
3329537,18.6767578125
3331981,60.05859375
3333205,19.34814453125
3334351,68.9697265625
3335191,59.99755859375
3335279,57.06787109375
3335321,22.705078125
3349410,23.8037109375
3349747,18.6767578125
3350115,22.0947265625
3351461,64.697265625
3351545,18.61572265625
3353029,63.53759765625
3353041,20.32470703125
3353085,52.30712890625
3368255,19.775390625
3368297,19.775390625
3395469,55.23681640625
3395497,20.263671875
3395573,60.48583984375
3395678,55.84716796875
3396151,23.25439453125
3397603,20.263671875
3410180,72.1435546875
3413306,67.5048828125
3413923,20.08056640625
3430527,19.10400390625
3430595,23.5595703125
3430657,61.279296875
3430708,19.95849609375
3430778,52.734375
3444018,20.08056640625
3444078,58.28857421875
3444149,20.44677734375
3446065,23.86474609375
3448202,20.93505859375
3460805,24.0478515625
3460821,18.798828125
3460880,72.75390625
3461008,48.9501953125
3465301,18.5546875
3465331,19.95849609375
3465363,74.21875
3479714,22.94921875
3508293,19.22607421875
3509304,19.34814453125
3509372,76.11083984375
3509758,70.73974609375
3509779,19.34814453125
3521379,18.5546875
3527995,47.36328125
3528408,64.0869140625
3528424,22.0947265625
3529013,21.484375
3529094,20.56884765625
3533304,18.73779296875
3533841,19.71435546875
3533863,21.91162109375
3541521,20.81298828125
3541538,18.85986328125
3553256,18.85986328125
3557171,18.5546875
3557256,60.9130859375
3557907,62.31689453125
3578237,67.9931640625
3578346,57.43408203125
3578485,49.6826171875
3578504,18.4326171875
3578722,64.0869140625
3578789,45.10498046875
3578961,56.7626953125
3578990,18.6767578125
3579016,23.62060546875
3579054,52.1240234375
3593170,61.03515625
3593527,19.59228515625
3635644,49.86572265625
3636027,22.8271484375
3636569,62.43896484375
3636654,53.52783203125
3636882,19.4091796875
3636956,55.6640625
3647082,18.4326171875
3647178,19.47021484375
3647655,61.46240234375
3647736,43.88427734375
3647776,18.61572265625
3661823,20.93505859375
3663122,18.49365234375
3663436,22.94921875
3663665,19.04296875
3663690,60.48583984375
3664351,20.93505859375
3665050,62.19482421875
3665061,22.76611328125
3665079,23.25439453125
3665107,60.1806640625
3665125,24.2919921875
3665142,21.484375
3677926,18.98193359375
3678379,24.71923828125
3679415,18.5546875
3679440,18.61572265625
3696261,20.3857421875
3696979,58.65478515625
3697465,53.7109375
3724627,23.13232421875
3724974,19.34814453125
3725590,25.634765625
3725759,54.3212890625
3725971,67.7490234375
3726042,45.654296875
3726087,19.04296875
3739178,18.798828125
3739626,20.93505859375
3739790,20.93505859375
3740021,22.39990234375
3740035,18.85986328125
3740635,19.775390625
3740672,19.22607421875
3740725,68.42041015625
3740782,21.97265625
3740841,59.87548828125
3741054,67.0166015625
3741553,23.01025390625
3741585,18.61572265625
3741845,19.6533203125
3741892,19.95849609375
3760377,18.798828125
3760476,58.04443359375
3760550,48.40087890625
3760567,28.6865234375
3760586,19.59228515625
3776430,18.4326171875
3777449,18.5546875
3777497,27.099609375
3779060,20.20263671875
3779167,68.42041015625
3779210,21.17919921875
3779234,61.279296875
3779249,19.34814453125
3788341,18.798828125
3790891,19.04296875
3793161,21.91162109375
3793218,22.64404296875
3793896,18.37158203125
3794118,18.49365234375
3794376,19.95849609375
3810961,62.6220703125
3811017,24.10888671875
3811607,21.42333984375
3811674,54.0771484375
3811730,65.12451171875
3816764,18.98193359375
3816854,18.37158203125
3817641,20.44677734375
3818633,19.287109375
3819733,18.37158203125
3820835,21.78955078125
3821525,60.546875
3821639,60.791015625
3821819,20.20263671875
3821966,24.59716796875
3822354,20.3857421875
3822621,46.93603515625
3830879,61.8896484375
3831367,18.61572265625
3831484,21.728515625
3831502,18.73779296875
3833541,23.3154296875
3833620,20.5078125
3835375,18.4326171875
3835457,49.072265625
3848791,19.22607421875
3848988,20.93505859375
3849016,19.8974609375
3849449,18.9208984375
3849502,19.4091796875
3850166,18.98193359375
3850233,21.728515625
3860034,20.08056640625
3864078,20.263671875
3864395,18.73779296875
3864554,19.95849609375
3864735,58.7158203125
3865141,23.86474609375
3876396,23.49853515625
3876584,22.39990234375
3877083,19.47021484375
3893195,26.79443359375
3893332,18.85986328125
3893380,22.88818359375
3893847,23.25439453125
3893882,19.34814453125
3893956,47.2412109375
3894080,70.556640625
3894098,21.1181640625
3895455,18.37158203125
3914130,19.71435546875
3914323,21.240234375
3914516,20.44677734375
3914584,54.931640625
3929647,22.03369140625
3930040,20.69091796875
3930127,20.3857421875
3930663,19.8974609375
3930702,20.6298828125
3931388,19.71435546875
3931445,63.720703125
3931458,20.1416015625
3931516,18.9208984375
3939016,19.10400390625
3939270,19.83642578125
3939588,19.6533203125
3939845,18.73779296875
3954921,19.10400390625
3954941,20.5078125
3955487,26.0009765625
3956250,20.8740234375
3957705,18.5546875
3958282,50.35400390625
3958313,34.60693359375
3958332,50.537109375
3958345,30.57861328125
3958375,42.29736328125
3958391,23.13232421875
3958427,19.53125
3958445,18.61572265625
3977110,18.798828125
3977647,18.85986328125
3977702,24.169921875
3990482,23.193359375
3990629,27.89306640625
3990720,19.83642578125
3990784,64.697265625
3991459,21.8505859375
3991679,18.85986328125
3991884,58.349609375
3996083,25.146484375
3996147,20.263671875
3996178,18.798828125
3996203,25.57373046875
3996851,24.71923828125
3997171,23.74267578125
3997418,19.1650390625
4009246,32.958984375
4009644,20.08056640625
4009672,23.49853515625
4009712,19.4091796875
4010638,19.287109375
4010691,19.4091796875
4010712,18.49365234375
4033585,21.8505859375
4033655,21.484375
4033878,23.25439453125
4034226,51.1474609375
4034242,18.5546875
4034263,20.08056640625
4035316,20.32470703125
4035989,24.35302734375
4036007,27.7099609375
4036023,62.07275390625
4036034,32.1044921875
4036085,55.7861328125
4036113,26.611328125
4056393,20.20263671875
4056895,19.34814453125
4056920,18.5546875
4057017,19.22607421875
4057030,21.6064453125
4057448,18.5546875
4058678,18.6767578125
4070489,20.1416015625
4070678,23.62060546875
4070738,58.9599609375
4070752,21.97265625
4070805,20.01953125
4070832,39.61181640625
4071179,19.1650390625
4078371,23.62060546875
4078413,18.9208984375
4078440,20.3857421875
4078450,25.0244140625
4078478,25.87890625
4078513,62.1337890625
4078550,24.35302734375
4078585,51.20849609375
4078606,22.64404296875
4093484,24.71923828125
4093706,26.3671875
4093721,22.03369140625
4093773,19.83642578125
4094019,19.53125
4094119,18.6767578125
4094152,18.61572265625
4106942,51.45263671875
4106962,24.35302734375
4106983,25.20751953125
4125711,26.4892578125
4125797,19.47021484375
4125926,19.47021484375
4126184,22.216796875
4126535,20.5078125
4127025,21.728515625
4127069,24.23095703125
4140602,25.5126953125
4140816,19.53125
4141160,18.73779296875
4141281,23.8037109375
4141358,19.59228515625
4143584,22.216796875
4143730,22.39990234375
4143834,61.767578125
4144004,60.9130859375
4144058,49.4384765625
4158056,22.705078125
4158165,57.18994140625
4158200,19.47021484375
4158286,20.08056640625
4158301,46.0205078125
4158330,21.05712890625
4158371,18.6767578125
4160079,18.37158203125
4160767,20.81298828125
4160809,19.10400390625
4160990,19.6533203125
4161273,66.5283203125
4161297,20.08056640625
4161357,54.931640625
4161399,19.10400390625
4183760,18.6767578125
4183777,19.47021484375
4183792,56.09130859375
4184029,22.705078125
4184415,18.6767578125
4202115,55.11474609375
4202196,58.04443359375
4202217,20.93505859375
4202876,18.98193359375
4202907,24.23095703125
4203241,19.6533203125
4203269,18.5546875
4203292,25.634765625
4203402,21.728515625
4203434,58.41064453125
4220707,18.9208984375
4221126,21.3623046875
4221589,18.85986328125
4221922,20.6298828125
4222212,21.42333984375
4222400,18.98193359375
4223246,67.32177734375
4224869,18.9208984375
4225628,19.53125
4225639,18.61572265625
4225751,46.93603515625
4227223,18.4326171875
4227451,19.34814453125
4227563,19.59228515625
4229531,18.73779296875
4229574,19.04296875
4246175,18.98193359375
4246226,18.9208984375
4246287,21.42333984375
4246314,18.98193359375
4246345,18.6767578125
4246393,19.287109375
4262301,20.99609375
4262351,58.41064453125
4262567,25.5126953125
4262810,21.240234375
4262843,20.263671875
4262854,18.9208984375
4263389,20.69091796875
4263424,22.705078125
4263472,21.728515625
4263557,21.05712890625
4278251,19.83642578125
4278320,59.814453125
4278351,21.42333984375
4278402,53.1005859375
4278450,18.9208984375
4278473,50.9033203125
4279578,18.73779296875
4281165,19.1650390625
4281183,65.85693359375
4302221,18.37158203125
4302738,20.751953125
4302881,53.28369140625
4303338,19.22607421875
4303364,20.5078125
4303440,20.44677734375
4303538,55.419921875
4320361,19.287109375
4320422,19.4091796875
4320464,52.55126953125
4320478,22.52197265625
4320532,51.3916015625
4326253,22.52197265625
4327882,21.3623046875
4328312,68.603515625
4328478,18.49365234375
4329929,18.85986328125
4330238,57.06787109375
4330323,57.6171875
4330384,45.8984375
4330437,27.64892578125
4330491,22.94921875
4330603,21.66748046875
4330827,41.8701171875
4330883,21.6064453125
4331009,19.775390625
4331085,26.2451171875
4331155,21.97265625
4331224,20.93505859375
4345360,19.04296875
4345517,18.61572265625
4345626,22.03369140625
4345769,28.62548828125
4345846,54.01611328125
4351640,46.0205078125
4352027,59.814453125
4352246,18.98193359375
4352279,63.41552734375
4352383,54.50439453125
4353531,21.97265625
4353586,20.99609375
4353680,58.837890625
4375835,22.216796875
4376146,20.56884765625
4376348,18.61572265625
4376615,63.232421875
4376690,49.74365234375
4393108,18.798828125
4393151,22.705078125
4406872,50.84228515625
4406936,60.85205078125
4406971,18.73779296875
4406994,23.86474609375
4407011,46.875
4407026,20.08056640625
4407091,39.0625
4407129,21.97265625
4421334,30.8837890625
4421364,18.798828125
4421563,46.32568359375
4422075,69.4580078125
4422116,20.56884765625
4422182,18.49365234375
4437095,19.10400390625
4437393,20.3857421875
4437530,19.6533203125
4437561,60.05859375
4437644,52.1240234375
4437658,23.8037109375
4437784,18.4326171875
4439290,19.04296875
4454016,59.4482421875
4454032,20.6298828125
4455283,52.6123046875
4455382,20.751953125
4455994,19.775390625
4470097,18.49365234375
4475697,51.94091796875
4475888,19.04296875
4476066,51.94091796875
4476084,18.73779296875
4476972,22.3388671875
4477012,63.1103515625
4477025,19.8974609375
4495005,19.287109375
4495117,19.6533203125
4495223,19.287109375
4498581,18.4326171875
4498631,69.15283203125
4498653,25.45166015625
4498690,18.98193359375
4498709,18.798828125
4514916,62.80517578125
4530981,21.17919921875
4531142,22.03369140625
4531831,56.21337890625
4531846,20.44677734375
4533182,18.4326171875
4533199,20.56884765625
4540418,21.728515625
4542551,25.81787109375
4542654,19.83642578125
4542706,52.734375
4542718,19.04296875
4542760,23.4375
4560924,19.775390625
4560989,66.22314453125
4561071,18.5546875
4561151,44.49462890625
4562267,69.15283203125
4575502,62.56103515625
4575543,19.287109375
4575776,68.359375
4576513,21.1181640625
4576711,18.6767578125
4585818,18.5546875
4586036,20.751953125
4599788,19.22607421875
4599880,20.8740234375
4599986,20.1416015625
4600068,58.837890625
4600959,20.1416015625
4615747,19.6533203125
4615974,19.6533203125
4616152,58.349609375
4631257,19.8974609375
4631325,18.4326171875
4631613,51.94091796875
4631798,18.61572265625
4631828,20.8740234375
4631964,18.73779296875
4632320,18.61572265625
4632334,75.13427734375
4632402,18.5546875
4645384,23.25439453125
4649058,18.73779296875
4649362,18.9208984375
4660733,21.30126953125
4662709,20.6298828125
4665263,64.14794921875
4665277,24.10888671875
4665306,61.82861328125
4665319,20.20263671875
4665368,60.48583984375
4665384,18.798828125
4683328,18.85986328125
4684675,24.2919921875
4684831,18.9208984375
4684876,22.27783203125
4684891,18.98193359375
4689420,19.287109375
4689542,21.6064453125
4711052,20.20263671875
4711228,59.4482421875
4711427,18.37158203125
4711974,20.263671875
4712086,20.69091796875
4712200,61.09619140625
4712220,20.1416015625
4712236,21.17919921875
4712276,52.8564453125
4712355,19.59228515625
4730757,64.14794921875
4730769,21.54541015625
4750757,18.49365234375
4750776,20.93505859375
4750839,62.6220703125
4750980,18.798828125
4751010,20.08056640625
4772716,18.4326171875
4772776,22.52197265625
4772854,55.419921875
4772886,20.08056640625
4772917,51.025390625
4772928,18.85986328125
4772990,49.560546875
4791478,22.03369140625
4791553,74.03564453125
4791566,19.10400390625
4791837,22.3388671875
4791858,18.9208984375
4791901,19.1650390625
4792050,50.47607421875
4794940,19.22607421875
4815457,18.85986328125
4817692,19.53125
4818529,63.5986328125
4818608,53.89404296875
4818676,44.37255859375
4818738,42.1142578125
4818790,28.74755859375
4819209,54.6875
4819229,18.9208984375
4819256,26.85546875
4819285,51.33056640625
4819309,20.08056640625
4819349,24.169921875
4819383,18.4326171875
4834804,18.49365234375
4835377,20.263671875
4835395,24.4140625
4835518,57.18994140625
4835585,23.5595703125
4835625,49.25537109375
4835647,19.22607421875
4835665,23.5595703125
4851720,18.4326171875
4852293,58.89892578125
4852395,45.22705078125
4852468,47.9736328125
4852505,18.6767578125
4852904,59.5703125
4852997,54.99267578125
4873742,72.93701171875
4873801,18.5546875
4873844,59.50927734375
4873861,22.39990234375
4896176,19.04296875
4901572,18.4326171875
4919123,19.53125
4919409,61.6455078125
4934370,65.7958984375
4934445,69.03076171875
4934461,18.98193359375
4934568,59.4482421875
4944322,18.98193359375
4945621,22.8271484375
4945697,19.4091796875
4965755,68.17626953125
4965766,20.3857421875
4965847,52.42919921875
4965917,47.9736328125
4965963,20.99609375
4965985,18.37158203125
4966003,19.1650390625
4982381,20.56884765625
4983116,18.5546875
4983671,19.8974609375
4988821,20.1416015625
4988891,24.169921875
5006642,19.10400390625
5028293,18.49365234375
5028353,64.94140625
5042889,18.85986328125
5044265,22.15576171875
5059427,60.9130859375
5059515,24.96337890625
5071974,74.27978515625
5072089,58.16650390625
5072732,50.35400390625
5072810,66.46728515625
5072856,25.0244140625
5072888,53.7109375
5072904,22.39990234375
5086746,20.32470703125
5087808,18.73779296875
5088308,51.025390625
5105201,50.96435546875
5105398,59.4482421875
5105424,21.97265625
5107323,20.56884765625
5115347,22.15576171875
5115440,25.20751953125
5116209,18.798828125
5116272,18.9208984375
5116653,22.216796875
5117484,24.2919921875
5136712,21.30126953125
5138119,19.53125
5154122,20.44677734375
5154526,20.01953125
5154568,71.1669921875
5154605,21.97265625
5171020,20.263671875
5171185,57.06787109375
5183004,18.73779296875
5196344,19.83642578125
5200339,18.49365234375
5200381,63.8427734375
5200445,44.86083984375
5218043,20.1416015625
5218094,21.42333984375
5232713,18.85986328125
5233038,50.048828125
5233125,51.6357421875
5233144,18.798828125
5233352,19.04296875
5245194,72.265625
5245691,50.9033203125
5245991,60.72998046875
5246093,55.60302734375
5246863,19.22607421875
5268583,57.7392578125
5269099,19.04296875
5269180,22.64404296875
5284146,18.37158203125
5284157,63.4765625
5284300,63.96484375
5293424,20.3857421875
5306565,19.775390625
5308093,57.06787109375
5321122,22.39990234375
5322802,63.1103515625
5322832,23.5595703125
5322874,67.5048828125
5322899,22.5830078125
5322921,27.89306640625
5322963,48.88916015625
5343607,18.798828125
5354675,20.1416015625
5355517,50.59814453125
5355579,18.98193359375
5355656,21.30126953125
5368911,21.8505859375
5369292,54.38232421875
5369354,58.28857421875
5369411,49.86572265625
5369473,49.49951171875
5369668,51.3916015625
5369747,40.8935546875
5369764,18.4326171875
5370102,52.734375
5370151,38.14697265625
5382311,74.52392578125
5382401,20.8740234375
5382418,19.4091796875
5382485,53.1005859375
5404661,60.791015625
5407666,63.8427734375
5407690,22.15576171875
5408158,64.94140625
5408491,18.98193359375
5408554,18.798828125
5408641,58.41064453125
5419375,19.6533203125
5434840,68.42041015625
5434885,20.6298828125
5434930,19.71435546875
5434962,57.67822265625
5434987,20.1416015625
5441902,19.8974609375
5442706,18.85986328125
5442754,18.9208984375
5442787,67.9931640625
5442812,18.85986328125
5455941,19.1650390625
5457443,22.39990234375
5457533,20.32470703125
5457596,55.84716796875
5457649,19.775390625
5478701,18.4326171875
5479390,19.10400390625
5479417,21.54541015625
5479452,21.05712890625
5479468,44.7998046875
5479507,19.59228515625
5479588,55.11474609375
5479607,21.91162109375
5492397,26.18408203125
5492450,19.775390625
5492662,54.74853515625
5493542,69.580078125
5493579,22.5830078125
5493632,59.75341796875
5493653,22.27783203125
5493697,20.32470703125
5507239,19.47021484375
5509859,19.53125
5523448,18.4326171875
5524433,67.3828125
5524491,62.5
5524555,51.94091796875
5524940,62.5
5525113,62.8662109375
5526803,19.10400390625
5526813,68.78662109375
5526888,18.73779296875
5529287,22.64404296875
5544009,19.83642578125
5544559,48.15673828125
5544999,57.18994140625
5547156,19.22607421875
5547275,20.69091796875
5547291,21.6064453125
5562801,18.73779296875
5562879,19.04296875
5562891,19.22607421875
5562913,21.240234375
5562938,26.123046875
5562972,20.20263671875
5563033,60.05859375
5564081,20.751953125
5564342,22.705078125
5564936,18.9208984375
5572181,20.01953125
5572231,28.38134765625
5572252,32.8369140625
5572296,49.8046875
5583755,24.84130859375
5583887,18.61572265625
5585847,18.49365234375
5586155,19.04296875
5586243,60.24169921875
5586779,70.556640625
5595577,22.15576171875
5595595,20.3857421875
5595605,20.263671875
5595631,18.6767578125
5595676,18.6767578125
5595755,67.87109375
5596767,19.71435546875
5613868,23.193359375
5613926,22.03369140625
5614206,18.98193359375
5625159,18.37158203125
5625239,19.34814453125
5625271,78.125
5625329,19.47021484375
5642075,23.3154296875
5642091,22.52197265625
5642528,18.73779296875
5642547,57.4951171875
5642645,26.91650390625
5651452,19.8974609375
5651609,18.49365234375
5651651,19.83642578125
5651749,55.419921875
5652127,18.6767578125
5652169,51.8798828125
5652182,20.93505859375
5652224,46.630859375
5652236,27.52685546875
5652256,23.74267578125
5666972,21.42333984375
5667036,19.53125
5669305,61.09619140625
5669590,19.1650390625
5670337,27.2216796875
5670375,58.77685546875
5670403,22.4609375
5688763,59.814453125
5688823,52.001953125
5688952,52.734375
5690307,19.83642578125
5690329,25.69580078125
5712424,18.61572265625
5712435,19.95849609375
5712467,20.20263671875
5712566,50.9033203125
5712578,23.4375
5712684,18.73779296875
5712702,19.53125
5712718,20.5078125
5729705,18.4326171875
5729738,21.30126953125
5729764,20.08056640625
5729950,18.61572265625
5742308,22.5830078125
5742334,23.3154296875
5742612,19.1650390625
5742691,60.85205078125
5742774,55.5419921875
5742956,20.3857421875
5743666,19.71435546875
5743678,18.73779296875
5743975,21.484375
5744002,18.37158203125
5744726,18.5546875
5744756,23.25439453125
5755735,20.751953125
5755764,22.4609375
5755795,24.2919921875
5755812,18.98193359375
5755856,19.83642578125
5755930,20.3857421875
5755941,20.6298828125
5755997,50.537109375
5756025,21.30126953125
5756051,20.93505859375
5756075,52.79541015625
5772490,18.9208984375
5772552,19.287109375
5773169,18.5546875
5773756,19.59228515625
5775206,18.4326171875
5775560,20.751953125
5776002,20.8740234375
5776073,18.9208984375
5776089,58.41064453125
5776108,31.92138671875
5776205,19.775390625
5796790,70.556640625
5805860,22.15576171875
5805923,21.484375
5807146,20.81298828125
5807465,20.44677734375
5807669,53.40576171875
5807732,48.52294921875
5808267,19.287109375
5808330,19.47021484375
5818155,22.39990234375
5818216,18.85986328125
5818245,19.10400390625
5818262,19.1650390625
5818287,24.59716796875
5820407,21.6064453125
5820533,21.6064453125
5820573,21.05712890625
5828301,26.2451171875
5828469,21.78955078125
5828489,18.9208984375
5828534,18.98193359375
5829169,19.47021484375
5829217,56.57958984375
5829278,65.185546875
5830380,18.9208984375
5830458,49.74365234375
5830479,25.32958984375
5839023,20.44677734375
5839039,34.72900390625
5839053,18.73779296875
5856272,20.751953125
5856291,53.1005859375
5856304,24.71923828125
5856332,18.98193359375
5864821,36.62109375
5864895,18.37158203125
5864925,20.3857421875
5864974,19.34814453125
5865025,25.0244140625
5865134,21.6064453125
5865217,52.18505859375
5865237,18.73779296875
5865251,25.08544921875
5871030,19.4091796875
5888031,23.681640625
5888072,19.47021484375
5888083,64.27001953125
5888102,19.83642578125
5888189,24.35302734375
5888855,18.49365234375
5889036,19.4091796875
5890358,25.5126953125
5890383,21.66748046875
5890401,19.8974609375
5890420,59.814453125
5890460,23.5595703125
5890497,44.98291015625
5915449,63.720703125
5915470,22.03369140625
5915513,54.0771484375
5915573,32.89794921875
5916339,19.4091796875
5916424,18.6767578125
5933712,67.07763671875
5933877,60.24169921875
5934029,18.61572265625
5934217,20.93505859375
5935745,24.0478515625
5951868,21.30126953125
5951882,22.3388671875
5951894,21.42333984375
5951929,21.8505859375
5951945,26.18408203125
5952016,18.73779296875
5952514,21.17919921875
5952901,18.798828125
5953193,55.11474609375
5958311,19.6533203125
5958382,18.9208984375
5958422,22.15576171875
5958455,20.6298828125
5958504,55.35888671875
5958531,26.30615234375
5958551,19.95849609375
5958567,61.09619140625
5958596,20.44677734375
5958621,55.23681640625
5958632,23.3154296875
5958665,22.15576171875
5983427,21.484375
5983622,25.57373046875
5983808,18.73779296875
5983879,25.08544921875
5984164,22.4609375
6005143,21.97265625
6005158,18.73779296875
6005211,21.728515625
6005576,19.47021484375
6005596,21.6064453125
6005637,18.98193359375
6012756,23.25439453125
6012779,22.4609375
6012794,21.97265625
6012822,20.1416015625
6031049,49.37744140625
6031120,20.20263671875
6031150,42.6025390625
6031208,22.64404296875
6031270,21.54541015625
6039441,23.62060546875
6039453,18.9208984375
6039474,20.01953125
6039499,19.775390625
6039694,74.03564453125
6039864,42.90771484375
6039887,20.8740234375
6040586,19.775390625
6041326,19.71435546875
6041374,20.8740234375
6041405,21.17919921875
6041444,22.0947265625
6041513,18.6767578125
6041797,21.05712890625
6057330,19.1650390625
6060888,22.39990234375
6061251,19.287109375
6061264,24.169921875
6061454,18.98193359375
6078394,21.8505859375
6078508,26.06201171875
6078796,47.9736328125
6078875,21.05712890625
6078993,54.19921875
6079061,19.53125
6079131,19.1650390625
6095124,26.7333984375
6095159,21.3623046875
6095190,21.1181640625
6095234,67.138671875
6095348,19.6533203125
6099735,18.98193359375
6099755,20.99609375
6099787,25.45166015625
6109279,18.798828125
6109314,18.4326171875
6109334,74.27978515625
6109344,30.2734375
6109412,23.3154296875
6109482,18.73779296875
6119262,22.0947265625
6119605,21.91162109375
6119635,19.287109375
6120521,22.8271484375
6120645,53.8330078125
6120674,22.88818359375
6120721,18.9208984375
6120748,50.59814453125
6120766,19.10400390625
6144338,21.728515625
6144442,21.240234375
6144525,22.76611328125
6144556,65.3076171875
6144569,18.73779296875
6144656,44.49462890625
6144693,25.5126953125
6144712,18.73779296875
6144742,21.240234375
6145898,19.95849609375
6145912,27.89306640625
6145980,59.26513671875
6145996,21.66748046875
6168987,22.76611328125
6169085,20.32470703125
6169112,19.83642578125
6169196,21.54541015625
6169347,44.0673828125
6169359,21.66748046875
6169388,18.798828125
6170900,18.798828125
6171045,18.6767578125
6171132,20.263671875
6171149,25.0244140625
6171182,19.04296875
6171192,76.7822265625
6171212,24.47509765625
6171259,20.93505859375
6171310,25.634765625
6191589,25.57373046875
6191605,24.47509765625
6191662,54.19921875
6191696,27.2216796875
6194004,19.10400390625
6194017,21.17919921875
6194043,24.35302734375
6194056,18.37158203125
6194088,63.3544921875
6194108,22.0947265625
6194135,51.7578125
6194149,23.01025390625
6194166,19.95849609375
6194186,51.33056640625
6194199,20.20263671875
6196404,19.287109375
6196658,19.53125
6200895,19.04296875
6201010,56.2744140625
6202903,22.76611328125
6215285,18.98193359375
6215296,25.57373046875
6215741,23.74267578125
6215889,19.775390625
6215951,18.6767578125
6216045,19.10400390625
6216582,22.52197265625
6216662,19.6533203125
6219586,24.4140625
6219687,65.12451171875
6219747,18.6767578125
6219996,20.99609375
6229579,19.22607421875
6229756,20.32470703125
6229990,18.798828125
6230103,68.90869140625
6230122,20.263671875
6230434,23.25439453125
6231276,19.8974609375
6231313,19.04296875
6231353,24.0478515625
6231383,18.37158203125
6231403,53.1005859375
6231434,19.6533203125
6231471,19.6533203125
6243900,19.53125
6243986,21.42333984375
6244008,20.8740234375
6244091,20.20263671875
6244117,19.34814453125
6244131,23.62060546875
6244170,21.484375
6244188,54.3212890625
6244201,25.5126953125
6244253,35.888671875
6244285,18.61572265625
6244991,18.61572265625
6245105,22.216796875
6256886,18.49365234375
6256897,20.08056640625
6256928,22.3388671875
6256960,20.32470703125
6257018,19.34814453125
6257051,66.95556640625
6257628,23.37646484375
6257990,18.73779296875
6258381,24.169921875
6258397,22.4609375
6258458,20.08056640625
6258475,50.59814453125
6258502,21.42333984375
6258548,59.326171875
6270809,25.146484375
6270819,20.01953125
6270890,20.6298828125
6270955,18.49365234375
6271656,21.17919921875
6271714,19.47021484375
6271824,19.04296875
6281090,18.798828125
6281383,19.59228515625
6281410,26.611328125
6281422,20.5078125
6281463,46.38671875
6281475,29.11376953125
6281548,18.49365234375
6305513,23.01025390625
6305524,21.30126953125
6305552,23.3154296875
6305563,25.390625
6305580,20.3857421875
6305596,42.41943359375
6305609,19.83642578125
6305655,57.43408203125
6305668,24.23095703125
6319797,19.6533203125
6319850,19.6533203125
6319866,45.41015625
6319906,19.775390625
6319926,20.56884765625
6340426,18.4326171875
6340436,21.30126953125
6340462,22.15576171875
6340523,27.099609375
6340540,18.798828125
6340610,20.8740234375
6340663,18.798828125
6358061,19.6533203125
6358135,47.54638671875
6358267,44.921875
6358286,22.705078125
6358300,19.04296875
6358330,18.61572265625
6358389,26.3671875
6358421,20.20263671875
6376010,22.0947265625
6376020,20.69091796875
6376060,54.87060546875
6376109,19.47021484375
6376126,20.32470703125
6376180,53.03955078125
6377173,18.4326171875
6390563,21.42333984375
6390612,20.93505859375
6390783,21.1181640625
6390870,18.798828125
6390938,22.39990234375
6390958,22.76611328125
6391031,59.26513671875
6405032,22.03369140625
6405097,20.99609375
6405270,18.73779296875
6405297,44.677734375
6405375,18.37158203125
6405719,19.95849609375
6414875,19.47021484375
6414924,24.169921875
6415018,25.5126953125
6415044,62.1337890625
6415125,54.99267578125
6415169,22.03369140625
6415258,29.052734375
6418719,23.74267578125
6418742,21.240234375
6418757,23.3154296875
6418864,27.77099609375
6418893,59.2041015625
6437282,22.52197265625
6437334,60.791015625
6437559,20.69091796875
6437644,20.5078125
6437725,22.8271484375
6437735,68.84765625
6437769,19.8974609375
6450083,19.6533203125
6450304,19.53125
6450859,21.05712890625
6450880,19.4091796875
6451022,21.78955078125
6451360,20.5078125
6453219,18.37158203125
6453317,59.63134765625
6453342,25.7568359375
6453420,70.068359375
6457467,58.41064453125
6460400,19.287109375
6479018,19.04296875
6479112,55.5419921875
6479139,23.98681640625
6479204,57.92236328125
6479271,22.3388671875
6480552,19.83642578125
6497767,23.01025390625
6498197,64.75830078125
6498367,60.48583984375
6498510,60.546875
6515345,61.82861328125
6515405,45.95947265625
6516209,18.9208984375
6516788,62.07275390625
6521923,20.01953125
6529896,22.216796875
6529939,21.8505859375
6530043,19.287109375
6548616,22.4609375
6548703,66.71142578125
6549380,21.6064453125
6549419,19.53125
6565019,23.01025390625
6565078,19.34814453125
6582387,55.17578125
6582454,57.4951171875
6582494,44.677734375
6582526,20.81298828125
6582606,43.5791015625
6582663,41.748046875
6582922,62.01171875
6582997,43.5791015625
6583121,46.20361328125
6583365,61.5234375
6600451,19.04296875
6601010,54.01611328125
6601134,63.3544921875
6601555,23.37646484375
6602397,56.82373046875
6602459,18.61572265625
6618986,68.29833984375
6619052,54.13818359375
6620073,20.20263671875
6620087,75.927734375
6620138,49.01123046875
6620202,51.08642578125
6620244,18.85986328125
6634528,61.8896484375
6634742,18.9208984375
6650428,63.17138671875
6650460,19.8974609375
6650498,51.6357421875
6650571,43.64013671875
6650588,23.25439453125
6651831,66.2841796875
6651844,20.6298828125
6667675,49.25537109375
6667732,52.490234375
6667742,20.01953125
6696441,72.57080078125
6696453,21.3623046875
6696625,19.287109375
6696695,47.9736328125
6697569,19.287109375
6697586,60.60791015625
6697604,22.705078125
6717881,75.13427734375
6717945,49.37744140625
6718020,52.91748046875
6718501,65.3076171875
6718623,20.99609375
6719496,59.99755859375
6719515,19.22607421875
6719553,46.69189453125
6742037,68.42041015625
6742048,20.5078125
6742062,20.08056640625
6742765,61.34033203125
6742805,19.04296875
6742821,18.6767578125
6742834,52.490234375
6771601,60.85205078125
6771724,41.259765625
6771773,39.48974609375
6771821,40.6494140625
6771917,48.40087890625
6771974,32.8369140625
6772023,19.1650390625
6772214,19.4091796875
6773678,61.6455078125
6773850,19.1650390625
6774291,22.216796875
6774809,65.36865234375
6774821,20.56884765625
6774851,27.2216796875
6774879,45.0439453125
6774901,28.076171875
6774929,20.751953125
6774990,18.85986328125
6792154,58.28857421875
6792167,21.1181640625
6792389,23.0712890625
6792402,21.42333984375
6792427,42.05322265625
6804546,42.78564453125
6804696,20.08056640625
6821541,53.89404296875
6821881,71.59423828125
6822026,52.978515625
6823551,22.03369140625
6823571,68.90869140625
6823584,24.90234375
6823600,26.611328125
6823622,50.29296875
6823644,20.69091796875
6823680,20.08056640625
6823699,18.798828125
6823714,19.53125
6823783,19.4091796875
6845867,24.7802734375
6845926,18.61572265625
6845966,56.640625
6845982,20.8740234375
6860924,23.62060546875
6861012,18.5546875
6879414,21.3623046875
6879630,66.34521484375
6879694,56.82373046875
6882872,58.28857421875
6882916,22.5830078125
6882961,67.138671875
6882987,23.74267578125
6883000,21.54541015625
6904383,20.93505859375
6904426,65.185546875
6904456,19.47021484375
6904541,50.6591796875
6904874,23.0712890625
6904948,60.791015625
6904966,18.98193359375
6918122,60.48583984375
6918338,20.751953125
6918397,21.8505859375
6941009,64.75830078125
6941067,23.193359375
6941140,65.61279296875
6941217,22.4609375
6941244,24.71923828125
6959306,19.10400390625
6959331,71.044921875
6959431,48.4619140625
6959628,19.47021484375
6969925,20.20263671875
6970060,24.0478515625
6970098,20.5078125
6970140,19.04296875
6970165,18.73779296875
6972512,68.29833984375
6972523,19.04296875
6972548,18.9208984375
6972565,46.44775390625
6972579,23.5595703125
6991539,59.99755859375
6991706,52.79541015625
6991767,54.01611328125
6991877,56.33544921875
6991901,24.23095703125
6996040,18.4326171875
7006791,53.3447265625
7006806,20.44677734375
7006834,55.908203125
7006848,18.49365234375
7006877,18.61572265625
7009613,22.52197265625
7009990,19.34814453125
7010358,21.1181640625
7012977,18.61572265625
7014064,25.32958984375
7016608,18.61572265625
7040653,64.5751953125
7041032,18.9208984375
7060710,20.99609375
7060728,18.6767578125
7072962,74.462890625
7073042,55.60302734375
7073634,19.1650390625
7073685,18.798828125
7087396,19.71435546875
7087644,19.10400390625
7109254,18.4326171875
7109295,48.33984375
7109308,19.10400390625
7109381,24.35302734375
7109406,19.83642578125
7123394,61.8896484375
7124253,20.3857421875
7124321,57.0068359375
7138727,24.5361328125
7139449,21.6064453125
7139544,69.82421875
7155707,58.16650390625
7155796,18.9208984375
7156004,18.798828125
7156019,26.123046875
7167443,18.73779296875
7167479,58.89892578125
7167560,19.95849609375
7186720,21.3623046875
7186733,63.53759765625
7186745,20.20263671875
7186771,20.69091796875
7206350,22.216796875
7206365,71.83837890625
7206384,22.64404296875
7206416,45.654296875
7206439,28.38134765625
7206465,35.58349609375
7210134,18.4326171875
7210305,20.6298828125
7210513,19.10400390625
7210702,21.30126953125
7212004,20.56884765625
7235136,19.10400390625
7235188,19.04296875
7235219,22.39990234375
7241085,20.263671875
7246697,21.17919921875
7246728,52.6123046875
7246740,25.87890625
7246767,55.84716796875
7246781,18.798828125
7246812,21.1181640625
7246832,45.0439453125
7252961,22.03369140625
7263844,19.4091796875
7263886,50.1708984375
7263898,30.57861328125
7263923,47.42431640625
7263934,32.53173828125
7263957,23.193359375
7263967,58.2275390625
7264004,29.052734375
7264015,42.8466796875
7264135,19.22607421875
7267250,25.87890625
7267330,22.52197265625
7267441,18.5546875
7267506,18.98193359375
7267658,18.37158203125
7267784,18.5546875
7268446,19.10400390625
7268926,18.5546875
7270227,18.49365234375
7271361,19.4091796875
7289446,19.1650390625
7289471,18.37158203125
7289491,19.4091796875
7289510,69.091796875
7289530,26.611328125
7289560,43.9453125
7289592,29.72412109375
7289604,60.11962890625
7289624,19.22607421875
7289636,20.32470703125
7289666,49.86572265625
7289706,19.04296875
7295319,19.8974609375
7295544,20.08056640625
7297542,23.37646484375
7308573,18.49365234375
7308651,60.05859375
7308670,25.87890625
7308696,57.2509765625
7308731,20.8740234375
7308745,45.47119140625
7308760,31.06689453125
7308797,28.6865234375
7308863,52.6123046875
7309055,18.37158203125
7309159,19.10400390625
7310888,20.6298828125
7311273,19.53125
7311949,22.8271484375
7312184,19.95849609375
7312711,18.4326171875
7318903,19.22607421875
7318928,18.98193359375
7318948,19.53125
7329642,29.296875
7329670,51.025390625
7329682,32.2265625
7329709,48.583984375
7329747,49.072265625
7329759,24.47509765625
7329790,52.6123046875
7329816,19.287109375
7329834,28.25927734375
7329878,29.78515625
7329927,26.91650390625
7330005,19.59228515625
7330032,49.74365234375
7330109,18.49365234375
7330202,48.52294921875
7330226,22.64404296875
7345054,20.751953125
7345074,24.96337890625
7359376,21.97265625
7359388,84.53369140625
7359432,58.4716796875
7359444,29.1748046875
7359463,24.5361328125
7359490,22.76611328125
7359513,29.11376953125
7359527,24.23095703125
7359554,32.28759765625
7359565,20.6298828125
7359596,28.9306640625
7359642,40.10009765625
7359714,49.072265625
7359804,53.3447265625
7359827,19.95849609375
7359890,20.56884765625
7359929,48.88916015625
7359950,22.3388671875
7361814,18.49365234375
7375532,18.5546875
7375578,20.263671875
7375598,23.5595703125
7375629,20.01953125
7375712,21.30126953125
7381350,19.47021484375
7381415,24.5361328125
7381432,21.97265625
7381444,19.8974609375
7381469,25.08544921875
7381480,46.2646484375
7381537,52.001953125
7381562,21.240234375
7381600,18.798828125
7400364,18.73779296875
7400498,59.9365234375
7400523,27.89306640625
7400548,20.3857421875
7400567,22.88818359375
7400601,19.53125
7400621,59.02099609375
7400634,19.34814453125
7400679,44.61669921875
7400725,28.13720703125
7400737,22.15576171875
7400758,45.10498046875
7400818,21.484375
7404332,18.61572265625
7404684,20.32470703125
7410745,20.44677734375
7410768,21.3623046875
7410796,19.287109375
7410832,61.5234375
7410974,18.798828125
7421632,20.20263671875
7421653,58.53271484375
7421665,31.6162109375
7421693,51.08642578125
7421709,24.2919921875
7421734,59.99755859375
7421764,20.1416015625
7421778,42.54150390625
7421798,19.6533203125
7421828,46.38671875
7421855,27.83203125
7421889,39.48974609375
7436210,18.4326171875
7436232,58.10546875
7436247,28.076171875
7436269,61.09619140625
7436288,33.75244140625
7436307,47.7294921875
7436329,31.982421875
7436362,22.4609375
7436383,30.94482421875
7436404,23.681640625
7436428,27.4658203125
7436459,25.2685546875
7436469,22.52197265625
7436518,21.91162109375
7436615,44.12841796875
7436707,38.02490234375
7436888,45.7763671875
7437137,46.142578125
7437339,19.6533203125
7438599,23.193359375
7441978,18.98193359375
7452179,18.5546875
7452197,22.15576171875
7452214,19.53125
7452230,62.255859375
7452282,18.61572265625
7452307,20.99609375
7452349,54.931640625
7452456,19.53125
7459185,20.5078125
7459200,21.6064453125
7459242,51.81884765625
7459262,24.59716796875
7459288,23.37646484375
7459319,51.513671875
7459800,18.73779296875
7472143,19.47021484375
7472189,72.32666015625
7472206,30.517578125
7472227,57.0068359375
7472251,32.65380859375
7472262,44.25048828125
7472283,23.193359375
7472309,35.2783203125
7472325,27.03857421875
7472351,41.50390625
7472402,32.89794921875
7472430,18.798828125
7472463,33.99658203125
7472581,49.1943359375
7473025,45.5322265625
7474755,18.49365234375
7475153,20.6298828125
7475600,20.1416015625
7495810,18.4326171875
7495973,47.79052734375
7495986,18.798828125
7496048,49.8046875
7496064,19.04296875
7496111,43.64013671875
7496132,29.296875
7496167,51.1474609375
7496286,57.4951171875
7508471,19.34814453125
7508678,59.14306640625
7508694,23.3154296875
7508714,23.3154296875
7508768,54.931640625
7508811,23.13232421875
7508857,57.2509765625
7508891,26.7333984375
7508921,20.8740234375
7508939,30.33447265625
7529083,18.73779296875
7529163,60.6689453125
7529179,23.13232421875
7529198,20.93505859375
7529219,53.22265625
7529271,30.029296875
7529293,22.88818359375
7529305,24.90234375
7529352,20.5078125
7529362,64.88037109375
7529386,18.37158203125
7529425,45.59326171875
7529478,18.4326171875
7555003,19.10400390625
7555063,21.17919921875
7555077,69.82421875
7555094,20.5078125
7555127,55.84716796875
7555142,26.91650390625
7555169,24.0478515625
7555182,55.0537109375
7555210,20.20263671875
7555255,49.31640625
7555292,23.86474609375
7574400,20.01953125
7576178,59.99755859375
7576219,18.6767578125
7576234,28.80859375
7576256,47.607421875
7576327,19.34814453125
7576360,25.390625
7600442,19.59228515625
7600462,18.9208984375
7600476,57.861328125
7600569,47.4853515625
7600599,19.8974609375
7601400,18.49365234375
7601428,22.705078125
7601507,63.4765625
7601593,18.4326171875
7619472,19.83642578125
7619487,57.373046875
7619564,61.70654296875
7619634,56.640625
7619663,18.73779296875
7623843,19.59228515625
7623873,43.45703125
7623891,19.10400390625
7623931,20.8740234375
7623950,55.11474609375
7646123,22.64404296875
7646381,78.91845703125
7646416,19.287109375
7646478,50.78125
7663011,68.9697265625
7663146,19.287109375
7663190,49.4384765625
7666743,59.87548828125
7686715,66.40625
7687065,21.6064453125
7688015,18.6767578125
7688296,63.5986328125
7688358,27.16064453125
7688433,48.828125
7689551,63.1103515625
7689705,55.17578125
7690046,20.56884765625
7698499,18.6767578125
7698554,19.287109375
7698590,53.1005859375
7698681,19.1650390625
7720622,19.10400390625
7720966,53.5888671875
7737947,21.30126953125
7738614,18.4326171875
7759937,64.94140625
7759969,20.263671875
7760064,66.5283203125
7760121,23.4375
7761019,18.6767578125
7761201,58.837890625
7761317,20.56884765625
