7799001,0
254053,37.841796875
254071,28.13720703125
254118,44.43359375
254129,32.65380859375
254148,27.64892578125
254239,28.74755859375
254297,34.7900390625
254383,31.92138671875
254405,31.3720703125
254600,31.1279296875
256086,29.1748046875
256651,35.21728515625
257421,30.2734375
503117,28.3203125
503157,27.4658203125
503187,30.029296875
503231,27.64892578125
503247,27.34375
503268,37.4755859375
503310,37.4755859375
503346,31.73828125
503370,39.36767578125
503382,26.85546875
503491,29.296875
503599,28.25927734375
503818,31.73828125
504116,27.40478515625
504487,27.587890625
504536,27.2216796875
504767,29.72412109375
505212,26.7333984375
505265,33.935546875
506781,31.25
513311,27.9541015625
513444,30.517578125
513474,33.75244140625
513507,29.296875
513589,33.50830078125
513618,27.4658203125
513770,27.28271484375
513833,33.50830078125
514016,26.85546875
514172,29.1748046875
514386,29.6630859375
514603,34.72900390625
535182,29.11376953125
535235,37.78076171875
535253,42.17529296875
535299,31.92138671875
535335,27.4658203125
535351,30.57861328125
535373,39.55078125
535489,28.076171875
535502,31.8603515625
535538,34.60693359375
535563,31.06689453125
535667,33.447265625
535716,30.029296875
535833,27.2216796875
535890,27.03857421875
536201,29.84619140625
586823,34.66796875
586833,28.4423828125
586915,40.4052734375
586996,43.64013671875
587007,28.4423828125
587067,30.94482421875
587091,28.3203125
587183,33.935546875
588177,30.517578125
588591,29.9072265625
974074,27.77099609375
975264,27.89306640625
975308,26.79443359375
975326,28.74755859375
975349,31.55517578125
975373,37.59765625
975392,31.06689453125
975419,28.74755859375
975460,31.8603515625
975478,30.21240234375
975587,32.71484375
975779,31.1279296875
976354,36.92626953125
976611,27.34375
977712,30.029296875
985114,26.7333984375
985147,27.099609375
985176,29.9072265625
985218,46.44775390625
985239,28.62548828125
985265,42.41943359375
985297,27.83203125
985328,35.46142578125
985349,26.7333984375
985378,45.47119140625
985399,37.29248046875
985456,40.95458984375
985637,27.28271484375
985838,26.91650390625
985962,32.1044921875
986140,28.38134765625
1292073,29.84619140625
1292094,29.84619140625
1292126,33.3251953125
1292203,32.2265625
1292217,30.517578125
1292245,28.74755859375
1292430,28.564453125
1292570,27.16064453125
1292803,27.89306640625
1293439,27.77099609375
1293979,31.18896484375
1294103,36.56005859375
1376132,34.11865234375
1376169,26.85546875
1376202,37.353515625
1376235,27.2216796875
1376256,29.9072265625
1376296,31.982421875
1376328,47.607421875
1376370,26.9775390625
1376383,31.982421875
1376538,28.25927734375
1376565,28.564453125
1377154,30.82275390625
1377269,29.96826171875
1724201,30.45654296875
1724217,33.26416015625
1724234,32.04345703125
1724259,61.82861328125
1724275,33.26416015625
1724288,31.982421875
1724302,36.31591796875
1724328,29.4189453125
1724350,29.052734375
1724575,29.84619140625
1724658,27.7099609375
1724789,30.82275390625
1725373,27.9541015625
1725821,28.50341796875
1726072,29.296875
1726822,29.541015625
1981606,26.91650390625
1981623,32.40966796875
1981652,31.06689453125
1981690,32.2265625
1981712,28.80859375
1981919,26.7333984375
1981939,27.03857421875
1981959,27.64892578125
1982079,29.60205078125
1982196,29.47998046875
1982672,32.04345703125
1982829,29.47998046875
1983195,27.9541015625
1983344,29.84619140625
1983743,29.296875
1997560,28.38134765625
1997615,26.9775390625
1997644,26.9775390625
1997685,29.60205078125
1997698,38.0859375
1997754,26.7333984375
1997789,39.73388671875
1997830,41.44287109375
1997867,28.076171875
1997924,36.07177734375
1997982,29.1748046875
1998097,34.3017578125
1998288,33.63037109375
1998627,26.91650390625
2188726,33.5693359375
2188777,32.89794921875
2188816,42.17529296875
2188843,38.6962890625
2188889,30.517578125
2188928,31.06689453125
2189007,33.3251953125
2189117,30.57861328125
2189144,33.5693359375
2189252,31.3720703125
2189427,28.74755859375
2190183,30.82275390625
2352091,31.494140625
2352119,33.203125
2352134,34.85107421875
2352205,27.7099609375
2352217,29.84619140625
2352264,35.82763671875
2352347,28.80859375
2352518,27.099609375
2352769,31.79931640625
2353888,27.4658203125
2354997,30.517578125
2515225,30.8837890625
2515259,32.71484375
2515285,33.69140625
2515312,47.4853515625
2515324,31.31103515625
2515387,38.14697265625
2515680,28.13720703125
2516508,27.40478515625
2516784,27.2216796875
2950178,31.494140625
2950250,29.78515625
2950334,66.10107421875
2950400,32.77587890625
2950418,36.2548828125
2950502,27.77099609375
2950923,28.62548828125
2951493,26.9775390625
2951834,30.1513671875
2952477,29.60205078125
3103672,27.34375
3306440,28.6865234375
3306489,37.90283203125
3306532,48.15673828125
3306564,29.9072265625
3306586,40.8935546875
3306627,36.9873046875
3306657,36.4990234375
3306735,27.099609375
3306848,29.84619140625
3306938,27.2216796875
3307067,33.99658203125
3307695,30.57861328125
3307762,27.16064453125
3307894,27.2216796875
3308774,32.16552734375
3557032,32.71484375
3557062,28.50341796875
3557080,34.72900390625
3557100,26.9775390625
3557132,33.63037109375
3557151,27.64892578125
3557188,33.203125
3557198,31.494140625
3557241,41.93115234375
3557416,39.1845703125
3557582,27.64892578125
3559433,32.3486328125
4012294,30.1513671875
4012341,31.06689453125
4012383,55.23681640625
4012515,26.85546875
4012546,26.91650390625
4012648,27.34375
4012776,28.62548828125
4013807,33.50830078125
4013930,38.26904296875
4014281,31.92138671875
4014988,28.80859375
4176796,29.23583984375
4176809,27.4658203125
4176831,29.1748046875
4176923,41.44287109375
4176951,38.26904296875
4176968,33.38623046875
4177252,26.91650390625
4177269,28.4423828125
4177315,33.5693359375
4177723,27.28271484375
4178729,29.4189453125
4186506,32.3486328125
4327897,27.28271484375
4328008,30.82275390625
4328034,38.330078125
4328053,34.3017578125
4328073,26.79443359375
4328128,35.58349609375
4328149,28.38134765625
4328197,30.45654296875
4328404,32.2265625
4329075,31.79931640625
4329876,27.77099609375
4386502,28.13720703125
4386514,27.7099609375
4386579,39.794921875
4386631,29.11376953125
4386667,32.958984375
4386680,35.7666015625
4386706,32.16552734375
4386717,31.92138671875
4386758,33.447265625
4386784,30.1513671875
4386970,30.517578125
4387426,27.03857421875
4387827,34.72900390625
4387975,28.25927734375
4539270,36.376953125
4539310,26.7333984375
4539345,34.85107421875
4539355,30.45654296875
4539390,36.1328125
4539413,34.97314453125
4539496,27.52685546875
4539882,29.60205078125
4540909,27.64892578125
4541821,26.85546875
4647167,32.89794921875
4647261,31.73828125
4647286,30.82275390625
4647311,44.00634765625
4647337,27.40478515625
4647358,29.6630859375
4647388,28.25927734375
4647424,29.6630859375
4647535,27.28271484375
4647767,37.7197265625
4649918,28.076171875
4794479,34.66796875
4794490,31.494140625
4794565,38.87939453125
4794606,31.3720703125
4794627,33.69140625
4794875,34.11865234375
4795482,30.2734375
4796015,26.9775390625
5013022,32.53173828125
5013080,31.25
5013094,34.24072265625
5013163,46.38671875
5013227,32.470703125
5013428,29.60205078125
5013557,27.587890625
5014299,26.9775390625
5014837,26.91650390625
5015267,26.85546875
5332193,32.470703125
5332326,30.6396484375
5332352,35.15625
5332405,37.53662109375
5332428,35.82763671875
5332469,52.30712890625
5332536,39.24560546875
5332663,27.7099609375
5332696,46.44775390625
5332796,30.3955078125
5332888,32.16552734375
5334160,35.7666015625
5334640,28.076171875
5335008,29.11376953125
5490448,28.25927734375
5490475,36.92626953125
5490514,29.052734375
5490562,29.96826171875
5490585,28.4423828125
5490625,46.56982421875
5490699,29.052734375
5490911,31.3720703125
5491009,30.76171875
5491201,30.2734375
5491643,27.16064453125
5491735,27.40478515625
5491784,28.62548828125
5493124,28.3203125
5623055,27.2216796875
5623078,28.50341796875
5623108,27.28271484375
5623189,31.005859375
5623211,27.7099609375
5623244,38.818359375
5623272,29.23583984375
5623305,32.958984375
5623376,34.72900390625
5623588,27.7099609375
5623722,27.89306640625
5623875,31.494140625
5624207,27.099609375
5744468,27.099609375
5744482,27.83203125
5744535,29.296875
5744560,36.07177734375
5744601,28.9306640625
5744620,28.13720703125
5744634,34.11865234375
5744669,43.9453125
5744767,41.50390625
5744830,27.03857421875
5744855,29.84619140625
5744872,29.72412109375
5745013,27.2216796875
5745822,26.91650390625
5745941,29.6630859375
5952271,29.84619140625
5952317,32.958984375
5952383,34.912109375
5952401,32.77587890625
5952520,31.005859375
5952569,26.91650390625
5952705,36.43798828125
5954703,27.099609375
6140684,29.1748046875
6233463,28.13720703125
6337651,31.73828125
6337664,27.34375
6337690,30.029296875
6337719,30.8837890625
6337835,27.03857421875
6338020,28.80859375
6338426,29.4189453125
6339699,35.21728515625
6483227,30.94482421875
6483255,28.62548828125
6483331,35.70556640625
6483345,36.31591796875
6483410,46.20361328125
6483433,30.82275390625
6483476,28.13720703125
6483495,31.1279296875
6483522,40.34423828125
6483617,29.4189453125
6483715,27.4658203125
6483855,27.2216796875
6484888,27.34375
6682889,32.77587890625
6682924,27.83203125
6682999,30.70068359375
6683014,27.77099609375
6683072,33.69140625
6683132,29.1748046875
6683165,30.6396484375
6683421,28.076171875
6684347,30.45654296875
6685218,27.7099609375
6970511,26.91650390625
6970545,29.11376953125
6970576,36.2548828125
6970596,32.470703125
6970636,27.83203125
6970766,28.50341796875
6970810,26.85546875
6970870,32.40966796875
6970982,38.87939453125
6971516,28.9306640625
6971922,29.47998046875
6973036,27.34375
7447989,29.23583984375
7448217,29.052734375
7448237,33.14208984375
7448261,27.28271484375
7448295,28.80859375
7448326,56.21337890625
7448376,32.5927734375
7448438,30.94482421875
7448510,26.91650390625
7448575,44.00634765625
7448637,27.9541015625
7449693,30.029296875
7450502,29.11376953125
7670708,26.85546875
7670737,27.4658203125
7670780,36.07177734375
7670798,55.35888671875
7670839,30.45654296875
7670861,34.1796875
7670877,35.58349609375
7670909,27.28271484375
7670978,28.13720703125
7671151,33.14208984375
7671260,27.40478515625
7671676,34.72900390625
7671789,27.52685546875
7672124,29.6630859375
7672536,28.80859375
