7799001,0
46347,25.0244140625
203376,27.03857421875
204217,27.4658203125
212721,27.4658203125
254167,29.72412109375
254184,34.3017578125
254200,59.6923828125
254217,72.44873046875
254230,111.572265625
254253,31.67724609375
254278,27.28271484375
254297,41.259765625
254328,31.25
254346,56.640625
254358,28.4423828125
254379,55.96923828125
254393,33.203125
254413,49.4384765625
254434,26.79443359375
254461,63.04931640625
254499,28.6865234375
254542,35.46142578125
254552,25.634765625
254590,27.9541015625
254625,40.771484375
254717,40.771484375
254761,35.64453125
254856,24.84130859375
254996,25.81787109375
255017,27.099609375
255039,38.2080078125
255077,25.08544921875
255089,33.8134765625
255118,25.45166015625
255135,26.30615234375
255187,36.43798828125
255197,28.62548828125
255212,28.4423828125
255260,30.33447265625
255280,41.015625
255312,36.80419921875
255342,33.99658203125
255355,28.564453125
255391,28.74755859375
255460,44.37255859375
255498,32.1044921875
255524,33.63037109375
255536,28.38134765625
255561,27.4658203125
255574,29.72412109375
255620,36.2548828125
255649,28.4423828125
255678,36.07177734375
255761,30.517578125
255830,25.20751953125
255854,26.4892578125
255889,29.47998046875
255916,36.62109375
255949,31.494140625
256063,27.099609375
256091,26.06201171875
256111,25.69580078125
256126,24.84130859375
256153,27.587890625
256184,34.423828125
256206,24.90234375
256314,31.31103515625
256360,28.38134765625
256558,28.4423828125
256582,29.84619140625
256635,35.70556640625
257440,25.5126953125
257582,30.45654296875
257621,27.40478515625
259856,26.06201171875
260512,27.52685546875
260987,25.390625
261422,31.8603515625
261761,33.63037109375
261852,29.35791015625
263386,37.04833984375
263566,27.4658203125
264059,34.36279296875
264645,36.2548828125
265365,28.99169921875
265967,26.123046875
266066,24.71923828125
266675,32.2265625
267231,26.3671875
268543,28.74755859375
269007,26.2451171875
271565,25.146484375
273509,27.587890625
275796,25.32958984375
279162,27.77099609375
284986,25.87890625
370714,31.6162109375
503265,39.12353515625
503292,87.7685546875
503307,104.00390625
503335,90.4541015625
503345,71.10595703125
503378,58.59375
503418,69.51904296875
503450,33.447265625
503471,34.85107421875
503491,39.9169921875
503511,51.20849609375
503529,36.0107421875
503554,38.0859375
503583,38.9404296875
503610,28.99169921875
503631,31.982421875
503654,34.5458984375
503687,27.34375
503703,33.99658203125
503788,24.96337890625
503929,26.91650390625
503990,28.38134765625
504017,33.87451171875
504090,25.69580078125
504154,33.3251953125
504199,27.52685546875
504231,29.9072265625
504252,34.85107421875
504344,52.67333984375
504365,31.92138671875
504377,38.330078125
504424,29.35791015625
504440,36.43798828125
504488,26.30615234375
504527,28.38134765625
504554,35.64453125
504576,27.28271484375
504605,42.96875
504624,26.42822265625
504659,32.2265625
504692,37.59765625
504710,38.6962890625
504741,36.92626953125
504785,26.611328125
504800,33.8134765625
504824,28.13720703125
504843,26.4892578125
504863,29.541015625
504902,27.16064453125
504939,26.4892578125
504970,30.6396484375
504990,28.3203125
505011,29.1748046875
505040,30.94482421875
505066,33.447265625
505152,29.4189453125
505176,25.57373046875
505202,35.15625
505305,25.146484375
505351,26.91650390625
505367,44.3115234375
505411,34.11865234375
505477,26.42822265625
505518,25.390625
505647,30.2734375
505670,26.4892578125
505723,25.390625
506120,26.42822265625
506137,26.3671875
506190,31.43310546875
506819,26.42822265625
508973,24.90234375
510362,26.79443359375
510588,29.78515625
510904,25.93994140625
512667,24.658203125
512905,26.611328125
512940,28.6865234375
513022,30.45654296875
513139,25.2685546875
513218,26.91650390625
513265,25.87890625
513297,33.5693359375
513317,33.935546875
513342,61.1572265625
513360,36.31591796875
513383,66.650390625
513411,74.52392578125
513422,42.29736328125
513448,65.85693359375
513476,67.5048828125
513503,63.4765625
513523,58.349609375
513534,32.3486328125
513557,38.39111328125
513575,31.43310546875
513588,28.62548828125
513625,43.3349609375
513640,46.69189453125
513659,36.31591796875
513682,34.11865234375
513707,27.77099609375
513723,28.50341796875
513742,29.4189453125
513752,25.634765625
513789,27.40478515625
513806,29.1748046875
513837,30.09033203125
513866,28.13720703125
513894,28.50341796875
513926,27.83203125
513967,27.40478515625
514004,26.06201171875
514034,26.2451171875
514075,32.53173828125
514100,27.64892578125
514148,32.958984375
514245,27.64892578125
514327,26.0009765625
514387,35.2783203125
514425,35.33935546875
514451,27.34375
514494,26.18408203125
514560,31.43310546875
514629,34.1796875
514663,28.62548828125
514687,26.123046875
514700,28.62548828125
514722,31.55517578125
514772,28.9306640625
514810,25.69580078125
514842,27.099609375
514936,28.9306640625
514948,24.90234375
515048,27.28271484375
515077,26.85546875
515146,25.81787109375
515188,24.7802734375
515331,32.2265625
515508,31.06689453125
515655,26.06201171875
515672,25.45166015625
516651,25.32958984375
522142,25.93994140625
524841,28.13720703125
526388,46.08154296875
527813,28.25927734375
527991,24.71923828125
529255,28.74755859375
530409,26.2451171875
535061,29.72412109375
535125,26.18408203125
535143,33.99658203125
535183,26.67236328125
535241,32.28759765625
535262,42.90771484375
535272,60.1806640625
535283,80.99365234375
535300,28.74755859375
535315,60.1806640625
535339,55.11474609375
535362,50.4150390625
535384,62.3779296875
535400,29.4189453125
535423,41.8701171875
535441,28.6865234375
535458,44.25048828125
535493,49.072265625
535505,32.71484375
535522,51.69677734375
535541,30.2734375
535566,35.5224609375
535579,32.958984375
535603,78.369140625
535619,29.11376953125
535642,50.1708984375
535654,25.57373046875
535677,57.80029296875
535703,36.92626953125
535718,41.80908203125
535748,28.4423828125
535760,48.583984375
535801,25.57373046875
535847,24.96337890625
535857,38.818359375
535874,47.36328125
535909,31.31103515625
535944,28.25927734375
535963,49.98779296875
536004,26.55029296875
536048,43.15185546875
536115,31.06689453125
536158,30.76171875
536221,24.658203125
536259,32.04345703125
536336,31.67724609375
536362,31.005859375
536377,29.11376953125
536465,44.0673828125
536550,28.50341796875
536606,28.62548828125
536622,28.076171875
536641,40.1611328125
536724,25.5126953125
536787,24.71923828125
536810,24.84130859375
536831,32.2265625
536908,25.634765625
536996,29.9072265625
537092,29.296875
537205,24.71923828125
537656,31.982421875
537700,25.634765625
537719,24.7802734375
551226,27.64892578125
556074,28.13720703125
556523,27.03857421875
557670,26.18408203125
563520,28.50341796875
566288,27.40478515625
566606,29.84619140625
570151,24.84130859375
585429,25.87890625
586563,25.32958984375
586917,31.73828125
586949,85.14404296875
586964,91.97998046875
586976,25.390625
586987,66.40625
587005,62.19482421875
587023,32.53173828125
587052,62.01171875
587077,33.87451171875
587091,40.34423828125
587123,35.15625
587146,28.99169921875
587174,32.2265625
587219,24.96337890625
587233,43.5791015625
587252,26.18408203125
587290,36.68212890625
587332,49.37744140625
587342,25.32958984375
587398,30.6396484375
587427,30.82275390625
587454,24.71923828125
587477,45.10498046875
587529,48.33984375
587562,28.50341796875
587574,24.90234375
587605,29.60205078125
587681,47.18017578125
587777,32.8369140625
587899,48.64501953125
587911,33.02001953125
587966,36.92626953125
587976,49.560546875
587997,31.79931640625
588051,27.2216796875
588085,36.43798828125
588099,40.10009765625
588147,35.5224609375
588161,28.13720703125
588189,39.48974609375
588248,29.4189453125
588280,48.9501953125
588308,25.08544921875
588346,30.09033203125
588369,30.6396484375
588380,32.1044921875
588406,24.90234375
588436,34.48486328125
588515,28.6865234375
588566,24.71923828125
588607,35.94970703125
588662,31.494140625
588751,39.6728515625
588820,28.3203125
588840,29.4189453125
588880,28.74755859375
589022,26.67236328125
589182,29.96826171875
589228,25.08544921875
589311,25.45166015625
589483,36.68212890625
589756,32.28759765625
589952,30.029296875
601235,26.2451171875
610548,24.84130859375
616896,25.93994140625
617964,25.5126953125
672961,34.1796875
826663,26.2451171875
861681,25.32958984375
919366,26.42822265625
975190,33.50830078125
975203,55.908203125
975217,43.88427734375
975240,59.326171875
975263,42.41943359375
975279,81.298828125
975300,84.5947265625
975325,34.0576171875
975341,33.02001953125
975377,38.63525390625
975388,33.99658203125
975408,43.9453125
975444,37.841796875
975459,26.9775390625
975496,26.611328125
975507,54.13818359375
975519,26.30615234375
975531,30.517578125
975564,49.1943359375
975584,31.18896484375
975605,56.396484375
975636,26.91650390625
975687,30.517578125
975712,35.2783203125
975762,25.69580078125
975919,25.20751953125
975941,29.9072265625
976009,34.7900390625
976104,31.92138671875
976131,25.2685546875
976202,37.353515625
976224,30.1513671875
976334,36.92626953125
976370,35.5224609375
976402,29.47998046875
976436,32.2265625
976465,37.841796875
976511,39.61181640625
976534,29.541015625
976556,43.45703125
976570,25.45166015625
976590,31.06689453125
976616,35.09521484375
976629,32.04345703125
976643,24.84130859375
976662,38.2080078125
976690,28.01513671875
976704,40.22216796875
976749,33.203125
976767,33.69140625
976796,36.2548828125
976863,33.14208984375
976885,41.015625
976902,27.03857421875
976932,25.81787109375
976982,27.7099609375
977007,26.2451171875
977033,38.57421875
977063,32.5927734375
977098,25.45166015625
977116,35.15625
977156,33.935546875
977180,25.32958984375
977225,32.71484375
977318,35.7666015625
977355,28.3203125
977388,27.03857421875
977427,30.8837890625
977452,28.80859375
977482,43.212890625
977541,26.30615234375
977600,28.80859375
977645,25.7568359375
977722,25.5126953125
977733,29.47998046875
977797,26.42822265625
978037,36.31591796875
978133,25.57373046875
978477,33.02001953125
979339,24.96337890625
981035,26.85546875
981252,26.2451171875
981568,26.85546875
982377,26.4892578125
984263,26.123046875
984362,25.634765625
984663,28.01513671875
984824,29.052734375
984869,25.7568359375
984890,26.4892578125
984945,30.09033203125
984958,28.3203125
984977,25.390625
985014,27.28271484375
985026,26.91650390625
985042,40.10009765625
985059,50.9033203125
985083,51.3916015625
985107,47.7294921875
985126,55.7861328125
985144,39.794921875
985165,65.7958984375
985193,31.8603515625
985238,50.59814453125
985277,38.87939453125
985300,31.55517578125
985318,34.24072265625
985334,44.5556640625
985349,35.82763671875
985364,49.49951171875
985392,26.123046875
985411,40.10009765625
985445,24.658203125
985464,25.20751953125
985478,25.634765625
985497,47.66845703125
985527,29.1748046875
985578,25.45166015625
985597,33.0810546875
985627,30.21240234375
985641,25.93994140625
985680,26.85546875
985716,40.46630859375
985735,32.71484375
985768,31.06689453125
985831,33.02001953125
985854,26.9775390625
985890,29.47998046875
985922,48.76708984375
986003,58.28857421875
986073,28.1982421875
986105,32.8369140625
986122,29.60205078125
986145,33.8134765625
986174,28.564453125
986193,29.6630859375
986240,37.04833984375
986259,30.33447265625
986317,30.517578125
986327,46.44775390625
986393,28.50341796875
986433,41.8701171875
986560,25.146484375
986667,26.06201171875
986697,24.96337890625
986740,26.7333984375
986754,32.71484375
986768,26.06201171875
986854,41.748046875
986919,27.099609375
987036,32.8369140625
987106,30.2734375
987197,34.1796875
987209,26.85546875
987378,24.658203125
987628,25.87890625
987852,28.62548828125
988237,25.20751953125
993898,25.20751953125
998250,34.85107421875
1006592,29.296875
1011980,29.541015625
1032866,25.20751953125
1049293,26.9775390625
1084977,25.32958984375
1176431,24.84130859375
1178886,27.03857421875
1238838,24.96337890625
1292139,27.40478515625
1292162,32.53173828125
1292183,37.65869140625
1292212,115.66162109375
1292231,61.1572265625
1292259,54.8095703125
1292273,31.55517578125
1292291,37.7197265625
1292324,35.82763671875
1292340,27.03857421875
1292365,59.87548828125
1292378,27.28271484375
1292395,30.3955078125
1292413,26.67236328125
1292424,41.07666015625
1292441,31.92138671875
1292479,43.64013671875
1292499,24.7802734375
1292537,35.94970703125
1292567,30.2734375
1292580,31.8603515625
1292639,39.55078125
1292674,27.099609375
1292789,31.1279296875
1292816,26.7333984375
1292847,40.22216796875
1292923,44.7998046875
1292933,30.33447265625
1293017,29.4189453125
1293049,25.5126953125
1293140,30.21240234375
1293244,29.4189453125
1293283,41.6259765625
1293316,34.24072265625
1293354,42.96875
1293391,37.2314453125
1293405,25.81787109375
1293415,27.83203125
1293448,32.16552734375
1293465,25.7568359375
1293497,52.42919921875
1293515,34.1796875
1293540,31.18896484375
1293579,25.20751953125
1293615,28.1982421875
1293635,27.16064453125
1293648,31.494140625
1293677,29.6630859375
1293691,33.26416015625
1293718,28.3203125
1293749,43.15185546875
1293789,41.07666015625
1293829,25.69580078125
1293888,37.53662109375
1293955,54.3212890625
1293979,24.90234375
1293991,25.45166015625
1294072,28.1982421875
1294086,36.92626953125
1294186,30.6396484375
1294247,25.32958984375
1294314,27.03857421875
1294381,28.13720703125
1294400,33.0810546875
1294505,30.8837890625
1294535,32.28759765625
1294631,27.34375
1294790,32.5927734375
1294805,29.78515625
1294933,36.31591796875
1295129,28.9306640625
1295154,26.55029296875
1295394,27.52685546875
1295681,26.18408203125
1298335,31.06689453125
1300353,27.64892578125
1301482,25.5126953125
1301617,29.60205078125
1302010,27.7099609375
1302311,27.16064453125
1302528,29.052734375
1303369,34.36279296875
1303916,29.9072265625
1303958,26.91650390625
1304170,26.9775390625
1305017,24.84130859375
1306143,24.84130859375
1306828,27.34375
1307161,25.57373046875
1307867,25.93994140625
1307945,31.73828125
1308543,27.7099609375
1309131,29.47998046875
1318106,30.21240234375
1328234,24.71923828125
1330626,24.90234375
1337256,28.74755859375
1375756,24.90234375
1375792,27.40478515625
1376038,27.64892578125
1376054,26.7333984375
1376073,60.60791015625
1376096,55.48095703125
1376118,72.08251953125
1376144,51.45263671875
1376158,48.40087890625
1376179,65.85693359375
1376201,37.841796875
1376215,54.87060546875
1376246,66.10107421875
1376274,27.83203125
1376302,39.48974609375
1376324,35.64453125
1376371,32.89794921875
1376391,54.26025390625
1376411,35.70556640625
1376428,39.48974609375
1376453,46.7529296875
1376464,27.83203125
1376480,27.4658203125
1376497,28.9306640625
1376512,32.40966796875
1376568,38.818359375
1376589,33.447265625
1376622,31.8603515625
1376723,33.0810546875
1376781,34.11865234375
1376881,31.43310546875
1376932,26.42822265625
1377000,25.5126953125
1377033,38.330078125
1377062,34.60693359375
1377079,26.2451171875
1377140,30.70068359375
1377159,35.7666015625
1377193,25.634765625
1377204,30.6396484375
1377232,40.283203125
1377249,25.2685546875
1377316,42.90771484375
1377336,29.1748046875
1377385,25.08544921875
1377408,26.91650390625
1377434,40.283203125
1377468,29.72412109375
1377484,28.25927734375
1377545,34.60693359375
1377557,53.8330078125
1377590,26.85546875
1377610,29.11376953125
1377653,34.85107421875
1377690,31.31103515625
1377735,29.4189453125
1377756,25.87890625
1377835,25.0244140625
1377872,35.33935546875
1377902,30.57861328125
1377941,25.5126953125
1378019,27.587890625
1378039,25.634765625
1378066,26.85546875
1378076,25.20751953125
1378129,25.5126953125
1378143,25.87890625
1378231,35.0341796875
1378272,28.13720703125
1378454,38.14697265625
1378585,26.79443359375
1378642,25.5126953125
1378733,26.9775390625
1379346,25.57373046875
1388512,34.1796875
1388527,27.7099609375
1392506,30.70068359375
1392973,25.08544921875
1401285,26.85546875
1407852,24.84130859375
1423208,33.3251953125
1439717,34.423828125
1444933,27.28271484375
1558728,25.5126953125
1572681,30.029296875
1611864,24.658203125
1629429,26.30615234375
1653243,26.611328125
1671101,26.3671875
1682388,24.84130859375
1690802,26.06201171875
1721157,25.57373046875
1723759,26.91650390625
1724024,25.7568359375
1724041,26.123046875
1724073,26.123046875
1724102,32.53173828125
1724118,28.86962890625
1724131,85.693359375
1724149,27.2216796875
1724174,93.6279296875
1724194,44.7998046875
1724216,38.4521484375
1724246,32.28759765625
1724262,33.69140625
1724278,32.53173828125
1724296,37.53662109375
1724337,30.70068359375
1724377,56.57958984375
1724395,30.94482421875
1724426,26.06201171875
1724438,26.18408203125
1724453,32.65380859375
1724492,45.7763671875
1724512,26.67236328125
1724537,24.90234375
1724560,39.73388671875
1724578,28.74755859375
1724600,28.3203125
1724659,41.1376953125
1724710,29.1748046875
1724754,29.72412109375
1724809,25.390625
1724884,43.51806640625
1724956,32.89794921875
1725009,31.982421875
1725079,25.87890625
1725107,40.46630859375
1725146,28.25927734375
1725163,31.55517578125
1725241,33.50830078125
1725279,26.06201171875
1725312,25.2685546875
1725332,35.888671875
1725365,29.84619140625
1725379,33.5693359375
1725410,56.94580078125
1725440,31.92138671875
1725462,39.4287109375
1725474,29.23583984375
1725503,38.75732421875
1725543,30.3955078125
1725553,43.212890625
1725574,26.42822265625
1725597,29.296875
1725631,27.4658203125
1725659,31.6162109375
1725683,34.912109375
1725712,29.96826171875
1725742,29.23583984375
1725780,37.59765625
1725795,29.23583984375
1725811,25.81787109375
1725851,25.390625
1725887,38.87939453125
1725929,26.0009765625
1725946,28.4423828125
1725959,31.494140625
1726034,28.86962890625
1726087,27.03857421875
1726099,27.89306640625
1726157,37.59765625
1726196,26.7333984375
1726296,29.052734375
1726360,27.2216796875
1726418,26.55029296875
1726466,26.85546875
1726567,26.7333984375
1726619,30.517578125
1726662,36.1328125
1726719,25.634765625
1726868,32.53173828125
1726930,25.32958984375
1727007,31.06689453125
1727138,30.517578125
1727368,32.53173828125
1727637,32.470703125
1731622,30.517578125
1732355,34.24072265625
1733195,26.30615234375
1733316,29.296875
1733760,29.78515625
1734163,25.390625
1735784,26.123046875
1735913,29.052734375
1736294,27.64892578125
1737441,29.60205078125
1737616,29.47998046875
1738718,31.1279296875
1743004,29.84619140625
1744643,29.72412109375
1749814,24.84130859375
1811151,25.5126953125
1859128,29.9072265625
1860241,26.85546875
1866407,27.52685546875
1917976,25.390625
1965705,28.564453125
1981343,30.6396484375
1981507,37.353515625
1981525,55.6640625
1981541,63.8427734375
1981558,33.203125
1981571,40.71044921875
1981584,64.94140625
1981607,88.8671875
1981637,55.6640625
1981666,46.5087890625
1981683,33.447265625
1981695,46.38671875
1981724,35.21728515625
1981734,48.2177734375
1981748,45.10498046875
1981773,40.58837890625
1981795,37.41455078125
1981809,60.60791015625
1981830,26.30615234375
1981866,45.5322265625
1981896,37.17041015625
1981920,26.85546875
1981946,35.94970703125
1981972,33.3251953125
1981997,28.38134765625
1982021,25.20751953125
1982057,27.89306640625
1982151,40.52734375
1982210,34.7900390625
1982257,24.90234375
1982334,34.5458984375
1982375,27.03857421875
1982470,28.25927734375
1982493,36.43798828125
1982581,29.052734375
1982684,37.41455078125
1982713,24.658203125
1982777,30.70068359375
1982791,37.7197265625
1982880,38.0859375
1982893,41.748046875
1982920,47.8515625
1982961,29.78515625
1982981,35.0341796875
1983054,25.69580078125
1983097,25.2685546875
1983122,26.79443359375
1983145,30.33447265625
1983168,32.04345703125
1983178,25.57373046875
1983216,48.095703125
1983292,57.06787109375
1983322,26.7333984375
1983346,30.3955078125
1983425,34.5458984375
1983494,30.76171875
1983524,42.8466796875
1983579,24.96337890625
1983662,25.390625
1983685,28.076171875
1983729,29.96826171875
1983764,24.7802734375
1983806,31.67724609375
1983923,28.3203125
1984027,32.8369140625
1984076,27.03857421875
1984107,28.38134765625
1984221,27.587890625
1984295,25.57373046875
1984494,30.33447265625
1984694,27.28271484375
1984708,40.4052734375
1984896,25.146484375
1988139,25.32958984375
1989260,34.72900390625
1989508,31.79931640625
1989896,34.97314453125
1990224,28.50341796875
1991322,25.0244140625
1991428,27.9541015625
1992543,33.50830078125
1993064,25.69580078125
1993439,29.052734375
1993764,28.3203125
1994326,32.65380859375
1994438,26.79443359375
1995706,24.71923828125
1995771,25.20751953125
1995965,26.7333984375
1996314,28.076171875
1996338,24.90234375
1996639,27.03857421875
1996664,31.43310546875
1996804,28.25927734375
1996915,24.71923828125
1997200,33.3251953125
1997236,29.23583984375
1997339,33.5693359375
1997349,30.09033203125
1997384,26.0009765625
1997398,29.4189453125
1997414,39.794921875
1997426,34.24072265625
1997441,30.33447265625
1997455,26.7333984375
1997467,98.44970703125
1997482,49.9267578125
1997521,50.96435546875
1997536,43.27392578125
1997561,54.13818359375
1997598,40.46630859375
1997615,42.1142578125
1997632,53.22265625
1997662,51.20849609375
1997681,60.302734375
1997703,49.86572265625
1997722,31.1279296875
1997746,37.90283203125
1997764,36.92626953125
1997780,27.9541015625
1997800,39.4287109375
1997812,26.42822265625
1997832,28.74755859375
1997851,25.20751953125
1997867,33.8134765625
1997881,30.029296875
1997892,30.70068359375
1997917,27.16064453125
1997928,33.26416015625
1997952,25.634765625
1997976,25.2685546875
1998000,45.22705078125
1998012,26.55029296875
1998042,34.72900390625
1998072,40.22216796875
1998089,25.93994140625
1998109,28.3203125
1998125,32.1044921875
1998142,25.69580078125
1998175,37.7197265625
1998220,47.54638671875
1998257,28.9306640625
1998272,29.541015625
1998309,28.1982421875
1998340,28.25927734375
1998397,35.15625
1998420,38.4521484375
1998479,26.67236328125
1998499,45.2880859375
1998526,35.5224609375
1998579,25.93994140625
1998599,30.517578125
1998617,31.005859375
1998671,35.21728515625
1998694,26.79443359375
1998738,26.30615234375
1998750,26.79443359375
1998798,30.029296875
1998855,29.11376953125
1998873,25.93994140625
1998942,27.587890625
1998972,36.376953125
1999002,24.71923828125
1999015,34.72900390625
1999154,45.41015625
1999164,29.47998046875
1999206,25.20751953125
1999278,28.13720703125
1999343,28.80859375
1999416,24.7802734375
1999688,42.1142578125
1999786,29.35791015625
2000034,26.55029296875
2000330,26.42822265625
2019555,24.71923828125
2030261,27.099609375
2032612,33.63037109375
2034164,26.91650390625
2040610,24.7802734375
2043993,27.34375
2044196,28.74755859375
2079068,28.86962890625
2094932,24.96337890625
2168782,27.03857421875
2188766,25.20751953125
2188786,30.029296875
2188798,108.33740234375
2188818,78.857421875
2188840,65.73486328125
2188868,41.8701171875
2188896,56.396484375
2188907,47.119140625
2188940,40.52734375
2188954,31.494140625
2188978,30.45654296875
2189009,51.1474609375
2189036,33.14208984375
2189073,54.62646484375
2189092,27.587890625
2189113,27.16064453125
2189129,43.15185546875
2189143,24.96337890625
2189167,26.123046875
2189202,35.82763671875
2189272,33.3251953125
2189293,27.28271484375
2189319,25.5126953125
2189337,28.076171875
2189393,27.7099609375
2189457,38.51318359375
2189565,36.07177734375
2189601,38.0859375
2189619,32.1044921875
2189672,28.6865234375
2189724,29.72412109375
2189751,31.43310546875
2189793,25.81787109375
2189810,25.0244140625
2189825,26.123046875
2189853,24.96337890625
2189877,24.71923828125
2189901,40.34423828125
2189912,30.21240234375
2189955,29.052734375
2189967,29.541015625
2189983,39.4287109375
2190021,26.611328125
2190043,35.5224609375
2190065,29.96826171875
2190079,27.099609375
2190094,37.59765625
2190107,30.76171875
2190126,31.005859375
2190153,43.76220703125
2190173,27.2216796875
2190188,34.5458984375
2190216,41.56494140625
2190248,33.26416015625
2190259,27.16064453125
2190287,40.771484375
2190308,26.67236328125
2190335,34.24072265625
2190351,29.1748046875
2190363,48.4619140625
2190419,30.029296875
2190482,35.21728515625
2190516,29.6630859375
2190565,43.27392578125
2190591,37.78076171875
2190622,37.29248046875
2190664,28.6865234375
2190706,25.87890625
2190741,25.32958984375
2190766,25.146484375
2190849,25.81787109375
2190875,24.7802734375
2191073,24.7802734375
2191212,30.1513671875
2191401,29.296875
2191489,38.4521484375
2191583,27.9541015625
2193248,26.123046875
2194636,27.099609375
2195829,28.1982421875
2196707,31.79931640625
2197031,28.4423828125
2199251,24.658203125
2199852,29.296875
2201741,26.2451171875
2203117,28.01513671875
2204153,26.91650390625
2210113,25.08544921875
2218559,25.5126953125
2220485,25.45166015625
2221135,29.23583984375
2225355,36.19384765625
2233954,31.494140625
2251083,24.7802734375
2251351,29.47998046875
2261480,24.71923828125
2261732,26.18408203125
2261763,26.0009765625
2307656,25.390625
2351852,32.04345703125
2351882,29.4189453125
2351926,35.33935546875
2351937,27.03857421875
2351975,45.41015625
2352002,57.0068359375
2352026,78.67431640625
2352037,29.11376953125
2352052,76.72119140625
2352076,88.7451171875
2352089,60.24169921875
2352123,37.17041015625
2352158,37.41455078125
2352178,44.37255859375
2352215,48.095703125
2352235,24.71923828125
2352263,28.01513671875
2352281,30.6396484375
2352297,62.92724609375
2352311,29.11376953125
2352327,26.123046875
2352340,33.87451171875
2352362,49.62158203125
2352373,37.90283203125
2352401,33.26416015625
2352424,55.7861328125
2352454,30.21240234375
2352476,30.76171875
2352499,41.93115234375
2352524,25.7568359375
2352568,38.9404296875
2352586,42.48046875
2352615,26.67236328125
2352669,26.4892578125
2352724,33.26416015625
2352780,25.634765625
2352848,25.93994140625
2352987,25.45166015625
2353042,25.0244140625
2353102,25.57373046875
2353139,47.42431640625
2353175,32.40966796875
2353206,27.16064453125
2353234,26.06201171875
2353246,28.80859375
2353271,48.03466796875
2353310,32.16552734375
2353349,29.23583984375
2353361,29.11376953125
2353377,40.22216796875
2353406,38.51318359375
2353447,25.5126953125
2353471,26.91650390625
2353481,28.01513671875
2353515,37.841796875
2353538,29.1748046875
2353560,26.42822265625
2353588,41.259765625
2353617,30.82275390625
2353654,31.3720703125
2353674,25.32958984375
2353699,44.73876953125
2353750,26.3671875
2353778,29.96826171875
2353811,28.4423828125
2353834,28.3203125
2353870,35.64453125
2353917,26.123046875
2353954,27.16064453125
2353974,31.982421875
2354076,36.31591796875
2354199,32.3486328125
2354215,33.26416015625
2354229,35.33935546875
2354308,26.0009765625
2354359,27.03857421875
2354466,26.3671875
2354522,31.67724609375
2354536,26.30615234375
2354690,29.11376953125
2354819,25.7568359375
2354868,28.01513671875
2355028,24.84130859375
2355128,30.33447265625
2355275,25.5126953125
2358422,30.029296875
2359542,25.57373046875
2360604,26.91650390625
2361005,28.076171875
2361865,26.85546875
2363238,25.0244140625
2364628,26.91650390625
2368044,26.7333984375
2368333,27.34375
2372564,35.2783203125
2388539,26.611328125
2421349,29.72412109375
2434622,25.87890625
2437675,29.052734375
2459697,25.7568359375
2515078,30.1513671875
2515097,31.3720703125
2515110,60.6689453125
2515143,56.396484375
2515164,76.171875
2515184,135.6201171875
2515197,27.03857421875
2515226,50.4150390625
2515251,36.0107421875
2515265,57.6171875
2515288,31.43310546875
2515316,49.13330078125
2515343,31.1279296875
2515362,28.80859375
2515400,53.40576171875
2515412,26.55029296875
2515429,43.15185546875
2515465,45.10498046875
2515495,30.33447265625
2515529,45.8984375
2515547,34.24072265625
2515560,25.93994140625
2515606,52.001953125
2515628,25.7568359375
2515640,29.78515625
2515679,31.67724609375
2515695,47.7294921875
2515740,32.65380859375
2515789,32.71484375
2515801,27.4658203125
2515859,42.29736328125
2515956,30.33447265625
2515966,26.3671875
2516037,26.30615234375
2516052,29.78515625
2516189,28.25927734375
2516253,34.24072265625
2516322,37.7197265625
2516334,33.8134765625
2516430,40.771484375
2516447,28.25927734375
2516499,24.7802734375
2516528,31.55517578125
2516564,27.587890625
2516602,27.099609375
2516624,31.982421875
2516654,36.80419921875
2516699,26.2451171875
2516719,33.63037109375
2516739,39.306640625
2516757,31.67724609375
2516787,29.541015625
2516819,27.099609375
2516854,30.94482421875
2516919,34.66796875
2516974,30.2734375
2517018,25.7568359375
2517042,27.9541015625
2517067,33.0810546875
2517105,37.17041015625
2517156,27.099609375
2517218,26.9775390625
2517244,29.23583984375
2517291,30.1513671875
2517319,34.66796875
2517399,29.72412109375
2517466,30.70068359375
2517541,38.6962890625
2517610,29.11376953125
2517972,24.658203125
2518055,25.20751953125
2518293,26.3671875
2522617,28.3203125
2522973,31.92138671875
2523350,27.89306640625
2524056,26.30615234375
2528002,34.36279296875
2531278,25.146484375
2532817,25.146484375
2534988,25.0244140625
2535804,26.3671875
2537287,25.2685546875
2540309,27.4658203125
2544141,30.8837890625
2547253,31.25
2552129,26.3671875
2552155,28.6865234375
2552341,26.7333984375
2552518,28.9306640625
2560552,25.81787109375
2567122,25.146484375
2577775,25.81787109375
2612802,25.390625
2748238,25.57373046875
2828544,33.87451171875
2950267,69.2138671875
2950288,82.33642578125
2950301,47.79052734375
2950313,97.900390625
2950352,56.7626953125
2950376,49.62158203125
2950390,52.91748046875
2950413,47.79052734375
2950424,38.51318359375
2950441,25.146484375
2950471,67.626953125
2950485,41.015625
2950527,59.5703125
2950554,32.28759765625
2950584,29.296875
2950609,28.076171875
2950643,29.541015625
2950668,41.68701171875
2950730,42.05322265625
2950784,25.32958984375
2950807,30.82275390625
2950853,28.62548828125
2950924,36.865234375
2950992,34.423828125
2951093,30.1513671875
2951132,27.099609375
2951162,27.28271484375
2951172,26.85546875
2951227,34.11865234375
2951244,38.6962890625
2951290,28.1982421875
2951325,28.076171875
2951353,27.03857421875
2951392,36.9873046875
2951404,40.52734375
2951437,24.7802734375
2951472,33.935546875
2951483,31.73828125
2951500,25.2685546875
2951541,28.4423828125
2951575,33.87451171875
2951589,28.38134765625
2951626,42.05322265625
2951659,26.79443359375
2951676,32.53173828125
2951721,35.888671875
2951739,29.052734375
2951775,34.7900390625
2951796,35.58349609375
2951813,45.95947265625
2951828,30.09033203125
2951868,31.25
2951915,26.18408203125
2951933,26.3671875
2951961,36.4990234375
2952002,25.93994140625
2952073,51.94091796875
2952099,39.306640625
2952133,27.52685546875
2952206,25.08544921875
2952219,30.70068359375
2952232,25.5126953125
2952250,26.611328125
2952266,29.1748046875
2952334,33.5693359375
2952354,29.96826171875
2952444,30.82275390625
2952508,37.41455078125
2952533,38.39111328125
2952664,25.2685546875
2952679,38.02490234375
2952708,30.57861328125
2952853,34.60693359375
2953190,30.2734375
2953363,24.71923828125
2953731,26.91650390625
2954344,24.90234375
2954447,24.90234375
2956592,30.70068359375
2958009,28.86962890625
2958283,31.18896484375
2958597,26.67236328125
2959286,30.70068359375
2959955,28.86962890625
2960491,26.611328125
2960537,25.146484375
2961394,25.57373046875
2962178,24.658203125
2962887,27.2216796875
2963007,25.7568359375
2964222,24.84130859375
2964657,24.90234375
2965330,27.52685546875
2966890,26.9775390625
2967653,24.71923828125
2968083,27.2216796875
2970847,29.78515625
2974962,26.7333984375
2980883,24.90234375
2991963,30.76171875
3019960,35.15625
3081574,26.91650390625
3097245,24.71923828125
3175840,25.93994140625
3219323,25.5126953125
3253129,28.9306640625
3271809,24.658203125
3277054,28.99169921875
3306408,36.9873046875
3306448,32.958984375
3306475,65.61279296875
3306489,49.1943359375
3306512,96.25244140625
3306522,82.70263671875
3306548,30.33447265625
3306573,97.65625
3306589,38.2080078125
3306633,30.33447265625
3306655,27.4658203125
3306682,58.2275390625
3306697,27.89306640625
3306711,26.0009765625
3306738,43.701171875
3306760,44.5556640625
3306787,36.7431640625
3306803,38.57421875
3306837,29.60205078125
3306894,30.94482421875
3306924,41.19873046875
3306965,33.3251953125
3307001,29.296875
3307043,31.25
3307061,34.85107421875
3307112,26.18408203125
3307135,33.935546875
3307163,31.31103515625
3307232,38.75732421875
3307250,35.94970703125
3307331,38.39111328125
3307345,28.86962890625
3307424,32.28759765625
3307506,39.794921875
3307518,30.57861328125
3307566,25.69580078125
3307588,35.09521484375
3307639,26.42822265625
3307660,29.96826171875
3307682,26.4892578125
3307692,25.5126953125
3307729,26.67236328125
3307765,35.64453125
3307783,25.0244140625
3307800,29.1748046875
3307810,25.45166015625
3307838,28.01513671875
3307864,34.97314453125
3307919,30.76171875
3307950,29.11376953125
3307967,25.81787109375
3307998,31.92138671875
3308020,30.8837890625
3308037,36.31591796875
3308071,31.55517578125
3308088,31.6162109375
3308106,30.09033203125
3308137,31.31103515625
3308172,28.564453125
3308190,39.794921875
3308212,31.43310546875
3308227,27.52685546875
3308254,41.56494140625
3308337,33.02001953125
3308416,36.68212890625
3308445,35.82763671875
3308458,30.8837890625
3308513,33.935546875
3308531,27.34375
3308610,25.87890625
3308645,29.84619140625
3308687,32.53173828125
3308779,25.93994140625
3308974,30.21240234375
3309068,24.84130859375
3309114,25.69580078125
3309140,25.32958984375
3309602,30.3955078125
3309706,27.52685546875
3310005,25.5126953125
3310920,30.45654296875
3311462,25.69580078125
3311984,27.64892578125
3312790,27.9541015625
3313046,30.76171875
3314539,33.203125
3314970,29.78515625
3315349,29.1748046875
3316036,26.55029296875
3317018,25.5126953125
3318007,25.81787109375
3318274,33.935546875
3319014,33.0810546875
3319114,33.26416015625
3320221,27.16064453125
3320816,29.6630859375
3320976,32.1044921875
3323831,26.30615234375
3324218,25.32958984375
3325813,26.85546875
3327133,26.55029296875
3331813,27.28271484375
3346597,25.0244140625
3436387,24.84130859375
3475834,30.33447265625
3525372,25.634765625
3534512,25.146484375
3557076,28.01513671875
3557096,69.27490234375
3557109,56.640625
3557126,55.908203125
3557146,87.34130859375
3557177,69.76318359375
3557199,42.236328125
3557213,47.2412109375
3557245,53.22265625
3557278,44.7998046875
3557297,35.46142578125
3557321,27.89306640625
3557342,37.29248046875
3557357,36.9873046875
3557387,40.83251953125
3557432,27.40478515625
3557465,40.0390625
3557481,29.96826171875
3557509,28.99169921875
3557545,31.18896484375
3557564,29.60205078125
3557640,32.1044921875
3557728,33.447265625
3557809,26.2451171875
3557820,28.1982421875
3557872,36.19384765625
3557917,36.4990234375
3558019,49.1943359375
3558073,24.84130859375
3558115,27.34375
3558148,31.6162109375
3558188,33.50830078125
3558236,40.46630859375
3558322,36.68212890625
3558344,25.87890625
3558363,24.71923828125
3558390,39.6728515625
3558408,27.4658203125
3558421,31.43310546875
3558444,26.611328125
3558501,52.18505859375
3558528,50.72021484375
3558563,31.06689453125
3558573,34.3017578125
3558600,31.55517578125
3558634,30.6396484375
3558650,25.08544921875
3558669,28.80859375
3558703,33.69140625
3558714,26.4892578125
3558744,41.259765625
3558799,47.607421875
3558827,34.7900390625
3558848,24.90234375
3558883,26.79443359375
3558898,32.16552734375
3558930,34.36279296875
3558943,39.61181640625
3558993,27.16064453125
3559020,31.79931640625
3559068,31.3720703125
3559128,42.17529296875
3559140,31.25
3559272,25.45166015625
3559312,26.2451171875
3559389,38.4521484375
3559449,27.099609375
3559534,29.4189453125
3559791,35.15625
3559957,27.03857421875
3560038,30.21240234375
3560244,26.55029296875
3560418,24.658203125
3562760,28.62548828125
3563014,27.7099609375
3563944,28.86962890625
3564396,30.029296875
3564776,31.1279296875
3565160,27.2216796875
3566795,24.84130859375
3568467,25.08544921875
3568824,25.81787109375
3569091,27.587890625
3569501,25.57373046875
3569650,28.564453125
3571287,25.81787109375
3571859,25.20751953125
3572307,27.9541015625
3572376,25.08544921875
3573965,28.86962890625
3574013,27.099609375
3574320,28.50341796875
3574797,24.96337890625
3577063,26.06201171875
3600939,25.7568359375
3604803,25.08544921875
3607107,26.0009765625
3612272,25.5126953125
3636014,26.2451171875
3722396,28.3203125
3733441,25.08544921875
3761751,26.9775390625
3822288,25.390625
3928264,25.08544921875
3968259,27.16064453125
4012087,29.72412109375
4012105,40.1611328125
4012190,25.69580078125
4012206,59.50927734375
4012231,47.54638671875
4012265,33.69140625
4012281,38.75732421875
4012307,72.69287109375
4012322,53.955078125
4012334,46.81396484375
4012368,44.86083984375
4012378,25.93994140625
4012393,33.447265625
4012411,32.470703125
4012422,26.18408203125
4012440,63.41552734375
4012452,61.34033203125
4012463,28.076171875
4012489,30.6396484375
4012507,36.07177734375
4012525,43.51806640625
4012539,52.734375
4012581,27.34375
4012609,41.8701171875
4012635,32.28759765625
4012679,32.04345703125
4012691,26.18408203125
4012709,29.11376953125
4012744,25.69580078125
4012773,32.53173828125
4012822,26.9775390625
4012868,39.794921875
4012943,24.658203125
4013016,26.67236328125
4013031,36.80419921875
4013070,29.23583984375
4013098,29.1748046875
4013225,29.72412109375
4013249,35.0341796875
4013304,26.55029296875
4013342,37.59765625
4013358,39.4287109375
4013391,29.35791015625
4013433,27.7099609375
4013445,29.296875
4013473,25.93994140625
4013513,27.77099609375
4013525,32.65380859375
4013553,31.73828125
4013585,55.60302734375
4013606,25.81787109375
4013636,27.2216796875
4013672,26.9775390625
4013725,31.67724609375
4013769,30.8837890625
4013846,31.982421875
4013865,33.5693359375
4013890,33.69140625
4013926,36.19384765625
4013968,35.2783203125
4013989,27.7099609375
4014025,26.55029296875
4014047,25.146484375
4014058,34.85107421875
4014076,26.7333984375
4014092,26.7333984375
4014124,24.96337890625
4014214,29.47998046875
4014235,27.16064453125
4014253,25.390625
4014327,33.0810546875
4014354,32.77587890625
4014380,30.76171875
4014453,26.611328125
4014467,28.99169921875
4014530,34.3017578125
4014609,27.099609375
4014704,30.33447265625
4014790,32.89794921875
4014844,25.81787109375
4015168,26.06201171875
4015199,31.1279296875
4015259,26.91650390625
4015328,25.57373046875
4015623,26.85546875
4015717,30.2734375
4016773,37.04833984375
4017192,28.99169921875
4018491,29.296875
4018798,25.146484375
4020385,33.63037109375
4020840,26.4892578125
4021623,29.9072265625
4021945,28.25927734375
4022226,28.62548828125
4022801,25.5126953125
4023304,27.099609375
4024447,29.35791015625
4025360,26.18408203125
4026142,25.2685546875
4026375,27.34375
4026836,28.1982421875
4028419,25.81787109375
4028738,27.16064453125
4051552,25.390625
4104845,26.42822265625
4176816,41.44287109375
4176846,109.375
4176857,85.14404296875
4176881,61.279296875
4176898,38.4521484375
4176919,66.650390625
4176950,48.9501953125
4176967,60.05859375
4176985,64.8193359375
4177002,54.62646484375
4177042,43.64013671875
4177061,31.73828125
4177074,26.0009765625
4177093,36.07177734375
4177104,35.0341796875
4177119,45.166015625
4177144,24.90234375
4177155,31.18896484375
4177175,28.4423828125
4177190,34.85107421875
4177215,27.587890625
4177253,41.68701171875
4177323,25.93994140625
4177346,31.43310546875
4177397,26.85546875
4177436,25.32958984375
4177464,42.90771484375
4177522,45.95947265625
4177606,34.66796875
4177656,27.89306640625
4177679,40.6494140625
4177742,33.87451171875
4177778,40.22216796875
4177801,31.79931640625
4177818,28.3203125
4177878,26.42822265625
4177909,37.17041015625
4177941,36.68212890625
4177965,30.517578125
4177993,34.11865234375
4178035,32.470703125
4178047,57.6171875
4178064,40.46630859375
4178114,26.2451171875
4178126,33.38623046875
4178161,35.0341796875
4178187,25.93994140625
4178209,34.24072265625
4178257,27.16064453125
4178282,35.46142578125
4178306,47.05810546875
4178349,25.69580078125
4178390,25.32958984375
4178408,28.62548828125
4178443,28.3203125
4178475,28.076171875
4178505,46.44775390625
4178540,27.64892578125
4178555,26.4892578125
4178582,41.748046875
4178615,30.76171875
4178645,31.8603515625
4178669,27.099609375
4178680,36.7431640625
4178760,35.888671875
4178798,27.64892578125
4178844,27.83203125
4178873,24.71923828125
4178948,29.296875
4179018,24.658203125
4179084,28.74755859375
4179098,27.64892578125
4179117,39.4287109375
4179236,39.1845703125
4179291,25.7568359375
4179333,27.77099609375
4179352,27.40478515625
4179414,30.21240234375
4179498,26.06201171875
4179618,25.93994140625
4179746,24.658203125
4179769,31.79931640625
4184149,26.30615234375
4184644,29.4189453125
4185280,24.96337890625
4185803,25.2685546875
4186393,27.2216796875
4186989,25.0244140625
4187452,33.38623046875
4187716,28.9306640625
4188351,26.9775390625
4188376,25.146484375
4189890,24.658203125
4190071,28.50341796875
4190778,25.146484375
4191114,25.5126953125
4196812,27.099609375
4198599,25.20751953125
4204447,27.2216796875
4206614,26.3671875
4218108,28.38134765625
4245019,24.658203125
4317068,31.55517578125
4327943,25.81787109375
4327959,32.89794921875
4327998,128.72314453125
4328009,26.67236328125
4328024,91.30859375
4328045,33.50830078125
4328063,50.47607421875
4328080,61.6455078125
4328105,48.9501953125
4328128,34.1796875
4328151,35.64453125
4328171,33.0810546875
4328193,59.6923828125
4328216,57.67822265625
4328231,35.0341796875
4328245,37.29248046875
4328284,38.39111328125
4328318,31.06689453125
4328343,25.0244140625
4328413,33.447265625
4328440,38.4521484375
4328463,34.48486328125
4328507,28.4423828125
4328562,30.8837890625
4328617,27.2216796875
4328658,27.40478515625
4328684,25.93994140625
4328768,27.4658203125
4328791,26.123046875
4328812,27.34375
4328863,42.29736328125
4328895,30.3955078125
4328952,35.64453125
4329010,26.67236328125
4329030,32.5927734375
4329081,38.26904296875
4329113,43.5791015625
4329152,26.611328125
4329168,33.935546875
4329189,28.13720703125
4329221,24.658203125
4329252,49.4384765625
4329262,41.93115234375
4329298,29.72412109375
4329315,37.109375
4329329,26.3671875
4329351,36.19384765625
4329372,26.4892578125
4329393,25.2685546875
4329424,27.28271484375
4329443,33.203125
4329462,31.005859375
4329483,37.4755859375
4329514,27.64892578125
4329548,25.146484375
4329561,25.81787109375
4329608,39.36767578125
4329664,28.1982421875
4329703,43.02978515625
4329780,27.03857421875
4329810,37.04833984375
4329820,29.11376953125
4329844,30.029296875
4329860,32.53173828125
4329999,30.1513671875
4330040,25.69580078125
4330063,28.1982421875
4330079,25.2685546875
4330193,35.09521484375
4330212,28.3203125
4330242,27.52685546875
4330318,24.96337890625
4330344,35.2783203125
4330487,36.865234375
4330619,31.92138671875
4330927,27.77099609375
4331148,27.16064453125
4331569,25.146484375
4332444,27.52685546875
4335076,31.31103515625
4335645,31.43310546875
4336990,27.77099609375
4338052,26.67236328125
4340769,28.86962890625
4341466,38.9404296875
4342198,27.64892578125
4348414,26.55029296875
4348745,25.20751953125
4374655,31.43310546875
4379747,35.82763671875
4386332,24.84130859375
4386454,39.24560546875
4386502,26.3671875
4386533,31.73828125
4386552,44.43359375
4386576,91.6748046875
4386596,58.65478515625
4386611,74.89013671875
4386653,64.0869140625
4386666,51.26953125
4386693,31.79931640625
4386712,31.67724609375
4386738,67.0166015625
4386755,42.8466796875
4386769,40.95458984375
4386788,28.1982421875
4386810,45.41015625
4386823,37.65869140625
4386849,30.94482421875
4386859,49.1943359375
4386892,26.0009765625
4386922,35.46142578125
4386937,38.51318359375
4386980,34.85107421875
4387014,24.658203125
4387037,42.41943359375
4387074,25.69580078125
4387110,27.4658203125
4387182,28.62548828125
4387253,32.28759765625
4387343,33.447265625
4387447,31.494140625
4387496,34.7900390625
4387531,26.85546875
4387546,38.75732421875
4387628,35.70556640625
4387648,28.4423828125
4387685,29.96826171875
4387711,29.1748046875
4387728,36.43798828125
4387754,26.79443359375
4387770,34.7900390625
4387786,33.5693359375
4387803,27.099609375
4387826,34.97314453125
4387856,24.84130859375
4387879,26.123046875
4387902,35.82763671875
4387919,43.51806640625
4387950,38.818359375
4387979,26.55029296875
4387996,29.541015625
4388007,27.40478515625
4388025,29.23583984375
4388055,36.68212890625
4388082,33.99658203125
4388095,48.095703125
4388152,26.4892578125
4388204,44.00634765625
4388235,26.18408203125
4388246,32.5927734375
4388296,31.494140625
4388376,27.34375
4388394,33.447265625
4388453,26.3671875
4388489,44.7998046875
4388516,30.2734375
4388535,24.71923828125
4388562,34.85107421875
4388586,27.52685546875
4388669,32.28759765625
4388736,25.2685546875
4388755,31.73828125
4388796,28.01513671875
4388871,32.65380859375
4389128,26.18408203125
4389316,28.62548828125
4389365,24.96337890625
4389533,31.92138671875
4389925,29.78515625
4400528,25.08544921875
4401262,28.13720703125
4403387,25.2685546875
4425795,25.146484375
4428080,29.4189453125
4471285,24.658203125
4500632,25.69580078125
4539330,33.447265625
4539363,77.08740234375
4539377,116.455078125
4539395,58.16650390625
4539416,37.90283203125
4539427,34.60693359375
4539446,85.8154296875
4539476,52.490234375
4539490,38.14697265625
4539504,33.38623046875
4539516,32.04345703125
4539546,30.94482421875
4539563,30.6396484375
4539581,50.96435546875
4539602,41.748046875
4539622,25.69580078125
4539632,28.25927734375
4539665,70.49560546875
4539681,25.7568359375
4539724,27.34375
4539740,42.29736328125
4539776,33.447265625
4539811,25.7568359375
4539861,36.56005859375
4539887,35.70556640625
4539940,30.70068359375
4539996,26.611328125
4540091,26.18408203125
4540140,32.2265625
4540211,36.2548828125
4540278,39.00146484375
4540288,27.16064453125
4540325,29.1748046875
4540373,25.2685546875
4540394,30.94482421875
4540434,30.09033203125
4540445,32.958984375
4540477,37.90283203125
4540491,39.4287109375
4540522,26.79443359375
4540548,33.63037109375
4540558,33.935546875
4540612,34.60693359375
4540638,38.87939453125
4540667,33.87451171875
4540702,24.658203125
4540713,33.8134765625
4540742,27.03857421875
4540784,26.91650390625
4540812,30.6396484375
4540851,35.94970703125
4540867,32.1044921875
4540882,36.19384765625
4540915,25.20751953125
4540935,32.40966796875
4540961,30.029296875
4540985,30.517578125
4541005,24.71923828125
4541045,34.36279296875
4541081,26.2451171875
4541104,25.0244140625
4541158,25.5126953125
4541169,27.52685546875
4541228,25.81787109375
4541261,31.6162109375
4541286,25.390625
4541349,39.00146484375
4541370,26.7333984375
4541492,30.45654296875
4541504,29.4189453125
4541597,28.6865234375
4541733,30.21240234375
4541783,25.5126953125
4541816,29.9072265625
4541983,26.79443359375
4542053,28.564453125
4542088,26.06201171875
4542363,26.9775390625
4548650,29.6630859375
4549143,27.4658203125
4549897,25.390625
4550754,26.7333984375
4552173,28.25927734375
4552334,25.0244140625
4553781,25.08544921875
4561494,25.0244140625
4563019,24.71923828125
4572598,25.87890625
4583291,25.69580078125
4638579,26.2451171875
4647259,31.6162109375
4647296,53.40576171875
4647306,121.9482421875
4647323,29.47998046875
4647337,78.18603515625
4647366,68.2373046875
4647384,33.5693359375
4647397,27.16064453125
4647418,30.8837890625
4647438,42.78564453125
4647450,36.376953125
4647475,55.84716796875
4647502,28.01513671875
4647528,27.89306640625
4647541,50.59814453125
4647563,46.9970703125
4647604,31.92138671875
4647634,46.32568359375
4647665,33.8134765625
4647722,37.2314453125
4647738,41.93115234375
4647755,25.08544921875
4647769,45.41015625
4647828,35.0341796875
4647852,37.109375
4647912,27.16064453125
4647954,25.2685546875
4647988,42.41943359375
4648070,30.2734375
4648084,27.4658203125
4648126,26.79443359375
4648183,45.34912109375
4648229,28.80859375
4648246,27.03857421875
4648258,31.3720703125
4648276,32.8369140625
4648293,32.28759765625
4648348,26.4892578125
4648372,30.33447265625
4648425,29.1748046875
4648435,53.52783203125
4648506,30.029296875
4648535,30.70068359375
4648547,25.7568359375
4648604,33.38623046875
4648641,25.32958984375
4648677,27.77099609375
4648700,35.21728515625
4648712,25.32958984375
4648747,38.6962890625
4648763,28.564453125
4648802,27.83203125
4648841,28.86962890625
4648874,48.2177734375
4648887,25.2685546875
4648947,26.7333984375
4648995,26.55029296875
4649023,25.634765625
4649042,70.25146484375
4649099,25.2685546875
4649113,32.28759765625
4649144,25.45166015625
4649210,27.16064453125
4649259,28.13720703125
4649289,27.52685546875
4649321,24.71923828125
4649432,29.96826171875
4649479,27.83203125
4649585,27.77099609375
4649731,25.45166015625
4649783,29.72412109375
4649935,25.20751953125
4649981,26.55029296875
4650257,24.96337890625
4650511,29.296875
4650889,25.146484375
4651323,26.85546875
4657573,34.11865234375
4667980,24.7802734375
4679639,26.67236328125
4680290,24.71923828125
4697048,27.4658203125
4794054,25.57373046875
4794134,25.390625
4794151,38.87939453125
4794182,24.71923828125
4794291,25.32958984375
4794304,27.77099609375
4794325,36.31591796875
4794350,66.89453125
4794371,45.59326171875
4794397,101.62353515625
4794415,74.3408203125
4794435,48.52294921875
4794462,45.59326171875
4794477,38.6962890625
4794495,36.68212890625
4794506,36.2548828125
4794529,40.71044921875
4794541,35.15625
4794569,51.45263671875
4794595,24.84130859375
4794641,32.1044921875
4794664,36.92626953125
4794674,44.73876953125
4794713,28.4423828125
4794741,28.86962890625
4794768,47.66845703125
4794801,28.4423828125
4794855,32.89794921875
4794904,26.85546875
4794943,26.55029296875
4794964,31.73828125
4795010,26.55029296875
4795140,28.1982421875
4795239,24.84130859375
4795257,25.08544921875
4795301,27.587890625
4795327,28.13720703125
4795412,28.80859375
4795429,32.28759765625
4795463,28.25927734375
4795505,30.2734375
4795540,27.83203125
4795571,36.62109375
4795582,25.7568359375
4795638,28.6865234375
4795648,40.71044921875
4795670,26.0009765625
4795700,44.921875
4795726,46.38671875
4795738,38.0859375
4795770,28.38134765625
4795788,31.1279296875
4795798,34.97314453125
4795828,28.13720703125
4795856,31.06689453125
4795891,30.6396484375
4795920,30.33447265625
4795952,24.96337890625
4795981,40.52734375
4795997,27.77099609375
4796057,42.54150390625
4796068,51.8798828125
4796097,26.55029296875
4796158,33.8134765625
4796289,30.21240234375
4796333,29.96826171875
4796412,26.123046875
4796451,31.06689453125
4796532,28.25927734375
4796571,26.2451171875
4796655,34.912109375
4796702,27.03857421875
4796714,27.28271484375
4796869,26.611328125
4796943,26.42822265625
4797134,25.0244140625
4797220,25.45166015625
4797341,26.30615234375
4797599,24.96337890625
4797820,29.9072265625
4801017,24.71923828125
4803174,25.69580078125
4805449,30.6396484375
4806888,28.01513671875
4807858,25.57373046875
4808260,28.9306640625
4812465,25.20751953125
4878192,26.2451171875
4886420,31.67724609375
4943629,25.87890625
5013046,24.71923828125
5013080,53.52783203125
5013099,126.64794921875
5013113,43.02978515625
5013133,83.1298828125
5013159,44.98291015625
5013190,93.07861328125
5013205,33.50830078125
5013216,28.01513671875
5013249,27.4658203125
5013277,29.11376953125
5013291,32.04345703125
5013305,43.88427734375
5013328,33.63037109375
5013360,53.40576171875
5013372,26.42822265625
5013384,38.818359375
5013399,33.447265625
5013422,26.85546875
5013444,26.30615234375
5013465,29.11376953125
5013476,36.31591796875
5013487,28.1982421875
5013561,36.43798828125
5013603,30.82275390625
5013705,38.2080078125
5013760,57.18994140625
5013847,24.90234375
5013981,31.67724609375
5013993,35.09521484375
5014062,31.55517578125
5014075,24.658203125
5014206,34.97314453125
5014251,27.64892578125
5014281,36.07177734375
5014313,28.25927734375
5014384,39.0625
5014406,26.2451171875
5014425,36.68212890625
5014449,37.17041015625
5014483,33.447265625
5014493,30.45654296875
5014525,27.587890625
5014545,43.8232421875
5014585,30.8837890625
5014625,32.40966796875
5014645,27.9541015625
5014691,38.2080078125
5014706,30.70068359375
5014718,33.38623046875
5014739,38.39111328125
5014787,27.4658203125
5014824,25.5126953125
5014878,25.7568359375
5014892,27.28271484375
5014968,24.658203125
5014981,28.4423828125
5015081,30.21240234375
5015113,26.4892578125
5015171,30.33447265625
5015207,25.08544921875
5015224,25.32958984375
5015280,24.84130859375
5015336,36.92626953125
5015429,25.7568359375
5015575,27.89306640625
5020685,28.62548828125
5021455,25.93994140625
5023582,31.43310546875
5023950,25.146484375
5025040,26.123046875
5025204,25.57373046875
5025232,27.587890625
5026390,27.587890625
5026747,28.1982421875
5029962,32.3486328125
5041018,26.67236328125
5084906,26.42822265625
5173734,24.90234375
5315432,29.96826171875
5324063,26.85546875
5332377,24.90234375
5332403,78.67431640625
5332416,136.41357421875
5332442,90.14892578125
5332476,56.5185546875
5332503,62.07275390625
5332513,42.236328125
5332526,28.99169921875
5332556,57.2509765625
5332579,41.80908203125
5332617,45.2880859375
5332638,25.20751953125
5332648,33.69140625
5332677,42.8466796875
5332693,39.61181640625
5332706,29.47998046875
5332723,37.17041015625
5332774,24.84130859375
5332813,37.59765625
5332865,26.55029296875
5332904,24.71923828125
5332920,45.34912109375
5332953,30.76171875
5332996,30.6396484375
5333057,51.8798828125
5333098,27.7099609375
5333137,49.25537109375
5333187,25.45166015625
5333334,26.42822265625
5333359,29.96826171875
5333405,28.38134765625
5333437,44.61669921875
5333500,34.66796875
5333521,29.6630859375
5333539,30.76171875
5333575,25.5126953125
5333602,43.64013671875
5333617,45.2880859375
5333644,29.35791015625
5333662,46.56982421875
5333688,29.052734375
5333725,25.20751953125
5333757,35.5224609375
5333776,41.32080078125
5333801,29.60205078125
5333816,36.376953125
5333846,31.494140625
5333880,30.1513671875
5333899,39.6728515625
5333923,28.4423828125
5333946,27.7099609375
5333988,25.2685546875
5334003,34.60693359375
5334046,48.9501953125
5334067,28.13720703125
5334090,25.2685546875
5334117,31.25
5334128,52.30712890625
5334158,37.841796875
5334176,33.5693359375
5334207,27.099609375
5334308,28.6865234375
5334408,36.2548828125
5334489,36.7431640625
5334513,27.34375
5334527,25.146484375
5334544,30.029296875
5334616,30.8837890625
5334635,34.423828125
5334727,24.658203125
5334744,29.78515625
5334782,27.40478515625
5334997,35.70556640625
5335122,28.50341796875
5335184,24.658203125
5335314,24.96337890625
5339671,26.30615234375
5340066,26.67236328125
5342161,29.1748046875
5344815,25.5126953125
5345269,29.052734375
5348552,26.85546875
5362677,24.658203125
5371896,24.90234375
5390049,26.42822265625
5392781,26.42822265625
5479508,26.3671875
5480485,27.2216796875
5490520,25.93994140625
5490556,79.7119140625
5490567,77.5146484375
5490585,53.03955078125
5490597,86.36474609375
5490623,35.5224609375
5490635,84.89990234375
5490665,39.4287109375
5490679,28.80859375
5490705,37.7197265625
5490729,43.8232421875
5490743,36.1328125
5490765,46.44775390625
5490780,25.69580078125
5490798,40.71044921875
5490826,33.75244140625
5490843,25.93994140625
5490853,33.02001953125
5490890,25.0244140625
5490904,31.31103515625
5490921,40.71044921875
5490942,33.935546875
5490956,30.2734375
5491016,40.4052734375
5491060,25.32958984375
5491214,30.8837890625
5491397,34.0576171875
5491501,41.015625
5491558,25.20751953125
5491591,27.099609375
5491629,26.611328125
5491644,51.08642578125
5491678,28.3203125
5491736,37.41455078125
5491752,25.5126953125
5491779,29.78515625
5491797,33.69140625
5491825,25.87890625
5491857,30.3955078125
5491886,29.9072265625
5491922,33.87451171875
5491940,32.77587890625
5491962,38.818359375
5491991,33.69140625
5492044,25.08544921875
5492060,40.1611328125
5492087,25.81787109375
5492112,25.08544921875
5492147,26.30615234375
5492163,37.04833984375
5492199,25.32958984375
5492230,27.16064453125
5492266,35.94970703125
5492308,36.19384765625
5492371,33.447265625
5492385,36.07177734375
5492410,30.09033203125
5492455,30.3955078125
5492476,29.4189453125
5492493,28.99169921875
5492602,24.658203125
5492749,31.3720703125
5492769,27.7099609375
5492838,28.62548828125
5492907,35.21728515625
5492987,26.67236328125
5493038,32.89794921875
5493243,25.32958984375
5493298,24.658203125
5493472,29.23583984375
5493497,26.67236328125
5500278,25.2685546875
5501510,27.40478515625
5504712,25.0244140625
5507045,26.3671875
5533754,25.32958984375
5538592,26.7333984375
5544555,24.71923828125
5551379,24.71923828125
5614668,26.0009765625
5623175,54.87060546875
5623193,25.390625
5623208,124.8779296875
5623227,58.04443359375
5623248,73.1201171875
5623279,52.6123046875
5623289,90.27099609375
5623315,50.6591796875
5623336,40.95458984375
5623362,43.15185546875
5623393,33.14208984375
5623432,44.25048828125
5623463,29.23583984375
5623487,30.21240234375
5623510,39.36767578125
5623522,32.16552734375
5623546,31.8603515625
5623580,46.2646484375
5623607,40.6494140625
5623618,26.06201171875
5623667,30.45654296875
5623704,50.4150390625
5623738,27.89306640625
5623783,36.31591796875
5623840,25.2685546875
5623908,26.55029296875
5623975,28.38134765625
5624018,25.0244140625
5624030,27.40478515625
5624072,27.16064453125
5624125,44.86083984375
5624171,27.34375
5624189,31.1279296875
5624224,48.03466796875
5624274,29.35791015625
5624288,28.076171875
5624364,42.05322265625
5624391,31.92138671875
5624431,25.2685546875
5624451,40.46630859375
5624469,27.52685546875
5624485,24.90234375
5624519,35.33935546875
5624548,29.78515625
5624570,36.68212890625
5624597,26.9775390625
5624630,38.14697265625
5624664,31.005859375
5624692,30.57861328125
5624708,25.69580078125
5624729,30.21240234375
5624762,28.62548828125
5624788,34.0576171875
5624820,31.67724609375
5624840,35.70556640625
5624871,36.62109375
5624908,31.31103515625
5624927,32.28759765625
5624965,25.146484375
5625011,25.32958984375
5625058,28.99169921875
5625070,36.43798828125
5625149,24.658203125
5625171,37.841796875
5625253,31.18896484375
5625321,26.611328125
5625334,31.92138671875
5625376,27.03857421875
5625430,28.1982421875
5625451,30.45654296875
5625489,29.9072265625
5625513,28.01513671875
5625596,27.16064453125
5625770,27.77099609375
5625848,26.06201171875
5625880,26.4892578125
5625943,24.84130859375
5626055,29.9072265625
5626253,24.90234375
5626297,26.91650390625
5634020,31.67724609375
5634407,25.0244140625
5640778,25.390625
5649412,29.052734375
5655023,25.20751953125
5655036,25.93994140625
5657730,26.42822265625
5683380,25.32958984375
5687790,29.9072265625
5706027,24.71923828125
5712016,26.9775390625
5715847,30.3955078125
5744564,26.30615234375
5744576,28.62548828125
5744592,60.36376953125
5744624,100.5859375
5744649,83.67919921875
5744671,41.19873046875
5744702,61.58447265625
5744722,30.6396484375
5744736,37.41455078125
5744796,36.4990234375
5744821,45.22705078125
5744855,30.1513671875
5744874,72.08251953125
5744894,45.59326171875
5744925,26.611328125
5744943,46.69189453125
5744959,30.33447265625
5744974,40.34423828125
5745018,34.0576171875
5745051,35.33935546875
5745077,25.87890625
5745101,30.029296875
5745147,33.87451171875
5745194,34.7900390625
5745267,31.6162109375
5745300,26.4892578125
5745360,30.1513671875
5745372,31.3720703125
5745408,35.2783203125
5745456,47.91259765625
5745506,28.38134765625
5745533,33.69140625
5745556,31.67724609375
5745566,28.62548828125
5745588,25.7568359375
5745617,30.3955078125
5745651,43.212890625
5745663,38.14697265625
5745684,35.64453125
5745703,39.00146484375
5745765,30.6396484375
5745786,38.51318359375
5745832,28.99169921875
5745865,32.16552734375
5745888,28.01513671875
5745901,26.30615234375
5745928,25.146484375
5745964,33.50830078125
5745980,25.20751953125
5745998,38.57421875
5746074,37.53662109375
5746141,28.9306640625
5746169,31.67724609375
5746226,26.79443359375
5746277,51.7578125
5746326,28.076171875
5746361,45.8984375
5746382,29.47998046875
5746414,28.86962890625
5746428,30.76171875
5746464,28.13720703125
5746491,32.28759765625
5746521,24.7802734375
5746577,27.83203125
5746594,39.97802734375
5746706,26.2451171875
5746733,31.73828125
5746749,25.20751953125
5746789,30.33447265625
5746855,29.296875
5746879,24.7802734375
5747014,31.67724609375
5747120,31.25
5747142,25.08544921875
5747297,26.18408203125
5747818,26.55029296875
5748355,28.50341796875
5756612,25.57373046875
5758311,25.0244140625
5761026,25.81787109375
5762574,25.0244140625
5766328,26.55029296875
5773891,25.81787109375
5775632,28.13720703125
5806546,33.5693359375
5859902,29.052734375
5869662,28.076171875
5869873,26.9775390625
5871627,35.70556640625
5952324,46.38671875
5952351,74.21875
5952362,31.55517578125
5952377,81.60400390625
5952405,73.30322265625
5952419,59.2041015625
5952446,60.791015625
5952462,58.2275390625
5952480,30.2734375
5952501,31.06689453125
5952512,26.18408203125
5952539,65.24658203125
5952595,44.37255859375
5952634,30.8837890625
5952649,39.97802734375
5952661,30.1513671875
5952697,30.45654296875
5952714,31.6162109375
5952731,35.70556640625
5952756,34.1796875
5952770,32.3486328125
5952838,28.076171875
5952887,39.00146484375
5952951,27.03857421875
5953040,39.48974609375
5953199,27.2216796875
5953222,24.658203125
5953244,27.28271484375
5953287,27.16064453125
5953314,28.50341796875
5953349,38.51318359375
5953360,24.84130859375
5953417,29.541015625
5953453,26.06201171875
5953479,25.45166015625
5953497,28.6865234375
5953507,32.65380859375
5953557,29.4189453125
5953594,27.77099609375
5953612,31.06689453125
5953639,38.39111328125
5953656,32.3486328125
5953688,28.50341796875
5953721,26.4892578125
5953769,26.7333984375
5953779,25.634765625
5953812,34.7900390625
5953860,28.9306640625
5953879,26.9775390625
5953900,28.62548828125
5953934,36.1328125
5953964,33.26416015625
5954041,43.51806640625
5954051,33.8134765625
5954136,34.912109375
5954164,24.96337890625
5954217,27.587890625
5954241,25.87890625
5954272,61.34033203125
5954374,35.7666015625
5954390,32.40966796875
5954406,25.2685546875
5954518,26.06201171875
5954717,24.7802734375
5954856,27.28271484375
5955045,25.81787109375
5955086,27.16064453125
5955127,25.146484375
5955618,24.84130859375
5961829,31.79931640625
5962270,33.02001953125
5964454,25.7568359375
5965795,27.2216796875
5967859,26.06201171875
5970017,27.64892578125
6026257,25.69580078125
6026644,24.71923828125
6035738,25.20751953125
6235080,27.16064453125
6289252,27.28271484375
6295268,24.658203125
6302935,25.20751953125
6326917,26.2451171875
6337313,26.30615234375
6337475,34.11865234375
6337517,33.935546875
6337542,76.84326171875
6337558,78.125
6337574,33.63037109375
6337593,75.1953125
6337605,88.134765625
6337629,69.27490234375
6337646,65.97900390625
6337659,83.6181640625
6337698,41.93115234375
6337721,28.62548828125
6337736,33.14208984375
6337753,30.70068359375
6337768,30.517578125
6337806,26.3671875
6337825,37.7197265625
6337848,31.005859375
6337882,51.025390625
6337895,24.84130859375
6337915,28.6865234375
6337946,47.4853515625
6337968,29.1748046875
6338020,48.095703125
6338097,29.35791015625
6338148,25.81787109375
6338233,24.71923828125
6338290,30.76171875
6338422,27.52685546875
6338504,26.611328125
6338554,31.79931640625
6338617,28.50341796875
6338644,27.34375
6338696,38.75732421875
6338736,26.06201171875
6338764,36.07177734375
6338841,38.39111328125
6338876,26.42822265625
6338943,47.18017578125
6338953,28.4423828125
6338985,27.40478515625
6339001,30.517578125
6339038,43.27392578125
6339060,28.99169921875
6339089,36.376953125
6339128,35.5224609375
6339147,32.8369140625
6339159,37.53662109375
6339188,27.34375
6339219,32.65380859375
6339231,28.01513671875
6339252,29.78515625
6339283,41.748046875
6339315,36.2548828125
6339338,27.83203125
6339380,27.34375
6339396,37.41455078125
6339407,29.23583984375
6339436,27.4658203125
6339453,32.28759765625
6339493,29.541015625
6339527,32.16552734375
6339557,27.099609375
6339598,28.1982421875
6339612,27.77099609375
6339629,26.42822265625
6339692,30.2734375
6339770,26.2451171875
6339798,26.30615234375
6339893,38.57421875
6339949,28.1982421875
6340184,30.82275390625
6340237,26.85546875
6340502,32.89794921875
6340597,28.9306640625
6340741,24.96337890625
6341355,28.9306640625
6345183,27.16064453125
6346068,27.40478515625
6350336,25.20751953125
6353964,26.79443359375
6354245,27.099609375
6356783,25.5126953125
6356818,24.84130859375
6365092,26.18408203125
6366817,25.32958984375
6367388,25.08544921875
6371783,25.57373046875
6393895,25.634765625
6412091,27.587890625
6483370,40.46630859375
6483396,42.8466796875
6483420,85.693359375
6483437,82.70263671875
6483472,59.08203125
6483482,47.607421875
6483515,28.076171875
6483525,34.11865234375
6483553,45.34912109375
6483571,24.658203125
6483600,32.89794921875
6483626,49.13330078125
6483668,28.3203125
6483701,47.54638671875
6483729,25.146484375
6483781,39.24560546875
6483823,35.0341796875
6483842,27.587890625
6483865,26.0009765625
6483898,31.73828125
6483951,27.28271484375
6483967,41.8701171875
6484017,28.3203125
6484042,27.89306640625
6484108,37.65869140625
6484180,42.41943359375
6484195,26.06201171875
6484252,31.73828125
6484265,37.353515625
6484351,36.0107421875
6484361,39.0625
6484404,29.4189453125
6484440,38.75732421875
6484456,37.353515625
6484489,28.86962890625
6484517,30.70068359375
6484545,37.41455078125
6484560,25.390625
6484604,25.0244140625
6484627,25.390625
6484646,41.44287109375
6484689,40.771484375
6484708,26.18408203125
6484736,34.0576171875
6484751,32.16552734375
6484782,36.0107421875
6484797,34.85107421875
6484826,31.6162109375
6484858,33.75244140625
6484886,32.1044921875
6484944,27.83203125
6484986,28.01513671875
6485007,27.7099609375
6485042,26.123046875
6485052,41.50390625
6485096,27.28271484375
6485111,25.2685546875
6485139,36.62109375
6485221,40.46630859375
6485254,32.77587890625
6485275,36.62109375
6485285,35.46142578125
6485339,29.4189453125
6485358,25.390625
6485413,29.47998046875
6485474,29.1748046875
6485491,28.74755859375
6485541,26.123046875
6485710,27.16064453125
6485750,25.32958984375
6485836,32.470703125
6485861,25.81787109375
6486088,31.73828125
6486898,25.146484375
6486948,26.91650390625
6487088,25.32958984375
6493252,25.390625
6493530,33.99658203125
6494296,30.09033203125
6497863,33.69140625
6503953,25.5126953125
6507484,25.93994140625
6519853,26.42822265625
6540892,25.390625
6548621,25.69580078125
6620182,25.32958984375
6682696,28.99169921875
6682739,26.123046875
6682776,28.01513671875
6682793,39.306640625
6682809,37.7197265625
6682832,81.6650390625
6682863,51.6357421875
6682881,73.91357421875
6682904,54.62646484375
6682923,67.2607421875
6682945,61.21826171875
6682963,52.91748046875
6682991,43.8232421875
6683012,41.259765625
6683035,53.64990234375
6683046,29.47998046875
6683066,37.41455078125
6683091,49.8046875
6683123,42.724609375
6683149,39.73388671875
6683177,24.96337890625
6683197,35.5224609375
6683238,26.67236328125
6683267,27.83203125
6683309,42.724609375
6683343,25.0244140625
6683355,33.99658203125
6683388,27.16064453125
6683409,37.841796875
6683537,25.32958984375
6683624,28.74755859375
6683700,28.3203125
6683728,29.4189453125
6683753,25.08544921875
6683813,27.2216796875
6683853,42.724609375
6683942,30.45654296875
6683988,34.66796875
6683998,25.81787109375
6684041,27.587890625
6684140,29.35791015625
6684182,35.94970703125
6684199,33.203125
6684221,28.1982421875
6684269,29.541015625
6684285,35.21728515625
6684330,36.68212890625
6684355,40.95458984375
6684377,36.1328125
6684406,29.47998046875
6684450,39.306640625
6684470,36.19384765625
6684497,33.50830078125
6684528,28.076171875
6684569,30.57861328125
6684603,28.9306640625
6684626,31.06689453125
6684674,38.4521484375
6684691,27.16064453125
6684743,25.81787109375
6684770,26.91650390625
6684795,34.0576171875
6684818,25.5126953125
6684854,28.6865234375
6684876,37.17041015625
6684924,25.93994140625
6685017,27.83203125
6685040,30.33447265625
6685095,29.6630859375
6685134,26.2451171875
6685279,27.34375
6685296,26.42822265625
6685346,25.0244140625
6685377,26.7333984375
6685736,26.7333984375
6685861,25.08544921875
6690134,30.2734375
6690506,28.25927734375
6690896,33.02001953125
6694632,25.69580078125
6695912,25.93994140625
6698551,24.84130859375
6707467,25.81787109375
6736168,25.08544921875
6736967,25.69580078125
6737052,27.03857421875
6762065,24.7802734375
6778762,25.32958984375
6853897,27.7099609375
6896241,29.6630859375
6933480,24.71923828125
6939282,25.08544921875
6939525,24.71923828125
6969988,31.3720703125
6970201,29.4189453125
6970219,25.32958984375
6970348,29.052734375
6970374,44.43359375
6970388,39.73388671875
6970411,52.6123046875
6970438,44.25048828125
6970450,73.8525390625
6970475,59.5703125
6970490,27.16064453125
6970513,35.888671875
6970527,31.79931640625
6970549,38.02490234375
6970565,33.02001953125
6970584,30.94482421875
6970602,29.541015625
6970617,46.08154296875
6970635,40.1611328125
6970668,42.6025390625
6970690,34.60693359375
6970707,34.60693359375
6970732,37.4755859375
6970755,39.794921875
6970768,25.20751953125
6970790,36.62109375
6970850,28.99169921875
6970882,27.40478515625
6970909,36.865234375
6970943,25.87890625
6970953,29.23583984375
6970965,37.59765625
6971003,30.33447265625
6971052,36.43798828125
6971190,26.7333984375
6971295,35.888671875
6971387,33.0810546875
6971424,47.119140625
6971471,26.67236328125
6971490,26.9775390625
6971531,41.93115234375
6971545,25.7568359375
6971599,27.83203125
6971633,31.79931640625
6971657,28.6865234375
6971681,31.25
6971738,29.23583984375
6971755,30.57861328125
6971780,25.93994140625
6971806,32.2265625
6971834,32.40966796875
6971861,35.33935546875
6971875,31.3720703125
6971920,37.65869140625
6971947,41.56494140625
6971998,38.4521484375
6972028,30.21240234375
6972052,25.81787109375
6972081,28.38134765625
6972114,25.87890625
6972128,28.13720703125
6972163,45.8984375
6972220,26.30615234375
6972258,35.15625
6972302,27.099609375
6972383,33.02001953125
6972407,31.8603515625
6972512,34.85107421875
6972525,32.77587890625
6972584,31.494140625
6972627,29.9072265625
6972675,38.63525390625
6972711,31.43310546875
6972770,26.55029296875
6972802,24.7802734375
6972841,30.09033203125
6972981,32.04345703125
6973049,25.69580078125
6973514,25.87890625
6973543,25.2685546875
6978750,28.74755859375
6979203,28.564453125
6982291,25.0244140625
6983403,25.2685546875
6984047,27.52685546875
6984871,26.3671875
6986803,28.01513671875
6987762,29.1748046875
6990178,27.89306640625
6990192,24.84130859375
7014794,25.32958984375
7067954,25.146484375
7132991,32.470703125
7216973,27.16064453125
7217598,26.91650390625
7448247,27.89306640625
7448293,64.02587890625
7448319,66.650390625
7448332,78.857421875
7448358,55.84716796875
7448381,39.55078125
7448414,34.48486328125
7448444,51.33056640625
7448458,41.07666015625
7448478,42.48046875
7448521,32.16552734375
7448540,37.59765625
7448568,34.11865234375
7448600,25.20751953125
7448642,31.43310546875
7448652,28.564453125
7448670,36.92626953125
7448685,29.96826171875
7448715,31.18896484375
7448755,27.34375
7448772,31.67724609375
7448786,26.9775390625
7448828,28.62548828125
7448946,24.84130859375
7448967,28.13720703125
7449037,26.67236328125
7449071,26.79443359375
7449130,28.38134765625
7449166,29.72412109375
7449217,28.9306640625
7449256,25.93994140625
7449362,31.18896484375
7449374,26.611328125
7449394,24.84130859375
7449404,27.2216796875
7449445,37.2314453125
7449516,34.423828125
7449532,29.96826171875
7449559,31.92138671875
7449580,33.63037109375
7449605,27.16064453125
7449632,25.57373046875
7449665,29.35791015625
7449693,26.9775390625
7449704,32.3486328125
7449731,26.611328125
7449756,24.71923828125
7449771,41.9921875
7449802,42.78564453125
7449814,35.400390625
7449837,29.1748046875
7449864,26.0009765625
7449877,32.958984375
7449907,30.94482421875
7449935,34.24072265625
7449977,27.4658203125
7449989,43.02978515625
7450035,41.44287109375
7450065,27.64892578125
7450088,34.912109375
7450119,26.42822265625
7450154,49.25537109375
7450186,27.89306640625
7450209,29.1748046875
7450272,33.02001953125
7450307,27.03857421875
7450342,27.7099609375
7450458,29.78515625
7450468,26.18408203125
7450504,26.3671875
7450662,29.35791015625
7450712,25.146484375
7450753,33.26416015625
7450858,26.123046875
7450882,33.3251953125
7451040,25.32958984375
7451064,29.6630859375
7451203,32.2265625
7451380,26.67236328125
7451498,26.3671875
7451909,33.935546875
7452205,26.67236328125
7452375,25.2685546875
7454498,27.587890625
7456240,28.62548828125
7456589,30.82275390625
7459684,25.81787109375
7459840,27.099609375
7460335,28.564453125
7461199,26.85546875
7462064,26.30615234375
7462409,29.6630859375
7462530,29.9072265625
7463133,28.6865234375
7464453,25.634765625
7469866,26.2451171875
7499139,26.2451171875
7626167,25.20751953125
7670401,25.146484375
7670520,27.83203125
7670575,26.79443359375
7670593,66.0400390625
7670606,60.4248046875
7670625,27.52685546875
7670637,31.31103515625
7670668,64.5751953125
7670687,70.61767578125
7670719,31.982421875
7670752,76.59912109375
7670769,40.46630859375
7670806,34.97314453125
7670818,49.9267578125
7670836,30.1513671875
7670852,39.85595703125
7670882,25.146484375
7670896,57.18994140625
7670920,37.109375
7670952,44.49462890625
7670976,31.43310546875
7671011,30.70068359375
7671023,24.7802734375
7671074,24.71923828125
7671088,40.95458984375
7671129,25.2685546875
7671153,44.00634765625
7671173,33.69140625
7671246,27.40478515625
7671316,36.31591796875
7671409,26.7333984375
7671459,26.611328125
7671585,32.16552734375
7671682,26.55029296875
7671775,28.1982421875
7671787,37.65869140625
7671806,27.9541015625
7671858,24.71923828125
7671869,37.41455078125
7671904,32.71484375
7671930,44.49462890625
7671971,34.1796875
7671993,28.564453125
7672005,32.04345703125
7672058,26.7333984375
7672091,33.38623046875
7672102,26.3671875
7672120,27.52685546875
7672155,39.12353515625
7672172,28.3203125
7672208,33.26416015625
7672238,42.05322265625
7672272,33.02001953125
7672305,30.94482421875
7672320,45.166015625
7672352,28.9306640625
7672365,27.40478515625
7672385,41.6259765625
7672407,29.47998046875
7672422,25.57373046875
7672445,32.3486328125
7672466,27.9541015625
7672557,25.2685546875
7672583,28.13720703125
7672628,30.82275390625
7672655,31.55517578125
7672734,29.9072265625
7672769,29.96826171875
7672791,32.5927734375
7672819,29.23583984375
7672881,24.84130859375
7672927,25.57373046875
7672952,26.4892578125
7673009,31.92138671875
7673073,28.1982421875
7673346,26.7333984375
7673547,25.390625
7674447,27.099609375
7677132,27.64892578125
7680016,30.94482421875
7680616,30.6396484375
7680917,25.146484375
7681890,25.45166015625
7683319,27.89306640625
7684107,24.90234375
7685571,26.42822265625
7689177,27.16064453125
7693675,28.6865234375
7702709,32.2265625
7705639,26.3671875
7706595,29.4189453125
