4799001,0
96532,46.08154296875
96577,22.94921875
96726,29.296875
96800,33.0810546875
96906,26.9775390625
97031,29.296875
97171,31.25
97310,35.70556640625
97470,29.35791015625
98010,29.541015625
200222,33.99658203125
200282,35.2783203125
200357,27.099609375
200420,24.10888671875
200536,35.2783203125
200660,24.0478515625
200767,27.64892578125
200915,33.3251953125
201090,30.6396484375
201268,31.43310546875
235044,22.03369140625
235124,32.40966796875
235185,31.06689453125
235271,25.0244140625
235393,34.11865234375
235529,25.81787109375
235762,31.6162109375
235907,26.123046875
236058,30.21240234375
236240,35.2783203125
264835,39.73388671875
264902,29.4189453125
264986,29.9072265625
265106,36.62109375
265285,31.982421875
265450,27.77099609375
296949,31.8603515625
297031,33.26416015625
297103,35.58349609375
297199,22.4609375
297347,32.2265625
297535,26.7333984375
297678,34.48486328125
358397,48.15673828125
358460,28.80859375
358536,24.10888671875
358621,27.587890625
358725,30.3955078125
358864,29.84619140625
359071,34.0576171875
3178757,40.1611328125
3178849,35.888671875
3178922,29.78515625
3178971,27.16064453125
3179033,25.390625
3179100,25.08544921875
3179168,20.93505859375
3179370,25.5126953125
3179450,22.3388671875
3179528,21.728515625
3179623,20.99609375
3179718,27.03857421875
3179867,28.62548828125
3180012,26.123046875
3180268,32.16552734375
3228107,39.97802734375
3228159,34.423828125
3228217,23.49853515625
3228266,24.2919921875
3228318,22.94921875
3228444,27.52685546875
3228513,25.81787109375
3228630,30.94482421875
3228777,27.64892578125
3228905,24.2919921875
3229021,31.6162109375
3229232,29.78515625
3229372,36.9873046875
3266010,32.40966796875
3266078,33.447265625
3266200,20.93505859375
3266271,20.6298828125
3266390,30.45654296875
3266527,32.71484375
3266632,32.2265625
3266755,27.28271484375
3266948,32.3486328125
3267152,29.9072265625
3310745,50.59814453125
3310810,35.15625
3310879,29.84619140625
3310938,21.54541015625
3311019,25.7568359375
3311124,22.8271484375
3311281,26.85546875
3362849,33.69140625
3362908,28.076171875
3362979,26.79443359375
3363048,30.94482421875
3363135,28.74755859375
3363354,35.46142578125
3456185,34.36279296875
3456255,33.203125
3456330,33.99658203125
3456505,33.14208984375
3456600,25.93994140625
4194708,34.66796875
4194771,33.26416015625
4194837,33.38623046875
4194904,33.447265625
4194986,28.564453125
4195069,30.517578125
4195221,31.3720703125
4195344,23.62060546875
4195467,32.53173828125
4195606,34.36279296875
4195767,33.69140625
4667491,36.68212890625
4667524,20.69091796875
4667604,25.634765625
