7799001,0
341094,14.46533203125
341207,15.19775390625
341370,13.48876953125
341668,14.34326171875
354487,13.5498046875
487557,16.845703125
487772,13.85498046875
543804,15.44189453125
602817,14.7705078125
620098,14.09912109375
628479,15.68603515625
656319,14.34326171875
679316,14.892578125
679390,13.36669921875
691091,14.58740234375
704320,15.7470703125
716646,14.95361328125
716703,13.427734375
716819,16.17431640625
728949,15.5029296875
742839,14.22119140625
742898,13.7939453125
756873,15.31982421875
757110,14.6484375
774690,13.36669921875
775075,13.671875
804783,14.95361328125
909433,13.7939453125
981621,14.83154296875
1066345,14.70947265625
1126448,16.66259765625
1126790,13.73291015625
1184809,17.4560546875
1185338,13.671875
1231149,13.7939453125
1231219,14.70947265625
1291907,14.09912109375
1292243,13.427734375
1329914,14.0380859375
1344938,13.61083984375
1358453,14.46533203125
1358539,14.892578125
1369894,16.90673828125
1370016,16.90673828125
1380961,15.13671875
1411602,15.380859375
1422447,13.61083984375
1432958,13.427734375
1433181,14.0380859375
1444102,13.73291015625
1455807,18.00537109375
1455904,13.7939453125
1467166,13.97705078125
1479883,17.02880859375
1492784,14.83154296875
1508917,16.78466796875
1523645,16.2353515625
1523711,18.00537109375
1523903,15.0146484375
1541747,13.5498046875
1556311,15.68603515625
1556374,13.671875
1556595,15.0146484375
1571103,14.404296875
1571155,13.85498046875
1571548,13.61083984375
1588451,13.427734375
1608931,16.11328125
1609518,14.5263671875
1629681,13.5498046875
1630003,15.5029296875
1651863,15.19775390625
1651935,14.892578125
1652232,14.2822265625
2034965,13.427734375
2035092,14.34326171875
2133091,15.7470703125
2133224,13.36669921875
2177683,14.46533203125
2177743,15.7470703125
2177814,13.916015625
2177930,13.36669921875
2214771,14.7705078125
2228265,14.6484375
2238817,17.51708984375
2255967,17.7001953125
2273754,17.02880859375
2318273,13.671875
2329866,14.2822265625
2340926,15.13671875
2379794,13.7939453125
2394950,14.16015625
2428804,14.404296875
2478237,14.0380859375
2513554,13.427734375
2513660,13.48876953125
2543035,14.46533203125
2543103,13.85498046875
2565852,14.404296875
2566049,14.46533203125
2585238,13.671875
2606201,13.73291015625
2654723,14.16015625
2655939,13.85498046875
2721386,15.07568359375
2745610,14.58740234375
2768341,14.7705078125
2768382,14.34326171875
2768424,13.97705078125
2769228,13.61083984375
2818326,14.95361328125
2818998,14.34326171875
2854187,15.44189453125
2854230,13.97705078125
2854626,14.892578125
3177086,13.427734375
3177358,13.61083984375
3177612,16.6015625
3360003,14.0380859375
3386911,13.73291015625
3428347,16.357421875
3440369,14.46533203125
3449233,16.2353515625
3449300,14.0380859375
3457829,13.48876953125
3466716,14.7705078125
3483697,13.916015625
3483937,14.34326171875
3493930,15.0146484375
3494034,14.09912109375
3514699,13.916015625
3542493,14.404296875
3542566,14.892578125
3572358,13.85498046875
3588063,14.16015625
3617502,16.11328125
3700264,14.7705078125
3700365,14.404296875
3778151,13.97705078125
3814273,13.48876953125
3899857,15.380859375
3915297,13.427734375
3915811,14.95361328125
3929793,18.798828125
3929943,14.83154296875
4001061,14.95361328125
4001125,13.61083984375
4035395,15.56396484375
4035744,14.22119140625
4080535,14.7705078125
4080594,13.7939453125
4080665,14.7705078125
4298591,14.2822265625
4298951,14.892578125
4299351,13.36669921875
4299698,14.892578125
4374853,14.404296875
4437809,14.2822265625
4437876,13.85498046875
4438197,13.97705078125
4487812,13.5498046875
4487869,13.36669921875
4488056,16.78466796875
4488238,15.5029296875
4506164,14.7705078125
4518561,15.31982421875
4530832,13.427734375
4530900,13.97705078125
4541649,14.6484375
4551911,14.58740234375
4561941,15.5029296875
4574589,14.16015625
4584970,13.916015625
4598456,14.83154296875
4610169,14.0380859375
4610232,15.19775390625
4637208,14.404296875
4637265,16.17431640625
4637387,14.0380859375
4649879,13.73291015625
4679859,14.34326171875
4696058,13.7939453125
4719981,13.85498046875
4720494,14.22119140625
4768346,13.97705078125
4814521,14.2822265625
4851832,15.07568359375
4851884,14.70947265625
4873363,13.5498046875
4873862,13.85498046875
4889612,14.2822265625
4926017,13.48876953125
4926680,13.36669921875
5307214,13.671875
5371120,15.9912109375
5371530,16.845703125
5411771,14.09912109375
5427775,15.19775390625
5444029,16.845703125
5444112,13.85498046875
5452342,15.0146484375
5485102,13.427734375
5500771,13.5498046875
5508986,17.9443359375
5518980,16.357421875
5528378,16.66259765625
5556820,14.70947265625
5579957,15.380859375
5593553,13.916015625
5623401,15.869140625
5692437,14.46533203125
5813274,14.404296875
5974374,13.7939453125
6103811,16.845703125
6103878,16.11328125
6103981,15.380859375
6104113,15.19775390625
6130762,14.404296875
6145674,15.68603515625
6174456,14.404296875
6193324,15.0146484375
6193499,15.0146484375
6210824,13.85498046875
6210882,15.0146484375
6219559,14.34326171875
6219630,13.61083984375
6229282,13.671875
6239878,14.09912109375
6249054,13.48876953125
6249104,13.73291015625
6249549,15.80810546875
6261320,14.892578125
6273572,14.2822265625
6300859,13.5498046875
6483150,14.83154296875
6851669,14.58740234375
6851802,15.2587890625
6905654,14.46533203125
6918379,14.404296875
7134201,14.46533203125
7197056,14.09912109375
7197115,13.85498046875
7232459,14.404296875
7232578,13.427734375
7232812,13.671875
7271738,13.427734375
7360485,14.6484375
7449070,15.07568359375
7449558,15.93017578125
7517651,13.61083984375
7571794,14.2822265625
7597947,14.22119140625
7599055,13.916015625
7614405,13.97705078125
7614889,14.2822265625
7615247,14.404296875
7634890,14.46533203125
7648594,13.48876953125
7659458,14.6484375
7668916,13.48876953125
7681014,15.44189453125
7703530,14.58740234375
