7799001,0
341220,14.70947265625
341265,16.05224609375
341292,16.7236328125
341318,17.7001953125
341349,40.8935546875
341384,15.93017578125
341471,16.54052734375
341489,24.5361328125
341541,25.2685546875
341642,15.380859375
341663,31.1279296875
341701,20.263671875
341792,20.6298828125
341966,18.06640625
342570,14.5263671875
450832,15.2587890625
450873,17.15087890625
450929,19.22607421875
450946,28.62548828125
450973,23.5595703125
451004,34.72900390625
451014,21.97265625
451062,32.8369140625
451134,21.1181640625
451181,20.81298828125
451230,16.2353515625
451295,25.69580078125
451362,18.00537109375
451402,15.19775390625
451455,25.146484375
451578,17.76123046875
451725,20.32470703125
451829,14.892578125
452028,22.03369140625
487697,20.1416015625
487716,18.798828125
487746,21.30126953125
487761,25.45166015625
487793,40.4052734375
487825,18.73779296875
487882,15.13671875
488063,15.625
488112,16.6015625
488613,15.13671875
488688,15.2587890625
488911,16.2353515625
489407,15.68603515625
489708,17.02880859375
543804,15.13671875
543836,16.7236328125
543849,30.1513671875
543880,23.193359375
543910,29.78515625
543939,23.62060546875
543973,16.845703125
544891,16.7236328125
544976,14.5263671875
545038,15.56396484375
545257,17.15087890625
545267,16.6015625
546653,15.5029296875
547854,18.37158203125
558975,16.357421875
559046,29.541015625
559095,20.08056640625
559105,20.5078125
559145,18.798828125
559159,19.287109375
559177,14.892578125
559191,18.06640625
559276,20.56884765625
559342,22.15576171875
559421,17.02880859375
560212,15.380859375
560550,21.30126953125
572452,23.4375
572510,16.2353515625
572538,16.845703125
572581,23.8037109375
572607,16.17431640625
572634,20.99609375
572696,19.22607421875
572802,16.845703125
574403,16.17431640625
580786,24.71923828125
580885,25.87890625
580965,19.6533203125
581046,15.7470703125
581056,17.08984375
581141,19.53125
581162,16.4794921875
581481,14.70947265625
587464,22.76611328125
587495,16.66259765625
587537,21.17919921875
587564,15.07568359375
587603,18.1884765625
587617,16.66259765625
587665,19.71435546875
587714,17.76123046875
587760,15.13671875
587808,14.70947265625
588257,15.19775390625
588499,15.380859375
590066,17.27294921875
594492,22.4609375
594540,16.78466796875
594589,20.01953125
594627,19.95849609375
594663,23.13232421875
594709,14.83154296875
594734,19.59228515625
594773,19.22607421875
594893,16.2353515625
602486,21.97265625
602550,23.62060546875
602588,16.2353515625
602639,15.31982421875
602678,16.54052734375
602721,14.83154296875
602869,16.4794921875
603600,15.380859375
611388,22.88818359375
611435,14.70947265625
611475,18.5546875
611521,27.64892578125
611561,18.1884765625
611618,17.7001953125
611664,20.20263671875
611791,16.17431640625
613131,14.70947265625
619840,23.62060546875
619884,14.5263671875
619921,19.71435546875
619937,15.5029296875
619971,15.380859375
619987,18.06640625
620033,18.4326171875
620083,16.66259765625
620115,14.95361328125
620157,14.892578125
620641,14.83154296875
628094,22.03369140625
628116,15.44189453125
628192,19.47021484375
628245,14.5263671875
628266,14.5263671875
628322,17.63916015625
628580,15.31982421875
629231,14.58740234375
629464,16.11328125
636152,18.9208984375
636191,16.357421875
636232,15.80810546875
636282,17.9443359375
636302,15.56396484375
636337,17.333984375
636355,22.94921875
636458,18.310546875
636508,15.07568359375
641504,19.71435546875
645255,21.3623046875
645340,31.73828125
645381,14.70947265625
645412,17.333984375
645452,16.9677734375
645474,17.88330078125
645513,22.76611328125
645540,20.32470703125
645674,16.2353515625
655989,21.1181640625
656080,17.578125
656102,14.7705078125
656136,20.1416015625
656157,15.625
656205,18.98193359375
656248,17.9443359375
656292,21.728515625
656437,15.2587890625
656767,14.95361328125
667417,20.5078125
667505,16.7236328125
667566,20.44677734375
667583,18.37158203125
667619,16.54052734375
667644,14.58740234375
667761,15.56396484375
667918,14.5263671875
668072,17.578125
668212,19.83642578125
671391,14.83154296875
679070,22.94921875
679152,14.83154296875
679212,18.49365234375
679226,15.44189453125
679327,16.4794921875
679392,14.95361328125
681594,15.68603515625
683560,17.9443359375
690704,22.52197265625
690801,16.78466796875
690911,16.4794921875
690978,18.24951171875
691000,22.3388671875
691135,15.5029296875
691221,17.2119140625
695888,18.85986328125
703910,27.4658203125
704005,18.85986328125
704062,21.78955078125
704121,15.93017578125
704157,15.2587890625
704170,22.03369140625
704202,20.3857421875
704376,18.6767578125
704449,16.17431640625
704597,17.2119140625
706662,15.13671875
716134,19.22607421875
716324,17.02880859375
716449,16.9677734375
716531,14.7705078125
716562,18.12744140625
716622,16.2353515625
716645,14.70947265625
716671,18.4326171875
717005,16.845703125
721730,16.41845703125
723840,19.10400390625
728511,21.8505859375
728693,18.37158203125
728817,16.357421875
728870,24.10888671875
728931,16.78466796875
728965,14.6484375
728984,16.90673828125
729046,16.78466796875
729210,17.02880859375
732759,14.892578125
734000,15.2587890625
734414,16.357421875
735801,18.00537109375
742509,21.78955078125
742646,16.66259765625
742755,14.7705078125
742782,14.5263671875
742826,16.78466796875
742838,17.822265625
742882,15.56396484375
742921,17.2119140625
743271,16.41845703125
745764,14.5263671875
747461,16.17431640625
748386,14.5263671875
756642,20.751953125
756721,14.5263671875
756831,18.98193359375
756863,20.93505859375
756911,21.54541015625
756978,24.0478515625
757032,14.95361328125
757482,17.333984375
774415,21.91162109375
774501,18.24951171875
774579,14.6484375
774642,24.5361328125
774682,19.287109375
774700,18.06640625
774723,16.11328125
774750,15.9912109375
774850,17.02880859375
775008,15.31982421875
775115,14.70947265625
775292,16.11328125
779489,15.93017578125
804509,24.2919921875
804571,21.484375
804623,14.58740234375
804678,15.869140625
804705,20.56884765625
804751,23.01025390625
804793,17.51708984375
804889,21.54541015625
804942,16.29638671875
804994,14.6484375
805565,15.7470703125
805669,16.41845703125
809436,16.845703125
872436,14.95361328125
872488,24.5361328125
872576,35.21728515625
872631,18.61572265625
872695,16.29638671875
872757,34.72900390625
872771,17.51708984375
872814,20.56884765625
872847,17.39501953125
872858,17.9443359375
872922,25.7568359375
872946,15.44189453125
873041,15.07568359375
873761,16.357421875
873955,19.53125
909029,15.68603515625
909103,27.2216796875
909209,23.681640625
909253,19.95849609375
909283,19.1650390625
909321,24.7802734375
909333,24.0478515625
909363,18.37158203125
909388,28.38134765625
909452,18.4326171875
909474,20.81298828125
909530,18.6767578125
909806,19.04296875
909896,18.49365234375
910124,17.9443359375
910246,14.892578125
910547,16.4794921875
946950,32.8369140625
947007,15.9912109375
947038,28.9306640625
947087,23.74267578125
947127,16.05224609375
947137,30.21240234375
947170,16.4794921875
947184,17.578125
947325,17.02880859375
947440,15.869140625
947862,16.7236328125
947957,15.31982421875
948614,18.06640625
981235,19.4091796875
981342,30.33447265625
981392,23.25439453125
981449,26.30615234375
981479,29.72412109375
981495,15.9912109375
981569,21.1181640625
981600,21.54541015625
981615,16.05224609375
981702,29.11376953125
981719,17.51708984375
981780,15.2587890625
981858,15.625
981911,14.892578125
982091,16.11328125
982175,16.845703125
982690,14.892578125
982836,15.0146484375
1065701,14.58740234375
1065841,16.11328125
1066093,15.19775390625
1081649,15.2587890625
1081846,18.49365234375
1125539,14.6484375
1125667,22.88818359375
1184596,16.4794921875
1184733,27.099609375
1184851,18.798828125
1185093,17.08984375
1231011,15.93017578125
1231065,16.54052734375
1231092,17.822265625
1231131,20.44677734375
1231250,15.7470703125
1231274,26.4892578125
1231321,15.625
1231343,19.53125
1231403,17.822265625
1231643,15.19775390625
1291719,15.68603515625
1291810,21.30126953125
1291830,21.05712890625
1291852,16.54052734375
1291878,19.04296875
1291907,16.90673828125
1291933,17.7001953125
1291950,28.3203125
1291976,14.892578125
1292007,33.02001953125
1292068,23.4375
1292110,21.484375
1292158,21.54541015625
1292175,14.58740234375
1292260,14.95361328125
1292313,15.56396484375
1292375,15.5029296875
1292570,18.73779296875
1292630,16.66259765625
1292718,15.0146484375
1292853,14.892578125
1292865,15.13671875
1293103,18.5546875
1329727,16.17431640625
1329772,31.06689453125
1329789,22.4609375
1329807,15.5029296875
1329824,22.3388671875
1329834,20.5078125
1329863,22.8271484375
1329899,21.66748046875
1329923,14.83154296875
1329957,18.4326171875
1330010,15.625
1330045,15.07568359375
1330084,17.39501953125
1330125,15.31982421875
1330260,17.333984375
1330549,15.80810546875
1330764,16.17431640625
1330809,14.95361328125
1330900,14.7705078125
1331128,15.07568359375
1331789,14.70947265625
1344622,15.44189453125
1344817,16.2353515625
1344839,26.2451171875
1344887,24.4140625
1344933,21.484375
1344948,21.05712890625
1344983,14.5263671875
1345022,17.63916015625
1345047,20.6298828125
1345105,18.98193359375
1345153,16.4794921875
1345212,15.19775390625
1345275,15.31982421875
1345383,15.13671875
1345792,14.70947265625
1346102,14.95361328125
1346357,15.31982421875
1358332,28.6865234375
1358349,17.63916015625
1358377,15.5029296875
1358397,16.05224609375
1358427,26.3671875
1358473,26.123046875
1358517,18.85986328125
1358567,18.5546875
1358884,15.869140625
1359011,15.93017578125
1359035,15.80810546875
1359277,15.93017578125
1360222,15.2587890625
1360463,16.54052734375
1369727,21.8505859375
1369761,15.31982421875
1369802,28.99169921875
1369849,28.62548828125
1369883,15.625
1369894,16.17431640625
1369979,15.0146484375
1369998,20.44677734375
1370037,16.17431640625
1370068,15.869140625
1370156,15.56396484375
1370490,14.5263671875
1380741,21.78955078125
1380839,18.1884765625
1380859,15.44189453125
1380881,18.6767578125
1380898,14.6484375
1380928,15.5029296875
1380983,16.4794921875
1381041,15.44189453125
1382515,14.7705078125
1390653,21.97265625
1390722,19.59228515625
1390792,17.9443359375
1390839,17.63916015625
1390883,19.59228515625
1391334,21.1181640625
1391585,15.5029296875
1392366,18.9208984375
1392647,14.58740234375
1392785,15.31982421875
1401152,21.54541015625
1401208,15.2587890625
1401228,21.6064453125
1401279,15.44189453125
1401296,23.4375
1401341,20.93505859375
1401400,24.2919921875
1401442,15.31982421875
1401528,16.7236328125
1409261,20.01953125
1411382,20.01953125
1411486,16.17431640625
1411529,16.6015625
1411558,20.99609375
1411590,16.66259765625
1411601,20.93505859375
1411653,25.390625
1411698,15.07568359375
1411826,17.88330078125
1422128,18.98193359375
1422233,16.90673828125
1422315,16.29638671875
1422346,15.380859375
1422356,17.4560546875
1422415,16.78466796875
1422460,26.06201171875
1422510,22.216796875
1422597,16.4794921875
1422931,15.2587890625
1429461,18.00537109375
1432711,14.5263671875
1432788,15.68603515625
1432813,14.6484375
1432914,21.8505859375
1432967,24.59716796875
1433012,21.66748046875
1433083,15.56396484375
1433583,15.9912109375
1438455,18.00537109375
1443906,19.10400390625
1444004,19.775390625
1444083,19.95849609375
1444126,15.93017578125
1444137,17.9443359375
1444188,17.822265625
1444244,18.06640625
1444263,14.70947265625
1444331,15.9912109375
1444456,14.83154296875
1444662,16.05224609375
1449585,14.95361328125
1449958,14.83154296875
1452689,16.05224609375
1453666,15.5029296875
1455456,15.80810546875
1455607,16.05224609375
1455642,16.7236328125
1455792,18.37158203125
1455823,19.95849609375
1455846,15.2587890625
1455894,15.625
1455986,20.32470703125
1456222,16.11328125
1456395,19.95849609375
1462976,16.41845703125
1464434,16.90673828125
1466425,16.66259765625
1466780,18.61572265625
1467014,16.17431640625
1467125,15.7470703125
1467182,15.5029296875
1467223,19.95849609375
1467275,19.10400390625
1467327,16.41845703125
1467421,17.333984375
1471823,14.95361328125
1472951,18.310546875
1475628,15.5029296875
1477673,15.13671875
1478860,15.380859375
1479343,17.63916015625
1479593,14.70947265625
1479642,19.47021484375
1479692,18.24951171875
1479784,14.83154296875
1479851,16.17431640625
1479961,15.68603515625
1480118,16.29638671875
1480246,21.240234375
1480393,15.13671875
1486198,14.6484375
1488345,18.06640625
1491910,16.6015625
1492365,16.845703125
1492576,17.27294921875
1492697,14.6484375
1492774,18.9208984375
1492815,14.58740234375
1492845,23.193359375
1492931,15.19775390625
1492952,19.04296875
1493014,18.98193359375
1493071,14.7705078125
1493103,17.2119140625
1501057,16.4794921875
1501721,16.05224609375
1502397,18.5546875
1503140,15.380859375
1505421,14.7705078125
1508659,17.15087890625
1508803,16.78466796875
1508918,16.54052734375
1508948,20.08056640625
1508997,19.6533203125
1509158,21.1181640625
1509226,15.13671875
1509314,15.380859375
1509394,14.7705078125
1509441,17.39501953125
1509799,14.6484375
1517936,14.892578125
1520287,15.56396484375
1521567,14.5263671875
1523144,16.357421875
1523416,15.5029296875
1523509,16.17431640625
1523584,15.869140625
1523633,15.2587890625
1523724,16.4794921875
1523780,15.93017578125
1523828,16.845703125
1523881,18.798828125
1523986,14.5263671875
1524139,16.17431640625
1524327,15.625
1530324,14.70947265625
1531886,15.0146484375
1535646,14.58740234375
1536728,16.90673828125
1538117,16.357421875
1540938,18.12744140625
1541036,14.7705078125
1541135,15.19775390625
1541180,16.17431640625
1541228,14.58740234375
1541281,18.61572265625
1541328,14.83154296875
1541408,18.310546875
1541484,14.892578125
1541606,14.7705078125
1541721,16.41845703125
1551864,15.93017578125
1555250,16.54052734375
1555917,16.54052734375
1556133,14.6484375
1556212,17.7001953125
1556260,20.93505859375
1556314,20.32470703125
1556358,14.83154296875
1556509,15.19775390625
1556683,14.58740234375
1564139,14.5263671875
1568459,15.93017578125
1569566,15.9912109375
1570531,15.44189453125
1570824,16.78466796875
1571011,16.17431640625
1571042,16.41845703125
1571071,16.7236328125
1571095,19.22607421875
1571134,14.95361328125
1571527,16.54052734375
1582418,15.869140625
1583216,17.7001953125
1587193,20.263671875
1587322,14.70947265625
1587408,19.59228515625
1587497,19.95849609375
1587537,20.44677734375
1587583,23.01025390625
1587626,21.8505859375
1587692,18.9208984375
1587909,16.41845703125
1588411,15.2587890625
1598922,16.6015625
1608694,18.4326171875
1608774,16.66259765625
1608818,16.4794921875
1608854,18.12744140625
1608915,15.56396484375
1608961,15.80810546875
1609005,18.798828125
1609076,14.892578125
1609218,15.5029296875
1609340,15.93017578125
1609489,14.95361328125
1609620,15.0146484375
1609858,15.07568359375
1629419,22.0947265625
1629481,26.611328125
1629541,15.5029296875
1629588,15.13671875
1629649,17.63916015625
1629685,16.357421875
1629892,16.05224609375
1630189,14.95361328125
1635328,14.95361328125
1651582,27.03857421875
1651635,20.6298828125
1651695,14.58740234375
1651749,24.84130859375
1651795,16.9677734375
1651811,17.822265625
1651913,15.19775390625
1651937,17.02880859375
1651971,14.7705078125
1652131,14.70947265625
1652429,18.24951171875
1652567,15.80810546875
1652611,14.892578125
1657025,15.380859375
1691531,29.052734375
1691587,22.216796875
1691642,20.44677734375
1691691,15.869140625
1691750,18.98193359375
1691793,15.2587890625
1691808,15.31982421875
1691842,18.24951171875
1691882,17.02880859375
1692060,17.02880859375
1692126,16.54052734375
1692330,23.13232421875
1695828,15.0146484375
2034627,15.93017578125
2035172,15.80810546875
2035208,19.1650390625
2035271,15.625
2035295,16.6015625
2035313,15.2587890625
2035362,19.59228515625
2035428,15.80810546875
2035487,19.71435546875
2035695,33.203125
2035978,15.625
2132944,15.0146484375
2132958,17.76123046875
2132981,19.287109375
2133046,40.0390625
2133096,15.625
2133161,28.3203125
2133178,15.625
2133215,21.6064453125
2133226,20.3857421875
2133307,18.310546875
2133320,26.0009765625
2133354,17.27294921875
2133399,21.17919921875
2133442,14.95361328125
2133518,18.37158203125
2133535,22.76611328125
2133609,20.01953125
2133690,16.845703125
2133716,24.90234375
2133851,21.91162109375
2134028,16.7236328125
2177565,31.1279296875
2177582,15.80810546875
2177603,17.76123046875
2177634,31.005859375
2177649,19.95849609375
2177681,23.98681640625
2177692,16.9677734375
2177723,26.123046875
2177777,20.08056640625
2178103,14.6484375
2178223,15.9912109375
2178272,15.380859375
2178309,14.7705078125
2178490,17.9443359375
2178527,15.56396484375
2178787,16.17431640625
2178841,17.2119140625
2178957,27.03857421875
2179160,16.6015625
2179393,16.29638671875
2214605,16.6015625
2214670,40.83251953125
2214681,18.73779296875
2214711,26.2451171875
2214741,18.73779296875
2214773,15.9912109375
2214840,20.3857421875
2215597,16.78466796875
2228133,24.84130859375
2228187,15.869140625
2228228,22.94921875
2228252,16.78466796875
2228272,22.94921875
2228326,18.310546875
2228359,15.44189453125
2228426,18.73779296875
2228529,15.380859375
2238538,26.06201171875
2238638,28.9306640625
2238702,28.3203125
2238820,21.97265625
2238889,21.05712890625
2238918,16.357421875
2239035,15.0146484375
2239234,15.19775390625
2239337,15.0146484375
2247422,26.67236328125
2247505,18.310546875
2247515,23.98681640625
2247566,15.68603515625
2247627,14.5263671875
2247678,18.4326171875
2247759,20.8740234375
2248078,15.5029296875
2248564,14.58740234375
2255753,23.4375
2255824,20.3857421875
2255887,14.6484375
2255927,16.05224609375
2256017,14.70947265625
2256051,18.4326171875
2256453,19.59228515625
2264221,24.71923828125
2264253,18.310546875
2264277,16.17431640625
2264300,15.9912109375
2264312,17.4560546875
2264335,17.15087890625
2264364,17.2119140625
2264392,14.58740234375
2264486,19.59228515625
2265511,15.31982421875
2273467,23.3154296875
2273555,16.54052734375
2273604,16.4794921875
2273658,24.23095703125
2273718,22.76611328125
2273879,18.73779296875
2274556,14.58740234375
2282030,22.64404296875
2282128,17.08984375
2282193,15.2587890625
2282299,24.71923828125
2282339,14.5263671875
2282458,14.5263671875
2290063,21.6064453125
2290155,19.775390625
2290215,16.05224609375
2290241,14.95361328125
2290284,14.83154296875
2290306,15.0146484375
2290321,15.44189453125
2298292,22.3388671875
2298364,19.83642578125
2298530,18.85986328125
2298761,15.68603515625
2299088,14.70947265625
2307463,20.56884765625
2307551,21.240234375
2307591,15.5029296875
2307606,14.7705078125
2307633,14.6484375
2307684,14.83154296875
2317926,19.04296875
2318008,18.61572265625
2318042,14.892578125
2318058,17.2119140625
2318131,14.6484375
2318153,15.5029296875
2318193,15.80810546875
2319810,16.357421875
2329504,21.17919921875
2329564,18.12744140625
2329582,17.333984375
2329615,14.83154296875
2329667,15.93017578125
2329736,16.66259765625
2331207,14.5263671875
2340611,18.85986328125
2340738,16.78466796875
2340758,15.9912109375
2344616,16.357421875
2352086,24.90234375
2352147,14.892578125
2352189,19.71435546875
2352211,20.99609375
2352382,18.61572265625
2355307,18.310546875
2364308,22.03369140625
2364381,14.7705078125
2364434,14.892578125
2364474,17.02880859375
2364494,16.9677734375
2364601,15.68603515625
2364785,16.78466796875
2379503,23.49853515625
2379569,19.1650390625
2379630,18.98193359375
2379654,15.869140625
2379706,16.90673828125
2379862,19.34814453125
2379907,15.2587890625
2383678,15.31982421875
2394506,20.5078125
2394579,15.7470703125
2394687,18.61572265625
2394753,18.06640625
2394808,19.1650390625
2394831,22.03369140625
2394966,16.90673828125
2395161,15.68603515625
2398797,14.892578125
2411587,26.2451171875
2411656,19.10400390625
2411710,16.66259765625
2411748,20.751953125
2411772,15.9912109375
2411795,16.17431640625
2411807,15.625
2411851,19.04296875
2411879,16.78466796875
2411943,14.7705078125
2412310,15.56396484375
2412838,15.80810546875
2428480,23.3154296875
2428544,17.08984375
2428664,17.4560546875
2428691,14.70947265625
2428713,16.9677734375
2428768,16.7236328125
2428797,14.70947265625
2428826,17.4560546875
2429310,16.7236328125
2449904,27.587890625
2449960,16.66259765625
2450013,19.775390625
2450055,16.29638671875
2450081,16.4794921875
2450213,19.71435546875
2450225,15.0146484375
2450286,15.56396484375
2450526,14.892578125
2451016,15.80810546875
2454862,18.6767578125
2477727,26.06201171875
2477786,19.775390625
2477812,15.13671875
2477838,18.37158203125
2477873,15.13671875
2477886,18.310546875
2477915,20.5078125
2477936,15.13671875
2477950,15.31982421875
2477988,14.58740234375
2478028,19.22607421875
2478056,16.4794921875
2478237,20.69091796875
2478265,16.4794921875
2478527,14.58740234375
2513226,28.9306640625
2513279,20.263671875
2513338,21.484375
2513364,16.845703125
2513389,19.1650390625
2513414,20.01953125
2513463,15.80810546875
2513507,14.892578125
2513527,16.54052734375
2513549,15.93017578125
2513648,15.80810546875
2513720,14.6484375
2513996,17.76123046875
2514078,17.9443359375
2542828,20.99609375
2542888,21.42333984375
2542927,16.9677734375
2542969,27.28271484375
2543007,18.1884765625
2543068,27.4658203125
2543114,17.27294921875
2543187,18.06640625
2543219,14.6484375
2543302,15.5029296875
2543358,20.56884765625
2543529,15.625
2565614,27.16064453125
2565666,16.54052734375
2565680,27.099609375
2565730,15.44189453125
2565786,14.892578125
2565808,15.0146484375
2565833,18.00537109375
2565846,21.728515625
2565880,19.47021484375
2565899,15.7470703125
2566206,15.07568359375
2566302,15.869140625
2566718,15.5029296875
2568989,16.9677734375
2584810,26.18408203125
2584834,20.5078125
2584880,20.8740234375
2584932,17.51708984375
2584994,16.6015625
2585047,17.9443359375
2585092,17.76123046875
2585281,15.80810546875
2585690,14.6484375
2585840,15.68603515625
2586209,16.05224609375
2587366,15.44189453125
2588780,17.333984375
2605716,28.6865234375
2605773,20.1416015625
2605817,30.8837890625
2605866,14.892578125
2605913,21.728515625
2605956,19.83642578125
2606005,14.70947265625
2606061,14.95361328125
2606275,14.7705078125
2606327,16.6015625
2606912,15.0146484375
2607058,15.7470703125
2608374,14.6484375
2627087,25.45166015625
2627145,18.06640625
2627176,18.310546875
2627190,20.69091796875
2627207,22.03369140625
2627238,14.892578125
2627253,20.8740234375
2627285,15.380859375
2627325,14.70947265625
2627381,14.58740234375
2627544,14.6484375
2627718,16.66259765625
2627733,16.357421875
2628241,15.07568359375
2630860,15.0146484375
2654629,15.44189453125
2654660,15.869140625
2654678,20.08056640625
2654711,24.90234375
2654743,17.51708984375
2654757,16.17431640625
2654784,15.380859375
2655762,15.44189453125
2655822,15.2587890625
2655944,14.5263671875
2658095,17.63916015625
2681598,25.634765625
2681639,15.80810546875
2681689,32.1044921875
2681762,14.7705078125
2681823,16.29638671875
2682123,15.07568359375
2682327,15.13671875
2682622,17.27294921875
2682848,15.0146484375
2682894,14.6484375
2684371,14.6484375
2685817,16.2353515625
2720188,27.34375
2720232,20.81298828125
2720268,18.1884765625
2720296,28.80859375
2720353,15.625
2720379,15.5029296875
2720402,15.625
2720535,15.93017578125
2721493,18.5546875
2724447,15.7470703125
2745573,23.13232421875
2745613,30.57861328125
2745685,19.4091796875
2745762,15.44189453125
2745849,15.9912109375
2745869,14.5263671875
2746345,17.7001953125
2746503,15.07568359375
2749153,20.44677734375
2768094,22.88818359375
2768148,18.61572265625
2768195,19.53125
2768208,15.07568359375
2768233,24.90234375
2768284,24.35302734375
2768294,15.2587890625
2768371,15.80810546875
2768421,15.625
2769486,15.5029296875
2818277,23.98681640625
2818346,25.20751953125
2818390,19.6533203125
2818428,16.90673828125
2818440,14.58740234375
2818472,17.15087890625
2818506,19.4091796875
2818553,15.625
2818622,18.61572265625
2818688,19.53125
2818756,16.05224609375
2818808,17.2119140625
2818895,16.54052734375
2818964,15.0146484375
2819128,14.70947265625
2819168,14.95361328125
2819341,14.6484375
2819399,15.625
2820099,14.892578125
2820738,15.380859375
2853920,27.4658203125
2853936,19.8974609375
2853968,19.8974609375
2854011,17.578125
2854065,16.41845703125
2854123,23.5595703125
2854172,15.2587890625
2854223,16.17431640625
2854264,18.37158203125
2854330,14.58740234375
2854440,15.5029296875
2854492,17.08984375
2855892,14.6484375
2856342,15.5029296875
2916781,25.20751953125
2916841,27.2216796875
2916950,27.7099609375
2917000,18.73779296875
2917089,21.91162109375
2917167,16.54052734375
3176910,14.58740234375
3177061,16.29638671875
3177168,17.27294921875
3177247,22.216796875
3177326,17.578125
3177355,15.380859375
3177464,15.13671875
3177480,15.625
3177636,17.02880859375
3177745,15.56396484375
3177757,16.29638671875
3177964,18.00537109375
3272117,20.20263671875
3272164,16.29638671875
3272184,16.11328125
3272210,19.59228515625
3272251,20.6298828125
3272280,27.77099609375
3272299,18.4326171875
3272335,24.5361328125
3272395,28.01513671875
3272430,15.625
3272503,17.76123046875
3272546,14.70947265625
3272578,20.3857421875
3272611,16.41845703125
3272671,17.7001953125
3272828,20.44677734375
3272915,19.95849609375
3273013,19.10400390625
3273053,15.07568359375
3273116,17.88330078125
3273236,16.54052734375
3273366,20.5078125
3359180,16.41845703125
3359214,25.81787109375
3359227,15.2587890625
3359244,30.76171875
3359262,20.69091796875
3359278,17.02880859375
3359319,25.0244140625
3359362,18.9208984375
3359484,18.9208984375
3359528,15.5029296875
3359658,17.27294921875
3359735,14.892578125
3359783,22.4609375
3360019,14.95361328125
3360075,15.93017578125
3360156,18.98193359375
3360242,18.6767578125
3360330,14.892578125
3360474,17.63916015625
3386784,30.1513671875
3386801,15.44189453125
3386816,15.2587890625
3386833,24.10888671875
3386844,15.19775390625
3386863,17.88330078125
3386893,17.7001953125
3386904,23.98681640625
3386940,20.99609375
3386972,18.61572265625
3387014,15.68603515625
3387056,16.6015625
3387917,15.380859375
3388318,15.380859375
3398613,24.4140625
3398629,14.7705078125
3398684,22.64404296875
3398707,18.61572265625
3398744,21.30126953125
3398773,22.88818359375
3398798,20.01953125
3398834,19.1650390625
3398880,25.08544921875
3399117,16.90673828125
3408519,14.70947265625
3414059,26.42822265625
3414135,21.8505859375
3414172,16.54052734375
3414209,18.00537109375
3414219,16.78466796875
3414257,18.12744140625
3414346,16.7236328125
3414388,15.7470703125
3424241,20.751953125
3428017,22.88818359375
3428041,14.58740234375
3428097,23.193359375
3428155,16.6015625
3428185,16.41845703125
3428207,18.798828125
3428267,18.310546875
3428315,16.7236328125
3428381,16.845703125
3428496,15.31982421875
3431289,17.39501953125
3436691,18.1884765625
3440039,15.869140625
3440082,15.31982421875
3440134,19.71435546875
3440197,15.31982421875
3440253,16.11328125
3440322,20.99609375
3440386,15.31982421875
3440439,16.357421875
3448573,21.97265625
3448764,18.00537109375
3449068,15.80810546875
3449162,14.58740234375
3449223,22.76611328125
3449257,19.1650390625
3449277,16.11328125
3449330,15.5029296875
3449415,16.90673828125
3457602,15.380859375
3457687,16.17431640625
3457748,19.10400390625
3457760,15.44189453125
3457808,14.83154296875
3457832,15.625
3457893,16.4794921875
3457959,14.70947265625
3466271,19.6533203125
3466380,19.71435546875
3466512,23.74267578125
3466573,21.78955078125
3466630,19.775390625
3466709,22.4609375
3467003,14.5263671875
3474216,18.24951171875
3474622,15.19775390625
3474773,18.61572265625
3474876,15.93017578125
3474918,15.44189453125
3474954,18.6767578125
3474966,16.66259765625
3475010,14.5263671875
3477522,15.31982421875
3483435,18.00537109375
3483553,16.7236328125
3483646,21.1181640625
3483700,15.13671875
3483718,18.4326171875
3483826,15.44189453125
3483858,15.869140625
3490916,18.73779296875
3493549,20.93505859375
3493681,15.5029296875
3493862,19.8974609375
3493888,15.0146484375
3494025,17.7001953125
3494326,15.56396484375
3503725,17.76123046875
3504147,16.41845703125
3504263,15.31982421875
3504384,19.59228515625
3504449,15.44189453125
3504522,18.24951171875
3504950,15.19775390625
3507314,15.56396484375
3513941,19.83642578125
3514358,16.4794921875
3514480,17.27294921875
3514528,15.68603515625
3514618,17.51708984375
3514684,18.6767578125
3514793,15.68603515625
3522441,17.51708984375
3526598,18.73779296875
3526733,16.41845703125
3526775,15.380859375
3526805,17.02880859375
3526834,15.380859375
3526891,17.76123046875
3526921,18.37158203125
3527022,17.88330078125
3527066,15.5029296875
3533511,18.798828125
3535061,16.845703125
3537409,19.95849609375
3539928,15.380859375
3542245,18.5546875
3542339,15.56396484375
3542391,17.39501953125
3542425,15.0146484375
3542523,18.9208984375
3542581,17.63916015625
3542896,15.68603515625
3543101,14.95361328125
3546515,16.29638671875
3547025,14.58740234375
3549463,15.0146484375
3553153,15.625
3555114,15.44189453125
3556524,18.1884765625
3556717,17.333984375
3556838,15.19775390625
3556908,18.1884765625
3557006,19.04296875
3557114,20.01953125
3566021,17.02880859375
3568541,16.4794921875
3571776,17.76123046875
3571963,16.9677734375
3572078,15.19775390625
3572113,15.625
3572151,15.31982421875
3572239,20.5078125
3572301,18.4326171875
3572579,21.54541015625
3572756,16.7236328125
3577709,14.7705078125
3581162,19.59228515625
3586728,17.27294921875
3587590,16.41845703125
3587698,15.31982421875
3587757,15.13671875
3587815,14.58740234375
3587831,16.41845703125
3587875,14.70947265625
3587951,16.7236328125
3588135,15.625
3617178,21.05712890625
3617245,18.98193359375
3617364,17.822265625
3617407,16.54052734375
3617482,18.5546875
3617508,15.9912109375
3617544,15.869140625
3617650,16.9677734375
3617736,15.19775390625
3617805,16.4794921875
3623344,16.9677734375
3657854,30.09033203125
3657908,24.35302734375
3657954,18.12744140625
3657995,23.4375
3658039,21.3623046875
3658060,16.4794921875
3658151,14.6484375
3658190,16.9677734375
3658274,15.0146484375
3658555,16.845703125
3659106,14.70947265625
3661343,14.5263671875
3699826,16.05224609375
3699841,23.92578125
3699898,26.67236328125
3699959,22.52197265625
3700005,16.6015625
3700049,15.13671875
3700149,29.4189453125
3700176,16.6015625
3700198,15.7470703125
3700235,15.07568359375
3700300,16.90673828125
3700347,16.17431640625
3700389,15.625
3700661,15.5029296875
3700856,15.07568359375
3739957,33.02001953125
3740027,21.30126953125
3740133,15.44189453125
3740194,16.17431640625
3740256,14.83154296875
3740304,18.4326171875
3740325,15.31982421875
3740358,20.01953125
3740413,18.85986328125
3740454,15.2587890625
3740593,15.869140625
3740761,15.19775390625
3741748,14.5263671875
3742345,16.41845703125
3777594,14.892578125
3777697,21.91162109375
3777784,18.49365234375
3777828,15.07568359375
3777865,18.49365234375
3777875,16.845703125
3777916,26.3671875
3777950,19.83642578125
3777979,22.216796875
3778005,15.9912109375
3778028,17.822265625
3778094,19.83642578125
3778133,16.2353515625
3779073,16.2353515625
3813954,30.76171875
3814025,25.81787109375
3814079,21.6064453125
3814113,16.11328125
3814124,19.04296875
3814172,15.869140625
3814185,18.37158203125
3814219,16.54052734375
3814297,16.2353515625
3814316,21.728515625
3814392,16.66259765625
3815250,14.7705078125
3815520,16.11328125
3815831,16.54052734375
3816057,18.1884765625
3843729,26.85546875
3843765,24.59716796875
3843803,21.240234375
3843879,18.73779296875
3843890,19.59228515625
3843978,20.44677734375
3844090,15.5029296875
3844188,15.80810546875
3844434,14.5263671875
3844462,14.83154296875
3845321,15.2587890625
3846007,19.47021484375
3882600,29.23583984375
3882714,17.02880859375
3882777,25.32958984375
3882793,17.2119140625
3882829,18.12744140625
3882897,16.78466796875
3882924,16.357421875
3882982,29.6630859375
3883054,20.6298828125
3883157,17.39501953125
3883295,17.333984375
3883349,15.68603515625
3883404,15.07568359375
3899646,25.390625
3899690,19.71435546875
3899739,20.263671875
3899786,16.17431640625
3899804,15.5029296875
3899927,16.11328125
3900076,18.49365234375
3900184,16.66259765625
3900482,16.05224609375
3900818,14.6484375
3901179,16.2353515625
3901524,14.70947265625
3915120,32.65380859375
3915157,24.4140625
3915198,15.625
3915239,20.751953125
3915282,17.27294921875
3915297,17.2119140625
3915322,18.85986328125
3915362,14.892578125
3915439,19.04296875
3915823,14.7705078125
3929627,25.45166015625
3929676,18.5546875
3929711,16.845703125
3929772,22.64404296875
3929782,16.78466796875
3929833,17.27294921875
3929865,17.63916015625
3930147,15.13671875
3930992,17.27294921875
3931129,15.56396484375
3954789,27.9541015625
3954827,25.0244140625
3954865,20.56884765625
3954896,15.44189453125
3954909,17.02880859375
3954930,21.6064453125
3954958,16.11328125
3955020,14.7705078125
3955089,23.5595703125
3955163,16.845703125
3955247,15.68603515625
3955371,15.31982421875
3955393,16.4794921875
3955624,15.2587890625
3955744,14.58740234375
3955890,17.51708984375
3956964,15.68603515625
4001024,25.93994140625
4001049,14.70947265625
4001074,23.74267578125
4001113,20.44677734375
4001162,21.484375
4001221,15.44189453125
4001263,15.31982421875
4001317,28.6865234375
4001417,15.5029296875
4001470,14.7705078125
4001517,17.02880859375
4001590,15.7470703125
4001781,14.5263671875
4001849,18.310546875
4001935,16.357421875
4002132,16.17431640625
4002310,17.822265625
4002400,16.845703125
4002789,14.7705078125
4034815,15.869140625
4034850,25.81787109375
4034867,16.66259765625
4034886,17.9443359375
4034918,15.13671875
4034929,20.20263671875
4034965,27.587890625
4035026,15.93017578125
4035102,18.1884765625
4035134,14.5263671875
4035165,17.578125
4035254,16.41845703125
4035563,14.5263671875
4035638,16.41845703125
4035745,20.5078125
4035844,18.310546875
4036199,15.0146484375
4036394,19.95849609375
4036557,16.11328125
4080545,22.15576171875
4080602,24.4140625
4080619,16.17431640625
4080647,18.9208984375
4080680,19.34814453125
4080725,16.41845703125
4080777,15.19775390625
4080795,17.76123046875
4080827,14.83154296875
4080879,21.05712890625
4081000,15.44189453125
4081050,19.6533203125
4081150,18.73779296875
4081182,18.73779296875
4081236,14.5263671875
4081407,14.95361328125
4081666,15.380859375
4298923,17.88330078125
4298999,17.88330078125
4299049,17.7001953125
4299135,16.845703125
4299189,16.11328125
4299199,19.47021484375
4299270,15.380859375
4299357,15.9912109375
4299372,16.29638671875
4299433,14.5263671875
4299465,27.4658203125
4299572,19.83642578125
4300007,15.44189453125
4374360,19.4091796875
4374376,15.869140625
4374423,18.49365234375
4374480,28.076171875
4374498,18.9208984375
4374552,30.517578125
4374566,23.62060546875
4374614,33.203125
4374663,20.01953125
4374683,27.40478515625
4374700,14.7705078125
4374716,15.0146484375
4374748,20.01953125
4374797,17.9443359375
4374854,21.17919921875
4374901,19.04296875
4374941,15.44189453125
4374994,21.3623046875
4375089,24.71923828125
4375193,22.8271484375
4375352,19.04296875
4375381,14.58740234375
4375450,14.5263671875
4437513,15.31982421875
4437615,20.93505859375
4437658,17.822265625
4437701,16.05224609375
4437722,33.38623046875
4437758,14.70947265625
4437774,26.9775390625
4437815,14.70947265625
4437832,24.10888671875
4437878,27.64892578125
4437898,14.70947265625
4437989,16.17431640625
4438023,19.04296875
4438090,17.08984375
4438224,18.5546875
4438388,15.5029296875
4438446,16.29638671875
4438526,19.287109375
4438674,14.5263671875
4438761,16.9677734375
4438896,18.24951171875
4439034,14.83154296875
4439056,14.7705078125
4487563,19.10400390625
4487615,16.17431640625
4487643,28.4423828125
4487666,17.7001953125
4487684,27.34375
4487699,27.83203125
4487725,29.23583984375
4487828,16.05224609375
4487839,16.11328125
4488058,14.7705078125
4488737,14.70947265625
4489683,15.31982421875
4489997,16.7236328125
4505988,15.9912109375
4506049,31.92138671875
4506092,15.93017578125
4506121,21.30126953125
4506133,27.03857421875
4506167,19.8974609375
4506253,21.97265625
4506293,15.31982421875
4507089,15.07568359375
4508112,14.83154296875
4518278,24.2919921875
4518356,15.7470703125
4518367,20.93505859375
4518400,14.7705078125
4518433,15.625
4518455,15.93017578125
4518472,15.5029296875
4518501,15.68603515625
4518606,14.70947265625
4518739,14.892578125
4518883,17.2119140625
4519099,14.7705078125
4520037,14.83154296875
4530656,21.78955078125
4530723,22.27783203125
4530758,18.37158203125
4530771,15.44189453125
4530792,19.8974609375
4530819,17.88330078125
4530841,19.47021484375
4530893,15.380859375
4531018,15.7470703125
4531055,14.83154296875
4531363,17.578125
4541454,18.798828125
4541477,19.8974609375
4541557,18.4326171875
4541624,17.27294921875
4541657,18.6767578125
4541778,16.29638671875
4542051,16.78466796875
4545486,18.49365234375
4548578,20.5078125
4551246,20.6298828125
4551590,18.24951171875
4551763,26.3671875
4551812,18.798828125
4551886,21.05712890625
4551951,14.5263671875
4554650,17.27294921875
4560593,20.8740234375
4561756,20.01953125
4561799,18.85986328125
4561893,22.27783203125
4561985,20.1416015625
4570665,17.27294921875
4570956,18.61572265625
4574252,15.19775390625
4574374,15.0146484375
4574507,19.10400390625
4574550,21.05712890625
4574607,27.83203125
4574663,19.53125
4578539,15.5029296875
4584318,17.333984375
4584613,15.2587890625
4584809,15.44189453125
4584941,19.1650390625
4584983,17.39501953125
4585007,15.0146484375
4593947,20.6298828125
4594360,17.4560546875
4598126,17.7001953125
4598263,15.68603515625
4598414,16.6015625
4598465,17.39501953125
4598477,23.49853515625
4598516,15.869140625
4598526,16.2353515625
4598696,17.02880859375
4598761,16.6015625
4598888,17.76123046875
4598987,15.2587890625
4599146,16.11328125
4599309,17.2119140625
4607539,18.5546875
4609708,15.68603515625
4609889,17.02880859375
4610140,17.08984375
4610368,16.54052734375
4610519,15.80810546875
4613153,14.95361328125
4615621,15.13671875
4619183,18.06640625
4622288,15.44189453125
4622460,15.5029296875
4622569,15.869140625
4622623,15.2587890625
4622670,15.625
4622712,17.4560546875
4622774,17.88330078125
4622851,15.13671875
4628621,15.0146484375
4629835,15.07568359375
4632307,17.4560546875
4633013,14.892578125
4636537,14.5263671875
4636923,18.00537109375
4637091,17.39501953125
4637163,18.798828125
4637262,17.333984375
4637327,17.15087890625
4637387,14.892578125
4637471,15.56396484375
4637675,16.11328125
4637944,15.0146484375
4637988,14.5263671875
4645652,15.7470703125
4646967,16.11328125
4649155,14.70947265625
4649623,16.11328125
4649710,16.66259765625
4649729,14.58740234375
4649797,18.73779296875
4649832,14.5263671875
4649842,15.7470703125
4649895,15.68603515625
4649928,15.0146484375
4650107,15.31982421875
4650244,17.578125
4650336,16.9677734375
4654050,17.7001953125
4656350,15.0146484375
4661143,17.63916015625
4661596,15.07568359375
4662030,17.88330078125
4663063,15.80810546875
4663259,16.2353515625
4663467,17.63916015625
4663552,15.625
4663607,15.380859375
4663825,18.5546875
4663910,15.80810546875
4664042,17.02880859375
4664073,16.90673828125
4671818,14.5263671875
4672216,14.892578125
4673443,18.310546875
4674614,15.7470703125
4675321,15.44189453125
4675783,14.6484375
4677308,16.54052734375
4679474,18.12744140625
4679789,17.88330078125
4679914,18.06640625
4679930,18.310546875
4679977,21.17919921875
4680223,14.58740234375
4680495,15.56396484375
4686856,17.4560546875
4688382,15.0146484375
4690342,15.5029296875
4695068,18.310546875
4695764,15.44189453125
4696002,22.0947265625
4696135,29.60205078125
4696179,16.7236328125
4696226,19.59228515625
4696294,15.56396484375
4696987,15.2587890625
4697248,15.80810546875
4703318,16.2353515625
4708754,16.17431640625
4709867,16.54052734375
4713603,17.63916015625
4719881,20.263671875
4719928,14.5263671875
4719951,15.44189453125
4719980,19.287109375
4719993,14.7705078125
4720055,14.83154296875
4720189,18.310546875
4720391,16.9677734375
4720458,18.24951171875
4720547,15.380859375
4721124,14.892578125
4729350,16.357421875
4731526,15.5029296875
4768372,22.27783203125
4768405,23.13232421875
4768439,14.5263671875
4768456,14.7705078125
4768489,20.93505859375
4768535,21.97265625
4768596,19.8974609375
4768649,14.70947265625
4768691,15.380859375
4768775,17.39501953125
4769026,15.0146484375
4769317,15.13671875
4772387,15.31982421875
4814008,23.3154296875
4814068,20.263671875
4814133,27.03857421875
4814189,16.357421875
4814251,16.6015625
4814314,14.58740234375
4814369,14.95361328125
4814418,17.822265625
4814514,14.83154296875
4814536,17.9443359375
4814630,26.85546875
4814737,19.95849609375
4816003,15.5029296875
4851721,16.2353515625
4851740,25.45166015625
4851771,14.58740234375
4851804,25.20751953125
4851836,18.6767578125
4851847,18.73779296875
4851901,29.47998046875
4851967,17.08984375
4851979,14.5263671875
4852003,14.95361328125
4852064,17.333984375
4852094,17.39501953125
4852173,16.11328125
4852286,14.5263671875
4852356,14.95361328125
4853648,15.31982421875
4873403,27.16064453125
4873432,18.49365234375
4873456,16.29638671875
4873492,19.83642578125
4873538,14.58740234375
4873557,18.37158203125
4873625,14.83154296875
4873743,15.93017578125
4873768,16.2353515625
4873853,14.83154296875
4873914,14.6484375
4873965,18.4326171875
4874087,15.13671875
4875161,14.70947265625
4889442,23.25439453125
4889472,18.49365234375
4889483,17.578125
4889591,16.357421875
4889775,17.76123046875
4890004,14.6484375
4890837,14.5263671875
4891152,15.5029296875
4925864,15.19775390625
4925886,26.18408203125
4925931,20.6298828125
4925957,20.8740234375
4925978,15.56396484375
4925996,14.58740234375
4926020,16.7236328125
4926033,14.58740234375
4926105,19.22607421875
4926144,14.5263671875
4926200,18.98193359375
4927222,15.31982421875
5004061,17.39501953125
5004260,21.6064453125
5004653,15.93017578125
5306881,17.15087890625
5306934,16.54052734375
5306986,16.17431640625
5307012,20.32470703125
5307074,17.08984375
5307095,17.578125
5307135,15.7470703125
5307146,14.70947265625
5307201,27.7099609375
5307230,23.01025390625
5307297,25.87890625
5307383,15.2587890625
5307394,21.30126953125
5307502,33.203125
5370756,14.892578125
5370786,20.69091796875
5370861,38.87939453125
5370885,16.845703125
5370913,22.216796875
5370932,31.25
5370952,17.08984375
5371003,25.08544921875
5371065,20.56884765625
5371082,15.5029296875
5371147,15.07568359375
5371174,14.892578125
5371247,19.775390625
5371362,17.822265625
5371432,21.6064453125
5371539,15.19775390625
5371609,14.58740234375
5371689,15.13671875
5371773,15.19775390625
5371961,19.34814453125
5411633,28.80859375
5411665,18.12744140625
5411694,16.90673828125
5411738,24.84130859375
5411769,19.04296875
5411807,16.11328125
5411844,19.34814453125
5411887,16.11328125
5412698,15.869140625
5412862,15.93017578125
5427644,24.96337890625
5427658,15.07568359375
5427685,24.84130859375
5427741,19.53125
5427763,17.15087890625
5427823,16.6015625
5427877,14.5263671875
5427917,16.66259765625
5427983,16.29638671875
5428029,15.2587890625
5428054,14.7705078125
5428645,15.56396484375
5438119,21.54541015625
5438224,19.47021484375
5438250,15.31982421875
5443824,21.42333984375
5443906,21.30126953125
5443965,16.4794921875
5443996,18.5546875
5444017,17.4560546875
5444042,21.78955078125
5444064,18.00537109375
5444097,14.58740234375
5444139,16.17431640625
5444244,17.63916015625
5445182,14.7705078125
5452086,23.5595703125
5452184,19.83642578125
5452227,16.54052734375
5452245,17.02880859375
5452303,15.5029296875
5452431,15.7470703125
5452618,16.6015625
5460264,14.58740234375
5460377,21.91162109375
5460444,17.333984375
5460522,15.0146484375
5460552,16.4794921875
5460658,16.357421875
5460678,16.11328125
5460931,15.19775390625
5461384,15.0146484375
5469386,22.27783203125
5469661,17.333984375
5469677,16.11328125
5469986,14.58740234375
5477223,18.9208984375
5477298,18.9208984375
5477338,16.54052734375
5477366,14.70947265625
5477450,14.7705078125
5477469,17.08984375
5477529,21.91162109375
5484767,17.4560546875
5484890,15.68603515625
5484957,16.29638671875
5485011,20.3857421875
5492464,20.8740234375
5492585,17.7001953125
5492639,14.7705078125
5492735,17.51708984375
5493428,16.6015625
5500171,20.5078125
5500366,19.10400390625
5500487,17.2119140625
5500557,17.27294921875
5500631,15.19775390625
5508690,17.15087890625
5508809,21.91162109375
5508849,14.6484375
5508916,18.12744140625
5509020,16.78466796875
5509837,15.7470703125
5518725,21.97265625
5518791,21.1181640625
5518848,14.892578125
5518862,15.625
5518937,16.845703125
5519053,15.56396484375
5528120,20.69091796875
5528196,16.66259765625
5528230,18.73779296875
5528267,17.7001953125
5528310,16.357421875
5528449,15.7470703125
5537573,21.484375
5537650,17.2119140625
5537778,15.625
5546738,20.44677734375
5546851,15.7470703125
5546909,14.58740234375
5546987,21.17919921875
5556517,22.76611328125
5556595,15.56396484375
5556664,19.4091796875
5568143,20.81298828125
5568221,19.6533203125
5568285,15.68603515625
5568320,18.85986328125
5568418,17.39501953125
5569035,14.7705078125
5569321,14.5263671875
5579620,19.775390625
5579706,18.4326171875
5579766,16.78466796875
5579780,15.380859375
5579813,15.380859375
5593220,24.90234375
5593279,21.66748046875
5609498,22.216796875
5609565,18.9208984375
5609623,22.4609375
5609686,15.44189453125
5609749,16.41845703125
5610820,14.58740234375
5623061,19.47021484375
5623131,18.9208984375
5623192,16.17431640625
5623263,14.892578125
5623280,15.56396484375
5623376,14.70947265625
5637770,24.10888671875
5637830,17.51708984375
5637846,14.70947265625
5637880,15.07568359375
5637893,15.380859375
5637942,18.49365234375
5638029,15.869140625
5638149,19.287109375
5656149,25.146484375
5656201,18.85986328125
5656237,14.6484375
5656296,16.357421875
5656353,15.44189453125
5656493,14.7705078125
5657096,15.31982421875
5673396,20.44677734375
5673469,21.97265625
5673518,15.9912109375
5673567,19.775390625
5674787,14.6484375
5692163,22.8271484375
5692222,21.1181640625
5692271,22.4609375
5692313,18.1884765625
5692707,15.19775390625
5693887,14.58740234375
5694164,14.83154296875
5724841,22.52197265625
5724902,25.2685546875
5724949,17.76123046875
5724996,17.4560546875
5725034,18.85986328125
5725074,21.30126953125
5725122,15.625
5725161,16.05224609375
5725267,14.5263671875
5725399,15.13671875
5725682,14.5263671875
5726532,15.625
5745098,26.611328125
5745161,19.59228515625
5745181,19.1650390625
5745232,17.27294921875
5745277,16.357421875
5745304,17.578125
5745358,17.63916015625
5745430,15.56396484375
5745513,18.1884765625
5783057,21.78955078125
5783086,16.41845703125
5783115,22.76611328125
5783166,17.578125
5783192,18.06640625
5783244,27.77099609375
5783340,16.2353515625
5783395,14.83154296875
5783407,16.90673828125
5783426,19.95849609375
5783542,16.357421875
5812767,28.62548828125
5812874,18.85986328125
5812902,14.7705078125
5812939,22.705078125
5812984,14.70947265625
5813017,14.83154296875
5813719,16.6015625
5842394,26.55029296875
5842460,22.03369140625
5842524,16.845703125
5842551,21.240234375
5842579,18.1884765625
5842623,16.90673828125
5842676,16.11328125
5842686,14.7705078125
5843386,18.73779296875
5843561,18.798828125
5843750,17.63916015625
5973465,23.01025390625
5973633,17.39501953125
5973775,16.66259765625
5973953,15.07568359375
6008822,19.47021484375
6008965,15.31982421875
6008978,31.73828125
6009064,21.78955078125
6009364,21.66748046875
6103911,18.06640625
6103930,17.76123046875
6103949,16.29638671875
6103973,15.80810546875
6104013,17.39501953125
6104023,17.08984375
6104049,28.99169921875
6104093,24.96337890625
6104127,17.333984375
6104146,28.3203125
6104183,16.4794921875
6104251,18.310546875
6104285,14.5263671875
6104673,15.07568359375
6104787,15.2587890625
6104863,15.0146484375
6105010,15.93017578125
6105208,16.11328125
6130238,24.4140625
6130284,30.09033203125
6130299,16.05224609375
6130334,19.83642578125
6130375,17.08984375
6130388,16.4794921875
6130410,16.357421875
6130438,16.2353515625
6130473,19.53125
6145441,15.19775390625
6145469,23.4375
6145486,16.357421875
6145527,30.6396484375
6145573,26.42822265625
6145614,16.78466796875
6145659,14.6484375
6145672,16.05224609375
6145698,16.29638671875
6146097,15.93017578125
6146196,15.13671875
6147501,14.892578125
6161029,22.216796875
6161098,15.625
6161146,17.9443359375
6161195,22.94921875
6161207,17.822265625
6161240,20.3857421875
6161707,15.19775390625
6161959,15.380859375
6162007,15.9912109375
6163374,15.44189453125
6171306,15.68603515625
6174011,20.8740234375
6174133,25.20751953125
6174191,18.1884765625
6174216,19.83642578125
6174262,26.123046875
6174308,15.5029296875
6174533,15.07568359375
6174817,21.97265625
6174947,16.2353515625
6183881,14.7705078125
6183931,23.86474609375
6184057,17.822265625
6184192,16.17431640625
6184223,15.44189453125
6184282,15.13671875
6184443,15.5029296875
6184580,17.51708984375
6184701,15.80810546875
6192923,17.63916015625
6193073,16.2353515625
6193140,17.88330078125
6193287,15.5029296875
6193359,14.83154296875
6193424,15.31982421875
6193517,15.380859375
6193634,18.12744140625
6201430,14.7705078125
6201445,19.71435546875
6201611,14.58740234375
6201751,20.01953125
6201825,15.80810546875
6201864,14.70947265625
6202052,16.90673828125
6210438,17.333984375
6210612,18.4326171875
6210781,14.70947265625
6210826,15.625
6210869,14.5263671875
6210954,20.751953125
6211121,15.7470703125
6219132,15.80810546875
6219315,15.5029296875
6219487,18.98193359375
6219555,15.380859375
6219610,15.19775390625
6219739,16.845703125
6225836,15.0146484375
6227106,18.4326171875
6228020,17.88330078125
6228929,15.31982421875
6229199,18.1884765625
6229269,18.798828125
6229880,17.51708984375
6234833,15.869140625
6235127,16.6015625
6237649,20.69091796875
6238503,16.29638671875
6239017,14.83154296875
6239201,16.41845703125
6239212,15.5029296875
6239266,16.9677734375
6239373,14.58740234375
6239590,16.41845703125
6244476,15.68603515625
6248572,15.7470703125
6248741,15.07568359375
6248865,16.357421875
6249002,15.80810546875
6249029,15.56396484375
6249100,16.90673828125
6249227,15.93017578125
6249377,17.08984375
6257610,16.7236328125
6258489,14.892578125
6260693,14.58740234375
6260973,17.2119140625
6261134,15.9912109375
6261256,15.869140625
6261293,14.83154296875
6261305,14.5263671875
6261419,22.27783203125
6261886,20.99609375
6267710,14.892578125
6271579,15.869140625
6272500,16.90673828125
6273104,15.380859375
6273468,16.11328125
6273550,15.07568359375
6273588,15.869140625
6273631,19.22607421875
6273812,15.19775390625
6274013,16.11328125
6282237,16.6015625
6285081,14.892578125
6285350,14.7705078125
6285509,18.61572265625
6285668,16.6015625
6285750,14.83154296875
6285811,16.41845703125
6285830,15.19775390625
6286073,17.63916015625
6286161,14.58740234375
6286247,14.6484375
6286410,18.6767578125
6296634,15.2587890625
6298329,15.2587890625
6300194,16.66259765625
6300482,16.90673828125
6300638,16.9677734375
6300876,17.51708984375
6300970,15.0146484375
6301364,15.0146484375
6306951,16.78466796875
6308502,17.08984375
6312203,15.93017578125
6314980,16.41845703125
6315220,21.05712890625
6315496,15.31982421875
6315560,21.30126953125
6315591,15.0146484375
6315621,18.06640625
6315697,15.625
6315808,14.5263671875
6315835,14.83154296875
6315993,15.9912109375
6316122,18.49365234375
6316346,15.19775390625
6316457,14.95361328125
6327916,18.6767578125
6329242,14.6484375
6329979,14.70947265625
6336251,17.88330078125
6348759,20.32470703125
6348806,17.7001953125
6348846,14.7705078125
6348873,18.06640625
6348916,23.92578125
6348961,15.380859375
6349018,22.64404296875
6349081,16.05224609375
6349216,18.4326171875
6349589,15.19775390625
6355327,15.7470703125
6355697,16.357421875
6356910,16.845703125
6431048,24.84130859375
6431103,15.13671875
6431166,24.5361328125
6431243,20.32470703125
6431332,21.05712890625
6431347,15.93017578125
6431394,17.2119140625
6431463,18.4326171875
6431478,16.66259765625
6431606,18.98193359375
6431678,15.13671875
6432525,14.892578125
6482429,21.6064453125
6482496,27.16064453125
6482563,26.7333984375
6482622,22.39990234375
6482671,16.2353515625
6482743,14.70947265625
6482809,15.5029296875
6482876,21.8505859375
6482995,17.15087890625
6483100,14.95361328125
6483260,18.310546875
6483446,17.27294921875
6546736,15.44189453125
6546947,24.169921875
6547020,24.169921875
6547227,16.9677734375
6778349,16.54052734375
6778370,17.76123046875
6778412,22.8271484375
6778431,17.333984375
6778452,14.58740234375
6778511,28.6865234375
6778548,14.5263671875
6778564,14.58740234375
6778586,15.625
6778596,27.64892578125
6778651,20.5078125
6778693,24.35302734375
6778756,19.47021484375
6778824,26.2451171875
6778840,15.07568359375
6778924,20.99609375
6779000,29.35791015625
6779083,15.56396484375
6779156,21.91162109375
6851363,17.08984375
6851445,15.13671875
6851484,14.892578125
6851503,29.23583984375
6851527,16.11328125
6851548,14.95361328125
6851578,21.05712890625
6851597,24.96337890625
6851635,25.390625
6851666,18.310546875
6851685,28.3203125
6851746,24.90234375
6851759,16.29638671875
6851806,15.31982421875
6851841,18.798828125
6851910,18.00537109375
6851971,18.98193359375
6852039,27.03857421875
6852128,18.6767578125
6852242,19.4091796875
6852487,19.34814453125
6905324,15.93017578125
6905406,15.19775390625
6905452,16.05224609375
6905468,28.01513671875
6905490,16.17431640625
6905508,16.6015625
6905521,21.8505859375
6905547,18.12744140625
6905569,18.49365234375
6905592,17.822265625
6905608,18.61572265625
6905652,27.34375
6905693,16.05224609375
6905743,15.2587890625
6905954,18.5546875
6906040,15.68603515625
6906220,14.70947265625
6906307,16.2353515625
6906375,16.05224609375
6906625,19.47021484375
6906773,15.68603515625
6906871,15.13671875
6918010,14.7705078125
6918063,21.66748046875
6918092,15.625
6918116,22.3388671875
6918135,17.39501953125
6918148,20.3857421875
6918158,20.93505859375
6918193,19.10400390625
6918209,17.333984375
6918221,19.6533203125
6918283,17.4560546875
6918390,16.11328125
6918414,15.9912109375
6918484,17.333984375
6918569,15.2587890625
6918683,17.822265625
6919163,16.90673828125
6919317,14.892578125
6927590,20.56884765625
6927617,25.32958984375
6927695,18.00537109375
6927767,21.484375
6927831,25.2685546875
6927841,19.53125
6927963,20.08056640625
6928390,16.41845703125
6935677,14.7705078125
6935718,23.92578125
6935826,17.08984375
6935885,18.73779296875
6935967,16.66259765625
6936035,14.7705078125
6936207,17.2119140625
6936288,15.869140625
6943021,17.63916015625
6943088,16.90673828125
6943157,20.99609375
6943252,16.357421875
6943312,24.10888671875
6950134,26.123046875
6950249,17.08984375
6950321,15.380859375
6950387,16.41845703125
6950456,15.68603515625
6950467,17.88330078125
6950820,18.49365234375
6957453,30.94482421875
6957529,19.83642578125
6957588,17.39501953125
6957650,18.1884765625
6957910,16.41845703125
6958231,14.58740234375
6964226,14.58740234375
6964318,21.1181640625
6964355,15.625
6964386,18.24951171875
6964457,14.892578125
6964542,17.9443359375
6964552,14.58740234375
6964659,15.625
6964767,17.822265625
6965008,14.95361328125
6971189,21.91162109375
6971257,18.4326171875
6971384,18.4326171875
6971457,18.310546875
6971490,15.31982421875
6971593,15.380859375
6972122,17.822265625
6978654,15.80810546875
6978677,23.49853515625
6978749,20.3857421875
6978881,16.29638671875
6978949,15.0146484375
6979071,17.27294921875
6979196,17.63916015625
6979332,15.9912109375
6986124,24.47509765625
6986195,15.19775390625
6986210,20.99609375
6986266,16.66259765625
6986478,17.333984375
6994682,25.7568359375
6994744,18.12744140625
6994879,18.37158203125
6995016,20.99609375
6995201,16.7236328125
6995315,14.58740234375
7003468,23.92578125
7003524,23.74267578125
7003544,16.845703125
7003592,15.5029296875
7003652,17.76123046875
7003720,16.11328125
7003833,15.380859375
7003997,16.2353515625
7004140,15.2587890625
7012918,23.25439453125
7012977,20.1416015625
7013039,16.41845703125
7013106,18.9208984375
7013210,15.68603515625
7013482,14.6484375
7013586,16.54052734375
7023576,22.4609375
7023636,19.22607421875
7023697,15.869140625
7023779,15.380859375
7023950,19.775390625
7024164,17.88330078125
7024342,18.85986328125
7024492,14.95361328125
7034787,15.13671875
7034797,23.0712890625
7034866,24.23095703125
7034927,14.58740234375
7034985,17.822265625
7035067,17.39501953125
7035148,15.380859375
7035231,17.333984375
7035371,17.7001953125
7035631,17.39501953125
7046199,21.3623046875
7046261,20.20263671875
7046308,14.892578125
7046364,15.44189453125
7046454,16.845703125
7046542,15.44189453125
7046702,15.7470703125
7046837,14.58740234375
7059470,30.82275390625
7059515,16.17431640625
7059534,20.5078125
7059596,14.95361328125
7059655,19.4091796875
7059740,17.51708984375
7059794,15.13671875
7059978,16.4794921875
7060161,16.357421875
7072673,23.8037109375
7072732,24.4140625
7072801,21.240234375
7072886,16.2353515625
7072931,15.07568359375
7072974,20.44677734375
7073050,17.02880859375
7073243,16.9677734375
7073388,14.83154296875
7073653,19.83642578125
7074230,19.287109375
7086178,30.94482421875
7086233,21.6064453125
7086285,19.6533203125
7086318,15.68603515625
7086339,14.58740234375
7086491,18.5546875
7086562,15.380859375
7086665,15.13671875
7086871,15.19775390625
7087051,15.31982421875
7102010,24.23095703125
7102046,18.00537109375
7102074,19.1650390625
7102104,17.02880859375
7102129,20.32470703125
7102173,16.11328125
7102252,14.95361328125
7102332,15.56396484375
7102411,15.869140625
7102508,16.2353515625
7102616,16.90673828125
7102710,19.22607421875
7102814,17.2119140625
7103180,16.54052734375
7118221,26.2451171875
7118276,18.5546875
7118315,17.15087890625
7118423,15.80810546875
7118486,17.63916015625
7118630,18.310546875
7118711,18.00537109375
7118830,19.22607421875
7119088,18.5546875
7119308,15.44189453125
7119747,16.6015625
7133956,24.35302734375
7134022,21.728515625
7134047,15.5029296875
7134077,20.20263671875
7134101,16.54052734375
7134138,17.9443359375
7134254,18.6767578125
7134327,17.578125
7134394,14.7705078125
7134568,16.845703125
7134679,15.380859375
7134876,15.80810546875
7135013,16.90673828125
7135302,15.93017578125
7153361,28.74755859375
7153416,25.634765625
7153433,14.5263671875
7153466,21.66748046875
7153638,18.798828125
7153725,14.95361328125
7153809,15.13671875
7153945,15.19775390625
7154136,16.2353515625
7154251,15.625
7154677,17.39501953125
7155082,15.9912109375
7171845,26.55029296875
7171872,14.83154296875
7171904,15.31982421875
7171952,15.31982421875
7171978,17.4560546875
7172001,20.3857421875
7172118,16.4794921875
7172281,14.58740234375
7172467,14.83154296875
7172629,14.7705078125
7173080,16.17431640625
7196915,16.6015625
7196958,15.869140625
7197004,15.7470703125
7197044,19.287109375
7197077,16.54052734375
7197100,15.0146484375
7197141,19.287109375
7197157,16.357421875
7197278,18.37158203125
7197480,15.5029296875
7198083,16.11328125
7198304,14.58740234375
7198661,15.44189453125
7232269,28.1982421875
7232290,15.44189453125
7232341,24.84130859375
7232391,17.27294921875
7232410,14.6484375
7232439,18.5546875
7232474,15.2587890625
7232497,16.11328125
7232524,15.0146484375
7232558,18.6767578125
7232611,15.625
7232662,15.625
7232832,15.93017578125
7233070,18.310546875
7234274,16.2353515625
7271316,24.96337890625
7271392,24.0478515625
7271449,28.38134765625
7271472,15.07568359375
7271522,23.5595703125
7271564,18.61572265625
7271605,17.4560546875
7271640,19.47021484375
7271697,16.845703125
7271754,17.08984375
7272081,15.07568359375
7272314,14.58740234375
7272328,16.78466796875
7272401,15.31982421875
7272589,14.7705078125
7272650,14.83154296875
7306334,17.63916015625
7306344,29.35791015625
7306412,21.97265625
7306436,14.58740234375
7306471,16.66259765625
7306518,19.59228515625
7306556,15.9912109375
7306623,18.310546875
7306654,18.06640625
7306713,16.11328125
7306738,17.27294921875
7307154,17.15087890625
7360236,25.7568359375
7360296,31.6162109375
7360345,17.9443359375
7360371,24.47509765625
7360390,19.71435546875
7360425,20.5078125
7360447,15.44189453125
7360472,18.00537109375
7360490,20.263671875
7360524,15.2587890625
7360538,19.34814453125
7360570,17.51708984375
7360637,17.15087890625
7360731,16.66259765625
7360762,15.380859375
7362238,15.07568359375
7449273,21.17919921875
7449287,30.76171875
7449337,24.84130859375
7449363,22.0947265625
7449402,21.17919921875
7449429,14.6484375
7449462,24.658203125
7449507,19.4091796875
7449559,17.39501953125
7449579,16.7236328125
7449640,20.44677734375
7449678,15.68603515625
7449848,14.95361328125
7450192,15.5029296875
7450373,15.31982421875
7450439,14.892578125
7517396,30.6396484375
7517442,28.1982421875
7517502,33.38623046875
7517561,29.47998046875
7517611,16.41845703125
7517662,14.6484375
7517692,15.68603515625
7517711,24.90234375
7517755,15.07568359375
7517804,18.06640625
7517835,15.2587890625
7517956,17.578125
7518165,16.29638671875
7518176,15.0146484375
7518424,16.6015625
7518658,18.98193359375
7519125,17.9443359375
7571622,25.93994140625
7571656,20.1416015625
7571695,16.29638671875
7571723,19.95849609375
7571737,18.4326171875
7571881,15.7470703125
7572493,16.11328125
7572925,15.0146484375
7573730,15.5029296875
7597700,33.935546875
7597769,31.67724609375
7597814,23.25439453125
7597836,18.9208984375
7597856,20.1416015625
7597896,24.23095703125
7597940,16.66259765625
7597981,14.70947265625
7598019,15.19775390625
7599434,15.19775390625
7599488,14.58740234375
7614147,24.90234375
7614209,17.02880859375
7614256,18.6767578125
7614277,15.7470703125
7614304,22.88818359375
7614326,21.6064453125
7614377,18.6767578125
7614461,15.44189453125
7614768,14.7705078125
7615040,15.625
7615223,14.6484375
7616948,15.07568359375
7634601,32.1044921875
7634663,17.39501953125
7634724,19.53125
7634768,23.5595703125
7634806,17.63916015625
7634853,17.7001953125
7634884,16.2353515625
7634895,14.6484375
7634934,15.2587890625
7635779,14.5263671875
7639489,14.58740234375
7644290,21.240234375
7647591,21.97265625
7647703,17.15087890625
7647776,17.51708984375
7647844,15.93017578125
7647867,16.17431640625
7647902,15.07568359375
7647921,17.02880859375
7647982,15.0146484375
7654422,20.99609375
7658298,15.625
7658538,20.81298828125
7658629,14.6484375
7658732,18.73779296875
7658759,15.9912109375
7658816,18.4326171875
7658842,17.15087890625
7658930,14.83154296875
7665943,15.7470703125
7666751,14.83154296875
7668500,14.892578125
7668685,22.5830078125
7668755,15.07568359375
7668828,16.05224609375
7668878,19.10400390625
7668930,17.15087890625
7669061,14.58740234375
7669146,16.7236328125
7669443,17.15087890625
7672881,15.31982421875
7673759,15.5029296875
7680614,17.578125
7680723,14.58740234375
7680787,17.15087890625
7680902,14.7705078125
7680937,16.41845703125
7680979,17.08984375
7680990,15.19775390625
7681022,15.380859375
7681124,15.380859375
7681152,14.7705078125
7681296,15.5029296875
7681718,19.775390625
7686604,16.41845703125
7690727,16.845703125
7691020,15.5029296875
7691240,14.7705078125
7691433,16.4794921875
7691523,16.7236328125
7691641,15.2587890625
7691803,17.63916015625
7691984,14.6484375
7700344,20.81298828125
7701407,14.7705078125
7703068,17.76123046875
7703237,18.06640625
7703341,15.7470703125
7703571,14.83154296875
7703656,14.6484375
7703808,15.31982421875
7703910,15.2587890625
7704025,14.58740234375
7708225,16.357421875
7709514,15.0146484375
7715415,15.625
7717922,15.2587890625
