7799001,0
53975,15.869140625
450958,15.93017578125
544088,15.869140625
580685,16.2353515625
587770,15.93017578125
594606,16.66259765625
594844,16.6015625
602714,16.54052734375
656207,39.12353515625
656295,40.52734375
656407,41.56494140625
667620,53.16162109375
667669,20.8740234375
679261,47.9736328125
679321,41.3818359375
679379,28.99169921875
679489,30.1513671875
690928,49.25537109375
690977,35.46142578125
691027,36.62109375
691079,27.9541015625
691182,26.2451171875
704036,51.6357421875
704090,38.57421875
704139,28.38134765625
704153,16.90673828125
704186,21.78955078125
704241,17.4560546875
704314,19.53125
704432,24.7802734375
704572,35.15625
704767,29.11376953125
716398,16.90673828125
716533,38.818359375
716594,37.78076171875
716646,24.0478515625
716701,26.123046875
716754,17.4560546875
716864,22.88818359375
716941,21.91162109375
728845,38.63525390625
728895,39.6728515625
728949,26.85546875
729011,23.86474609375
729076,16.6015625
729144,15.9912109375
729259,25.08544921875
729334,27.34375
729439,16.17431640625
742781,43.39599609375
742827,27.4658203125
742871,18.1884765625
742921,18.00537109375
743157,16.357421875
743229,20.01953125
743330,16.66259765625
743533,23.92578125
743751,26.123046875
756781,49.13330078125
756828,36.19384765625
756874,21.66748046875
756892,16.845703125
757222,16.41845703125
757304,17.578125
757435,19.53125
757605,20.6298828125
774581,16.66259765625
774657,39.55078125
774699,38.2080078125
774742,22.64404296875
775048,17.2119140625
775221,15.869140625
775485,21.66748046875
775591,20.56884765625
776026,25.45166015625
804631,47.91259765625
804674,38.4521484375
804712,22.4609375
805838,16.29638671875
805946,19.59228515625
872658,52.06298828125
872723,42.66357421875
872771,26.55029296875
872819,29.47998046875
872876,23.49853515625
872934,18.49365234375
873137,16.357421875
873259,19.287109375
909264,48.9501953125
909310,29.1748046875
909360,32.1044921875
909402,20.93505859375
909456,22.76611328125
909560,20.1416015625
909621,20.01953125
909717,18.798828125
909808,23.3154296875
909908,26.3671875
946945,15.9912109375
947053,50.35400390625
947102,38.0859375
947153,30.2734375
947206,22.76611328125
947256,29.23583984375
947307,20.93505859375
947425,24.0478515625
947642,34.60693359375
981435,39.794921875
981490,37.78076171875
981540,31.005859375
981593,25.57373046875
981652,23.3154296875
982289,15.9912109375
1066048,16.41845703125
1125813,16.78466796875
1291939,17.7001953125
1380726,15.93017578125
1391349,17.76123046875
1422292,16.2353515625
1433037,42.8466796875
1444215,50.29296875
1444520,18.310546875
1455888,49.1943359375
1467254,53.8330078125
1467336,44.189453125
1479571,15.9912109375
1479679,52.490234375
1479745,44.921875
1479833,40.52734375
1492850,45.41015625
1492905,38.818359375
1492958,35.21728515625
1493018,26.611328125
1493097,28.6865234375
1508893,48.7060546875
1508948,34.72900390625
1508981,15.93017578125
1509000,26.123046875
1509045,21.91162109375
1509174,25.20751953125
1509293,34.912109375
1509357,16.9677734375
1509440,34.5458984375
1509524,15.93017578125
1509654,33.0810546875
1523692,43.51806640625
1523737,34.60693359375
1523779,28.99169921875
1523825,18.6767578125
1523870,16.66259765625
1523927,16.4794921875
1524000,20.6298828125
1524185,24.658203125
1524286,30.3955078125
1541089,47.91259765625
1541136,30.33447265625
1541173,26.0009765625
1541221,20.32470703125
1541314,17.578125
1541435,16.78466796875
1541498,16.845703125
1541579,15.869140625
1541688,19.83642578125
1541803,19.53125
1541894,20.32470703125
1556179,45.95947265625
1556228,37.65869140625
1556246,16.17431640625
1556272,21.30126953125
1556317,19.10400390625
1556501,18.73779296875
1556589,26.3671875
1556668,18.98193359375
1556764,19.775390625
1556959,23.86474609375
1570987,35.888671875
1571043,30.6396484375
1571086,25.5126953125
1571137,20.3857421875
1571370,16.11328125
1571454,16.90673828125
1571540,23.193359375
1571632,17.88330078125
1571809,23.86474609375
1587414,37.9638671875
1587469,35.33935546875
1587516,23.92578125
1587567,18.1884765625
1587715,16.7236328125
1588017,20.08056640625
1588107,17.333984375
1588217,19.6533203125
1608794,51.513671875
1608844,35.5224609375
1608882,22.64404296875
1608926,19.59228515625
1609366,17.333984375
1609538,16.4794921875
1609838,22.4609375
1610002,19.1650390625
1629440,17.822265625
1629537,48.40087890625
1629589,34.423828125
1629635,27.28271484375
1629679,19.83642578125
1630129,16.78466796875
1630197,15.80810546875
1630442,15.869140625
1651671,49.8046875
1651722,38.2080078125
1651767,28.4423828125
1651784,16.78466796875
1651809,20.69091796875
1652794,19.53125
1691662,43.27392578125
1691707,30.2734375
1691758,29.11376953125
1691801,19.53125
2177425,15.869140625
2273820,16.11328125
2282423,17.822265625
2329576,16.2353515625
2329732,49.25537109375
2340804,42.724609375
2340920,45.59326171875
2352230,57.373046875
2352291,32.28759765625
2364489,47.119140625
2364545,41.748046875
2364651,29.541015625
2379668,45.47119140625
2379710,38.57421875
2379760,26.67236328125
2379811,20.93505859375
2379877,30.1513671875
2379950,28.25927734375
2394740,41.8701171875
2394781,33.935546875
2394823,28.9306640625
2394879,20.99609375
2394994,21.30126953125
2395081,24.23095703125
2395205,28.6865234375
2395374,32.470703125
2395628,16.66259765625
2411758,37.90283203125
2411800,32.2265625
2411843,24.59716796875
2412146,20.08056640625
2412230,19.53125
2412332,20.56884765625
2412449,29.96826171875
2412622,29.60205078125
2428705,35.70556640625
2428745,31.92138671875
2428786,25.32958984375
2429041,17.333984375
2429104,22.94921875
2429167,20.263671875
2429243,21.728515625
2429331,17.63916015625
2429443,24.35302734375
2429534,24.35302734375
2450086,36.0107421875
2450124,32.958984375
2450160,27.16064453125
2450246,16.17431640625
2450548,17.39501953125
2450629,20.93505859375
2450693,16.41845703125
2450787,20.99609375
2450870,22.03369140625
2451069,23.92578125
2477923,16.2353515625
2477948,43.212890625
2477985,35.82763671875
2478022,27.40478515625
2478063,21.78955078125
2478855,17.63916015625
2479159,23.37646484375
2513405,36.865234375
2513453,36.376953125
2513489,29.47998046875
2514262,17.9443359375
2514433,16.11328125
2514574,21.1181640625
2514782,19.71435546875
2542939,36.07177734375
2542982,31.43310546875
2543020,27.34375
2543778,16.845703125
2544047,24.5361328125
2544141,19.1650390625
2565761,55.908203125
2565805,31.25
2565848,30.3955078125
2565888,18.06640625
2584888,43.64013671875
2584935,33.935546875
2584979,24.71923828125
2585025,17.9443359375
2585618,19.775390625
2585836,19.4091796875
2605780,49.74365234375
2605820,32.89794921875
2605861,26.79443359375
2605900,18.98193359375
2606760,17.51708984375
2606857,15.9912109375
2607082,19.8974609375
2627132,40.22216796875
2627180,29.72412109375
2627225,27.77099609375
2627267,16.6015625
2627316,18.310546875
2628039,17.2119140625
2628145,16.7236328125
2654664,44.189453125
2654707,35.0341796875
2654746,22.8271484375
2655881,17.51708984375
2681653,36.68212890625
2681701,31.79931640625
2681744,28.62548828125
2681783,17.333984375
2682535,16.9677734375
2720266,35.0341796875
2720312,30.33447265625
2720351,23.74267578125
2720395,16.7236328125
2720920,18.4326171875
2721011,17.39501953125
2745673,36.19384765625
2745712,35.33935546875
2745754,29.1748046875
2745797,18.37158203125
2745842,16.78466796875
2746307,16.9677734375
2746417,20.01953125
2746502,19.95849609375
2768253,41.259765625
2768287,31.31103515625
2768323,19.4091796875
2768362,18.5546875
2768872,16.357421875
2769065,16.05224609375
2769200,19.287109375
2818383,43.212890625
2818442,39.12353515625
2818486,27.099609375
2818536,26.55029296875
2818594,23.37646484375
2818648,21.42333984375
2818708,17.08984375
2818783,20.20263671875
2818886,21.66748046875
2818971,16.54052734375
2854123,46.56982421875
2854182,37.17041015625
2854202,16.11328125
2854232,28.99169921875
2854282,20.81298828125
2854331,18.12744140625
2854392,22.39990234375
2854483,16.7236328125
2854724,24.90234375
2854941,26.3671875
2916892,16.05224609375
3176982,15.869140625
3414274,17.51708984375
3440635,16.9677734375
3449386,15.869140625
3457894,48.7060546875
3483691,35.7666015625
3483768,41.19873046875
3493848,52.001953125
3493923,41.32080078125
3504412,37.353515625
3504476,45.5322265625
3514667,44.73876953125
3514741,33.203125
3526849,46.7529296875
3526900,40.22216796875
3526962,33.38623046875
3542480,48.828125
3542521,31.79931640625
3542570,31.3720703125
3542617,22.4609375
3542680,24.2919921875
3542749,27.7099609375
3542854,32.04345703125
3543072,28.74755859375
3556933,41.50390625
3556980,34.36279296875
3557023,25.08544921875
3557069,22.5830078125
3557121,22.27783203125
3557279,28.50341796875
3557455,34.48486328125
3572155,45.166015625
3572198,32.1044921875
3572240,23.98681640625
3572286,16.41845703125
3572417,25.634765625
3572574,27.28271484375
3572674,26.06201171875
3587873,48.64501953125
3587913,31.3720703125
3587959,31.43310546875
3588004,17.15087890625
3588120,18.37158203125
3588290,23.74267578125
3588369,22.5830078125
3588507,22.03369140625
3588614,28.80859375
3617465,40.10009765625
3617500,31.494140625
3617516,16.17431640625
3617533,23.5595703125
3617573,22.4609375
3617867,18.310546875
3617948,20.751953125
3618019,21.6064453125
3618095,20.1416015625
3618177,20.44677734375
3618323,21.78955078125
3618490,25.20751953125
3658006,45.7763671875
3658051,41.44287109375
3658069,15.869140625
3658089,21.3623046875
3658129,19.95849609375
3658270,15.80810546875
3658503,16.845703125
3658589,17.7001953125
3658722,17.15087890625
3658816,22.52197265625
3700104,39.9169921875
3700149,35.46142578125
3700190,26.30615234375
3700234,21.78955078125
3700275,16.6015625
3700579,15.869140625
3700730,21.6064453125
3700971,23.0712890625
3701084,25.08544921875
3740212,45.8984375
3740263,36.2548828125
3740305,32.5927734375
3740350,22.03369140625
3740395,21.97265625
3740725,16.78466796875
3740794,17.76123046875
3740882,20.263671875
3741034,22.88818359375
3777857,38.330078125
3777897,26.2451171875
3777936,29.6630859375
3777978,23.86474609375
3778023,18.00537109375
3778381,18.310546875
3778531,20.56884765625
3814136,43.15185546875
3814185,35.400390625
3814226,29.296875
3814263,21.240234375
3814658,16.2353515625
3814730,20.32470703125
3814823,20.5078125
3814950,19.34814453125
3843761,44.5556640625
3843806,39.00146484375
3843816,17.27294921875
3843847,25.81787109375
3843888,24.23095703125
3843933,16.6015625
3844085,15.80810546875
3844220,17.39501953125
3844292,19.287109375
3844407,22.216796875
3844533,19.47021484375
3844653,25.5126953125
3882809,40.95458984375
3882838,16.2353515625
3882850,37.353515625
3882892,25.45166015625
3882934,17.4560546875
3883259,16.11328125
3883340,16.2353515625
3883418,18.5546875
3883521,22.03369140625
3883644,25.5126953125
3899736,35.58349609375
3899781,32.958984375
3899827,23.193359375
3899875,21.91162109375
3899932,18.37158203125
3900138,24.4140625
3900269,28.50341796875
3915195,45.8984375
3915238,38.330078125
3915285,22.76611328125
3915330,15.80810546875
3915547,16.9677734375
3915649,21.30126953125
3915744,23.681640625
3915907,27.77099609375
3929694,44.73876953125
3929743,35.46142578125
3929789,26.611328125
3929908,17.7001953125
3930079,25.7568359375
3930246,25.45166015625
3954823,41.07666015625
3954863,33.935546875
3954901,25.146484375
3954948,16.357421875
3955104,16.11328125
3955189,15.869140625
3955285,17.63916015625
3955370,21.484375
3955452,21.484375
3955541,22.03369140625
4001139,47.05810546875
4001172,16.90673828125
4001200,37.59765625
4001272,30.33447265625
4001385,31.494140625
4035059,48.583984375
4035189,41.44287109375
4574583,48.76708984375
4574669,34.66796875
4585030,39.306640625
4598456,46.08154296875
4598512,36.31591796875
4598561,26.55029296875
4598615,24.35302734375
4598687,30.3955078125
4610145,43.701171875
4610202,31.43310546875
4610271,32.53173828125
4610327,24.169921875
4610400,30.6396484375
4622613,47.66845703125
4622661,36.19384765625
4622706,27.7099609375
4622756,26.18408203125
4622813,19.47021484375
4622894,28.9306640625
4622995,28.9306640625
4623141,28.076171875
4637167,44.37255859375
4637205,34.912109375
4637242,24.0478515625
4637285,21.3623046875
4637324,17.4560546875
4637389,16.6015625
4637459,20.44677734375
4637535,25.5126953125
4637623,23.01025390625
4637735,24.2919921875
4637874,27.099609375
4638045,15.869140625
4649747,47.9736328125
4649796,33.02001953125
4649840,25.93994140625
4649938,17.63916015625
4650356,28.1982421875
4650455,25.390625
4663444,47.91259765625
4663490,31.3720703125
4663529,26.0009765625
4663830,18.37158203125
4663919,20.20263671875
4664029,26.611328125
4664131,25.32958984375
4679875,38.87939453125
4679913,35.09521484375
4679951,19.775390625
4679974,17.333984375
4680284,22.64404296875
4680397,18.1884765625
4680477,18.798828125
4680591,24.2919921875
4680735,25.390625
4696036,41.56494140625
4696076,35.21728515625
4696116,22.3388671875
4696159,18.85986328125
4696368,17.88330078125
4696446,17.02880859375
4696519,19.04296875
4696606,16.845703125
4696675,16.66259765625
4697027,22.15576171875
4719929,46.93603515625
4719957,17.51708984375
4719998,15.93017578125
4720533,15.869140625
4720624,19.22607421875
4720732,17.63916015625
4720821,17.2119140625
4720944,18.37158203125
4768343,47.66845703125
4768384,32.28759765625
4768424,27.4658203125
4768464,19.775390625
4768504,16.2353515625
4769208,19.10400390625
4769468,17.15087890625
4814313,37.841796875
4814359,37.2314453125
4814409,29.96826171875
4814452,25.146484375
4814501,20.20263671875
4815743,20.56884765625
4851540,38.39111328125
4851578,30.33447265625
4851625,19.4091796875
4851672,25.08544921875
4852725,16.66259765625
4873352,40.283203125
4873390,30.94482421875
4873430,23.5595703125
4873471,20.751953125
4873849,16.11328125
4874321,18.310546875
4889217,46.0205078125
4889267,33.8134765625
4889312,31.982421875
4889326,17.7001953125
4889367,23.92578125
4889419,17.333984375
4889891,17.39501953125
4889978,17.9443359375
4925713,43.3349609375
4925753,38.9404296875
4925792,25.7568359375
4925831,18.85986328125
4926782,16.29638671875
4926904,17.51708984375
5003985,34.7900390625
5004029,35.888671875
5004084,35.46142578125
5307045,15.80810546875
5427946,16.66259765625
5444113,16.17431640625
5477599,15.80810546875
5493265,16.7236328125
5509805,16.6015625
5528290,16.357421875
5556782,49.49951171875
5568463,49.31640625
5568550,16.17431640625
5579800,15.9912109375
5593461,33.87451171875
5609733,46.20361328125
5609814,37.7197265625
5637997,42.78564453125
5638065,15.80810546875
5638082,49.8046875
5656348,50.59814453125
5673629,52.734375
5673714,41.8701171875
5692387,45.83740234375
5724944,15.9912109375
5725009,16.845703125
5725053,41.07666015625
5725102,36.43798828125
5725144,18.73779296875
5725156,31.31103515625
5745335,48.095703125
5745409,43.212890625
5783303,43.15185546875
5783386,48.15673828125
5813018,32.958984375
5813094,42.90771484375
5813168,40.771484375
5842610,51.20849609375
5842660,40.6494140625
5842710,31.3720703125
5842773,32.958984375
5843645,16.2353515625
6103976,16.90673828125
6104435,16.29638671875
6130436,47.79052734375
6130487,34.66796875
6130555,35.94970703125
6145578,42.29736328125
6145646,34.11865234375
6145688,31.92138671875
6145768,29.47998046875
6145946,34.66796875
6161182,39.97802734375
6161225,32.04345703125
6161262,28.86962890625
6161308,19.775390625
6161357,25.5126953125
6161426,18.12744140625
6161508,26.0009765625
6161600,30.8837890625
6161711,27.83203125
6174176,42.3583984375
6174236,35.58349609375
6174263,18.4326171875
6174282,29.4189453125
6174328,19.4091796875
6174382,33.75244140625
6174430,16.05224609375
6174525,19.775390625
6174600,23.681640625
6174686,21.17919921875
6174806,31.06689453125
6184106,40.8935546875
6184170,35.21728515625
6184221,25.146484375
6184272,33.3251953125
6184339,19.53125
6184407,16.2353515625
6184517,26.3671875
6193143,40.8935546875
6193191,28.4423828125
6193245,33.99658203125
6193307,23.0712890625
6193374,24.23095703125
6193443,19.59228515625
6201692,46.93603515625
6201761,35.58349609375
6201817,21.17919921875
6201871,23.98681640625
6202010,16.29638671875
6202148,20.3857421875
6210620,40.0390625
6210693,31.1279296875
6210744,28.13720703125
6210797,23.98681640625
6211214,23.98681640625
6219363,43.39599609375
6219431,39.61181640625
6219489,27.52685546875
6219523,17.08984375
6219546,21.1181640625
6219613,23.62060546875
6219710,17.822265625
6219885,23.3154296875
6229141,48.2177734375
6229197,36.43798828125
6229243,25.93994140625
6229464,16.66259765625
6229575,25.7568359375
6229670,20.3857421875
6229825,22.8271484375
6239054,39.73388671875
6239100,31.982421875
6239147,25.634765625
6239199,21.97265625
6239500,18.4326171875
6248847,41.748046875
6248910,34.3017578125
6248965,32.65380859375
6249019,24.59716796875
6249082,16.357421875
6249139,18.49365234375
6249204,19.71435546875
6249341,21.66748046875
6249508,27.587890625
6261140,37.353515625
6261191,28.564453125
6261241,24.0478515625
6261750,17.822265625
6261952,28.74755859375
6273339,45.166015625
6273394,33.50830078125
6273445,26.4892578125
6273501,19.83642578125
6273889,19.04296875
6274116,18.1884765625
6285467,43.02978515625
6285514,31.06689453125
6285563,25.146484375
6286141,18.06640625
6298261,15.93017578125
6300608,41.93115234375
6300654,28.25927734375
6300697,23.74267578125
6300746,17.27294921875
6301369,18.00537109375
6301496,16.78466796875
6315332,34.36279296875
6315382,33.38623046875
6315434,24.169921875
6315932,18.61572265625
6328808,16.845703125
6345356,16.357421875
6348786,36.80419921875
6348819,30.82275390625
6348856,24.169921875
6349505,16.845703125
6349877,16.54052734375
6351792,16.4794921875
6355276,18.06640625
6431328,44.3115234375
6431413,47.36328125
6431474,40.58837890625
6431524,26.79443359375
6431574,16.54052734375
6431633,16.7236328125
6432382,18.24951171875
6482233,17.08984375
6482320,45.10498046875
6482357,34.3017578125
6482396,24.4140625
6482440,22.3388671875
6482478,18.5546875
6483121,15.93017578125
6483405,17.4560546875
6483581,19.8974609375
6483845,24.23095703125
6546665,43.76220703125
6546739,39.73388671875
6546802,28.564453125
6547027,36.68212890625
6905635,15.9912109375
6905655,39.36767578125
6905764,33.02001953125
6905874,15.869140625
6918251,43.5791015625
6971348,15.80810546875
7046278,15.869140625
7059630,43.8232421875
7086323,47.7294921875
7102200,16.4794921875
7118344,46.7529296875
7134237,16.41845703125
7153506,48.828125
7171992,49.1943359375
7172079,40.46630859375
7197067,49.62158203125
7197175,35.888671875
7232447,40.22216796875
7232506,37.29248046875
7232553,36.9873046875
7232617,34.48486328125
7271481,31.31103515625
7271544,37.65869140625
7271593,32.71484375
7271653,27.28271484375
7271744,29.72412109375
7271834,28.4423828125
7306590,40.4052734375
7306630,36.19384765625
7306679,32.65380859375
7306727,20.20263671875
7306805,27.83203125
7306898,29.23583984375
7307066,33.38623046875
7360415,34.3017578125
7360454,37.29248046875
7360496,28.6865234375
7360550,24.23095703125
7360593,18.98193359375
7360640,17.08984375
7360692,20.93505859375
7360773,17.51708984375
7360863,20.32470703125
7361029,26.79443359375
7449415,32.53173828125
7449503,41.6259765625
7449571,36.7431640625
7449633,36.92626953125
7449725,37.2314453125
7450004,38.57421875
7517364,18.06640625
7517464,45.10498046875
7517516,34.1796875
7517564,16.357421875
7517595,44.73876953125
7517649,28.25927734375
7517716,29.541015625
7517794,33.0810546875
7517897,23.681640625
7571618,40.1611328125
7571666,37.29248046875
7571721,22.705078125
7571766,32.16552734375
7571817,26.30615234375
7571924,23.193359375
7571992,21.42333984375
7572074,21.97265625
7572152,19.53125
7597886,37.41455078125
7597921,29.23583984375
7597957,28.1982421875
7597997,18.49365234375
7598035,20.44677734375
7598616,16.6015625
7598811,16.17431640625
7598922,21.728515625
7614218,42.41943359375
7614268,28.38134765625
7614313,25.93994140625
7614357,27.52685546875
7614402,18.310546875
7614838,20.56884765625
7614935,18.06640625
7615034,20.01953125
7615130,19.71435546875
7615242,25.2685546875
7634747,47.36328125
7634787,39.1845703125
7634827,24.7802734375
7634868,21.3623046875
7635335,16.78466796875
7635522,16.05224609375
7647742,41.93115234375
7647791,28.01513671875
7647844,24.23095703125
7647894,22.52197265625
7648238,18.24951171875
7648471,23.0712890625
7648953,15.869140625
7654435,16.357421875
7658614,39.9169921875
7658683,33.447265625
7658734,25.81787109375
7658799,23.0712890625
7658865,20.93505859375
7658986,16.90673828125
7668717,42.96875
7668776,35.400390625
7668833,30.82275390625
7668873,16.9677734375
7668892,16.66259765625
7668955,17.27294921875
7669133,16.78466796875
7672169,16.11328125
7676241,16.05224609375
7680817,40.52734375
7680868,31.18896484375
7680913,31.982421875
7680960,17.02880859375
7681011,16.2353515625
7681363,16.9677734375
7681460,21.05712890625
7691142,32.77587890625
7691196,30.82275390625
7691253,21.91162109375
7691311,17.02880859375
7691441,17.27294921875
7691688,22.03369140625
7703005,15.93017578125
7703300,33.99658203125
7703351,38.6962890625
7703399,25.87890625
7703496,15.869140625
7704024,15.9912109375
7704238,26.91650390625
