7799001,0
487999,17.88330078125
488110,18.98193359375
488326,16.90673828125
488862,20.93505859375
544086,21.66748046875
544156,20.99609375
544387,18.61572265625
544636,14.83154296875
544871,18.6767578125
545019,19.10400390625
545145,14.7705078125
545281,19.53125
545503,13.24462890625
545855,13.24462890625
559188,14.2822265625
559266,19.6533203125
559353,17.822265625
559449,14.2822265625
559664,16.2353515625
559787,17.63916015625
560257,22.03369140625
572613,18.49365234375
572708,27.099609375
572809,14.22119140625
572959,15.9912109375
573174,15.19775390625
573374,15.2587890625
580983,24.59716796875
581117,22.3388671875
581223,16.17431640625
581326,16.357421875
581474,17.2119140625
581586,13.3056640625
587619,21.6064453125
587692,17.02880859375
587780,16.78466796875
587863,16.90673828125
587962,13.85498046875
588076,15.56396484375
588221,16.7236328125
594703,20.1416015625
594805,15.56396484375
594888,21.54541015625
594989,16.11328125
595104,18.24951171875
595285,15.380859375
602608,20.69091796875
602692,15.5029296875
602776,16.357421875
602861,16.54052734375
602972,15.31982421875
603163,13.61083984375
603276,16.54052734375
611541,15.07568359375
611616,14.70947265625
611691,15.13671875
611760,13.24462890625
611850,15.07568359375
611968,16.54052734375
612196,16.54052734375
612344,16.4794921875
619998,17.9443359375
620075,19.71435546875
620165,21.97265625
620307,14.404296875
620423,15.93017578125
620550,20.99609375
620737,16.11328125
620893,14.46533203125
621056,13.24462890625
628253,18.61572265625
628340,18.310546875
628414,18.12744140625
628482,15.19775390625
628594,13.5498046875
628718,15.9912109375
628864,13.97705078125
629220,14.892578125
636296,22.0947265625
636378,17.9443359375
636627,14.7705078125
636791,14.892578125
636952,14.58740234375
637113,14.892578125
637339,15.2587890625
645409,22.27783203125
645493,22.88818359375
645725,13.61083984375
645843,14.404296875
646252,16.9677734375
646430,14.16015625
656165,19.287109375
656241,17.02880859375
656305,14.6484375
656393,12.87841796875
656588,13.18359375
656712,16.9677734375
656996,16.17431640625
667609,17.4560546875
667695,18.5546875
667776,16.9677734375
667853,13.24462890625
668038,13.427734375
668180,15.380859375
668423,16.78466796875
679256,16.2353515625
679337,18.5546875
679417,16.05224609375
679501,13.3056640625
679688,15.93017578125
679947,18.1884765625
690943,21.66748046875
691021,20.6298828125
691092,15.07568359375
691178,13.48876953125
691374,15.0146484375
691699,16.05224609375
692008,17.7001953125
704114,17.63916015625
704196,21.8505859375
704297,16.11328125
704597,17.88330078125
716607,21.42333984375
716677,20.751953125
716750,14.70947265625
716843,15.13671875
716959,15.2587890625
717055,17.2119140625
717209,15.31982421875
717531,17.63916015625
728873,20.8740234375
728987,17.4560546875
729085,21.05712890625
729206,15.0146484375
729341,15.80810546875
729612,13.24462890625
729840,15.625
742817,15.625
742981,13.85498046875
743127,14.34326171875
743241,13.7939453125
743437,13.24462890625
743597,13.671875
743714,13.3056640625
756851,21.728515625
756942,17.51708984375
757145,15.07568359375
757412,14.6484375
774695,20.56884765625
774776,16.90673828125
774846,18.1884765625
775091,14.16015625
775402,13.0615234375
775573,13.5498046875
775935,19.04296875
804739,19.10400390625
804822,17.39501953125
805164,14.5263671875
805256,12.87841796875
805374,13.5498046875
805915,14.22119140625
806129,15.0146484375
872961,22.15576171875
873075,18.12744140625
909605,17.822265625
947392,18.85986328125
981754,16.66259765625
981968,20.8740234375
1066802,22.4609375
1330053,21.240234375
1330067,12.939453125
1330163,17.02880859375
1330293,17.63916015625
1330448,18.85986328125
1330655,21.78955078125
1345057,23.62060546875
1345164,18.24951171875
1345296,15.9912109375
1345496,15.9912109375
1358577,21.05712890625
1358636,19.6533203125
1358713,17.578125
1358828,19.775390625
1358934,17.08984375
1359097,20.93505859375
1359322,18.06640625
1359532,14.70947265625
1370007,22.39990234375
1370075,15.56396484375
1370163,18.06640625
1370253,15.2587890625
1370366,17.88330078125
1370605,16.6015625
1370783,15.44189453125
1370980,14.83154296875
1380899,16.41845703125
1381013,18.24951171875
1381109,15.56396484375
1381192,17.7001953125
1381277,15.56396484375
1381380,15.93017578125
1381520,13.00048828125
1381674,15.07568359375
1381816,13.916015625
1390873,18.00537109375
1390958,19.1650390625
1391040,21.1181640625
1391130,14.5263671875
1391216,13.48876953125
1391384,15.44189453125
1391530,16.17431640625
1391660,12.87841796875
1392044,18.12744140625
1401342,20.751953125
1401436,16.4794921875
1401514,20.1416015625
1401591,14.7705078125
1401696,14.70947265625
1401840,15.625
1401981,13.427734375
1402249,17.15087890625
1411601,19.1650390625
1411684,17.15087890625
1411753,17.27294921875
1411838,12.939453125
1411950,14.0380859375
1412077,14.404296875
1412246,13.12255859375
1422378,24.2919921875
1422448,16.41845703125
1422533,15.625
1422629,16.2353515625
1422781,16.4794921875
1422938,13.24462890625
1423085,15.07568359375
1432955,22.03369140625
1433041,22.52197265625
1433110,15.7470703125
1433195,14.09912109375
1433375,13.671875
1433483,17.27294921875
1433658,16.17431640625
1444135,21.66748046875
1444218,19.1650390625
1444283,14.892578125
1444486,13.00048828125
1444604,14.0380859375
1444738,15.0146484375
1444900,14.7705078125
1445029,13.3056640625
1455780,22.15576171875
1455855,21.78955078125
1455932,15.19775390625
1456012,14.46533203125
1456140,13.85498046875
1456622,18.6767578125
1467238,16.6015625
1467306,16.41845703125
1467396,15.19775390625
1467496,14.2822265625
1467596,14.7705078125
1467696,13.36669921875
1479644,20.5078125
1479699,14.0380859375
1479724,15.07568359375
1479796,13.5498046875
1479877,14.892578125
1479975,13.61083984375
1480106,12.8173828125
1480245,14.22119140625
1480480,13.24462890625
1492849,19.1650390625
1492916,16.11328125
1492983,14.892578125
1493278,14.70947265625
1493681,15.869140625
1508945,15.19775390625
1509022,19.6533203125
1509081,14.0380859375
1509719,13.12255859375
1523692,14.7705078125
1523790,20.5078125
1523878,15.93017578125
1524025,15.19775390625
1524117,13.427734375
1524368,16.41845703125
1524508,15.19775390625
1541146,19.6533203125
1541220,15.19775390625
1541287,14.34326171875
1541783,13.12255859375
1541959,14.892578125
1542150,13.85498046875
1542367,15.5029296875
1556245,22.216796875
1556317,16.2353515625
1556399,13.85498046875
1556905,13.0615234375
1571076,17.76123046875
1571160,17.63916015625
1571232,14.404296875
1571609,13.18359375
1571870,13.24462890625
1587525,20.6298828125
1587593,17.822265625
1588289,12.87841796875
1588577,16.90673828125
1608839,14.7705078125
1608917,27.03857421875
1608985,13.24462890625
1609047,13.00048828125
1629598,20.8740234375
1629689,18.24951171875
1629758,14.16015625
1630119,13.12255859375
1651771,18.310546875
1651859,16.7236328125
1651941,19.71435546875
1652002,12.87841796875
1652768,13.97705078125
1691841,22.39990234375
1691927,15.9912109375
1691991,17.2119140625
1692076,17.51708984375
1692295,15.7470703125
1692617,13.61083984375
2177888,21.97265625
2178313,23.4375
2214934,22.3388671875
2215000,17.27294921875
2215081,16.9677734375
2215191,18.310546875
2215413,19.59228515625
2215594,20.263671875
2215727,16.78466796875
2228324,17.27294921875
2228405,21.1181640625
2228504,19.1650390625
2228613,16.54052734375
2228715,14.7705078125
2228827,17.4560546875
2228997,14.6484375
2229367,12.87841796875
2238808,20.81298828125
2238939,20.93505859375
2239048,16.6015625
2239163,19.47021484375
2239307,15.07568359375
2239464,15.31982421875
2247608,21.78955078125
2247750,17.7001953125
2247862,20.263671875
2247963,20.99609375
2248055,13.97705078125
2248219,15.625
2248478,14.6484375
2255958,26.123046875
2256059,18.9208984375
2256161,18.5546875
2256254,13.85498046875
2256427,15.869140625
2256559,18.24951171875
2264378,20.8740234375
2264461,18.12744140625
2264547,17.02880859375
2264632,15.7470703125
2264748,13.427734375
2264844,13.73291015625
2265007,13.3056640625
2265188,13.97705078125
2273653,19.47021484375
2273745,17.51708984375
2273830,15.625
2273960,15.7470703125
2274077,15.44189453125
2274181,13.7939453125
2274365,14.0380859375
2274562,14.95361328125
2282225,20.5078125
2282319,21.8505859375
2282415,18.61572265625
2282616,13.85498046875
2282735,15.625
2282858,13.48876953125
2283275,17.578125
2290252,17.02880859375
2290373,15.93017578125
2290442,12.939453125
2290549,15.2587890625
2290658,15.31982421875
2290768,12.8173828125
2290934,16.11328125
2291188,13.85498046875
2298442,15.380859375
2298544,17.4560546875
2298644,14.5263671875
2298738,17.08984375
2298837,17.76123046875
2298953,13.48876953125
2299102,15.380859375
2307653,16.6015625
2307748,15.31982421875
2307844,16.29638671875
2307957,14.95361328125
2308064,13.00048828125
2308191,15.2587890625
2308346,13.97705078125
2308509,14.7705078125
2318124,17.7001953125
2318207,19.04296875
2318281,15.0146484375
2318371,16.29638671875
2318458,14.5263671875
2318559,13.3056640625
2318710,13.12255859375
2329686,19.6533203125
2329784,17.822265625
2329870,14.34326171875
2329948,13.7939453125
2330034,14.95361328125
2330139,16.4794921875
2330250,12.87841796875
2330356,15.0146484375
2330474,12.939453125
2330648,13.61083984375
2340791,16.6015625
2340879,15.68603515625
2340963,15.869140625
2341292,13.48876953125
2341396,14.70947265625
2341553,13.18359375
2341703,14.16015625
2352250,17.51708984375
2352328,17.2119140625
2352402,16.90673828125
2352480,15.380859375
2352705,13.7939453125
2352829,14.16015625
2352930,13.85498046875
2353065,12.87841796875
2364470,20.8740234375
2364553,17.76123046875
2364640,15.93017578125
2364735,13.3056640625
2364836,16.2353515625
2364988,15.7470703125
2365084,12.939453125
2365455,18.1884765625
2379691,20.1416015625
2379770,17.578125
2379848,13.12255859375
2379935,14.58740234375
2380025,15.9912109375
2380124,16.29638671875
2380227,13.18359375
2380360,13.7939453125
2380504,15.0146484375
2380705,14.70947265625
2394756,15.13671875
2394846,17.9443359375
2394928,14.70947265625
2395128,20.1416015625
2395265,14.6484375
2395405,14.0380859375
2395533,13.48876953125
2395760,14.58740234375
2411804,15.56396484375
2411875,15.9912109375
2411970,17.76123046875
2412042,17.4560546875
2412154,14.70947265625
2412453,14.16015625
2412648,14.16015625
2428745,19.22607421875
2428811,18.37158203125
2428879,19.22607421875
2428956,13.12255859375
2429033,14.0380859375
2429145,14.22119140625
2429271,13.427734375
2429448,13.671875
2429877,17.63916015625
2450160,17.822265625
2450218,17.08984375
2450283,15.07568359375
2450356,14.09912109375
2450439,16.66259765625
2450540,14.7705078125
2450626,15.07568359375
2450756,13.3056640625
2450890,13.48876953125
2451313,14.46533203125
2451598,15.5029296875
2478016,16.54052734375
2478072,18.37158203125
2478130,17.578125
2478200,13.12255859375
2478804,17.08984375
2479022,16.9677734375
2479380,13.0615234375
2513528,23.8037109375
2513590,16.2353515625
2513657,17.27294921875
2513725,15.44189453125
2513867,15.19775390625
2513978,14.22119140625
2514096,12.87841796875
2514195,13.18359375
2514303,13.0615234375
2514386,13.5498046875
2514799,13.48876953125
2543042,15.2587890625
2543106,17.51708984375
2543731,14.0380859375
2543992,13.3056640625
2565844,15.93017578125
2565902,16.11328125
2584989,20.32470703125
2585065,13.00048828125
2585337,13.916015625
2586181,12.939453125
2605822,18.98193359375
2605907,16.41845703125
2605973,13.24462890625
2606026,12.8173828125
2606837,13.24462890625
2607699,15.2587890625
2627192,21.42333984375
2627260,17.333984375
2627322,13.00048828125
2627376,12.87841796875
2628537,12.8173828125
2654612,19.775390625
2654716,18.1884765625
2654791,14.16015625
2681681,14.95361328125
2681755,14.404296875
2681817,12.939453125
2683253,14.0380859375
2720197,20.751953125
2720357,15.93017578125
2720435,15.19775390625
2721128,13.427734375
2721799,13.73291015625
2745643,13.24462890625
2745719,18.49365234375
2745779,16.66259765625
2745946,14.6484375
2746799,13.61083984375
2768379,17.2119140625
2768434,12.939453125
2769640,13.48876953125
2769790,13.3056640625
2770412,15.07568359375
2817845,18.9208984375
2818463,17.9443359375
2818595,17.822265625
2818696,14.2822265625
2818767,13.3056640625
2818940,16.4794921875
2819052,14.7705078125
2819292,17.76123046875
2854286,18.85986328125
2854382,13.24462890625
2854461,17.2119140625
2854636,18.12744140625
2854806,13.671875
2854948,13.48876953125
2855488,13.916015625
3255665,15.2587890625
3359575,20.8740234375
3359648,20.1416015625
3359793,13.85498046875
3387094,15.07568359375
3387164,23.3154296875
3387291,19.775390625
3387481,18.1884765625
3387827,16.41845703125
3398941,19.95849609375
3399003,16.41845703125
3399079,16.6015625
3399173,15.31982421875
3399352,19.95849609375
3399618,16.357421875
3399889,19.6533203125
3414304,18.98193359375
3414369,17.822265625
3414422,15.19775390625
3414508,17.2119140625
3414610,15.80810546875
3414745,16.9677734375
3414860,16.41845703125
3415413,14.22119140625
3428306,18.12744140625
3428376,15.13671875
3428529,17.51708984375
3428651,15.44189453125
3428887,19.59228515625
3440323,25.93994140625
3440395,17.7001953125
3440493,13.36669921875
3440578,17.9443359375
3440676,15.31982421875
3440809,15.80810546875
3440949,14.09912109375
3441137,15.2587890625
3449269,14.5263671875
3449351,13.671875
3449454,14.70947265625
3449531,13.48876953125
3449657,15.2587890625
3449801,14.95361328125
3449958,15.19775390625
3450160,13.85498046875
3457826,17.39501953125
3457905,19.04296875
3457985,15.44189453125
3458080,13.427734375
3458302,14.0380859375
3458500,12.939453125
3458659,17.15087890625
3466564,18.73779296875
3466643,17.51708984375
3466717,16.05224609375
3466800,14.6484375
3466998,15.5029296875
3467267,14.46533203125
3467459,13.0615234375
3474935,14.16015625
3475012,20.8740234375
3475109,15.13671875
3475207,14.404296875
3475352,17.27294921875
3475487,14.34326171875
3475642,13.916015625
3483705,14.95361328125
3483793,20.32470703125
3483875,14.34326171875
3483961,13.00048828125
3484083,15.13671875
3484209,14.09912109375
3484361,13.427734375
3484499,14.46533203125
3484722,18.12744140625
3493852,16.11328125
3493929,16.66259765625
3493994,14.70947265625
3494073,15.19775390625
3494301,13.00048828125
3494463,17.08984375
3494594,14.7705078125
3494778,12.87841796875
3504424,20.99609375
3504500,15.68603515625
3504572,13.73291015625
3504664,13.36669921875
3504755,13.671875
3504897,13.0615234375
3505035,16.17431640625
3505228,16.845703125
3505527,14.892578125
3514663,18.85986328125
3514749,15.44189453125
3515131,15.31982421875
3515248,13.36669921875
3515349,13.85498046875
3515505,14.46533203125
3526895,18.310546875
3526965,17.7001953125
3527041,15.68603515625
3527128,15.56396484375
3527223,14.6484375
3527345,12.87841796875
3527532,14.892578125
3527743,16.9677734375
3542511,16.41845703125
3542576,19.4091796875
3542635,15.93017578125
3542700,12.87841796875
3542765,13.427734375
3542931,12.87841796875
3543061,14.892578125
3543176,13.5498046875
3543337,14.09912109375
3556971,22.88818359375
3557049,16.78466796875
3557129,14.95361328125
3557687,14.83154296875
3557947,14.2822265625
3572208,19.83642578125
3572291,16.6015625
3572355,14.58740234375
3587905,19.4091796875
3587981,17.08984375
3589031,17.2119140625
3617525,20.99609375
3617586,13.97705078125
3617639,15.9912109375
3618642,12.939453125
3618814,16.05224609375
3618943,14.16015625
3619116,14.46533203125
3619419,16.54052734375
3658087,20.751953125
3658145,16.9677734375
3658211,13.7939453125
3658488,13.0615234375
3658851,14.0380859375
3658965,13.61083984375
3659247,12.8173828125
3659429,13.36669921875
3700219,19.4091796875
3700273,18.6767578125
3700329,13.36669921875
3700397,13.85498046875
3700515,14.22119140625
3701095,12.8173828125
3701219,14.95361328125
3701466,15.80810546875
3701601,14.09912109375
3702084,14.22119140625
3740314,16.66259765625
3740370,13.3056640625
3740423,14.404296875
3740477,13.7939453125
3777918,20.56884765625
3777978,16.17431640625
3778052,14.404296875
3778112,13.3056640625
3778187,15.31982421875
3778252,12.87841796875
3778762,13.18359375
3778923,12.8173828125
3814209,19.59228515625
3814267,15.68603515625
3814328,14.6484375
3814901,13.36669921875
3815470,13.3056640625
3843777,21.97265625
3843865,17.2119140625
3843939,20.69091796875
3845061,14.58740234375
3882838,16.78466796875
3882900,15.380859375
3882962,14.70947265625
3883026,13.48876953125
3883112,13.5498046875
3883446,12.939453125
3883637,13.48876953125
3884060,13.97705078125
3899765,17.51708984375
3899845,14.16015625
3899919,14.83154296875
3899991,14.09912109375
3900079,13.18359375
3900462,13.00048828125
3915245,15.5029296875
3915325,20.44677734375
3915387,13.24462890625
3915445,12.8173828125
3916071,16.357421875
3916314,14.5263671875
3929733,17.2119140625
3929803,16.54052734375
3930332,14.5263671875
3930470,14.5263671875
3954757,16.66259765625
3954851,18.73779296875
3954933,15.625
3954993,13.48876953125
3955054,12.939453125
3955268,12.8173828125
3955992,16.54052734375
3956260,18.73779296875
4001217,19.22607421875
4001292,16.357421875
4001354,15.13671875
4001464,16.7236328125
4001555,14.16015625
4001630,13.671875
4001731,13.24462890625
4001826,14.16015625
4002022,13.36669921875
4035048,18.06640625
4035157,15.9912109375
4035221,19.95849609375
4035296,15.7470703125
4035405,18.4326171875
4035515,15.13671875
4035643,13.24462890625
4035852,16.17431640625
4036197,16.29638671875
4081199,16.2353515625
4488035,20.5078125
4506388,16.845703125
4506467,14.70947265625
4506813,19.4091796875
4518678,18.61572265625
4518801,20.56884765625
4530980,20.751953125
4531056,22.03369140625
4531152,17.08984375
4531400,20.56884765625
4541798,21.240234375
4541871,15.44189453125
4541955,15.44189453125
4542083,16.357421875
4551886,22.15576171875
4551964,18.4326171875
4552059,18.4326171875
4552175,14.7705078125
4552321,19.287109375
4562065,17.578125
4562135,13.61083984375
4562213,15.625
4562313,16.41845703125
4562535,14.83154296875
4574602,17.822265625
4574670,13.48876953125
4574735,13.00048828125
4575087,14.95361328125
4575219,13.48876953125
4585024,20.8740234375
4585089,18.24951171875
4585167,13.36669921875
4585241,14.22119140625
4585304,12.8173828125
4585488,13.73291015625
4598520,19.8974609375
4598577,15.5029296875
4599841,14.83154296875
4610192,13.3056640625
4610258,16.29638671875
4610330,18.12744140625
4622630,19.775390625
4622709,16.54052734375
4622767,15.0146484375
4623592,13.916015625
4623751,13.24462890625
4637154,17.822265625
4637240,14.7705078125
4637303,16.11328125
4649757,16.66259765625
4649828,16.7236328125
4649894,15.5029296875
4663429,15.93017578125
4663493,18.73779296875
4663554,18.4326171875
4664460,14.22119140625
4664867,13.48876953125
4679871,16.78466796875
4679922,15.56396484375
4679933,21.17919921875
4679979,15.07568359375
4680838,13.73291015625
4680943,13.36669921875
4695932,15.7470703125
4696016,18.24951171875
4696083,15.80810546875
4696136,14.16015625
4719770,17.08984375
4719831,21.30126953125
4719894,13.7939453125
4720919,13.73291015625
4768223,17.63916015625
4768286,16.05224609375
4768340,16.4794921875
4769058,13.427734375
4814497,21.8505859375
4814572,17.7001953125
4814624,12.87841796875
4815175,13.24462890625
4815531,14.46533203125
4815672,12.8173828125
4816139,13.671875
4851652,16.29638671875
4851721,15.07568359375
4851777,15.7470703125
4852728,14.22119140625
4852985,15.93017578125
4873243,17.76123046875
4873288,14.892578125
4873307,14.95361328125
4873368,13.3056640625
4873587,13.18359375
4874235,14.58740234375
4889348,21.3623046875
4889408,16.11328125
4889482,14.2822265625
4889543,15.2587890625
4890272,13.00048828125
4890438,13.97705078125
4925835,24.71923828125
4925859,13.7939453125
4925894,14.2822265625
4925955,13.3056640625
4926413,14.95361328125
4927072,14.6484375
5003869,19.8974609375
5003939,16.2353515625
5004024,16.4794921875
5004102,17.15087890625
5004198,14.892578125
5307503,12.939453125
5307656,14.404296875
5371323,22.88818359375
5412103,16.9677734375
5412317,20.93505859375
5428017,19.34814453125
5428197,16.9677734375
5428358,17.4560546875
5444450,24.658203125
5452555,19.287109375
5452785,21.728515625
5460870,25.08544921875
5461179,20.93505859375
5469856,22.705078125
5470106,18.24951171875
5477882,20.01953125
5478050,13.24462890625
5485422,17.578125
5485640,17.333984375
5493062,20.69091796875
5493601,18.5546875
5500974,18.85986328125
5509140,19.1650390625
5509339,16.357421875
5509528,15.56396484375
5519160,22.15576171875
5519300,19.287109375
5519685,20.81298828125
5528680,25.32958984375
5529198,18.310546875
5537986,21.484375
5538340,20.32470703125
5538609,16.66259765625
5547455,23.62060546875
5547748,19.775390625
5556902,14.404296875
5557253,22.94921875
5568538,21.42333984375
5568886,18.5546875
5580193,21.1181640625
5580622,14.70947265625
5593688,21.240234375
5594192,16.7236328125
5609970,21.78955078125
5610155,17.333984375
5623657,18.98193359375
5623982,17.27294921875
5638242,18.49365234375
5638485,15.07568359375
5656627,17.822265625
5657060,21.1181640625
5673866,23.92578125
5674080,20.01953125
5692648,21.78955078125
5692804,18.9208984375
5725385,20.81298828125
5725554,19.4091796875
5725898,19.10400390625
5745643,15.2587890625
5745767,21.91162109375
5783610,20.6298828125
5813382,18.98193359375
5813634,18.85986328125
5842987,22.94921875
5843221,19.287109375
5978084,21.1181640625
6009555,24.2919921875
6130588,21.3623046875
6130682,22.15576171875
6130808,17.27294921875
6130925,16.17431640625
6131067,18.06640625
6131351,19.83642578125
6145785,17.76123046875
6145853,14.0380859375
6145916,13.3056640625
6145999,15.380859375
6146161,17.15087890625
6146281,14.0380859375
6146520,16.54052734375
6161302,17.39501953125
6161355,16.29638671875
6161810,13.916015625
6162135,13.3056640625
6162658,14.0380859375
6174271,15.869140625
6174351,15.5029296875
6174416,14.2822265625
6174842,13.671875
6175012,13.12255859375
6175210,13.0615234375
6184165,20.69091796875
6184282,14.09912109375
6184406,14.58740234375
6184983,15.869140625
6185084,12.8173828125
6193152,20.44677734375
6193255,20.99609375
6193327,14.22119140625
6193383,14.34326171875
6194197,13.916015625
6201775,21.78955078125
6201853,15.9912109375
6201924,14.34326171875
6210747,20.3857421875
6210813,15.93017578125
6210865,15.44189453125
6211637,12.8173828125
6211749,13.3056640625
6219456,22.8271484375
6219533,13.5498046875
6219604,16.845703125
6229219,16.6015625
6229282,15.625
6239113,19.95849609375
6239185,16.90673828125
6240122,13.916015625
6248942,19.04296875
6249002,17.7001953125
6249061,15.869140625
6249119,13.12255859375
6261217,19.34814453125
6261276,14.58740234375
6261330,14.34326171875
6262263,13.36669921875
6273459,17.51708984375
6273523,18.6767578125
6273575,15.19775390625
6274678,14.09912109375
6285578,18.06640625
6285638,19.10400390625
6285694,13.427734375
6300754,18.98193359375
6300805,15.13671875
6300863,13.36669921875
6315425,15.44189453125
6315490,19.1650390625
6315549,14.16015625
6315606,14.46533203125
6348623,16.357421875
6348704,23.49853515625
6348769,13.427734375
6431608,19.53125
6431676,16.78466796875
6431738,16.54052734375
6431804,13.24462890625
6431897,14.6484375
6432078,14.404296875
6432167,13.36669921875
6432278,15.13671875
6432426,13.73291015625
6482208,17.51708984375
6482289,20.6298828125
6482360,14.70947265625
6482451,14.83154296875
6482543,16.54052734375
6482657,18.6767578125
6482768,14.58740234375
6482983,13.00048828125
6546515,14.0380859375
6546636,21.30126953125
6546723,16.41845703125
6918571,20.5078125
6918906,18.9208984375
6928366,21.97265625
6936429,20.1416015625
6950710,17.63916015625
6958268,21.6064453125
6986931,15.9912109375
7004244,24.2919921875
7013529,15.93017578125
7024372,19.04296875
7035588,19.53125
7047023,19.34814453125
7060076,22.64404296875
7073216,15.0146484375
7073443,19.4091796875
7086954,20.08056640625
7134368,22.27783203125
7197290,22.39990234375
7197885,16.54052734375
7232633,20.6298828125
7232728,21.42333984375
7232823,16.11328125
7232924,15.07568359375
7233133,16.7236328125
7271687,23.3154296875
7271762,16.66259765625
7271838,15.68603515625
7271915,16.17431640625
7272064,16.845703125
7272201,14.95361328125
7306641,14.58740234375
7306718,19.4091796875
7306782,21.1181640625
7306838,14.7705078125
7306929,17.76123046875
7307036,13.7939453125
7307141,18.9208984375
7307245,15.07568359375
7307348,14.83154296875
7307547,15.9912109375
7360617,22.4609375
7360681,16.357421875
7360744,14.2822265625
7360832,17.63916015625
7360958,17.15087890625
7361034,15.93017578125
7361264,15.5029296875
7361395,14.22119140625
7572140,22.0947265625
7598116,18.85986328125
7598176,19.83642578125
7598265,16.90673828125
7598352,21.240234375
7598513,15.5029296875
7598758,16.9677734375
7614541,18.00537109375
7614590,14.6484375
7614647,12.87841796875
7614793,15.5029296875
7614902,13.61083984375
7615069,15.31982421875
7615297,13.73291015625
7634960,20.1416015625
7635017,15.13671875
7635072,13.0615234375
7635813,13.0615234375
7636138,15.56396484375
7636316,14.34326171875
7647937,18.4326171875
7648000,17.15087890625
7648054,13.427734375
7648991,13.0615234375
7658755,19.47021484375
7658846,13.18359375
7658910,15.13671875
7668893,20.1416015625
7668964,17.15087890625
7669024,13.24462890625
7669978,13.97705078125
7670151,14.09912109375
7680982,13.73291015625
7681050,18.4326171875
7681110,19.83642578125
7682378,12.939453125
7691283,16.357421875
7691363,17.51708984375
7691433,12.8173828125
7703460,20.1416015625
7703526,20.01953125
7703584,17.333984375
