11999000,0
9463,36.68212890625
9508,34.85107421875
9559,35.2783203125
9583,43.8232421875
9625,51.3916015625
9736,40.34423828125
9775,77.08740234375
9803,46.2646484375
9833,37.841796875
9874,58.65478515625
9887,34.97314453125
9921,50.1708984375
9945,35.15625
9969,38.4521484375
9979,48.64501953125
10094,40.771484375
10248,38.02490234375
10436,43.15185546875
39809,35.33935546875
40066,39.36767578125
40090,82.6416015625
40138,33.8134765625
40152,45.2880859375
40176,42.8466796875
40227,50.96435546875
40238,34.48486328125
40294,50.6591796875
40331,65.5517578125
40350,42.6025390625
40379,38.02490234375
40393,35.70556640625
40438,42.54150390625
40633,37.109375
40684,35.64453125
40796,36.56005859375
41051,51.7578125
1494055,37.53662109375
1494076,59.99755859375
1494093,66.40625
1494130,43.5791015625
1494141,56.57958984375
1494163,65.3076171875
1494183,38.0859375
1494196,33.5693359375
1494223,57.06787109375
1494241,54.3212890625
1494275,40.58837890625
1495233,37.841796875
1495478,35.70556640625
1495694,52.79541015625
1496093,33.8134765625
1508769,33.8134765625
1511326,34.423828125
1511772,36.31591796875
1511987,46.38671875
1512040,34.60693359375
1512052,47.42431640625
1512069,34.3017578125
1512097,42.96875
1512131,34.72900390625
1512147,78.7353515625
1512168,48.2177734375
1512186,34.24072265625
1512196,37.65869140625
1512223,53.77197265625
1512253,37.7197265625
1512275,34.0576171875
1512298,42.78564453125
1512317,34.912109375
1512375,41.68701171875
1512399,35.888671875
1512477,46.44775390625
1512657,36.68212890625
1512834,48.88916015625
1513026,47.4853515625
1513295,51.6357421875
1513521,63.29345703125
1513596,35.09521484375
1513849,53.22265625
1513893,34.1796875
1514046,39.306640625
1514240,45.10498046875
1519664,33.5693359375
1522763,54.38232421875
1522948,69.4580078125
1523000,35.5224609375
1523072,49.1943359375
1523111,47.66845703125
1523138,41.1376953125
1523163,56.884765625
1523190,42.96875
1523229,51.81884765625
1523276,38.818359375
1523293,34.72900390625
1523471,42.1142578125
1523560,33.99658203125
1523615,40.71044921875
1523799,39.00146484375
1524028,54.5654296875
1531086,33.8134765625
1536940,34.97314453125
1536974,35.46142578125
1536999,65.61279296875
1537028,38.63525390625
1537047,35.09521484375
1537073,43.27392578125
1537090,55.35888671875
1537104,52.734375
1537151,53.89404296875
1537193,44.921875
1537210,35.400390625
1537227,34.36279296875
1537276,34.97314453125
1537379,39.12353515625
1537498,42.236328125
1537644,35.70556640625
1537819,46.81396484375
1538073,60.4248046875
1538369,55.2978515625
1548013,35.15625
1550957,36.62109375
1550989,40.34423828125
1551027,58.837890625
1551065,43.9453125
1551095,39.48974609375
1551105,51.6357421875
1551138,52.490234375
1551166,44.00634765625
1551185,38.2080078125
1551208,45.71533203125
1551225,40.83251953125
1551335,44.43359375
1551346,33.99658203125
1551452,39.12353515625
1551591,40.34423828125
1551792,44.12841796875
1552061,37.17041015625
1565515,35.82763671875
1565764,40.4052734375
1565853,43.39599609375
1565905,43.8232421875
1565919,38.57421875
1565954,47.2412109375
1565973,39.12353515625
1566005,57.373046875
1566036,49.25537109375
1566051,36.19384765625
1566076,74.70703125
1566122,34.5458984375
1566160,42.54150390625
1566218,33.447265625
1566261,35.2783203125
1566334,34.97314453125
1566374,45.10498046875
1566503,38.4521484375
1566669,44.37255859375
1566908,45.47119140625
1567206,49.13330078125
1578356,36.4990234375
1586713,34.0576171875
1590645,36.80419921875
1590765,57.31201171875
1590779,48.52294921875
1590807,33.447265625
1590838,46.44775390625
1590858,35.400390625
1590882,59.87548828125
1590893,43.5791015625
1590918,33.99658203125
1590949,38.0859375
1590972,55.96923828125
1590983,42.90771484375
1591051,38.57421875
1591074,34.1796875
1591134,37.78076171875
1591225,34.48486328125
1591469,35.58349609375
1591499,38.57421875
1591768,50.59814453125
1602106,34.3017578125
1602589,36.07177734375
1602667,35.5224609375
1602705,37.53662109375
1602725,47.8515625
1602756,34.97314453125
1602809,34.85107421875
1602849,73.30322265625
1602871,35.70556640625
1602900,37.17041015625
1602916,59.4482421875
1602956,62.56103515625
1602984,48.4619140625
1603015,33.75244140625
1603056,42.236328125
1603074,35.33935546875
1603117,35.09521484375
1603162,47.7294921875
1603292,36.376953125
1603470,33.99658203125
1603695,52.8564453125
1611484,36.1328125
1617372,37.7197265625
1617428,67.7490234375
1617495,37.2314453125
1617516,41.015625
1617557,50.72021484375
1617579,48.64501953125
1617609,42.96875
1617643,35.33935546875
1617675,51.94091796875
1617688,51.1474609375
1617720,40.8935546875
1617741,33.75244140625
1617776,45.10498046875
1617867,38.02490234375
1617971,37.41455078125
1618101,33.8134765625
1618337,44.0673828125
1618659,43.51806640625
1632384,36.43798828125
1632494,40.46630859375
1632530,63.8427734375
1632584,33.63037109375
1632595,36.4990234375
1632618,33.63037109375
1632638,42.90771484375
1632660,64.88037109375
1632673,37.78076171875
1632683,44.12841796875
1632743,44.12841796875
1632768,72.75390625
1632788,43.64013671875
1632837,39.794921875
1632854,53.77197265625
1632956,33.69140625
1632971,46.69189453125
1633086,41.748046875
1633225,33.69140625
1633268,50.048828125
1633560,45.95947265625
1641964,33.75244140625
1642021,35.15625
1642573,33.99658203125
1642622,45.83740234375
1642658,89.90478515625
1642806,36.376953125
1649246,33.5693359375
1649509,35.15625
1649818,41.9921875
1650036,39.794921875
1650157,34.97314453125
1656395,33.63037109375
1656682,33.69140625
1657008,35.5224609375
1663658,37.9638671875
1663880,36.07177734375
1663937,39.0625
1664012,68.54248046875
1664062,36.92626953125
1664073,44.25048828125
1664095,35.2783203125
1664129,37.4755859375
1664160,34.85107421875
1664181,78.55224609375
1664235,48.9501953125
1664258,39.24560546875
1664275,40.52734375
1664299,51.69677734375
1664335,34.24072265625
1664401,50.35400390625
1664497,42.48046875
1664739,39.85595703125
1664899,35.2783203125
1674453,34.7900390625
1674872,62.31689453125
1674924,35.400390625
1674968,41.259765625
1675082,52.55126953125
1675114,46.20361328125
1675131,41.748046875
1675164,35.33935546875
1675234,36.62109375
1675370,33.87451171875
1675389,45.10498046875
1675410,39.4287109375
1684728,41.1376953125
1684794,39.24560546875
1684815,35.2783203125
1684835,55.2978515625
1684899,34.5458984375
1684923,43.9453125
1684978,39.24560546875
1684999,42.54150390625
1685030,76.171875
1685047,41.6259765625
1685078,57.2509765625
1685108,40.6494140625
1685177,55.96923828125
1685228,41.19873046875
1685241,44.5556640625
1685264,34.36279296875
1685307,61.03515625
1685401,36.2548828125
1685462,70.068359375
1685549,38.14697265625
1685645,39.4287109375
1696725,36.2548828125
1696781,42.78564453125
1696813,59.2041015625
1696867,45.34912109375
1696945,39.1845703125
1696982,35.400390625
1697041,34.36279296875
1697059,35.21728515625
1697096,36.376953125
1697147,37.841796875
1697200,45.0439453125
1697211,40.0390625
1697309,34.0576171875
1697413,48.76708984375
1707796,34.48486328125
1707912,45.22705078125
1708119,35.46142578125
1708139,72.44873046875
1708168,50.4150390625
1708190,37.53662109375
1708267,49.1943359375
1708292,35.5224609375
1708310,37.17041015625
1708327,35.70556640625
1708367,33.87451171875
1708391,44.0673828125
1708406,62.01171875
1708432,40.6494140625
1708478,35.64453125
1708523,39.6728515625
1708559,61.1572265625
1708609,34.36279296875
1708723,46.2646484375
1719898,35.64453125
1720066,33.447265625
1720205,54.62646484375
1720248,35.0341796875
1720285,36.92626953125
1720299,36.68212890625
1720346,40.771484375
1720362,54.19921875
1720378,41.3818359375
1720411,35.0341796875
1720434,34.24072265625
1720490,43.8232421875
1720539,55.72509765625
1720564,41.748046875
1720600,36.80419921875
1720616,38.2080078125
1720846,42.6025390625
1731041,35.888671875
1731433,62.98828125
1731446,33.75244140625
1731740,75.86669921875
1741362,34.24072265625
1741613,41.93115234375
1741648,76.84326171875
1741671,34.97314453125
1741695,36.376953125
1741767,33.75244140625
1741797,59.14306640625
1741820,49.74365234375
1741911,36.1328125
1741940,41.9921875
1741974,52.55126953125
1741995,45.0439453125
1742214,51.81884765625
1753232,34.66796875
1753352,33.69140625
1753505,51.33056640625
1753582,42.90771484375
1753631,45.22705078125
1753681,39.61181640625
1753701,53.89404296875
1753795,34.48486328125
1753827,40.10009765625
1764628,37.41455078125
1764897,33.447265625
1764931,57.6171875
1764977,42.236328125
1765020,42.236328125
1765152,68.17626953125
1765178,35.7666015625
1765364,48.40087890625
1765375,42.41943359375
1775616,34.423828125
1775687,39.306640625
1775803,34.60693359375
1775913,35.94970703125
1775982,38.87939453125
1776076,43.8232421875
1776181,35.70556640625
1787407,44.43359375
1787568,41.259765625
1787623,35.33935546875
1787658,73.73046875
1787758,48.2177734375
1787790,71.4111328125
1787808,44.25048828125
1787841,57.861328125
1787859,35.5224609375
1787876,34.5458984375
1787896,36.68212890625
1787928,79.833984375
1787950,33.63037109375
1787991,42.3583984375
1788037,52.24609375
1788048,33.87451171875
1788093,46.93603515625
1788120,53.955078125
1788159,39.73388671875
1788235,44.43359375
1788247,43.3349609375
1788312,44.0673828125
1788398,35.0341796875
1800830,35.2783203125
1801048,74.27978515625
1801163,34.36279296875
1801263,34.97314453125
1811938,41.259765625
1812175,58.7158203125
1812352,41.3818359375
1812427,82.6416015625
1812446,40.771484375
1812492,36.92626953125
1812556,35.64453125
1812625,36.9873046875
1812636,52.001953125
1812650,33.75244140625
1824900,49.37744140625
1825110,40.0390625
1825161,58.53271484375
1825179,42.8466796875
1825264,42.724609375
1825295,34.24072265625
1825338,78.91845703125
1825482,57.31201171875
1825577,45.34912109375
1825611,33.935546875
1836901,39.0625
1837106,33.75244140625
1847157,39.61181640625
1847258,79.9560546875
1847422,42.236328125
1847483,43.15185546875
1863293,37.353515625
1863379,41.32080078125
1863431,62.6220703125
1863442,36.56005859375
1863496,42.66357421875
1863568,66.40625
1863582,36.4990234375
1863609,36.865234375
1863652,38.57421875
1863687,57.9833984375
1863701,34.97314453125
1863737,50.1708984375
1863750,36.19384765625
1863778,50.4150390625
1863814,45.83740234375
1863870,39.4287109375
1863933,33.447265625
1863964,35.5224609375
1864050,34.5458984375
1864149,36.4990234375
1864293,34.7900390625
1884253,39.36767578125
1884386,33.69140625
1884447,40.52734375
1884524,35.09521484375
1884597,58.04443359375
1884607,36.68212890625
1884632,34.24072265625
1884696,34.48486328125
1884745,34.72900390625
1884781,37.78076171875
1884831,35.7666015625
1884851,45.2880859375
1884879,45.22705078125
1884892,34.1796875
1884918,33.50830078125
1884938,61.58447265625
1884953,55.7861328125
1884988,41.50390625
1885013,38.39111328125
1885051,51.6357421875
1885180,35.58349609375
1885330,49.6826171875
1885486,53.466796875
1900297,33.75244140625
1900493,37.841796875
1900636,38.6962890625
1900650,88.8671875
1900684,33.935546875
1900717,34.36279296875
1900779,38.2080078125
1900866,33.75244140625
1901000,37.78076171875
1915745,39.6728515625
1915944,37.9638671875
1915985,36.07177734375
1916100,41.68701171875
1916151,70.12939453125
1916238,37.90283203125
1916289,46.81396484375
1916320,34.5458984375
1916357,41.3818359375
1916385,36.7431640625
1916418,36.62109375
1916477,45.10498046875
1916492,68.7255859375
1916510,35.21728515625
1916555,35.33935546875
1916608,41.1376953125
1916628,33.935546875
1916717,43.15185546875
1916870,38.63525390625
1917049,42.48046875
1934704,33.75244140625
1934930,36.9873046875
1934966,35.21728515625
1935192,71.044921875
1935211,37.4755859375
1935265,38.63525390625
1935315,36.62109375
1935359,64.453125
1935383,46.630859375
1935532,34.3017578125
1935550,57.7392578125
1935735,35.15625
1949033,38.0859375
1949287,41.68701171875
1949807,37.9638671875
1950002,33.8134765625
1968327,37.7197265625
1968462,34.48486328125
1968517,35.888671875
1968544,68.17626953125
1968564,38.4521484375
1968638,33.935546875
1968661,46.875
1968690,40.95458984375
1968704,72.3876953125
1968739,36.07177734375
1968791,39.36767578125
1968807,50.96435546875
1968831,33.50830078125
1968879,52.1240234375
1968891,38.51318359375
1968910,70.068359375
1968943,47.607421875
1968968,33.75244140625
1969010,44.61669921875
1969057,34.912109375
1969072,37.65869140625
1969092,42.6025390625
1969194,33.75244140625
1969301,39.97802734375
1969454,41.44287109375
1969760,55.0537109375
1988446,37.17041015625
1988671,34.1796875
1988705,33.69140625
1988736,60.24169921875
1988872,33.99658203125
1988920,39.85595703125
1988938,45.654296875
1988964,37.109375
1988997,63.1103515625
1989096,47.18017578125
1989164,64.51416015625
1989238,35.82763671875
1989294,51.8798828125
1989363,35.15625
1989375,37.53662109375
1989469,48.095703125
1989496,50.35400390625
1989514,35.2783203125
1989663,34.11865234375
2006820,47.54638671875
2007173,35.888671875
2007248,36.92626953125
2007289,60.791015625
2007461,36.4990234375
2032387,34.7900390625
2032429,36.2548828125
2032542,33.75244140625
2032631,66.0400390625
2032711,46.875
2032723,33.50830078125
2032770,41.68701171875
2032788,69.51904296875
2032815,35.400390625
2032836,40.8935546875
2032878,36.62109375
2032898,42.96875
2032948,34.85107421875
2033000,53.28369140625
2033015,37.7197265625
2033041,43.64013671875
2033059,47.79052734375
2033091,61.767578125
2033127,40.58837890625
2033172,41.07666015625
2033269,38.2080078125
2033536,40.34423828125
2051451,43.76220703125
2051717,34.97314453125
2051797,37.04833984375
2051911,38.63525390625
2051978,33.935546875
2052031,35.70556640625
2052092,57.92236328125
2052313,35.0341796875
2067742,33.447265625
2067992,33.8134765625
2068311,35.2783203125
2068508,74.70703125
2068535,35.15625
2102289,34.423828125
2102525,39.00146484375
2102548,67.19970703125
2102561,36.31591796875
2102644,48.15673828125
2102664,81.6650390625
2102713,33.75244140625
2102747,38.51318359375
2102760,73.05908203125
2102801,37.353515625
2102828,46.32568359375
2102849,53.89404296875
2102861,48.4619140625
2102871,42.90771484375
2102898,39.55078125
2102929,34.11865234375
2103006,34.36279296875
2103026,36.7431640625
2103086,36.07177734375
2103155,33.935546875
2103291,42.3583984375
2103648,53.40576171875
2603657,42.05322265625
2603671,76.171875
2603694,35.09521484375
2603728,82.3974609375
2603755,68.42041015625
2603775,38.51318359375
2603808,54.6875
2603828,62.3779296875
2603856,55.72509765625
2603869,33.5693359375
2603900,35.46142578125
2603924,39.1845703125
2604815,34.912109375
2604992,63.53759765625
2605381,57.12890625
2605605,56.70166015625
2620082,35.64453125
2620183,42.96875
2620721,33.5693359375
2620994,44.00634765625
2621075,73.05908203125
2621096,38.57421875
2621118,41.3818359375
2621152,47.30224609375
2621174,70.25146484375
2621197,47.4853515625
2621216,35.21728515625
2621249,43.0908203125
2621266,57.43408203125
2621277,37.7197265625
2621315,41.56494140625
2621333,36.19384765625
2621374,35.0341796875
2621426,39.48974609375
2621444,34.0576171875
2621538,42.8466796875
2621698,41.93115234375
2621883,51.1474609375
2622258,50.29296875
2636901,47.91259765625
2637276,41.50390625
2642958,37.59765625
2666794,35.09521484375
2676766,34.7900390625
2676859,33.69140625
2676888,35.09521484375
2676919,55.23681640625
2676938,54.62646484375
2676978,55.419921875
2677006,64.75830078125
2677019,41.259765625
2677039,38.02490234375
2677069,60.11962890625
2677087,50.59814453125
2677144,55.60302734375
2677183,36.92626953125
2677740,46.9970703125
2678081,46.44775390625
2691283,37.109375
2691570,33.935546875
2691581,75.5615234375
2691636,47.36328125
2691685,37.353515625
2691708,82.03125
2691731,41.748046875
2691754,45.10498046875
2691777,35.58349609375
2691787,47.36328125
2691814,40.34423828125
2691833,34.48486328125
2691852,44.12841796875
2691879,42.17529296875
2691895,41.56494140625
2691971,46.5087890625
2692043,37.841796875
2692067,41.44287109375
2692166,35.2783203125
2692337,35.46142578125
2692510,36.19384765625
2692539,60.546875
2703380,45.0439453125
2703394,37.04833984375
2703671,35.5224609375
2703897,36.62109375
2703986,34.11865234375
2704014,35.5224609375
2704126,84.28955078125
2704170,40.22216796875
2704186,39.306640625
2704223,56.82373046875
2704245,41.19873046875
2704255,40.46630859375
2704299,35.82763671875
2704329,75.37841796875
2704341,42.48046875
2704405,37.59765625
2704431,53.77197265625
2704494,34.72900390625
2704543,41.50390625
2704560,39.6728515625
2704679,38.51318359375
2704692,33.75244140625
2704866,49.98779296875
2705102,53.28369140625
2719766,48.583984375
2724298,33.99658203125
2734479,35.64453125
2734705,39.00146484375
2734808,81.4208984375
2734838,50.47607421875
2734870,71.10595703125
2734883,38.87939453125
2734914,78.857421875
2734925,60.05859375
2734947,48.88916015625
2734983,59.02099609375
2735004,39.85595703125
2735018,33.8134765625
2735062,47.54638671875
2735118,36.9873046875
2735165,36.1328125
2735338,35.400390625
2735477,52.6123046875
2735700,50.29296875
2744314,34.5458984375
2749476,35.58349609375
2755379,67.07763671875
2755428,35.400390625
2755455,35.5224609375
2755481,39.36767578125
2755513,49.86572265625
2755533,44.43359375
2755576,59.50927734375
2755600,40.8935546875
2755617,38.57421875
2755664,34.24072265625
2755677,33.5693359375
2755755,44.49462890625
2755869,37.109375
2755999,59.9365234375
2756494,46.2646484375
2773263,34.66796875
2781138,34.5458984375
2781376,35.400390625
2781481,69.3359375
2781493,39.6728515625
2781508,36.2548828125
2781556,35.46142578125
2781653,40.71044921875
2781693,36.43798828125
2781723,37.2314453125
2781776,81.97021484375
2781795,35.2783203125
2781817,40.95458984375
2781836,45.0439453125
2781864,39.73388671875
2781883,75.01220703125
2781909,48.76708984375
2781966,33.87451171875
2781980,61.6455078125
2782018,45.10498046875
2782073,41.32080078125
2782140,34.912109375
2782167,54.62646484375
2782281,42.90771484375
2782416,46.69189453125
2782591,46.2646484375
2801328,33.75244140625
2801724,35.58349609375
2801787,74.5849609375
2801834,43.8232421875
2801875,47.2412109375
2801915,33.935546875
2801944,51.69677734375
2801962,36.7431640625
2801990,56.94580078125
2802008,34.85107421875
2802031,46.32568359375
2802064,57.80029296875
2802103,33.5693359375
2802114,37.90283203125
2802177,53.52783203125
2802260,37.41455078125
2802293,48.88916015625
2802310,40.4052734375
2802405,58.837890625
2802562,56.21337890625
2802846,52.490234375
2802872,33.50830078125
2823899,35.2783203125
2824167,33.63037109375
2824338,35.5224609375
2824378,36.19384765625
2824601,36.56005859375
2824622,38.14697265625
2824717,41.8701171875
2824781,62.07275390625
2824804,51.1474609375
2824815,51.7578125
2824838,42.66357421875
2824897,36.43798828125
2824942,39.00146484375
2824963,33.87451171875
2825005,69.9462890625
2825056,49.74365234375
2825129,41.9921875
2825208,40.4052734375
2825428,62.8662109375
2846824,39.1845703125
2847044,38.26904296875
2847070,43.51806640625
2847105,42.29736328125
2847147,37.109375
2847170,42.90771484375
2847204,53.1005859375
2847229,37.53662109375
2847240,33.99658203125
2847273,45.22705078125
2847289,58.4716796875
2847306,37.78076171875
2847349,38.51318359375
2847374,60.85205078125
2847398,35.09521484375
2847470,44.25048828125
2847496,34.24072265625
2847570,41.07666015625
2847683,48.33984375
2847805,39.85595703125
2869774,36.43798828125
2869824,38.4521484375
2870403,60.48583984375
2870447,33.75244140625
2870491,36.92626953125
2870505,66.0400390625
2870541,73.486328125
2870583,36.19384765625
2870634,57.18994140625
2870648,52.8564453125
2870708,43.0908203125
2870731,69.82421875
2870756,43.27392578125
2870830,37.41455078125
2870847,34.85107421875
2870891,38.26904296875
2870932,51.08642578125
2871031,33.87451171875
2871082,48.4619140625
2871236,40.10009765625
2888784,35.64453125
2889296,37.109375
2889413,80.74951171875
2889503,44.0673828125
2889608,35.400390625
2889658,35.2783203125
2889717,48.828125
2889811,35.09521484375
2889835,45.34912109375
2889907,35.82763671875
2909202,40.52734375
2909440,34.5458984375
2909501,39.73388671875
2909511,99.365234375
2909534,41.56494140625
2909558,36.9873046875
2909586,35.5224609375
2909626,38.9404296875
2909665,37.65869140625
2909677,57.6171875
2909708,46.5087890625
2909750,45.0439453125
2909778,62.92724609375
2909821,37.9638671875
2909839,33.69140625
2909860,69.091796875
2909895,39.1845703125
2909946,46.44775390625
2910030,36.80419921875
2910141,43.76220703125
2910262,33.5693359375
2910439,47.8515625
2924424,37.2314453125
2924848,34.3017578125
2940899,38.26904296875
2941072,40.22216796875
2941131,40.4052734375
2941216,53.89404296875
2941263,39.6728515625
2941275,69.3359375
2941310,48.583984375
2941335,39.73388671875
2941358,59.75341796875
2941380,37.17041015625
2941401,38.9404296875
2941418,40.83251953125
2941438,52.55126953125
2941459,51.6357421875
2941495,47.7294921875
2941519,44.189453125
2941560,35.400390625
2941586,36.2548828125
2941641,39.24560546875
2941662,39.73388671875
2941700,39.9169921875
2941757,42.3583984375
2941853,35.21728515625
2941895,33.8134765625
2941989,41.9921875
2954377,41.3818359375
2974985,33.69140625
2975243,38.02490234375
2975254,36.9873046875
2975279,77.5146484375
2975327,33.87451171875
2975347,50.048828125
2975368,43.212890625
2975397,89.41650390625
2975440,49.01123046875
2975469,45.34912109375
2975490,54.6875
2975507,39.4287109375
2975540,49.072265625
2975550,35.46142578125
2975573,53.1005859375
2975634,43.15185546875
2975674,41.07666015625
2975770,39.6728515625
2975928,35.400390625
2976073,37.841796875
3000412,33.8134765625
3000456,47.05810546875
3000496,71.6552734375
3000507,41.259765625
3000582,34.60693359375
3000622,59.4482421875
3000683,33.87451171875
3000695,42.236328125
3000715,55.48095703125
3000758,49.31640625
3000785,35.400390625
3000818,34.912109375
3000842,37.2314453125
3000863,37.59765625
3000934,34.0576171875
3000957,36.0107421875
3000975,38.2080078125
3001060,33.8134765625
3001176,37.59765625
3001342,50.1708984375
3028286,46.81396484375
3028502,35.888671875
3028533,99.30419921875
3028642,34.7900390625
3028689,68.9697265625
3028708,39.97802734375
3028745,34.66796875
3028757,54.443359375
3028789,42.6025390625
3028799,62.98828125
3028822,36.43798828125
3028853,45.10498046875
3028872,38.4521484375
3028889,66.162109375
3028928,33.87451171875
3028956,34.24072265625
3028970,60.60791015625
3029035,33.50830078125
3029166,35.64453125
3029298,41.44287109375
3029469,45.59326171875
3049694,44.12841796875
3049776,38.39111328125
3049907,37.90283203125
3049925,33.447265625
3050141,68.29833984375
3050159,42.724609375
3050199,34.97314453125
3050233,36.0107421875
3050251,49.01123046875
3050271,64.0869140625
3050288,42.6025390625
3050343,33.63037109375
3050359,44.43359375
3050385,36.68212890625
3050483,42.1142578125
3050504,41.015625
3050561,40.22216796875
3050585,45.59326171875
3050702,49.8046875
3050876,41.015625
3051149,52.91748046875
3077569,33.447265625
3077611,34.3017578125
3077724,34.72900390625
3077746,49.4384765625
3077774,61.767578125
3077798,38.51318359375
3077819,39.55078125
3077871,42.236328125
3077890,55.908203125
3077913,44.5556640625
3077925,33.50830078125
3077949,45.95947265625
3077971,35.64453125
3077984,44.86083984375
3078026,34.97314453125
3078045,49.13330078125
3078078,52.1240234375
3078112,39.36767578125
3078123,35.46142578125
3078190,40.83251953125
3078301,36.0107421875
3078462,49.98779296875
3101919,35.58349609375
3102073,51.33056640625
3102092,36.865234375
3102206,39.00146484375
3102246,65.3076171875
3102258,48.583984375
3102289,39.73388671875
3102325,49.4384765625
3102349,64.02587890625
3102367,34.72900390625
3102390,35.15625
3102414,34.5458984375
3102441,48.095703125
3102476,39.1845703125
3102496,36.9873046875
3102507,34.11865234375
3102636,49.86572265625
3102753,40.83251953125
3102945,45.7763671875
3130035,39.48974609375
3130267,33.75244140625
3130280,35.888671875
3130472,43.39599609375
3130497,64.453125
3130524,39.00146484375
3130543,35.46142578125
3130559,33.63037109375
3130627,70.61767578125
3130646,36.31591796875
3130661,34.48486328125
3130699,46.7529296875
3130712,34.5458984375
3130729,48.03466796875
3130750,44.3115234375
3130788,36.1328125
3130807,35.33935546875
3130823,59.6923828125
3130865,35.82763671875
3130879,35.33935546875
3130911,37.109375
3131024,42.66357421875
3131128,35.21728515625
3131145,42.90771484375
3131328,48.095703125
3131414,34.0576171875
3891811,33.50830078125
3891824,42.236328125
3891864,44.921875
3891881,69.580078125
3891897,63.4765625
3891922,35.5224609375
3891939,70.86181640625
3891985,46.93603515625
3892062,36.31591796875
3892379,35.2783203125
3892756,36.80419921875
3893075,55.48095703125
3905593,34.3017578125
3908488,39.306640625
3908765,39.48974609375
3908866,34.3017578125
3908890,38.51318359375
3908917,43.5791015625
3908953,70.9228515625
3908963,42.8466796875
3908979,37.7197265625
3909026,85.8154296875
3909045,64.63623046875
3909060,52.42919921875
3909082,52.06298828125
3909112,65.24658203125
3909128,35.58349609375
3909196,54.74853515625
3909230,34.7900390625
3909297,40.34423828125
3909394,42.78564453125
3909499,39.24560546875
3909673,38.2080078125
3909865,54.6875
3910108,51.08642578125
3910377,34.0576171875
3918415,34.1796875
3918652,38.75732421875
3923057,34.72900390625
3923386,34.97314453125
3923875,34.85107421875
3923927,40.58837890625
3923940,88.5009765625
3923984,61.1572265625
3924002,58.9599609375
3924048,58.04443359375
3924068,37.841796875
3924103,42.17529296875
3924122,37.90283203125
3924147,39.6728515625
3924177,33.87451171875
3924210,36.62109375
3924237,39.1845703125
3924247,39.55078125
3924295,33.75244140625
3924334,40.34423828125
3924448,36.56005859375
3924586,46.93603515625
3924756,33.50830078125
3934300,33.5693359375
3934358,36.80419921875
3942892,33.69140625
3947737,33.447265625
3951688,34.3017578125
3951722,34.72900390625
3952121,39.12353515625
3952304,44.3115234375
3952344,39.36767578125
3952356,64.3310546875
3952383,44.0673828125
3952402,64.27001953125
3952429,37.109375
3952442,44.921875
3952469,44.61669921875
3952500,37.9638671875
3952542,49.9267578125
3952575,40.34423828125
3952626,35.21728515625
3952710,36.1328125
3952980,44.86083984375
3953192,36.31591796875
3953451,70.068359375
3953774,34.11865234375
3964370,34.912109375
3964401,34.36279296875
3964626,44.49462890625
3964797,56.57958984375
3964816,43.5791015625
3964958,87.890625
3964993,55.7861328125
3965012,35.58349609375
3965061,43.8232421875
3965078,81.787109375
3965111,52.8564453125
3965135,46.44775390625
3965162,35.46142578125
3965250,38.51318359375
3965353,38.2080078125
3965452,45.7763671875
3965608,43.0908203125
3965769,35.21728515625
3966120,52.06298828125
3977434,38.6962890625
3981709,34.11865234375
3981984,34.60693359375
3982262,39.9169921875
3989926,33.63037109375
3990179,33.99658203125
3990402,34.97314453125
3990504,33.50830078125
3990515,40.283203125
3990622,70.80078125
3990650,46.630859375
3990666,69.76318359375
3990710,41.50390625
3990730,46.56982421875
3990753,56.2744140625
3990781,35.2783203125
3990817,57.4951171875
3990837,33.8134765625
3990885,38.330078125
3990895,42.3583984375
3990923,33.63037109375
3990972,35.58349609375
3990988,35.7666015625
3990999,38.14697265625
3991054,35.0341796875
3991166,35.15625
3991186,33.69140625
3991335,37.4755859375
3991524,61.1572265625
4004419,35.70556640625
4004699,37.59765625
4004955,34.48486328125
4008953,34.423828125
4013878,40.71044921875
4014326,40.22216796875
4014481,34.423828125
4014522,74.5849609375
4014611,55.23681640625
4014645,37.17041015625
4014671,80.4443359375
4014692,39.48974609375
4014727,38.14697265625
4014762,45.10498046875
4014791,35.64453125
4014817,33.935546875
4014852,37.9638671875
4014936,42.8466796875
4015037,43.02978515625
4015142,42.17529296875
4015299,38.39111328125
4015574,44.12841796875
4016280,36.19384765625
4024492,34.423828125
4024800,39.55078125
4029721,37.353515625
4033965,33.935546875
4034224,36.19384765625
4034478,34.36279296875
4041040,37.17041015625
4041402,35.5224609375
4041483,65.673828125
4041523,47.607421875
4041693,80.13916015625
4041708,37.4755859375
4041758,39.00146484375
4041813,34.72900390625
4041825,44.921875
4041859,61.4013671875
4041870,43.212890625
4041911,52.55126953125
4041985,39.36767578125
4042005,63.8427734375
4042045,37.841796875
4042086,35.09521484375
4042114,43.212890625
4042149,51.94091796875
4042239,37.2314453125
4042261,44.49462890625
4042407,54.443359375
4042611,37.9638671875
4053022,35.64453125
4053632,36.07177734375
4060405,37.65869140625
4066875,36.43798828125
4067167,37.17041015625
4072511,40.34423828125
4077513,35.888671875
4088404,48.27880859375
4088596,37.841796875
4088657,69.2138671875
4088758,34.7900390625
4088794,39.794921875
4088808,62.744140625
4088859,37.353515625
4088906,48.583984375
4088917,33.87451171875
4088937,62.92724609375
4088962,43.76220703125
4088999,36.80419921875
4089024,55.5419921875
4089040,41.44287109375
4089102,36.62109375
4089142,38.4521484375
4089190,47.4853515625
4089219,34.11865234375
4089306,34.7900390625
4089517,34.97314453125
4089707,36.376953125
4099611,38.57421875
4099932,35.58349609375
4106189,34.7900390625
4106386,36.865234375
4113315,33.75244140625
4113529,35.70556640625
4113596,34.5458984375
4113733,62.43896484375
4113760,38.14697265625
4113811,34.5458984375
4113847,36.7431640625
4113941,76.66015625
4113977,41.015625
4113990,39.1845703125
4114056,47.91259765625
4114066,94.05517578125
4114111,38.75732421875
4114126,41.015625
4114153,43.8232421875
4114173,64.8193359375
4114265,50.35400390625
4114362,48.64501953125
4114467,43.27392578125
4114584,43.15185546875
4114757,46.38671875
4127080,34.5458984375
4135037,40.4052734375
4135452,34.1796875
4135491,35.888671875
4135526,41.9921875
4135825,43.88427734375
4135858,52.001953125
4135868,50.72021484375
4135940,35.888671875
4136045,38.0859375
4136065,59.99755859375
4136183,39.24560546875
4136234,48.4619140625
4136419,42.236328125
4147758,39.4287109375
4157259,39.36767578125
4157413,38.818359375
4157495,34.24072265625
4157536,68.54248046875
4157552,35.94970703125
4157586,36.62109375
4157634,38.9404296875
4157661,79.52880859375
4157700,34.912109375
4157739,64.94140625
4157752,81.787109375
4157815,43.9453125
4157834,55.2978515625
4157848,58.10546875
4157885,39.4287109375
4157957,48.7060546875
4158160,50.35400390625
4158281,33.447265625
4158447,42.3583984375
4158587,36.07177734375
4171219,36.43798828125
4171474,34.11865234375
4179803,36.7431640625
4180065,35.58349609375
4180749,69.15283203125
4180789,42.17529296875
4190085,36.376953125
4190370,40.771484375
4190657,39.55078125
4199113,37.109375
4199640,34.48486328125
4207942,38.39111328125
4218710,76.72119140625
4218738,34.36279296875
4218865,67.07763671875
4218886,44.61669921875
4218910,34.97314453125
4218984,35.33935546875
4219014,71.044921875
4219025,40.34423828125
4219097,57.2509765625
4219127,42.90771484375
4219194,40.1611328125
4219205,40.10009765625
4219271,50.6591796875
4219408,34.48486328125
4219515,42.41943359375
4219620,43.8232421875
4219946,46.56982421875
4234520,35.15625
4234953,36.43798828125
4235240,35.58349609375
4246845,36.1328125
4247265,41.6259765625
4247295,62.744140625
4247440,35.888671875
4247451,49.86572265625
4247498,45.8984375
4247523,41.8701171875
4247540,36.0107421875
4247552,70.6787109375
4247615,40.771484375
4247644,45.8984375
4247687,44.677734375
4247716,34.423828125
4247743,38.87939453125
4247786,35.888671875
4247815,39.55078125
4247834,39.4287109375
4247930,46.44775390625
4248031,34.36279296875
4248177,34.60693359375
4269556,35.46142578125
4269841,36.62109375
4269937,68.603515625
4269951,35.7666015625
4269975,34.36279296875
4270001,37.04833984375
4270041,40.1611328125
4270061,56.5185546875
4270090,65.0634765625
4270152,36.865234375
4270179,89.17236328125
4270207,35.7666015625
4270243,55.419921875
4270279,62.31689453125
4270333,33.935546875
4270355,33.69140625
4270376,54.38232421875
4270391,46.20361328125
4270434,35.33935546875
4270470,37.7197265625
4270519,34.5458984375
4270570,34.24072265625
4270679,40.22216796875
4270803,54.99267578125
4288148,34.24072265625
4288200,33.935546875
4288582,34.5458984375
4288634,33.447265625
4301821,34.60693359375
4301936,36.07177734375
4302324,39.6728515625
4302383,42.66357421875
4302468,56.5185546875
4302499,33.935546875
4302549,37.65869140625
4302603,35.46142578125
4302638,77.2705078125
4302742,38.63525390625
4302763,38.75732421875
4302773,36.07177734375
4302792,55.7861328125
4302834,36.62109375
4302845,35.21728515625
4302882,36.62109375
4302911,56.33544921875
4302935,36.80419921875
4303015,44.5556640625
4303065,40.0390625
4303125,35.15625
4303270,50.59814453125
4303454,40.4052734375
4327752,33.63037109375
4327820,39.61181640625
4327971,33.75244140625
4328038,40.52734375
4328139,63.8427734375
4328196,36.0107421875
4328243,38.6962890625
4328314,52.18505859375
4328333,44.677734375
4328352,33.50830078125
4328428,64.3310546875
4328454,34.66796875
4328494,44.61669921875
4328531,62.3779296875
4328564,37.841796875
4328581,33.447265625
4328601,35.09521484375
4328626,37.78076171875
4328686,38.26904296875
4328715,51.20849609375
4328813,36.7431640625
4328959,45.7763671875
4329193,52.55126953125
4329221,34.423828125
4351231,34.5458984375
4351456,37.109375
4351561,34.423828125
4351625,50.35400390625
4351656,35.94970703125
4351697,64.0869140625
4351739,38.51318359375
4351750,45.166015625
4351779,33.8134765625
4351800,41.9921875
4351840,59.4482421875
4351867,38.9404296875
4351898,38.57421875
4351930,35.94970703125
4351948,80.078125
4351966,36.56005859375
4352008,34.423828125
4352027,35.2783203125
4352041,33.50830078125
4352051,49.98779296875
4352115,43.27392578125
4352144,55.60302734375
4352232,43.51806640625
4352349,39.55078125
4352529,44.921875
4378009,43.9453125
4378143,33.5693359375
4378208,37.7197265625
4378438,37.90283203125
4378509,39.97802734375
4378539,34.0576171875
4378562,37.90283203125
4378592,41.1376953125
4378608,69.51904296875
4378642,34.5458984375
4378658,58.28857421875
4378701,55.6640625
4378758,39.0625
4378788,38.9404296875
4378799,42.3583984375
4378836,38.02490234375
4378878,35.64453125
4378948,35.82763671875
4378978,43.3349609375
4379096,48.828125
4379257,34.912109375
4404855,40.34423828125
4405132,33.99658203125
4405182,35.888671875
4405240,38.57421875
4405311,49.74365234375
4405347,36.9873046875
4405378,36.56005859375
4405437,36.07177734375
4405452,66.89453125
4405485,35.82763671875
4405517,46.5087890625
4405557,54.8095703125
4405584,41.80908203125
4405609,36.07177734375
4405639,35.400390625
4405652,61.34033203125
4405684,35.33935546875
4405745,34.423828125
4405841,35.15625
4405949,38.02490234375
4406099,43.3349609375
4406348,39.61181640625
5355308,68.4814453125
5355338,47.30224609375
5355359,66.7724609375
5355397,63.96484375
5355432,44.921875
5355447,42.54150390625
5355493,34.912109375
5355677,34.0576171875
5356560,50.6591796875
5356724,57.861328125
5356972,53.22265625
5368934,36.2548828125
5372860,35.21728515625
5372892,35.2783203125
5378690,34.48486328125
5380622,42.96875
5380911,33.87451171875
5381091,63.04931640625
5381109,52.18505859375
5381136,44.49462890625
5381164,33.8134765625
5381182,94.482421875
5381198,34.912109375
5381241,39.1845703125
5381270,35.400390625
5381296,59.5703125
5381310,34.7900390625
5381346,57.4951171875
5381357,39.97802734375
5381382,34.85107421875
5381419,40.52734375
5381502,41.56494140625
5381594,33.87451171875
5381690,35.09521484375
5381815,35.5224609375
5381958,44.49462890625
5382218,57.31201171875
5382521,54.87060546875
5382777,67.56591796875
5388441,35.70556640625
5393617,39.61181640625
5398879,34.48486328125
5403485,42.78564453125
5403532,33.8134765625
5403805,44.189453125
5404006,35.94970703125
5404040,37.53662109375
5404061,64.75830078125
5404090,42.48046875
5404132,48.52294921875
5404145,36.376953125
5404169,53.1005859375
5404186,33.69140625
5404210,40.4052734375
5404256,47.91259765625
5404267,45.8984375
5404312,49.560546875
5404338,41.748046875
5404384,39.73388671875
5404500,34.912109375
5404571,34.66796875
5404669,45.47119140625
5404780,45.71533203125
5404932,53.89404296875
5405182,62.01171875
5405394,38.14697265625
5405688,33.63037109375
5406112,33.69140625
5414763,34.36279296875
5419911,35.09521484375
5419992,35.21728515625
5423787,35.888671875
5429861,34.66796875
5434022,36.0107421875
5434427,33.50830078125
5434558,41.56494140625
5434570,35.70556640625
5434685,45.95947265625
5434707,40.771484375
5434720,100.341796875
5434747,46.875
5434760,70.49560546875
5434803,63.65966796875
5434824,51.8798828125
5434841,35.21728515625
5434859,34.85107421875
5434877,34.0576171875
5434921,38.2080078125
5434982,33.75244140625
5435003,58.4716796875
5435155,33.99658203125
5435257,39.0625
5435374,42.724609375
5435563,44.73876953125
5435806,43.9453125
5444082,35.7666015625
5454027,36.19384765625
5466584,35.0341796875
5466744,34.36279296875
5466851,35.2783203125
5467115,36.68212890625
5467310,38.51318359375
5467482,70.12939453125
5467514,39.61181640625
5467529,51.26953125
5467542,45.8984375
5467592,80.810546875
5467602,35.58349609375
5467633,37.41455078125
5467672,57.31201171875
5467682,41.32080078125
5467707,40.22216796875
5467720,37.53662109375
5467752,37.17041015625
5467787,35.64453125
5467834,34.97314453125
5467857,36.62109375
5467919,37.59765625
5468004,35.46142578125
5468102,37.29248046875
5468202,44.12841796875
5468329,39.55078125
5481246,45.10498046875
5481491,33.99658203125
5481724,34.912109375
5481884,66.83349609375
5481895,37.04833984375
5481955,39.00146484375
5482029,40.0390625
5482068,71.10595703125
5482081,49.37744140625
5482115,38.330078125
5482152,50.1708984375
5482164,37.4755859375
5482187,34.24072265625
5482201,61.279296875
5482211,54.13818359375
5482272,36.43798828125
5482296,61.21826171875
5482316,42.3583984375
5482352,33.69140625
5482372,50.29296875
5482398,46.08154296875
5482413,37.65869140625
5482489,36.376953125
5482588,36.56005859375
5482693,41.3818359375
5482891,38.39111328125
5483067,55.60302734375
5496227,35.15625
5501409,55.11474609375
5501431,34.11865234375
5501449,38.2080078125
5501473,50.35400390625
5501485,35.46142578125
5501507,62.255859375
5501525,56.640625
5501537,35.888671875
5501561,76.2939453125
5501573,34.36279296875
5501601,42.236328125
5501632,46.20361328125
5501662,44.921875
5501722,54.6875
5501775,36.56005859375
5501822,37.59765625
5501918,42.236328125
5501976,34.1796875
5502031,39.00146484375
5502147,46.630859375
5502318,59.814453125
5502477,36.31591796875
5502525,50.29296875
5521328,35.46142578125
5521772,55.35888671875
5521820,37.78076171875
5521880,35.400390625
5521924,39.9169921875
5521936,77.2705078125
5521960,40.283203125
5521985,41.44287109375
5522025,56.640625
5522076,36.31591796875
5522104,40.71044921875
5522123,62.3779296875
5522156,34.72900390625
5522207,53.03955078125
5522285,42.78564453125
5522336,35.94970703125
5522375,45.71533203125
5522470,38.57421875
5522579,46.7529296875
5522784,50.4150390625
5523153,49.25537109375
5540127,38.6962890625
5545644,34.1796875
5545907,79.16259765625
5546080,34.72900390625
5546110,50.72021484375
5546132,43.212890625
5546153,72.32666015625
5546167,44.49462890625
5546216,49.01123046875
5546236,45.5322265625
5546269,53.5888671875
5546302,49.8046875
5546322,36.31591796875
5546358,50.59814453125
5546383,40.1611328125
5546411,41.6259765625
5546453,63.17138671875
5546547,36.43798828125
5546644,43.15185546875
5546749,43.64013671875
5546908,42.05322265625
5546991,34.36279296875
5564375,34.0576171875
5570879,62.31689453125
5570891,44.677734375
5570911,42.48046875
5570957,38.14697265625
5570969,38.63525390625
5571006,35.2783203125
5571034,45.5322265625
5571053,69.03076171875
5571063,45.0439453125
5571084,47.42431640625
5571101,36.9873046875
5571117,46.9970703125
5571142,92.1630859375
5571212,42.96875
5571241,52.42919921875
5571269,33.87451171875
5571323,38.2080078125
5571334,39.9169921875
5571413,38.75732421875
5571521,35.888671875
5571636,56.7626953125
5571863,40.22216796875
5584702,37.109375
5585019,38.57421875
5592709,37.53662109375
5592977,38.330078125
5593039,41.259765625
5593052,36.56005859375
5593104,68.05419921875
5593131,41.6259765625
5593167,35.33935546875
5593194,47.05810546875
5593225,44.677734375
5593249,45.71533203125
5593267,43.45703125
5593295,47.79052734375
5593322,66.40625
5593425,50.9033203125
5593499,33.69140625
5593519,42.66357421875
5593618,37.841796875
5593737,40.10009765625
5593899,42.17529296875
5594092,50.6591796875
5608733,35.70556640625
5609569,37.4755859375
5619285,33.50830078125
5619387,43.0908203125
5619456,44.25048828125
5619503,62.744140625
5619521,53.466796875
5619551,37.4755859375
5619579,37.41455078125
5619605,61.1572265625
5619687,60.85205078125
5619702,34.1796875
5619722,54.0771484375
5619777,39.1845703125
5619800,35.15625
5619866,35.94970703125
5619952,40.8935546875
5620054,43.5791015625
5620190,42.90771484375
5620380,53.1005859375
5635326,34.5458984375
5647061,34.11865234375
5647211,35.09521484375
5647338,38.51318359375
5647395,35.94970703125
5647440,57.2509765625
5647467,38.6962890625
5647506,49.13330078125
5647522,36.31591796875
5647546,43.27392578125
5647562,33.75244140625
5647582,73.91357421875
5647602,46.9970703125
5647627,47.4853515625
5647660,50.59814453125
5647703,34.36279296875
5647739,39.1845703125
5647822,42.17529296875
5647834,37.78076171875
5647905,37.65869140625
5647925,35.21728515625
5647997,34.423828125
5648010,39.85595703125
5648091,46.32568359375
5648129,34.85107421875
5648244,42.41943359375
5648450,55.35888671875
5648715,66.40625
5648980,37.53662109375
5667726,38.0859375
5667974,42.78564453125
5668100,40.34423828125
5668154,35.15625
5668173,35.58349609375
5668220,35.400390625
5668234,37.109375
5668244,57.6171875
5668294,37.109375
5668306,58.89892578125
5668323,35.46142578125
5668358,40.95458984375
5668375,55.17578125
5668425,35.5224609375
5668441,35.0341796875
5668457,58.59375
5668499,46.32568359375
5668547,38.818359375
5668576,39.00146484375
5668641,34.11865234375
5668735,35.82763671875
5668841,51.1474609375
5668999,43.212890625
5669243,37.841796875
5690584,36.376953125
5690779,80.38330078125
5690812,35.888671875
5690843,39.36767578125
5690892,86.73095703125
5690905,53.22265625
5690957,37.65869140625
5690984,42.78564453125
5690998,54.87060546875
5691022,39.4287109375
5691054,50.4150390625
5691101,72.44873046875
5691116,35.400390625
5691202,62.80517578125
5691295,44.25048828125
5691401,33.99658203125
5691530,40.0390625
5691652,34.11865234375
5691768,47.18017578125
5692195,33.99658203125
5712084,35.0341796875
5712317,34.0576171875
5712685,36.2548828125
5713087,35.33935546875
5713199,39.6728515625
5729971,34.0576171875
5730219,34.3017578125
5730233,34.85107421875
5730322,33.935546875
5730400,35.33935546875
5730458,84.41162109375
5730472,36.1328125
5730492,40.71044921875
5730510,40.8935546875
5730561,37.9638671875
5730583,61.4013671875
5730603,40.771484375
5730627,44.0673828125
5730638,39.73388671875
5730681,58.2275390625
5730695,34.72900390625
5730727,43.15185546875
5730768,53.03955078125
5730791,36.07177734375
5730828,33.8134765625
5730856,41.07666015625
5730941,34.1796875
5731025,35.09521484375
5731071,34.85107421875
5731128,42.48046875
5731252,40.46630859375
5731446,40.771484375
5731566,41.44287109375
5764718,36.1328125
5764936,46.08154296875
5765001,36.0107421875
5765048,40.46630859375
5765079,82.09228515625
5765107,39.97802734375
5765123,34.912109375
5765143,34.1796875
5765186,33.69140625
5765213,66.2841796875
5765225,62.07275390625
5765250,41.3818359375
5765279,51.3916015625
5765340,39.61181640625
5765364,58.7158203125
5765398,37.17041015625
5765439,41.9921875
5765530,47.8515625
5765611,37.59765625
5765705,38.57421875
5765827,38.818359375
5765988,43.02978515625
5766240,55.60302734375
5793911,35.400390625
5794012,36.865234375
5794343,84.28955078125
5794418,36.9873046875
5794445,49.37744140625
5794476,38.9404296875
5794503,94.54345703125
5794529,48.76708984375
5794564,45.0439453125
5794598,38.63525390625
5794615,53.03955078125
5794636,34.0576171875
5794659,36.07177734375
5794687,35.94970703125
5794724,40.58837890625
5794771,38.26904296875
5794827,37.65869140625
5794845,36.865234375
5794924,38.02490234375
5795023,37.29248046875
5795149,37.04833984375
5795328,45.22705078125
5795573,35.888671875
5827682,39.306640625
5827850,33.69140625
5827899,34.24072265625
5827944,35.0341796875
5828024,35.7666015625
5828065,35.58349609375
5828101,54.19921875
5828122,40.771484375
5828153,37.29248046875
5828169,61.34033203125
5828185,40.46630859375
5828219,51.8798828125
5828256,41.93115234375
5828271,62.1337890625
5828307,43.701171875
5828346,33.935546875
5828367,35.09521484375
5828429,40.34423828125
5828498,40.46630859375
5828596,34.1796875
5828810,35.94970703125
5829029,48.15673828125
5829143,35.94970703125
5861477,43.15185546875
5861495,42.66357421875
5861671,37.59765625
5861692,36.9873046875
5861801,53.3447265625
5861834,35.21728515625
5861850,33.50830078125
5861901,40.52734375
5861916,77.0263671875
5861950,41.1376953125
5861964,41.50390625
5861994,54.74853515625
5862007,53.40576171875
5862034,38.818359375
5862084,46.08154296875
5862097,34.24072265625
5862168,38.4521484375
5862224,41.015625
5862584,38.818359375
5862744,64.02587890625
5900803,40.46630859375
5900994,34.48486328125
5901068,36.68212890625
5901112,40.771484375
5901135,39.61181640625
5901169,80.74951171875
5901201,51.20849609375
5901228,52.1240234375
5901244,36.31591796875
5901270,52.3681640625
5901284,81.35986328125
5901319,39.9169921875
5901357,46.93603515625
5901386,37.17041015625
5901439,33.63037109375
5901489,37.04833984375
5902072,43.701171875
5902497,36.4990234375
5930766,37.65869140625
5930883,35.46142578125
5931042,55.23681640625
5931056,40.52734375
5931088,42.17529296875
5931150,43.701171875
5931167,42.3583984375
5931198,54.19921875
5931221,45.2880859375
5931245,39.85595703125
5931263,35.58349609375
5931305,39.794921875
5931334,37.841796875
5931398,35.82763671875
5931410,37.04833984375
5931485,44.73876953125
5931564,34.7900390625
5931656,35.33935546875
5931766,48.583984375
5931977,37.53662109375
5932294,44.12841796875
5967213,38.14697265625
5967271,33.75244140625
5967428,58.4716796875
5967492,78.43017578125
5967565,43.701171875
5967586,50.59814453125
5967612,66.7724609375
5967674,39.73388671875
5967709,51.1474609375
5967720,44.25048828125
5967752,34.72900390625
5967785,54.3212890625
5967813,45.71533203125
5967859,38.57421875
5967925,38.6962890625
5968044,40.22216796875
5968316,37.9638671875
5968491,50.59814453125
6015312,34.423828125
6015338,40.52734375
6015522,33.69140625
6015545,46.630859375
6015567,36.68212890625
6015612,39.4287109375
6015641,39.24560546875
6015668,60.546875
6015685,63.4765625
6015700,46.5087890625
6015719,47.42431640625
6015744,37.17041015625
6015757,41.6259765625
6015793,41.93115234375
6015803,50.4150390625
6015823,35.888671875
6015835,41.015625
6015871,49.560546875
6015909,58.9599609375
6015932,36.56005859375
6015958,42.48046875
6015976,41.8701171875
6016385,38.9404296875
6016521,42.29736328125
6016743,38.818359375
6039751,34.66796875
6039958,42.96875
6040119,36.865234375
6040141,77.08740234375
6040190,34.66796875
6040251,37.109375
6040311,49.31640625
6040326,48.2177734375
6040405,56.7626953125
6040433,52.490234375
6040458,41.19873046875
6040479,54.50439453125
6040502,63.04931640625
6040520,40.71044921875
6040553,38.57421875
6040587,49.560546875
6040674,45.59326171875
6040759,39.61181640625
6040866,36.56005859375
6041000,42.6025390625
6041281,53.64990234375
6818673,40.34423828125
6818706,41.1376953125
6818730,42.90771484375
6818750,39.4287109375
6818770,82.94677734375
6818802,57.861328125
6818812,95.64208984375
6818849,42.8466796875
6818978,36.2548828125
6819141,35.09521484375
6819931,34.3017578125
6820075,34.3017578125
6820112,59.50927734375
6820422,33.69140625
6820441,52.55126953125
6832435,34.11865234375
6836884,35.400390625
6837946,35.0341796875
6839190,34.1796875
6846641,39.36767578125
6884468,35.70556640625
6895723,35.82763671875
6896030,37.29248046875
6896233,40.46630859375
6896324,40.46630859375
6896342,69.88525390625
6896360,41.07666015625
6896394,44.73876953125
6896412,46.0205078125
6896422,57.92236328125
6896453,38.14697265625
6896476,43.88427734375
6896498,44.49462890625
6896518,34.423828125
6896540,48.40087890625
6896651,47.91259765625
6897067,34.60693359375
6897188,33.935546875
6897361,39.85595703125
6897621,60.36376953125
6897846,34.1796875
6898045,34.24072265625
6898078,34.5458984375
6898181,52.79541015625
6916627,35.33935546875
6920501,37.353515625
6936323,39.73388671875
6946208,36.865234375
6952043,34.5458984375
6956202,33.63037109375
6956669,35.15625
6956709,35.82763671875
6956756,40.4052734375
6956767,49.13330078125
6956788,37.353515625
6956817,40.83251953125
6956837,54.0771484375
6956850,52.1240234375
6956883,44.7998046875
6956898,41.8701171875
6956913,78.67431640625
6956956,41.44287109375
6956978,52.91748046875
6957016,37.53662109375
6957040,43.45703125
6957102,35.64453125
6957290,36.80419921875
6957588,42.3583984375
6957755,45.41015625
6957999,67.07763671875
6958182,46.630859375
6959105,33.50830078125
6978107,38.26904296875
6979018,45.41015625
6979211,35.09521484375
6979228,39.73388671875
6979241,42.17529296875
6979284,50.6591796875
6979321,88.9892578125
6979338,49.6826171875
6979364,45.22705078125
6979408,49.31640625
6979419,41.3818359375
6979444,44.61669921875
6979480,47.2412109375
6979520,49.49951171875
6979536,38.39111328125
6979563,55.6640625
6979636,41.8701171875
6979799,36.19384765625
6979905,44.921875
6980032,39.1845703125
6980190,53.77197265625
6980393,49.6826171875
6980574,36.1328125
6980644,69.82421875
6996645,35.888671875
7004736,36.31591796875
7004936,35.82763671875
7005008,34.36279296875
7005080,42.724609375
7005093,35.09521484375
7005112,65.91796875
7005134,43.64013671875
7005151,48.095703125
7005172,36.9873046875
7005182,43.64013671875
7005205,77.392578125
7005234,38.4521484375
7005264,57.7392578125
7005278,53.89404296875
7005312,35.0341796875
7005345,38.330078125
7005434,40.1611328125
7005517,42.78564453125
7005605,49.31640625
7005718,41.6259765625
7005824,39.00146484375
7005961,55.0537109375
7006193,45.59326171875
7025351,36.865234375
7034843,34.5458984375
7035088,36.4990234375
7035216,44.12841796875
7035242,39.24560546875
7035254,46.38671875
7035300,81.60400390625
7035312,34.97314453125
7035333,39.4287109375
7035368,60.05859375
7035388,62.01171875
7035413,35.5224609375
7035450,66.0400390625
7035480,41.19873046875
7035490,36.56005859375
7035508,33.5693359375
7035528,44.43359375
7035612,42.90771484375
7035780,34.60693359375
7035879,38.57421875
7036007,49.13330078125
7036209,48.7060546875
7036445,35.58349609375
7056400,34.36279296875
7063218,36.9873046875
7063394,38.87939453125
7063543,37.53662109375
7063594,99.18212890625
7063619,39.12353515625
7063647,37.353515625
7063672,38.26904296875
7063685,97.412109375
7063710,34.24072265625
7063729,35.400390625
7063761,66.89453125
7063790,36.31591796875
7063819,35.888671875
7063907,47.66845703125
7063993,41.3818359375
7064083,33.87451171875
7064199,41.07666015625
7064322,39.97802734375
7064511,47.607421875
7064769,41.93115234375
7086106,36.68212890625
7093812,34.24072265625
7094101,39.1845703125
7094284,45.654296875
7094358,34.7900390625
7094379,46.32568359375
7094427,69.580078125
7094452,84.5947265625
7094467,45.8984375
7094491,33.75244140625
7094536,69.88525390625
7094579,34.60693359375
7094609,46.142578125
7094694,46.7529296875
7094712,39.24560546875
7094777,36.62109375
7094861,40.83251953125
7094965,52.30712890625
7095108,50.78125
7095258,40.771484375
7095457,39.73388671875
7095613,34.36279296875
7096151,35.94970703125
7119547,34.66796875
7119558,54.6875
7119580,77.2705078125
7119628,66.95556640625
7119648,34.60693359375
7119676,68.9697265625
7119707,38.51318359375
7119755,91.12548828125
7119768,34.48486328125
7119835,46.69189453125
7119851,34.423828125
7119913,50.4150390625
7119941,36.376953125
7120001,35.58349609375
7120017,34.85107421875
7120090,40.771484375
7120222,39.794921875
7120372,46.5087890625
7120520,36.2548828125
7120575,40.52734375
7120834,53.28369140625
7142555,39.48974609375
7153093,33.50830078125
7153241,35.33935546875
7153342,37.353515625
7153371,60.60791015625
7153395,37.109375
7153419,50.29296875
7153445,38.87939453125
7153465,58.2275390625
7153494,39.73388671875
7153517,35.64453125
7153531,76.0498046875
7153606,46.20361328125
7153637,41.3818359375
7153679,50.23193359375
7153741,36.2548828125
7153753,36.07177734375
7153927,39.1845703125
7154034,40.34423828125
7154163,49.9267578125
7154382,53.89404296875
7198300,35.82763671875
7198588,36.19384765625
7198974,35.2783203125
7199144,36.31591796875
7199157,79.7119140625
7199229,54.26025390625
7199242,46.7529296875
7199274,57.67822265625
7199287,48.40087890625
7199308,43.212890625
7199331,33.5693359375
7199354,47.4853515625
7199431,42.41943359375
7199449,39.6728515625
7199509,41.19873046875
7199592,34.48486328125
7199680,33.99658203125
7199788,49.9267578125
7199957,50.23193359375
7200170,50.10986328125
7200429,68.29833984375
7242238,34.3017578125
7242418,36.68212890625
7242535,64.14794921875
7242547,92.71240234375
7242635,44.00634765625
7242647,74.52392578125
7242667,49.6826171875
7242697,38.75732421875
7242724,69.580078125
7242746,40.71044921875
7242787,46.9970703125
7242798,64.51416015625
7242824,36.92626953125
7242873,36.865234375
7242885,44.5556640625
7242942,41.3818359375
7243034,38.330078125
7243194,38.57421875
7243328,41.68701171875
7243480,39.61181640625
7243681,50.59814453125
7266002,34.24072265625
7277991,33.447265625
7278470,57.92236328125
7278532,38.2080078125
7278560,36.80419921875
7278600,35.82763671875
7278612,91.00341796875
7278650,40.46630859375
7278682,48.64501953125
7278693,34.97314453125
7278724,38.63525390625
7278779,56.21337890625
7278820,36.4990234375
7278855,48.76708984375
7278866,39.1845703125
7278932,36.56005859375
7279097,34.60693359375
7279108,33.99658203125
7279210,38.14697265625
7279348,44.73876953125
7279509,47.91259765625
7280516,43.02978515625
7312020,38.57421875
7312276,34.97314453125
7312430,52.18505859375
7312505,67.19970703125
7312520,37.9638671875
7312550,37.4755859375
7312572,43.3349609375
7312596,46.20361328125
7312625,77.69775390625
7312640,45.83740234375
7312677,36.68212890625
7312709,71.2890625
7312727,34.912109375
7312766,39.36767578125
7312781,56.0302734375
7312815,34.0576171875
7312861,47.18017578125
7312907,34.5458984375
7312946,34.24072265625
7312980,33.935546875
7313021,33.935546875
7313116,37.41455078125
7313217,40.771484375
7313339,51.69677734375
7313565,46.630859375
7359496,40.22216796875
7359678,35.64453125
7359741,37.78076171875
7359802,59.02099609375
7359839,35.70556640625
7359866,45.8984375
7359883,36.68212890625
7359908,53.16162109375
7359925,41.3818359375
7359959,37.109375
7359981,48.40087890625
7359991,56.7626953125
7360022,34.36279296875
7360059,40.4052734375
7360098,34.1796875
7360108,33.99658203125
7360134,44.37255859375
7360218,35.15625
7360286,41.3818359375
7360320,33.87451171875
7360674,41.015625
7360852,49.072265625
7361042,56.82373046875
7392109,38.330078125
7392344,42.236328125
7392485,85.26611328125
7392566,34.97314453125
7392588,42.66357421875
7392618,47.36328125
7392633,38.39111328125
7392644,41.07666015625
7392669,38.26904296875
7392679,50.1708984375
7392709,54.38232421875
7392730,62.3779296875
7392746,35.400390625
7392761,33.447265625
7392799,35.15625
7392816,58.2275390625
7392837,33.69140625
7392891,37.17041015625
7392979,37.78076171875
7393046,44.5556640625
7393061,33.50830078125
7393099,34.0576171875
7393139,42.96875
7393256,46.875
7393377,41.1376953125
7433204,34.423828125
7433421,38.51318359375
7433484,33.935546875
7433547,43.0908203125
7433568,35.09521484375
7433602,37.65869140625
7433612,41.9921875
7433645,44.37255859375
7433673,109.68017578125
7433694,44.3115234375
7433735,45.2880859375
7433764,62.255859375
7433774,42.78564453125
7433801,34.60693359375
7433811,38.51318359375
7433833,43.0908203125
7433861,34.0576171875
7433900,49.37744140625
7433979,34.912109375
7434016,36.56005859375
7434035,36.376953125
7434107,41.56494140625
7434295,33.935546875
7434435,46.0205078125
7434644,52.91748046875
7434914,60.85205078125
7472293,37.65869140625
7472303,42.236328125
7472465,33.447265625
7472628,37.7197265625
7472677,49.8046875
7472701,43.15185546875
7472734,55.23681640625
7472757,48.33984375
7472783,38.4521484375
7472814,52.30712890625
7472840,49.37744140625
7472887,38.330078125
7472902,38.2080078125
7472978,42.66357421875
7473041,35.33935546875
7473069,35.400390625
7473104,36.92626953125
7473272,34.7900390625
7473452,33.935546875
7473706,45.10498046875
7474017,58.10546875
7597485,39.97802734375
7597670,41.6259765625
7597727,59.50927734375
7597753,40.46630859375
7597777,42.05322265625
7597802,46.20361328125
7597818,38.330078125
7597837,39.24560546875
7597878,47.607421875
7597895,48.583984375
7597939,39.6728515625
7597959,75.13427734375
7597988,36.92626953125
7598000,35.09521484375
7598041,37.59765625
7598076,34.0576171875
7598162,34.48486328125
7598750,43.9453125
7598948,46.5087890625
7599049,35.2783203125
7630877,44.3115234375
7631061,38.51318359375
7631104,39.61181640625
7631145,34.85107421875
7631218,35.888671875
7631242,54.87060546875
7631272,42.05322265625
7631342,38.02490234375
7631363,70.12939453125
7631380,45.8984375
7631422,64.697265625
7631445,53.466796875
7631499,39.00146484375
7631527,54.8095703125
7631601,34.85107421875
7631804,36.865234375
7632026,40.0390625
7632136,38.63525390625
7632353,48.15673828125
7672540,40.34423828125
7672604,35.888671875
7672646,37.841796875
7672734,46.08154296875
7672762,33.63037109375
7672792,39.4287109375
7672809,37.04833984375
7672855,38.2080078125
7672869,63.90380859375
7672893,42.05322265625
7672924,51.1474609375
7672957,78.369140625
7672972,37.65869140625
7672992,75.3173828125
7673034,56.7626953125
7673047,33.50830078125
7673074,39.85595703125
7673104,43.02978515625
7673156,33.69140625
7673167,49.01123046875
7673654,36.80419921875
7673803,44.0673828125
7673985,59.2041015625
7674203,35.09521484375
7685544,33.87451171875
7685853,38.9404296875
7703054,34.423828125
7703257,37.9638671875
7703413,55.0537109375
7703464,44.12841796875
7703485,46.44775390625
7703537,41.1376953125
7703587,68.29833984375
7703603,47.7294921875
7703619,35.7666015625
7703650,52.30712890625
7703672,49.8046875
7703750,69.76318359375
7703823,59.6923828125
7703894,40.0390625
7703979,34.3017578125
7704057,39.12353515625
7704199,34.11865234375
7704334,39.61181640625
7704507,50.47607421875
7719643,36.80419921875
7740174,36.2548828125
7752092,36.2548828125
7752310,39.97802734375
7752591,45.34912109375
7752608,36.62109375
7752619,33.447265625
7752634,35.64453125
7752667,80.99365234375
7752702,46.0205078125
7752736,39.794921875
7752759,47.54638671875
7752770,74.89013671875
7752789,53.22265625
7752818,40.283203125
7752852,38.14697265625
7752926,44.12841796875
7752962,36.1328125
7753009,37.841796875
7753085,45.5322265625
7753170,38.02490234375
7753268,42.17529296875
7753377,49.62158203125
7753522,43.76220703125
7753699,49.13330078125
7754074,33.447265625
7773197,45.166015625
7773462,36.43798828125
7783047,42.8466796875
7783280,37.65869140625
7793968,36.1328125
7794368,33.99658203125
7794401,45.22705078125
7802409,46.9970703125
7824113,38.75732421875
7824674,34.97314453125
7824704,34.48486328125
7824787,36.7431640625
7836697,38.2080078125
7837287,36.43798828125
7850522,35.58349609375
7850763,39.97802734375
7861769,35.888671875
7861902,37.41455078125
7862159,42.66357421875
7912418,38.39111328125
7922982,36.4990234375
7923270,38.63525390625
7933390,37.109375
7943268,41.32080078125
7955562,35.888671875
7965713,46.142578125
7975774,38.39111328125
7976116,40.771484375
8004004,39.0625
8021626,36.92626953125
8029058,37.841796875
8046514,33.75244140625
8053813,34.0576171875
8053827,35.58349609375
8061679,38.87939453125
8070052,35.09521484375
8078431,35.888671875
8087162,34.11865234375
8087283,35.5224609375
8098298,34.912109375
8108483,35.33935546875
8117347,33.87451171875
8131044,37.65869140625
8131059,33.50830078125
8131320,34.72900390625
8143713,34.48486328125
8144011,38.57421875
8153619,34.60693359375
8170105,49.98779296875
8170322,39.0625
8170420,34.5458984375
8170449,35.70556640625
8170527,37.53662109375
8170560,48.4619140625
8170577,54.26025390625
8170599,45.83740234375
8170620,33.99658203125
8170642,57.4951171875
8170656,96.37451171875
8170692,39.55078125
8170720,51.69677734375
8170772,44.7998046875
8170792,35.888671875
8170822,37.2314453125
8170896,49.13330078125
8171173,34.60693359375
8171698,49.13330078125
8190290,33.50830078125
8205538,39.73388671875
8206068,34.0576171875
8222869,41.07666015625
8229485,36.92626953125
8235994,33.935546875
8242035,38.818359375
8248000,41.19873046875
8258598,34.1796875
8264509,37.29248046875
8278917,34.11865234375
8291371,34.24072265625
8304561,40.95458984375
8320706,40.83251953125
8327958,37.353515625
8335533,39.12353515625
8342938,34.97314453125
8350236,33.99658203125
8357582,34.72900390625
8366025,38.39111328125
8375638,36.56005859375
8375938,36.92626953125
8382634,39.9169921875
8389187,35.94970703125
8404829,34.24072265625
8405267,37.7197265625
8413448,48.03466796875
8413797,33.69140625
8421290,35.5224609375
8429386,35.0341796875
8429685,33.63037109375
8438019,35.15625
8446938,35.94970703125
8455368,40.71044921875
8455713,39.794921875
8465678,36.376953125
8465950,35.0341796875
8474673,36.0107421875
8485608,33.75244140625
8485777,35.15625
8486577,35.82763671875
8486902,38.818359375
8486921,37.9638671875
8486935,34.97314453125
8486964,39.4287109375
8487010,59.50927734375
8487042,108.70361328125
8487063,42.1142578125
8487082,38.57421875
8487093,39.36767578125
8487121,74.03564453125
8487132,46.630859375
8487157,33.447265625
8487193,39.4287109375
8487228,40.34423828125
8487260,57.4951171875
8487322,36.31591796875
8487384,40.46630859375
8488101,35.400390625
8488323,54.99267578125
8524000,33.63037109375
8524561,35.400390625
8545714,39.9169921875
8545787,35.15625
8545977,34.97314453125
8546288,36.92626953125
8546329,61.34033203125
8546348,48.583984375
8546372,39.4287109375
8546404,65.61279296875
8546471,44.921875
8546530,49.9267578125
8546580,34.912109375
8546610,36.9873046875
8546654,37.2314453125
8546677,35.70556640625
8547171,41.8701171875
8547294,46.93603515625
8547471,44.00634765625
8547911,33.99658203125
8548017,35.09521484375
8548864,39.4287109375
9787625,37.04833984375
9787642,33.87451171875
9787665,78.06396484375
9787696,52.001953125
9787713,148.37646484375
9787737,35.09521484375
9787758,37.17041015625
9787802,35.94970703125
9788851,35.33935546875
9788993,40.58837890625
9789172,41.8701171875
9789309,39.61181640625
9789480,50.9033203125
9789609,38.330078125
9789653,37.109375
9789717,49.1943359375
9790004,51.6357421875
9790156,37.65869140625
9800811,34.1796875
9800941,40.46630859375
9800973,40.0390625
9800997,38.4521484375
9801019,87.82958984375
9801034,42.6025390625
9801108,38.75732421875
9801141,67.44384765625
9801156,34.60693359375
9801176,34.11865234375
9801262,59.87548828125
9801317,34.7900390625
9801390,51.20849609375
9801513,57.06787109375
9801638,34.97314453125
9801772,52.91748046875
9801923,50.6591796875
9802098,51.6357421875
9802330,33.447265625
9814470,37.41455078125
9821071,33.50830078125
9830458,34.66796875
9831566,45.2880859375
9831584,38.39111328125
9831615,33.5693359375
9831652,51.513671875
9831673,44.0673828125
9831695,43.27392578125
9831720,34.60693359375
9831735,55.6640625
9831765,38.02490234375
9831801,57.373046875
9831828,41.50390625
9831876,36.1328125
9831958,59.50927734375
9832031,38.330078125
9832117,48.33984375
9832218,34.24072265625
9832338,37.7197265625
9832473,55.11474609375
9832645,49.6826171875
9832838,46.32568359375
9833098,49.560546875
9833780,62.5
9833815,33.50830078125
9848124,34.3017578125
9860858,36.376953125
9867153,35.0341796875
9867705,36.56005859375
9867759,44.49462890625
9867808,34.0576171875
9867825,40.771484375
9867840,77.45361328125
9867853,50.78125
9867888,40.0390625
9867905,39.9169921875
9867926,60.302734375
9867957,45.0439453125
9867983,42.90771484375
9868006,43.701171875
9868021,41.015625
9868055,36.865234375
9868077,38.330078125
9868101,37.53662109375
9868146,38.4521484375
9868212,43.212890625
9868300,39.9169921875
9868379,40.1611328125
9868599,39.12353515625
9868748,46.5087890625
9868905,50.4150390625
9869107,59.14306640625
9869343,51.7578125
9869544,61.82861328125
9869789,52.67333984375
9902441,36.19384765625
9902756,35.09521484375
9903546,41.3818359375
9903613,49.62158203125
9903654,36.62109375
9903706,56.09130859375
9903724,54.99267578125
9903764,36.9873046875
9903786,39.1845703125
9903823,64.208984375
9903849,51.7578125
9903886,42.78564453125
9903907,36.0107421875
9903931,44.5556640625
9903970,47.4853515625
9904044,40.52734375
9904120,44.98291015625
9904298,37.2314453125
9904397,35.0341796875
9904515,49.072265625
9904649,54.13818359375
9904805,51.8798828125
9905035,49.072265625
9906264,34.24072265625
9952345,33.447265625
9953298,36.80419921875
9953445,37.7197265625
9953472,39.4287109375
9953491,94.17724609375
9953530,33.87451171875
9953553,45.2880859375
9953576,61.8896484375
9953609,37.109375
9953625,52.978515625
9953644,41.68701171875
9953725,45.83740234375
9953775,36.56005859375
9953801,49.01123046875
9953820,33.447265625
9953869,34.97314453125
9953942,38.14697265625
9954022,36.7431640625
9954107,34.0576171875
9954202,34.24072265625
9954337,54.26025390625
9954495,57.06787109375
9954703,43.27392578125
9954964,54.13818359375
9955728,33.99658203125
9979075,34.0576171875
10009324,34.97314453125
10018510,37.65869140625
10018524,40.34423828125
10019041,33.8134765625
10019111,38.818359375
10019135,41.3818359375
10019150,48.88916015625
10019165,51.7578125
10019221,41.9921875
10019231,52.734375
10019274,60.72998046875
10019294,55.17578125
10019328,33.75244140625
10019349,37.353515625
10019362,43.15185546875
10019425,34.24072265625
10019483,48.88916015625
10019705,38.87939453125
10019803,34.36279296875
10019915,33.935546875
10020064,38.9404296875
10020221,61.1572265625
10033385,33.447265625
10049994,36.19384765625
10050719,36.7431640625
10069786,38.75732421875
10069838,47.79052734375
10069869,35.46142578125
10069897,47.9736328125
10069914,36.07177734375
10069935,45.41015625
10069945,74.8291015625
10069975,48.583984375
10069992,37.90283203125
10070020,42.41943359375
10070034,42.6025390625
10070060,40.83251953125
10070101,46.69189453125
10070129,35.33935546875
10070147,39.00146484375
10070172,39.55078125
10070241,35.15625
10070389,35.70556640625
10070572,39.306640625
10070594,35.09521484375
10070692,37.7197265625
10070845,42.90771484375
10071081,51.20849609375
10103626,36.2548828125
10104423,35.2783203125
10104582,43.3349609375
10104645,33.63037109375
10104693,34.48486328125
10104718,36.376953125
10104751,36.31591796875
10104762,40.10009765625
10104791,38.2080078125
10104816,35.70556640625
10104849,73.6083984375
10104864,34.60693359375
10104874,37.29248046875
10104929,33.63037109375
10104943,97.2900390625
10104972,38.818359375
10105022,40.10009765625
10105054,35.70556640625
10105115,53.16162109375
10105199,53.52783203125
10105278,39.306640625
10105380,35.64453125
10105605,39.36767578125
10105758,50.29296875
10154889,34.0576171875
10162321,35.09521484375
10170581,34.60693359375
10171714,34.0576171875
10171796,34.72900390625
10171807,41.19873046875
10171867,39.794921875
10171897,58.349609375
10171912,102.96630859375
10171984,37.7197265625
10171994,58.9599609375
10172015,39.00146484375
10172067,45.2880859375
10172092,33.935546875
10172137,50.048828125
10172383,40.83251953125
10172488,36.68212890625
10172631,41.68701171875
10172772,55.35888671875
10222074,39.12353515625
10222173,38.9404296875
10222202,39.85595703125
10222228,34.3017578125
10222256,80.99365234375
10222286,45.22705078125
10222312,43.0908203125
10222344,66.83349609375
10222364,48.828125
10222391,36.7431640625
10222412,43.45703125
10222428,42.96875
10222455,34.1796875
10222481,51.513671875
10222547,37.65869140625
10222618,42.8466796875
10222772,37.04833984375
10222872,40.34423828125
10222983,38.2080078125
10223147,49.74365234375
10223327,56.15234375
10223391,34.1796875
10223595,54.01611328125
10224568,33.5693359375
10307976,34.60693359375
10308010,69.82421875
10308036,41.748046875
10308046,34.7900390625
10308077,61.8896484375
10308091,68.17626953125
10308113,35.21728515625
10308134,42.17529296875
10308162,40.22216796875
10308196,35.2783203125
10308222,50.9033203125
10308250,46.56982421875
10308282,37.65869140625
10308346,39.85595703125
10308364,34.85107421875
10308972,40.58837890625
10309436,63.53759765625
10947961,33.50830078125
10947973,36.68212890625
10948023,36.4990234375
10948040,43.701171875
10948062,79.89501953125
10948074,80.01708984375
10948112,92.041015625
10948132,38.87939453125
10948145,34.0576171875
10948155,83.92333984375
10948187,33.935546875
10948203,42.78564453125
10948238,43.45703125
10948293,34.60693359375
10948483,35.0341796875
10949177,34.36279296875
10949334,38.0859375
10949501,66.34521484375
10949662,53.5888671875
10949956,50.4150390625
10984033,34.3017578125
10990138,33.5693359375
11003198,33.75244140625
11008432,37.04833984375
11015149,35.09521484375
11018790,35.7666015625
11032370,43.9453125
11033143,38.330078125
11033191,38.63525390625
11033213,39.48974609375
11033237,58.59375
11033255,47.30224609375
11033277,58.41064453125
11033309,72.20458984375
11033324,39.73388671875
11033336,43.9453125
11033376,53.03955078125
11033392,36.56005859375
11033410,36.865234375
11033439,49.01123046875
11033451,37.53662109375
11033500,40.71044921875
11033568,34.7900390625
11034143,34.66796875
11034294,44.5556640625
11034516,50.29296875
11034742,63.3544921875
11034937,52.79541015625
11035045,33.8134765625
11035155,35.70556640625
11035169,59.63134765625
11057157,40.10009765625
11057544,37.353515625
11058170,36.56005859375
11058356,35.0341796875
11058445,38.51318359375
11058464,43.5791015625
11058477,60.48583984375
11058506,67.626953125
11058535,34.423828125
11058559,70.61767578125
11058582,34.60693359375
11058610,37.29248046875
11058631,76.904296875
11058648,40.95458984375
11058675,33.75244140625
11058722,46.875
11058741,33.99658203125
11058775,34.912109375
11058867,48.095703125
11058949,37.841796875
11059023,46.142578125
11059133,37.78076171875
11059146,33.5693359375
11059245,35.2783203125
11059434,52.6123046875
11059724,64.27001953125
11060972,35.21728515625
11088159,36.92626953125
11098414,33.87451171875
11113214,35.64453125
11119761,39.85595703125
11120237,37.29248046875
11120278,33.69140625
11120382,34.48486328125
11120406,40.52734375
11120429,46.20361328125
11120459,56.640625
11120490,37.353515625
11120508,52.42919921875
11120533,64.51416015625
11120557,55.35888671875
11120571,37.90283203125
11120591,49.6826171875
11120653,40.52734375
11120707,37.41455078125
11120774,35.82763671875
11120968,35.21728515625
11121267,42.41943359375
11121428,52.06298828125
11121583,59.87548828125
11122023,34.97314453125
11150573,35.0341796875
11158001,34.11865234375
11165531,34.24072265625
11171919,37.17041015625
11191836,38.2080078125
11198277,37.7197265625
11205307,37.109375
11222323,33.447265625
11222493,36.19384765625
11222532,35.82763671875
11222577,66.34521484375
11222608,82.763671875
11222630,38.26904296875
11222645,46.38671875
11222668,74.462890625
11222702,35.7666015625
11222730,54.87060546875
11222757,48.7060546875
11222789,33.5693359375
11222851,35.46142578125
11222963,34.912109375
11223252,36.2548828125
11223533,37.9638671875
11223741,41.015625
11223976,43.3349609375
11225088,33.63037109375
11257505,39.36767578125
11257874,37.59765625
11272564,33.935546875
11279962,34.912109375
11300153,42.6025390625
11300426,39.73388671875
11300822,34.48486328125
11300875,34.912109375
11300899,90.33203125
11300930,65.3076171875
11300950,39.85595703125
11300966,52.67333984375
11300980,57.12890625
11301012,52.490234375
11301026,38.6962890625
11301044,56.7626953125
11301065,42.8466796875
11301132,47.36328125
11301161,36.31591796875
11301223,34.3017578125
11301291,35.7666015625
11301571,36.9873046875
11301695,35.7666015625
11301828,46.875
11302607,36.0107421875
11339282,35.21728515625
11346679,34.0576171875
11353728,43.9453125
11361127,35.21728515625
11377828,36.0107421875
11378230,38.14697265625
11385868,35.46142578125
11386219,39.24560546875
11395375,34.66796875
11395654,33.87451171875
11395890,39.55078125
11396110,34.24072265625
11396257,33.8134765625
11396347,36.31591796875
11396380,46.142578125
11396408,37.353515625
11396418,86.9140625
11396446,37.9638671875
11396462,37.4755859375
11396480,53.955078125
11396500,79.16259765625
11396544,35.15625
11396560,73.30322265625
11396587,38.26904296875
11396623,49.31640625
11396694,38.14697265625
11396760,37.841796875
11397146,37.4755859375
11397297,38.14697265625
11397575,49.560546875
11397989,35.0341796875
11398402,36.1328125
11398673,35.5224609375
11436922,38.9404296875
11455109,34.912109375
11455172,33.75244140625
11455438,43.8232421875
11455676,43.15185546875
11455761,33.8134765625
11455793,47.05810546875
11455834,40.4052734375
11455854,76.59912109375
11455900,37.109375
11455927,69.88525390625
11455948,45.34912109375
11455958,33.69140625
11455998,47.36328125
11456012,35.0341796875
11456046,33.75244140625
11456129,36.80419921875
11456252,39.4287109375
11456401,35.0341796875
11456465,34.1796875
11456491,39.24560546875
11456594,40.283203125
11456759,44.3115234375
11456816,34.423828125
11457051,56.21337890625
11457180,34.11865234375
11457516,34.7900390625
