7799001,0
14204,20.32470703125
14292,21.42333984375
32181,19.4091796875
56910,19.287109375
68760,27.89306640625
71752,21.6064453125
71901,19.8974609375
72245,19.22607421875
109108,26.123046875
109243,24.10888671875
109262,30.21240234375
109282,27.9541015625
109295,24.59716796875
109351,23.681640625
109374,29.9072265625
109389,21.30126953125
109434,25.81787109375
109462,108.94775390625
109491,57.80029296875
109509,24.2919921875
109532,43.39599609375
109544,80.56640625
109563,48.64501953125
109599,63.04931640625
109617,55.35888671875
109637,120.9716796875
109658,114.68505859375
109672,60.9130859375
109699,106.4453125
109726,49.560546875
109740,30.2734375
109750,20.5078125
109769,78.369140625
109791,67.87109375
109802,58.89892578125
109831,33.02001953125
109846,40.0390625
109865,48.64501953125
109878,27.7099609375
109895,46.32568359375
109915,31.73828125
109926,22.88818359375
109946,29.6630859375
109962,26.9775390625
109987,27.2216796875
110001,33.99658203125
110017,19.47021484375
110027,38.26904296875
110066,28.9306640625
110099,33.02001953125
110122,26.2451171875
110136,33.447265625
110160,20.5078125
110171,25.0244140625
110194,24.7802734375
110223,21.91162109375
110246,20.99609375
110307,28.3203125
110417,20.99609375
110430,20.56884765625
110561,20.263671875
120726,21.05712890625
121319,20.81298828125
121612,25.634765625
121680,22.8271484375
121878,27.40478515625
121907,19.775390625
121969,20.751953125
121998,24.59716796875
122021,20.20263671875
122047,21.1181640625
122061,21.8505859375
122077,19.83642578125
122092,26.55029296875
122123,30.94482421875
122139,36.865234375
122166,22.705078125
122198,89.35546875
122225,89.78271484375
122242,32.3486328125
122271,179.62646484375
122307,65.12451171875
122317,39.306640625
122330,76.84326171875
122348,74.03564453125
122361,48.33984375
122373,61.8896484375
122400,39.48974609375
122410,67.44384765625
122425,27.7099609375
122456,34.912109375
122479,36.2548828125
122500,23.92578125
122517,43.15185546875
122530,52.91748046875
122549,27.34375
122569,67.626953125
122586,34.0576171875
122598,41.015625
122611,55.7861328125
122632,52.1240234375
122644,41.80908203125
122668,32.3486328125
122687,31.06689453125
122710,39.24560546875
122723,22.4609375
122738,34.0576171875
122768,29.47998046875
122784,22.5830078125
122806,28.4423828125
122816,19.95849609375
122831,26.55029296875
122850,26.123046875
122919,25.0244140625
122956,19.59228515625
122978,30.3955078125
123000,33.75244140625
123016,24.2919921875
123028,24.169921875
123059,23.3154296875
123101,28.1982421875
123111,26.67236328125
123132,23.74267578125
123171,21.05712890625
123181,23.193359375
123196,28.9306640625
123234,19.8974609375
123269,19.59228515625
123299,20.01953125
123333,23.8037109375
123429,23.0712890625
123444,22.8271484375
123532,20.99609375
123577,30.029296875
123608,23.37646484375
123698,20.751953125
123766,21.3623046875
123806,19.6533203125
127810,19.47021484375
130844,23.4375
131447,22.0947265625
133920,20.69091796875
139666,23.3154296875
139978,19.71435546875
145115,22.27783203125
149292,21.30126953125
149348,20.751953125
149412,21.240234375
149672,20.32470703125
150580,21.3623046875
150870,19.6533203125
153556,29.6630859375
157550,20.5078125
173331,28.74755859375
207053,21.240234375
207145,19.71435546875
235310,19.71435546875
235685,20.20263671875
240492,22.94921875
240521,31.982421875
240551,23.98681640625
240569,121.2158203125
240581,25.45166015625
240599,37.78076171875
240619,82.763671875
240633,47.18017578125
240648,70.12939453125
240662,39.0625
240680,90.087890625
240702,106.93359375
240714,53.89404296875
240734,83.740234375
240745,38.14697265625
240767,41.259765625
240783,51.3916015625
240793,59.50927734375
240818,53.52783203125
240847,51.33056640625
240867,41.9921875
240881,50.78125
240896,57.92236328125
240928,34.60693359375
240941,42.54150390625
240994,26.2451171875
241007,36.43798828125
241026,29.23583984375
241043,36.43798828125
241053,22.64404296875
241072,49.31640625
241088,21.484375
241107,39.24560546875
241128,36.07177734375
241150,29.052734375
241160,37.53662109375
241183,30.70068359375
241195,24.10888671875
241210,45.22705078125
241252,34.36279296875
241274,35.82763671875
241296,21.97265625
241310,33.3251953125
241334,23.3154296875
241358,20.263671875
241377,31.06689453125
241390,24.23095703125
241401,21.30126953125
241436,19.34814453125
241489,25.08544921875
241518,21.97265625
241542,29.72412109375
241579,24.35302734375
241600,27.77099609375
241632,19.95849609375
241688,32.470703125
241708,22.64404296875
241742,30.70068359375
241819,20.6298828125
241837,19.83642578125
241866,20.99609375
241974,23.37646484375
242053,19.47021484375
242219,23.193359375
242492,25.146484375
242511,19.71435546875
242895,19.6533203125
248398,35.400390625
251509,20.263671875
251537,29.296875
251723,21.78955078125
251785,34.60693359375
251795,22.705078125
251825,42.90771484375
251846,25.87890625
251869,27.099609375
251884,32.65380859375
251897,33.38623046875
251921,69.091796875
251941,58.77685546875
251979,70.73974609375
251991,112.36572265625
252025,57.31201171875
252037,57.43408203125
252065,40.58837890625
252082,81.11572265625
252101,74.70703125
252125,44.86083984375
252150,69.091796875
252187,59.326171875
252202,27.16064453125
252222,64.88037109375
252243,28.1982421875
252261,41.56494140625
252273,26.06201171875
252290,52.8564453125
252308,25.390625
252321,41.19873046875
252335,48.88916015625
252369,42.3583984375
252395,31.3720703125
252409,25.93994140625
252427,32.16552734375
252439,25.87890625
252463,23.193359375
252484,39.4287109375
252509,34.11865234375
252521,32.40966796875
252550,38.2080078125
252564,45.7763671875
252578,34.85107421875
252599,44.189453125
252626,37.90283203125
252641,20.263671875
252661,19.71435546875
252673,25.08544921875
252692,20.44677734375
252720,22.216796875
252738,31.73828125
252748,22.15576171875
252787,24.90234375
252833,28.4423828125
252857,31.06689453125
252869,35.70556640625
252901,32.2265625
252941,29.6630859375
252971,34.24072265625
252996,23.8037109375
253036,26.06201171875
253056,22.3388671875
253067,30.09033203125
253131,19.8974609375
253149,23.25439453125
253169,32.40966796875
253209,28.01513671875
253219,32.89794921875
253254,33.38623046875
253264,28.1982421875
253316,19.95849609375
253326,29.296875
253410,20.56884765625
253448,21.3623046875
253490,22.8271484375
253547,22.3388671875
253609,19.4091796875
253623,31.3720703125
253668,21.91162109375
253742,27.34375
253775,22.705078125
253886,20.5078125
253912,22.94921875
253924,23.25439453125
254412,23.49853515625
254583,22.5830078125
254818,24.90234375
258990,19.59228515625
264161,20.01953125
268742,20.08056640625
268985,22.5830078125
285007,20.5078125
298177,20.20263671875
351613,19.95849609375
353256,19.8974609375
353931,20.93505859375
371019,20.08056640625
371125,21.30126953125
371140,31.8603515625
371154,38.63525390625
371193,63.90380859375
371213,99.79248046875
371248,115.3564453125
371260,114.74609375
371283,117.37060546875
371307,57.373046875
371319,68.78662109375
371345,19.4091796875
371363,59.6923828125
371378,72.3876953125
371393,60.6689453125
371408,59.6923828125
371427,43.3349609375
371448,26.67236328125
371459,58.837890625
371478,51.1474609375
371488,71.71630859375
371516,54.8095703125
371527,61.1572265625
371550,20.01953125
371563,31.6162109375
371573,53.955078125
371596,36.07177734375
371609,21.78955078125
371642,36.865234375
371654,37.7197265625
371665,20.8740234375
371680,37.04833984375
371702,33.69140625
371736,30.8837890625
371761,55.908203125
371777,23.49853515625
371799,24.90234375
371834,24.71923828125
371851,20.6298828125
371875,23.74267578125
371897,36.7431640625
371927,21.30126953125
371968,21.91162109375
371994,25.146484375
372022,29.23583984375
372051,25.7568359375
372086,22.94921875
372098,24.169921875
372142,27.2216796875
372192,20.69091796875
372213,22.64404296875
372263,20.1416015625
372327,24.90234375
372358,26.42822265625
372438,19.47021484375
372465,27.099609375
372505,22.705078125
372567,21.3623046875
372636,22.88818359375
372736,19.59228515625
372887,22.216796875
373033,21.54541015625
373178,21.17919921875
373263,26.79443359375
373536,19.8974609375
373604,19.775390625
374163,23.193359375
377906,20.99609375
380111,19.6533203125
380932,21.728515625
382631,19.71435546875
387231,27.52685546875
388910,20.44677734375
389512,19.775390625
390232,20.56884765625
392209,20.69091796875
393949,22.39990234375
399068,19.95849609375
403015,21.17919921875
415950,21.8505859375
442767,23.62060546875
442779,19.59228515625
442815,20.1416015625
442845,26.30615234375
442876,80.810546875
442895,49.072265625
442916,47.4853515625
442937,63.96484375
442948,60.72998046875
442964,75.439453125
442991,39.85595703125
443005,85.3271484375
443018,57.06787109375
443035,20.1416015625
443051,113.1591796875
443069,40.52734375
443081,47.91259765625
443093,58.16650390625
443117,46.56982421875
443140,49.560546875
443156,40.52734375
443172,21.484375
443183,33.75244140625
443200,34.3017578125
443220,27.587890625
443248,43.27392578125
443258,34.97314453125
443272,31.1279296875
443302,42.6025390625
443319,21.42333984375
443343,33.8134765625
443363,29.4189453125
443381,22.27783203125
443404,32.77587890625
443424,26.42822265625
443435,43.15185546875
443455,21.97265625
443475,29.78515625
443496,61.09619140625
443547,31.6162109375
443558,32.04345703125
443581,28.25927734375
443599,22.52197265625
443635,34.60693359375
443661,26.79443359375
443679,20.32470703125
443698,23.25439453125
443726,21.97265625
443746,27.83203125
443806,28.1982421875
443825,25.5126953125
443839,31.73828125
443872,23.98681640625
443889,21.6064453125
443932,21.17919921875
443953,27.16064453125
444001,29.60205078125
444015,30.029296875
444052,20.32470703125
444146,23.37646484375
444163,24.84130859375
444197,23.86474609375
444242,25.0244140625
444262,25.0244140625
444342,22.76611328125
444362,25.2685546875
444560,43.5791015625
444642,19.47021484375
445088,21.240234375
445254,20.56884765625
445334,23.01025390625
445937,21.17919921875
446561,20.01953125
449539,19.34814453125
449850,21.05712890625
451443,19.59228515625
452669,20.8740234375
454533,23.74267578125
455266,19.8974609375
456255,22.27783203125
461204,20.1416015625
467860,20.3857421875
467935,19.8974609375
475385,20.56884765625
476916,23.8037109375
476959,19.775390625
477383,19.34814453125
479037,19.59228515625
502914,19.59228515625
600508,20.01953125
600570,19.4091796875
600807,20.6298828125
601259,20.93505859375
601281,26.2451171875
601304,25.0244140625
601336,36.9873046875
601354,40.6494140625
601377,101.86767578125
601403,44.189453125
601427,37.9638671875
601455,91.97998046875
601474,162.9638671875
601500,67.56591796875
601515,55.5419921875
601532,87.5244140625
601565,52.79541015625
601577,63.3544921875
601598,44.12841796875
601617,69.39697265625
601632,49.62158203125
601642,54.74853515625
601667,65.12451171875
601685,31.3720703125
601700,41.68701171875
601712,31.494140625
601733,34.5458984375
601752,26.0009765625
601781,36.62109375
601816,35.21728515625
601847,46.08154296875
601868,30.3955078125
601897,38.02490234375
601913,41.56494140625
601926,31.8603515625
601960,33.14208984375
601976,37.4755859375
602004,26.4892578125
602036,33.935546875
602079,29.35791015625
602124,21.91162109375
602140,27.64892578125
602154,19.59228515625
602174,22.8271484375
602192,21.42333984375
602204,39.00146484375
602231,23.98681640625
602262,21.240234375
602275,22.94921875
602308,33.87451171875
602395,21.91162109375
602407,23.13232421875
602440,42.05322265625
602569,22.705078125
602636,25.2685546875
602658,21.6064453125
602903,20.20263671875
603023,23.62060546875
603051,20.32470703125
603149,21.1181640625
603347,19.4091796875
603365,22.76611328125
603591,20.751953125
603850,20.32470703125
608749,21.8505859375
613018,19.47021484375
613980,22.76611328125
613997,19.22607421875
614042,21.54541015625
614136,25.390625
614152,20.3857421875
614203,21.42333984375
614226,20.08056640625
614245,67.3828125
614267,58.53271484375
614280,34.48486328125
614315,75.5615234375
614331,132.14111328125
614358,72.93701171875
614370,117.3095703125
614407,80.322265625
614419,34.423828125
614439,43.02978515625
614462,71.96044921875
614489,73.8525390625
614505,43.5791015625
614516,50.78125
614537,61.279296875
614548,31.79931640625
614569,40.8935546875
614582,35.46142578125
614602,62.6220703125
614622,40.71044921875
614639,33.38623046875
614665,41.19873046875
614675,22.39990234375
614687,43.64013671875
614718,40.46630859375
614737,26.55029296875
614759,27.03857421875
614771,45.5322265625
614788,25.08544921875
614819,32.53173828125
614845,26.30615234375
614862,38.14697265625
614873,23.0712890625
614897,41.44287109375
614909,23.37646484375
614919,27.587890625
614962,43.9453125
614991,37.29248046875
615004,29.296875
615021,34.24072265625
615041,29.35791015625
615051,21.78955078125
615066,45.0439453125
615113,23.25439453125
615143,38.9404296875
615172,29.72412109375
615228,40.8935546875
615239,20.69091796875
615254,23.8037109375
615276,37.53662109375
615302,31.43310546875
615329,25.7568359375
615339,19.71435546875
615361,25.87890625
615391,22.39990234375
615425,32.53173828125
615460,22.03369140625
615492,23.4375
615515,25.45166015625
615538,34.11865234375
615586,20.56884765625
615611,21.30126953125
615626,37.7197265625
615656,33.5693359375
615782,25.390625
615797,20.56884765625
615834,23.25439453125
615847,24.4140625
615894,21.8505859375
615953,20.263671875
615983,19.83642578125
616012,21.17919921875
616023,24.71923828125
616094,23.0712890625
616118,19.83642578125
616212,21.3623046875
616441,23.92578125
616558,23.49853515625
616828,24.169921875
616869,21.484375
617125,19.83642578125
617820,19.53125
624080,19.8974609375
625662,21.1181640625
627604,20.01953125
632277,19.4091796875
649994,20.263671875
671814,21.91162109375
671999,20.93505859375
704136,43.76220703125
753356,20.08056640625
753430,19.34814453125
753520,19.22607421875
765721,19.6533203125
806270,23.0712890625
811095,21.240234375
811122,66.83349609375
811141,76.904296875
811157,60.546875
811171,110.16845703125
811188,139.70947265625
811204,24.0478515625
811232,64.51416015625
811242,43.51806640625
811259,69.76318359375
811272,59.87548828125
811303,67.5048828125
811315,48.88916015625
811344,78.369140625
811361,73.6083984375
811390,35.94970703125
811412,28.076171875
811427,49.13330078125
811443,52.55126953125
811480,41.8701171875
811498,31.1279296875
811521,32.77587890625
811531,46.0205078125
811548,46.20361328125
811563,24.7802734375
811575,20.5078125
811601,39.85595703125
811616,37.53662109375
811630,20.56884765625
811650,30.6396484375
811667,21.3623046875
811679,33.203125
811701,34.72900390625
811719,25.93994140625
811734,36.62109375
811762,23.37646484375
811795,33.38623046875
811828,33.14208984375
811854,21.6064453125
811867,24.169921875
811884,20.8740234375
811898,21.42333984375
811934,40.34423828125
811983,24.23095703125
812011,21.728515625
812043,22.4609375
812085,27.099609375
812103,27.83203125
812166,19.4091796875
812216,19.71435546875
812395,23.3154296875
812447,19.53125
812462,23.49853515625
812545,22.4609375
812653,19.95849609375
812788,21.728515625
813049,20.5078125
813693,19.4091796875
822245,26.3671875
823320,22.4609375
823442,19.6533203125
823512,22.0947265625
823524,24.0478515625
823563,32.04345703125
823585,23.62060546875
823595,93.8720703125
823621,30.517578125
823648,25.146484375
823665,29.296875
823681,51.33056640625
823697,92.46826171875
823725,66.5283203125
823755,105.89599609375
823777,80.078125
823789,39.0625
823805,98.2666015625
823828,42.48046875
823850,67.5048828125
823876,52.79541015625
823887,49.6826171875
823907,26.55029296875
823918,41.9921875
823941,30.57861328125
823954,26.42822265625
823970,47.30224609375
823985,45.22705078125
824005,38.9404296875
824029,35.33935546875
824046,48.095703125
824066,45.22705078125
824087,27.64892578125
824100,51.025390625
824122,39.4287109375
824144,28.50341796875
824156,19.53125
824172,41.015625
824207,36.07177734375
824222,24.7802734375
824243,25.87890625
824258,43.701171875
824277,27.587890625
824296,23.193359375
824316,24.71923828125
824348,50.35400390625
824365,39.0625
824381,26.3671875
824411,37.78076171875
824437,33.935546875
824448,35.58349609375
824507,30.45654296875
824524,32.958984375
824554,26.4892578125
824573,24.658203125
824589,34.97314453125
824599,22.0947265625
824622,21.54541015625
824632,30.8837890625
824662,30.517578125
824672,19.6533203125
824686,28.01513671875
824713,24.658203125
824726,42.3583984375
824751,29.23583984375
824773,24.90234375
824787,20.08056640625
824828,24.35302734375
824850,22.39990234375
824888,45.0439453125
824909,38.6962890625
824927,38.330078125
824944,21.1181640625
824963,19.47021484375
824984,30.517578125
825001,24.90234375
825035,39.6728515625
825069,28.62548828125
825093,21.78955078125
825161,23.74267578125
825212,23.13232421875
825264,27.89306640625
825289,32.04345703125
825318,29.60205078125
825389,21.1181640625
825409,27.64892578125
825522,32.40966796875
825624,20.56884765625
825690,24.90234375
825749,19.71435546875
825847,21.54541015625
827547,22.5830078125
834288,23.0712890625
838844,20.20263671875
841212,20.56884765625
845701,19.4091796875
853563,25.7568359375
909818,22.03369140625
937990,19.287109375
957173,24.658203125
957186,23.74267578125
957214,20.32470703125
957233,27.03857421875
957249,66.89453125
957287,99.67041015625
957317,63.17138671875
957344,88.43994140625
957357,122.98583984375
957380,92.46826171875
957398,62.3779296875
957412,74.8291015625
957425,57.6171875
957444,74.0966796875
957471,72.93701171875
957483,41.56494140625
957496,28.564453125
957507,60.72998046875
957525,44.12841796875
957545,71.77734375
957570,50.23193359375
957586,42.6025390625
957608,44.61669921875
957624,54.26025390625
957637,35.82763671875
957665,29.11376953125
957678,38.4521484375
957701,34.11865234375
957717,29.11376953125
957742,52.6123046875
957753,22.3388671875
957779,22.64404296875
957799,29.296875
957812,24.10888671875
957842,38.87939453125
957864,22.03369140625
957879,20.93505859375
957891,32.5927734375
957929,31.982421875
957963,26.91650390625
957986,20.56884765625
957996,31.25
958039,25.93994140625
958051,27.587890625
958062,25.32958984375
958092,23.74267578125
958117,24.0478515625
958140,23.13232421875
958156,21.484375
958184,24.90234375
958237,29.296875
958268,39.73388671875
958331,26.30615234375
958406,19.95849609375
958434,21.66748046875
958468,21.1181640625
958545,21.8505859375
958572,30.6396484375
958598,20.32470703125
958737,19.83642578125
958757,20.69091796875
958862,20.263671875
959006,19.95849609375
959066,23.8037109375
959295,19.47021484375
959684,27.9541015625
964284,20.69091796875
966078,20.8740234375
966632,19.34814453125
967924,19.8974609375
969092,21.3623046875
974040,20.93505859375
975578,19.22607421875
976381,22.4609375
976600,19.22607421875
976840,19.22607421875
976989,20.32470703125
977854,20.263671875
1018466,21.30126953125
1018533,21.05712890625
1044468,24.5361328125
1082498,23.193359375
1082564,21.484375
1082789,22.88818359375
1089672,20.69091796875
1110716,25.7568359375
1137527,22.76611328125
1158245,19.53125
1158269,19.71435546875
1158313,26.55029296875
1158333,28.13720703125
1158353,46.38671875
1158380,73.79150390625
1158391,67.56591796875
1158415,121.09375
1158430,56.45751953125
1158442,23.37646484375
1158455,97.16796875
1158479,67.32177734375
1158489,31.005859375
1158507,54.19921875
1158523,20.5078125
1158546,59.5703125
1158570,58.349609375
1158582,38.0859375
1158612,43.5791015625
1158623,37.17041015625
1158634,59.63134765625
1158659,36.43798828125
1158669,57.2509765625
1158698,59.2041015625
1158710,26.79443359375
1158729,25.57373046875
1158742,25.93994140625
1158761,21.728515625
1158772,26.9775390625
1158785,23.13232421875
1158808,39.1845703125
1158832,25.5126953125
1158844,28.38134765625
1158854,23.4375
1158879,32.3486328125
1158914,31.43310546875
1158929,27.7099609375
1158964,26.3671875
1158990,22.0947265625
1159007,24.2919921875
1159025,44.3115234375
1159051,43.3349609375
1159079,32.5927734375
1159124,26.42822265625
1159146,22.5830078125
1159163,25.0244140625
1159182,20.3857421875
1159197,26.85546875
1159237,20.99609375
1159261,23.8037109375
1159293,21.91162109375
1159315,19.71435546875
1159346,25.20751953125
1159393,22.5830078125
1159432,19.287109375
1159453,20.81298828125
1159538,19.4091796875
1159566,23.0712890625
1159810,19.71435546875
1160084,21.17919921875
1164559,19.53125
1165705,21.05712890625
1167476,19.22607421875
1169455,20.5078125
1170054,21.240234375
1171005,19.47021484375
1171706,22.39990234375
1171769,20.56884765625
1172130,23.5595703125
1172238,19.34814453125
1172362,20.32470703125
1173430,20.8740234375
1179342,22.39990234375
1180313,19.287109375
1185472,19.4091796875
1187874,20.99609375
1195955,23.25439453125
1196443,20.32470703125
1215458,22.03369140625
1222494,20.99609375
1256009,21.728515625
1310899,20.3857421875
1310986,23.92578125
1311377,19.59228515625
1334595,19.83642578125
1334623,19.6533203125
1334649,20.93505859375
1334671,21.66748046875
1334682,37.4755859375
1334700,20.263671875
1334747,28.80859375
1334760,42.236328125
1334774,85.205078125
1334798,55.60302734375
1334827,83.55712890625
1334852,36.7431640625
1334872,105.1025390625
1334884,59.75341796875
1334899,62.31689453125
1334910,118.10302734375
1334932,62.255859375
1334944,74.03564453125
1334966,40.10009765625
1334983,35.0341796875
1334994,75.74462890625
1335012,32.958984375
1335036,92.6513671875
1335055,35.400390625
1335066,53.1005859375
1335088,41.6259765625
1335104,41.9921875
1335123,54.19921875
1335153,50.72021484375
1335187,26.9775390625
1335216,30.2734375
1335233,44.49462890625
1335245,25.81787109375
1335259,25.87890625
1335271,27.03857421875
1335285,24.4140625
1335301,32.04345703125
1335320,29.78515625
1335336,25.69580078125
1335362,38.02490234375
1335373,32.89794921875
1335409,34.7900390625
1335432,28.13720703125
1335442,33.75244140625
1335480,20.3857421875
1335491,26.85546875
1335511,20.751953125
1335526,29.35791015625
1335539,26.0009765625
1335550,22.52197265625
1335588,20.99609375
1335612,30.82275390625
1335671,22.3388671875
1335686,21.42333984375
1335744,25.32958984375
1335818,23.01025390625
1335841,23.0712890625
1335879,23.49853515625
1335915,29.296875
1335975,20.81298828125
1336018,20.08056640625
1336136,19.53125
1336185,23.681640625
1336235,23.25439453125
1336329,21.91162109375
1336400,20.5078125
1339777,20.93505859375
1342077,19.53125
1344275,19.34814453125
1344896,20.69091796875
1345592,19.59228515625
1346120,20.01953125
1346641,19.47021484375
1346996,24.96337890625
1347166,20.44677734375
1347221,19.95849609375
1349842,19.287109375
1352080,20.69091796875
1356237,20.1416015625
1368586,19.287109375
1368831,20.08056640625
1369197,20.69091796875
1376944,21.728515625
1435502,22.15576171875
1435675,20.20263671875
1435803,22.64404296875
1436060,20.20263671875
1441862,21.97265625
1446521,19.34814453125
1497010,39.1845703125
1500617,19.4091796875
1500645,19.6533203125
1500686,23.3154296875
1500715,55.17578125
1500737,54.19921875
1500759,96.8017578125
1500777,40.6494140625
1500807,99.06005859375
1500824,101.9287109375
1500841,45.8984375
1500855,114.19677734375
1500878,58.89892578125
1500895,65.73486328125
1500908,79.4677734375
1500929,46.93603515625
1500945,58.2275390625
1500957,25.87890625
1500968,51.3916015625
1500996,58.77685546875
1501014,45.22705078125
1501028,54.443359375
1501059,41.80908203125
1501070,46.69189453125
1501088,31.73828125
1501105,42.236328125
1501137,30.09033203125
1501150,25.08544921875
1501164,30.76171875
1501177,37.78076171875
1501206,38.4521484375
1501220,42.8466796875
1501250,44.7998046875
1501283,27.7099609375
1501296,23.49853515625
1501307,27.099609375
1501331,20.99609375
1501345,25.81787109375
1501357,36.376953125
1501378,21.91162109375
1501394,39.12353515625
1501406,25.20751953125
1501427,37.04833984375
1501455,24.0478515625
1501484,29.47998046875
1501515,24.35302734375
1501537,30.6396484375
1501552,23.74267578125
1501601,24.23095703125
1501623,22.15576171875
1501645,22.64404296875
1501668,34.66796875
1501694,20.263671875
1501738,20.751953125
1501756,22.15576171875
1501793,31.06689453125
1501816,22.94921875
1501833,23.01025390625
1502012,22.5830078125
1502265,20.20263671875
1502320,19.287109375
1502464,22.0947265625
1503232,22.03369140625
1509210,21.240234375
1509392,22.4609375
1509517,19.4091796875
1509660,19.53125
1510016,20.08056640625
1512011,22.03369140625
1512452,20.08056640625
1513271,22.52197265625
1513866,21.30126953125
1514694,20.3857421875
1516007,19.83642578125
1526321,20.751953125
1526631,21.30126953125
1551553,19.47021484375
1593506,20.1416015625
1594919,21.484375
1594974,23.3154296875
1595016,31.92138671875
1595036,46.0205078125
1595061,89.17236328125
1595077,38.57421875
1595088,53.16162109375
1595117,57.7392578125
1595133,80.62744140625
1595154,76.7822265625
1595169,47.2412109375
1595186,84.65576171875
1595213,66.34521484375
1595232,88.92822265625
1595255,53.28369140625
1595265,56.57958984375
1595276,49.62158203125
1595306,33.8134765625
1595320,43.701171875
1595336,35.64453125
1595357,31.55517578125
1595368,46.5087890625
1595381,49.6826171875
1595399,45.34912109375
1595428,42.8466796875
1595438,52.734375
1595455,50.96435546875
1595490,27.587890625
1595515,44.49462890625
1595532,28.564453125
1595562,58.4716796875
1595573,30.33447265625
1595603,34.912109375
1595630,23.25439453125
1595659,49.86572265625
1595669,19.47021484375
1595679,20.99609375
1595689,23.681640625
1595712,31.92138671875
1595727,21.1181640625
1595744,41.1376953125
1595759,22.52197265625
1595776,29.052734375
1595791,21.97265625
1595806,34.66796875
1595822,22.27783203125
1595853,25.87890625
1595903,22.52197265625
1595915,27.52685546875
1595939,22.0947265625
1595953,20.1416015625
1595968,24.4140625
1595999,26.79443359375
1596015,36.80419921875
1596043,26.7333984375
1596071,21.97265625
1596085,23.62060546875
1596128,20.93505859375
1596153,20.3857421875
1596198,21.484375
1596210,19.34814453125
1596254,22.27783203125
1596290,21.54541015625
1596301,26.67236328125
1596339,24.47509765625
1596403,21.54541015625
1596434,21.97265625
1596510,25.634765625
1596556,24.47509765625
1596630,20.99609375
1596661,28.86962890625
1596825,24.96337890625
1596976,20.6298828125
1598002,20.32470703125
1600899,20.01953125
1602333,20.263671875
1602497,20.20263671875
1602760,19.53125
1602920,20.5078125
1602956,20.56884765625
1603320,21.8505859375
1604212,21.30126953125
1604838,19.4091796875
1610993,19.8974609375
1624117,19.71435546875
1729909,21.3623046875
1729942,20.32470703125
1729960,23.49853515625
1729982,21.91162109375
1729998,32.5927734375
1730014,22.216796875
1730026,153.01513671875
1730066,110.107421875
1730084,70.6787109375
1730111,56.57958984375
1730123,79.04052734375
1730140,68.90869140625
1730155,43.88427734375
1730168,64.51416015625
1730192,50.4150390625
1730210,43.3349609375
1730224,57.31201171875
1730242,74.951171875
1730254,42.96875
1730268,47.66845703125
1730297,44.12841796875
1730322,61.5234375
1730348,30.3955078125
1730358,39.97802734375
1730370,33.3251953125
1730400,52.18505859375
1730424,24.7802734375
1730450,19.6533203125
1730460,23.0712890625
1730470,38.0859375
1730496,26.3671875
1730525,34.97314453125
1730538,45.166015625
1730572,45.654296875
1730588,19.287109375
1730601,22.39990234375
1730620,28.25927734375
1730651,21.30126953125
1730666,26.611328125
1730682,26.55029296875
1730721,35.09521484375
1730740,27.34375
1730754,34.24072265625
1730784,19.287109375
1730815,21.3623046875
1730837,21.97265625
1730905,20.751953125
1730922,20.263671875
1730981,24.7802734375
1731044,24.2919921875
1731055,40.771484375
1731146,25.2685546875
1731223,21.42333984375
1731349,22.27783203125
1731438,25.5126953125
1731555,20.99609375
1736461,20.8740234375
1736813,20.8740234375
1742406,19.22607421875
1742467,21.97265625
1742557,19.53125
1745257,19.53125
1751841,20.32470703125
1778783,19.287109375
1820912,19.34814453125
1823170,20.69091796875
1823199,21.05712890625
1823234,21.66748046875
1823259,25.5126953125
1823274,25.87890625
1823304,58.2275390625
1823318,56.15234375
1823338,26.2451171875
1823370,73.05908203125
1823382,85.0830078125
1823416,92.95654296875
1823444,95.03173828125
1823456,49.9267578125
1823485,46.20361328125
1823512,43.27392578125
1823524,54.87060546875
1823551,24.7802734375
1823563,36.68212890625
1823582,47.30224609375
1823603,30.6396484375
1823613,33.26416015625
1823624,48.88916015625
1823639,30.21240234375
1823649,36.0107421875
1823664,33.935546875
1823680,31.1279296875
1823714,27.9541015625
1823725,21.97265625
1823741,27.9541015625
1823758,30.82275390625
1823771,19.47021484375
1823790,30.82275390625
1823801,21.66748046875
1823824,31.1279296875
1823849,38.87939453125
1823859,21.728515625
1823877,26.2451171875
1823898,45.2880859375
1823911,19.53125
1823930,24.23095703125
1823963,20.751953125
1823989,34.5458984375
1823999,20.6298828125
1824012,21.1181640625
1824043,23.49853515625
1824053,32.3486328125
1824066,20.32470703125
1824105,28.74755859375
1824116,28.86962890625
1824153,25.146484375
1824185,25.69580078125
1824196,30.029296875
1824208,26.9775390625
1824235,21.91162109375
1824262,26.611328125
1824300,20.751953125
1824371,23.49853515625
1824528,20.08056640625
1824604,19.22607421875
1824702,20.44677734375
1824802,19.95849609375
1824939,24.23095703125
1825053,22.52197265625
1831299,20.01953125
1831347,21.1181640625
1831774,21.8505859375
1835084,19.22607421875
1835639,22.8271484375
1835867,24.0478515625
1836247,19.95849609375
1836423,19.47021484375
1836435,24.23095703125
1836485,24.4140625
1836500,19.95849609375
1836510,19.47021484375
1836523,29.78515625
1836554,30.33447265625
1836585,64.88037109375
1836615,71.533203125
1836628,47.42431640625
1836655,65.7958984375
1836671,67.44384765625
1836692,59.08203125
1836709,40.4052734375
1836720,53.40576171875
1836734,54.19921875
1836751,25.7568359375
1836762,22.3388671875
1836774,31.92138671875
1836797,48.4619140625
1836821,75.62255859375
1836847,39.9169921875
1836862,38.39111328125
1836881,26.7333984375
1836900,33.26416015625
1836913,34.24072265625
1836930,38.39111328125
1836949,41.3818359375
1836974,46.44775390625
1837001,35.0341796875
1837020,28.38134765625
1837044,36.56005859375
1837058,45.5322265625
1837069,40.283203125
1837092,23.86474609375
1837116,27.2216796875
1837141,37.53662109375
1837165,24.84130859375
1837182,41.9921875
1837204,29.1748046875
1837237,36.31591796875
1837260,30.517578125
1837275,21.240234375
1837292,22.4609375
1837306,35.400390625
1837333,31.1279296875
1837352,21.66748046875
1837362,23.25439453125
1837386,35.21728515625
1837405,20.99609375
1837439,42.724609375
1837458,43.3349609375
1837477,29.9072265625
1837488,20.99609375
1837503,25.634765625
1837534,22.0947265625
1837558,28.99169921875
1837581,39.306640625
1837607,25.634765625
1837621,23.49853515625
1837653,19.83642578125
1837677,24.84130859375
1837687,21.728515625
1837717,23.25439453125
1837738,35.58349609375
1837754,25.5126953125
1837792,20.56884765625
1837813,31.982421875
1837828,21.66748046875
1837867,24.23095703125
1837894,21.30126953125
1837949,25.7568359375
1838042,21.05712890625
1838078,28.13720703125
1838113,22.4609375
1838160,21.05712890625
1838247,19.83642578125
1838428,28.4423828125
1838467,19.775390625
1838756,19.47021484375
1838818,28.99169921875
1839394,22.5830078125
1845143,22.15576171875
1846538,21.6064453125
1848884,22.03369140625
1850141,20.69091796875
1851210,20.32470703125
1855444,25.08544921875
1893814,19.6533203125
1893850,19.59228515625
1893873,23.8037109375
1893890,75.3173828125
1893904,49.25537109375
1893923,45.71533203125
1893938,46.7529296875
1893958,88.8671875
1893986,50.048828125
1894006,88.623046875
1894027,74.40185546875
1894037,69.3359375
1894049,27.2216796875
1894061,68.66455078125
1894088,41.259765625
1894108,45.71533203125
1894132,58.04443359375
1894147,57.9833984375
1894175,38.14697265625
1894200,65.7958984375
1894226,25.45166015625
1894246,33.203125
1894271,27.099609375
1894281,29.47998046875
1894295,31.8603515625
1894322,41.9921875
1894341,36.7431640625
1894359,34.24072265625
1894378,35.888671875
1894401,36.2548828125
1894411,36.80419921875
1894423,35.888671875
1894460,37.53662109375
1894474,42.724609375
1894490,33.5693359375
1894504,24.2919921875
1894528,20.56884765625
1894542,24.169921875
1894593,23.3154296875
1894605,26.9775390625
1894630,27.2216796875
1894663,31.982421875
1894682,28.4423828125
1894694,36.376953125
1894707,24.4140625
1894733,25.69580078125
1894746,29.1748046875
1894796,33.02001953125
1894818,22.03369140625
1894841,27.34375
1894860,29.96826171875
1894882,29.1748046875
1894909,19.6533203125
1894954,22.5830078125
1894984,20.08056640625
1895034,21.17919921875
1895091,25.81787109375
1895117,24.0478515625
1895161,21.728515625
1895227,19.4091796875
1895292,23.49853515625
1895326,20.20263671875
1895372,22.3388671875
1895570,19.83642578125
1895628,19.47021484375
1895734,20.8740234375
1896016,21.3623046875
1896458,19.71435546875
1896703,20.69091796875
1902488,25.57373046875
1902538,19.287109375
1903331,21.54541015625
1903550,19.59228515625
1907587,20.44677734375
1942593,19.22607421875
2051656,19.287109375
2069843,24.59716796875
2069983,20.6298828125
2069995,26.42822265625
2070022,33.0810546875
2070040,28.564453125
2070071,75.98876953125
2070083,69.7021484375
2070104,62.68310546875
2070115,63.3544921875
2070143,51.81884765625
2070161,54.87060546875
2070178,50.23193359375
2070193,66.89453125
2070211,67.3828125
2070237,58.7158203125
2070252,76.23291015625
2070279,63.232421875
2070304,42.48046875
2070331,52.55126953125
2070341,46.44775390625
2070370,47.9736328125
2070380,26.42822265625
2070397,33.0810546875
2070412,38.9404296875
2070432,35.33935546875
2070451,32.53173828125
2070474,32.2265625
2070493,34.66796875
2070516,42.54150390625
2070534,37.841796875
2070546,30.94482421875
2070575,26.55029296875
2070599,21.1181640625
2070625,24.47509765625
2070637,22.39990234375
2070669,25.5126953125
2070682,20.01953125
2070692,22.64404296875
2070736,26.42822265625
2070751,32.77587890625
2070797,24.59716796875
2070818,19.287109375
2070956,23.86474609375
2071049,20.20263671875
2071124,19.8974609375
2071367,26.123046875
2080418,19.4091796875
2080759,19.6533203125
2080848,22.4609375
2081456,23.3154296875
2089333,19.71435546875
2091610,19.775390625
2107170,19.6533203125
2111942,19.83642578125
2127134,20.1416015625
2164782,19.8974609375
2214333,22.27783203125
2249222,23.37646484375
2249289,22.52197265625
2249319,38.51318359375
2249334,30.21240234375
2249362,85.0830078125
2249378,72.44873046875
2249397,43.0908203125
2249425,114.013671875
2249451,45.10498046875
2249477,78.67431640625
2249493,45.654296875
2249507,27.587890625
2249525,80.810546875
2249542,35.94970703125
2249556,26.2451171875
2249580,39.55078125
2249599,70.9228515625
2249621,46.7529296875
2249636,44.49462890625
2249654,50.59814453125
2249680,31.3720703125
2249695,44.43359375
2249710,27.77099609375
2249723,62.98828125
2249740,44.86083984375
2249755,20.32470703125
2249772,31.31103515625
2249800,31.55517578125
2249814,39.24560546875
2249831,21.1181640625
2249845,21.30126953125
2249859,43.45703125
2249886,32.8369140625
2249900,38.51318359375
2249925,36.80419921875
2249936,26.0009765625
2249972,30.2734375
2249989,29.84619140625
2250037,20.08056640625
2250062,22.5830078125
2250116,20.3857421875
2250128,20.08056640625
2250142,23.4375
2250183,23.01025390625
2250270,26.2451171875
2250438,21.3623046875
2250507,19.287109375
2260990,19.47021484375
2261024,19.8974609375
2261357,23.4375
2262529,19.775390625
2263223,19.95849609375
2267009,20.1416015625
2268082,20.5078125
2269188,19.95849609375
2274036,19.47021484375
2324081,20.08056640625
2366524,24.658203125
2370340,23.98681640625
2370539,21.66748046875
2385892,22.64404296875
2414185,19.775390625
2424497,19.53125
2502659,20.1416015625
2536365,25.634765625
2621764,19.287109375
3150526,20.32470703125
3150621,27.9541015625
3150651,31.43310546875
3150679,25.5126953125
3150691,22.88818359375
3150704,20.263671875
3150727,20.44677734375
3150752,20.56884765625
3150775,30.70068359375
3150792,64.63623046875
3150827,49.1943359375
3150847,109.0087890625
3150861,28.1982421875
3150872,62.255859375
3150888,55.60302734375
3150899,40.83251953125
3150909,54.13818359375
3150930,43.701171875
3150946,30.45654296875
3150960,52.55126953125
3150979,93.505859375
3150999,55.23681640625
3151019,64.697265625
3151041,64.0869140625
3151056,54.443359375
3151070,43.212890625
3151080,81.54296875
3151109,33.203125
3151119,29.1748046875
3151155,43.701171875
3151167,40.771484375
3151186,46.630859375
3151205,32.5927734375
3151227,27.16064453125
3151248,32.28759765625
3151258,20.5078125
3151279,24.71923828125
3151289,23.86474609375
3151306,32.77587890625
3151327,25.5126953125
3151345,30.3955078125
3151358,35.82763671875
3151381,23.4375
3151397,29.541015625
3151421,24.10888671875
3151436,25.634765625
3151449,21.8505859375
3151466,22.15576171875
3151478,24.96337890625
3151505,29.052734375
3151525,20.01953125
3151546,19.47021484375
3151572,25.32958984375
3151595,21.78955078125
3151643,22.39990234375
3151672,31.06689453125
3151686,23.193359375
3151706,22.64404296875
3151745,19.287109375
3151764,29.9072265625
3151811,20.3857421875
3151857,22.8271484375
3151913,19.22607421875
3151950,22.705078125
3152083,27.9541015625
3152324,19.71435546875
3152424,20.32470703125
3161471,19.8974609375
3161499,21.3623046875
3161704,21.6064453125
3161801,21.17919921875
3161847,20.8740234375
3161881,24.47509765625
3162018,22.15576171875
3162039,19.6533203125
3162091,25.20751953125
3162126,26.67236328125
3162178,20.5078125
3162208,24.7802734375
3162231,20.751953125
3162262,27.03857421875
3162278,39.306640625
3162309,53.77197265625
3162337,64.453125
3162362,67.07763671875
3162378,80.322265625
3162416,64.94140625
3162432,75.62255859375
3162461,64.8193359375
3162485,59.9365234375
3162503,93.44482421875
3162526,64.94140625
3162554,67.3828125
3162584,36.7431640625
3162608,48.27880859375
3162630,30.029296875
3162660,45.5322265625
3162673,44.3115234375
3162688,26.9775390625
3162705,43.39599609375
3162722,30.21240234375
3162732,30.8837890625
3162772,36.92626953125
3162792,32.958984375
3162824,26.3671875
3162845,19.47021484375
3162859,30.76171875
3162886,26.42822265625
3162912,39.4287109375
3162927,19.287109375
3162953,25.69580078125
3162974,28.50341796875
3162995,27.7099609375
3163012,25.5126953125
3163030,27.16064453125
3163044,41.80908203125
3163077,38.02490234375
3163090,23.01025390625
3163100,25.7568359375
3163128,48.03466796875
3163156,28.99169921875
3163166,23.92578125
3163178,23.193359375
3163204,34.24072265625
3163231,23.4375
3163252,26.67236328125
3163262,37.29248046875
3163289,23.0712890625
3163308,41.07666015625
3163319,29.78515625
3163339,25.81787109375
3163352,35.21728515625
3163382,33.75244140625
3163393,19.59228515625
3163417,27.83203125
3163443,39.0625
3163458,26.30615234375
3163486,26.18408203125
3163505,19.287109375
3163524,26.3671875
3163548,25.69580078125
3163579,25.634765625
3163625,22.5830078125
3163645,27.64892578125
3163680,29.35791015625
3163715,24.47509765625
3163741,22.27783203125
3163769,21.66748046875
3163840,23.92578125
3163867,20.08056640625
3163883,34.72900390625
3163921,19.287109375
3163940,19.775390625
3163966,19.22607421875
3164029,22.88818359375
3164189,19.59228515625
3164334,20.32470703125
3164547,25.32958984375
3164929,21.05712890625
3165341,20.263671875
3165787,20.1416015625
3165845,19.83642578125
3166102,21.8505859375
3166967,19.4091796875
3169909,19.34814453125
3170166,19.6533203125
3173348,19.6533203125
3177469,20.08056640625
3178419,21.484375
3180392,19.22607421875
3184990,22.216796875
3186935,19.95849609375
3187099,19.8974609375
3193176,23.5595703125
3193194,31.92138671875
3193210,31.005859375
3193229,31.8603515625
3193246,42.05322265625
3193262,52.001953125
3193275,82.45849609375
3193297,100.830078125
3193310,93.56689453125
3193332,79.833984375
3193355,81.60400390625
3193368,49.98779296875
3193389,56.21337890625
3193401,57.06787109375
3193414,43.76220703125
3193431,38.14697265625
3193443,47.91259765625
3193461,42.8466796875
3193473,52.8564453125
3193487,39.48974609375
3193509,27.9541015625
3193520,47.8515625
3193544,44.5556640625
3193574,28.564453125
3193587,46.44775390625
3193601,34.66796875
3193620,28.13720703125
3193636,42.41943359375
3193668,24.59716796875
3193686,21.6064453125
3193703,35.94970703125
3193719,29.60205078125
3193750,34.97314453125
3193778,28.01513671875
3193808,37.841796875
3193821,25.20751953125
3193842,30.2734375
3193865,42.66357421875
3193878,26.7333984375
3193908,19.47021484375
3193928,48.33984375
3193939,20.5078125
3193966,19.6533203125
3193977,44.921875
3194009,21.8505859375
3194027,30.6396484375
3194040,34.60693359375
3194068,38.39111328125
3194081,25.87890625
3194091,23.98681640625
3194101,42.8466796875
3194124,49.37744140625
3194161,32.53173828125
3194171,28.74755859375
3194191,32.16552734375
3194203,27.28271484375
3194238,26.67236328125
3194267,35.0341796875
3194279,32.89794921875
3194307,23.62060546875
3194327,24.10888671875
3194365,22.8271484375
3194390,42.54150390625
3194401,28.38134765625
3194435,27.7099609375
3194457,38.02490234375
3194480,23.37646484375
3194517,31.31103515625
3194528,41.6259765625
3194545,25.2685546875
3194573,34.1796875
3194583,31.06689453125
3194624,29.72412109375
3194643,35.58349609375
3194687,25.634765625
3194702,37.7197265625
3194728,24.10888671875
3194742,23.49853515625
3194765,19.59228515625
3194807,22.216796875
3194853,24.23095703125
3194902,23.92578125
3194924,35.0341796875
3194986,19.71435546875
3195020,22.15576171875
3195063,26.0009765625
3195079,29.78515625
3195091,23.0712890625
3195260,20.1416015625
3195299,26.55029296875
3195457,20.751953125
3195719,22.4609375
3195911,23.5595703125
3196123,22.39990234375
3196140,21.240234375
3196335,19.775390625
3196516,21.42333984375
3197587,21.66748046875
3201677,24.59716796875
3203456,19.71435546875
3204175,20.3857421875
3204567,19.83642578125
3205013,21.97265625
3205485,25.45166015625
3205499,25.87890625
3205524,38.4521484375
3205547,28.50341796875
3205574,83.3740234375
3205589,46.5087890625
3205606,26.91650390625
3205620,39.24560546875
3205636,98.2666015625
3205654,68.115234375
3205671,45.41015625
3205698,130.4931640625
3205710,52.734375
3205730,58.59375
3205741,65.85693359375
3205771,56.2744140625
3205785,33.26416015625
3205795,32.65380859375
3205807,25.2685546875
3205819,41.1376953125
3205837,48.03466796875
3205849,36.07177734375
3205874,35.70556640625
3205900,51.94091796875
3205921,31.3720703125
3205931,42.48046875
3205960,33.69140625
3205983,35.5224609375
3205996,49.25537109375
3206016,28.01513671875
3206035,20.5078125
3206062,36.865234375
3206074,47.54638671875
3206093,54.13818359375
3206104,26.79443359375
3206117,27.28271484375
3206132,22.88818359375
3206143,23.193359375
3206171,30.517578125
3206188,23.3154296875
3206206,22.03369140625
3206217,44.49462890625
3206228,20.263671875
3206247,42.3583984375
3206264,29.78515625
3206288,32.65380859375
3206305,24.0478515625
3206323,33.447265625
3206344,27.587890625
3206374,25.93994140625
3206392,26.18408203125
3206403,25.2685546875
3206434,38.0859375
3206444,30.76171875
3206457,33.8134765625
3206473,25.5126953125
3206484,25.146484375
3206522,44.189453125
3206554,30.21240234375
3206593,23.62060546875
3206608,21.3623046875
3206648,36.1328125
3206690,25.93994140625
3206727,19.775390625
3206754,20.93505859375
3206780,21.8505859375
3206824,25.390625
3206853,30.1513671875
3206882,22.39990234375
3206942,19.83642578125
3206964,26.3671875
3207000,19.83642578125
3207019,23.86474609375
3207066,23.681640625
3207095,22.0947265625
3207175,24.90234375
3207332,19.6533203125
3207668,22.5830078125
3207899,21.8505859375
3208026,20.751953125
3208064,19.22607421875
3208155,22.27783203125
3208278,19.22607421875
3209361,21.8505859375
3209605,22.3388671875
3209803,20.263671875
3214370,19.6533203125
3215259,20.08056640625
3216406,23.92578125
3217785,25.81787109375
3217820,26.3671875
3217840,20.32470703125
3217852,27.77099609375
3217864,41.80908203125
3217898,26.30615234375
3217917,45.7763671875
3217934,45.22705078125
3217953,94.8486328125
3217981,54.443359375
3218001,97.59521484375
3218037,99.06005859375
3218056,92.95654296875
3218072,53.955078125
3218095,57.6171875
3218108,55.60302734375
3218119,51.26953125
3218138,52.55126953125
3218153,52.06298828125
3218178,41.1376953125
3218202,45.0439453125
3218227,56.2744140625
3218257,40.4052734375
3218279,38.2080078125
3218295,38.87939453125
3218310,30.2734375
3218334,28.99169921875
3218357,38.330078125
3218382,39.24560546875
3218401,23.86474609375
3218425,35.94970703125
3218436,23.3154296875
3218466,28.86962890625
3218486,41.56494140625
3218523,39.85595703125
3218540,20.08056640625
3218554,23.62060546875
3218589,30.94482421875
3218599,32.77587890625
3218613,32.16552734375
3218630,32.5927734375
3218662,22.03369140625
3218695,21.8505859375
3218719,24.59716796875
3218742,19.775390625
3218773,27.64892578125
3218785,28.9306640625
3218812,23.8037109375
3218828,34.85107421875
3218842,19.53125
3218864,19.59228515625
3218903,20.3857421875
3218922,30.09033203125
3218935,19.47021484375
3219024,21.54541015625
3219102,20.751953125
3219127,20.8740234375
3219220,23.98681640625
3219272,22.3388671875
3219327,22.76611328125
3219509,27.03857421875
3219595,24.4140625
3219610,20.20263671875
3219645,19.53125
3219886,21.42333984375
3220477,19.34814453125
3220605,19.34814453125
3220761,19.8974609375
3223479,22.88818359375
3228344,20.263671875
3229489,20.751953125
3230707,22.03369140625
3230802,28.01513671875
3230829,30.8837890625
3230852,88.623046875
3230864,32.5927734375
3230881,30.3955078125
3230912,97.7783203125
3230925,105.95703125
3230954,80.01708984375
3230974,69.4580078125
3230985,61.46240234375
3231002,59.814453125
3231032,79.2236328125
3231051,50.35400390625
3231071,35.400390625
3231081,30.517578125
3231106,43.701171875
3231119,45.47119140625
3231136,46.142578125
3231160,37.353515625
3231171,40.83251953125
3231186,24.7802734375
3231204,49.13330078125
3231216,47.18017578125
3231246,32.16552734375
3231263,41.80908203125
3231285,29.1748046875
3231301,30.45654296875
3231328,29.11376953125
3231338,22.4609375
3231355,20.81298828125
3231378,44.0673828125
3231409,27.587890625
3231420,36.68212890625
3231436,21.30126953125
3231455,34.72900390625
3231471,26.30615234375
3231492,24.10888671875
3231518,21.1181640625
3231537,35.7666015625
3231552,36.07177734375
3231573,25.57373046875
3231615,23.681640625
3231652,33.203125
3231680,33.69140625
3231713,21.240234375
3231726,28.80859375
3231744,25.57373046875
3231764,22.39990234375
3231776,20.01953125
3231796,21.1181640625
3231838,23.5595703125
3231877,20.32470703125
3231949,19.8974609375
3231967,23.5595703125
3232010,22.03369140625
3232044,19.83642578125
3232064,25.20751953125
3232235,21.66748046875
3232418,19.59228515625
3233229,21.17919921875
3241365,19.4091796875
3242454,19.8974609375
3242762,22.15576171875
3242799,19.59228515625
3242811,33.50830078125
3242838,19.53125
3242854,57.9833984375
3242876,95.8251953125
3242908,96.3134765625
3242923,50.1708984375
3242941,79.4677734375
3242960,75.50048828125
3242975,54.5654296875
3242999,47.30224609375
3243016,68.29833984375
3243035,44.25048828125
3243055,38.57421875
3243069,34.72900390625
3243102,58.65478515625
3243115,47.607421875
3243127,43.51806640625
3243148,53.3447265625
3243165,37.4755859375
3243185,58.837890625
3243200,47.42431640625
3243212,38.75732421875
3243248,38.02490234375
3243265,42.78564453125
3243287,29.11376953125
3243321,56.396484375
3243339,24.90234375
3243357,25.57373046875
3243381,24.10888671875
3243401,50.96435546875
3243416,23.5595703125
3243440,33.69140625
3243470,31.73828125
3243498,21.05712890625
3243520,20.44677734375
3243536,33.75244140625
3243550,25.0244140625
3243577,22.52197265625
3243594,31.43310546875
3243647,30.3955078125
3243658,20.93505859375
3243695,27.77099609375
3243707,27.34375
3243746,25.57373046875
3243767,27.77099609375
3243804,22.39990234375
3243840,22.0947265625
3243902,20.32470703125
3243929,35.82763671875
3244009,22.27783203125
3244030,19.8974609375
3244055,19.95849609375
3244107,20.8740234375
3244395,19.775390625
3252168,22.705078125
3252824,20.20263671875
3252942,19.6533203125
3255063,20.32470703125
3255088,19.95849609375
3255109,31.06689453125
3255119,22.5830078125
3255136,86.7919921875
3255154,25.2685546875
3255183,66.58935546875
3255203,40.71044921875
3255219,53.64990234375
3255238,96.8017578125
3255263,69.580078125
3255285,82.94677734375
3255297,50.29296875
3255320,74.70703125
3255335,53.89404296875
3255345,83.984375
3255369,50.6591796875
3255390,67.93212890625
3255412,69.4580078125
3255424,26.30615234375
3255457,37.4755859375
3255467,42.1142578125
3255489,38.6962890625
3255508,31.6162109375
3255530,27.4658203125
3255551,30.029296875
3255577,44.98291015625
3255597,28.74755859375
3255622,29.47998046875
3255637,45.47119140625
3255679,44.37255859375
3255702,22.216796875
3255727,23.98681640625
3255744,46.32568359375
3255770,24.7802734375
3255786,30.33447265625
3255798,36.19384765625
3255821,31.31103515625
3255849,23.0712890625
3255861,26.0009765625
3255890,24.96337890625
3255927,22.76611328125
3255975,25.08544921875
3256078,22.52197265625
3256194,20.99609375
3256273,20.5078125
3256310,19.53125
3256536,19.22607421875
3256977,20.99609375
3257604,21.3623046875
3258432,19.47021484375
3261845,21.05712890625
3267760,20.44677734375
3268379,21.05712890625
3268411,19.8974609375
3268428,24.2919921875
3268463,43.701171875
3268484,98.93798828125
3268501,29.6630859375
3268518,33.203125
3268528,30.70068359375
3268555,66.22314453125
3268565,57.43408203125
3268577,100.89111328125
3268604,43.0908203125
3268636,101.74560546875
3268652,93.1396484375
3268672,62.80517578125
3268704,70.49560546875
3268733,54.62646484375
3268751,35.888671875
3268773,52.18505859375
3268796,77.2705078125
3268832,41.3818359375
3268848,39.61181640625
3268864,51.69677734375
3268887,33.38623046875
3268902,31.67724609375
3268918,37.04833984375
3268945,46.20361328125
3268962,31.982421875
3268982,48.76708984375
3269009,38.75732421875
3269028,26.2451171875
3269045,33.203125
3269059,45.59326171875
3269092,34.0576171875
3269126,32.5927734375
3269162,20.3857421875
3269173,39.00146484375
3269207,36.2548828125
3269247,19.4091796875
3269259,29.47998046875
3269322,21.66748046875
3269351,24.0478515625
3269412,20.1416015625
3269441,22.216796875
3269503,22.0947265625
3269549,20.32470703125
3269686,19.287109375
3269725,20.32470703125
3269765,19.6533203125
3270440,22.705078125
3271226,19.34814453125
3279798,20.56884765625
3280380,19.83642578125
3283644,20.99609375
3283702,19.775390625
3283743,24.658203125
3283763,38.4521484375
3283790,68.603515625
3283804,34.3017578125
3283825,54.5654296875
3283838,46.875
3283871,97.5341796875
3283886,125.732421875
3283918,55.908203125
3283938,62.92724609375
3283948,82.82470703125
3283975,60.302734375
3283991,20.8740234375
3284013,57.31201171875
3284035,67.87109375
3284053,64.3310546875
3284071,44.5556640625
3284087,60.48583984375
3284119,42.90771484375
3284147,49.560546875
3284161,36.9873046875
3284190,32.2265625
3284200,44.73876953125
3284234,30.70068359375
3284249,20.8740234375
3284264,21.91162109375
3284281,25.634765625
3284295,24.2919921875
3284320,20.5078125
3284335,24.658203125
3284365,22.15576171875
3284376,25.81787109375
3284401,33.38623046875
3284411,28.50341796875
3284439,25.87890625
3284449,24.59716796875
3284479,22.5830078125
3284493,20.69091796875
3284530,31.73828125
3284541,20.1416015625
3284573,21.6064453125
3284630,20.263671875
3284642,26.0009765625
3284690,21.484375
3284710,23.62060546875
3284776,21.240234375
3284816,21.97265625
3284831,20.20263671875
3284927,27.40478515625
3285011,20.81298828125
3285179,19.83642578125
3285230,22.3388671875
3285560,19.53125
3287943,19.59228515625
3298469,19.4091796875
3298482,24.84130859375
3298543,21.1181640625
3298569,31.92138671875
3298614,19.4091796875
3298625,84.41162109375
3298648,39.6728515625
3298660,37.7197265625
3298679,22.76611328125
3298707,78.67431640625
3298721,40.771484375
3298749,69.03076171875
3298780,33.75244140625
3298807,67.81005859375
3298823,50.29296875
3298836,41.80908203125
3298846,46.2646484375
3298863,83.06884765625
3298889,91.30859375
3298902,27.2216796875
3298921,60.4248046875
3298937,45.47119140625
3298957,38.26904296875
3298976,44.3115234375
3298989,30.45654296875
3299000,48.64501953125
3299019,30.09033203125
3299032,32.3486328125
3299057,31.25
3299081,20.1416015625
3299094,43.9453125
3299123,35.70556640625
3299159,24.84130859375
3299175,41.8701171875
3299190,33.02001953125
3299211,30.94482421875
3299235,23.01025390625
3299251,41.8701171875
3299269,20.1416015625
3299317,24.84130859375
3299339,23.4375
3299362,21.8505859375
3299403,30.76171875
3299418,23.62060546875
3299428,22.64404296875
3299442,19.83642578125
3299510,21.3623046875
3299616,19.775390625
3299769,19.6533203125
3299850,20.1416015625
3300037,22.27783203125
3300097,20.01953125
3309163,21.91162109375
3313180,19.34814453125
3314542,23.25439453125
3322181,25.08544921875
3322206,24.23095703125
3322262,40.22216796875
3322276,73.486328125
3322306,42.3583984375
3322328,79.16259765625
3322359,93.20068359375
3322390,83.1298828125
3322415,60.72998046875
3322437,103.08837890625
3322453,57.43408203125
3322463,76.66015625
3322494,65.24658203125
3322519,69.76318359375
3322536,51.69677734375
3322558,27.64892578125
3322575,44.5556640625
3322592,55.908203125
3322616,57.92236328125
3322636,19.22607421875
3322651,31.8603515625
3322680,31.06689453125
3322696,46.5087890625
3322728,42.1142578125
3322743,24.2919921875
3322753,31.8603515625
3322763,33.02001953125
3322773,27.89306640625
3322791,38.14697265625
3322815,29.541015625
3322827,28.86962890625
3322839,25.32958984375
3322855,23.4375
3322874,28.25927734375
3322915,22.52197265625
3322937,35.82763671875
3322952,21.240234375
3322983,20.32470703125
3322999,24.0478515625
3323034,26.42822265625
3323064,20.69091796875
3323085,25.57373046875
3323124,19.34814453125
3323136,24.0478515625
3323197,22.27783203125
3323221,19.95849609375
3323326,20.08056640625
3323502,22.03369140625
3323679,23.01025390625
3336216,21.728515625
3348384,19.53125
3379253,19.34814453125
3553100,19.95849609375
4267659,21.240234375
4267738,23.37646484375
4267768,24.5361328125
4267782,20.32470703125
4267841,20.93505859375
4267933,19.59228515625
4267992,20.3857421875
4268002,22.15576171875
4268039,27.64892578125
4268086,25.0244140625
4268121,24.4140625
4268133,23.681640625
4268146,21.3623046875
4268163,50.96435546875
4268183,41.50390625
4268205,31.18896484375
4268218,31.005859375
4268236,29.541015625
4268256,38.9404296875
4268282,61.1572265625
4268294,39.1845703125
4268316,85.26611328125
4268347,94.482421875
4268370,100.15869140625
4268382,86.181640625
4268405,57.9833984375
4268416,26.85546875
4268429,61.5234375
4268445,61.82861328125
4268468,64.94140625
4268488,70.6787109375
4268503,31.8603515625
4268521,50.29296875
4268540,38.57421875
4268560,51.6357421875
4268576,37.78076171875
4268586,49.072265625
4268610,30.45654296875
4268622,37.65869140625
4268654,20.69091796875
4268676,34.3017578125
4268694,42.54150390625
4268728,49.9267578125
4268744,20.99609375
4268774,22.4609375
4268785,22.3388671875
4268802,30.517578125
4268822,27.28271484375
4268864,28.86962890625
4268896,20.56884765625
4268919,27.03857421875
4268930,24.96337890625
4268943,26.91650390625
4268973,20.8740234375
4268987,29.9072265625
4269002,23.98681640625
4269040,19.775390625
4269075,24.169921875
4269154,20.08056640625
4269172,20.44677734375
4269210,25.45166015625
4269229,19.47021484375
4269409,20.01953125
4269465,19.59228515625
4269510,19.59228515625
4269654,21.6064453125
4277926,19.59228515625
4281286,20.08056640625
4282694,21.42333984375
4762987,27.40478515625
5175437,20.99609375
5175548,25.93994140625
5175608,21.728515625
5175663,25.57373046875
5175737,20.5078125
5176236,22.0947265625
5176299,22.5830078125
5176322,25.32958984375
5176353,19.59228515625
5176379,35.64453125
5176408,48.7060546875
5176428,93.3837890625
5176452,66.5283203125
5176462,105.52978515625
5176481,104.4921875
5176498,57.06787109375
5176516,67.68798828125
5176530,42.05322265625
5176545,67.81005859375
5176562,67.81005859375
5176583,67.2607421875
5176600,33.0810546875
5176613,41.015625
5176627,49.01123046875
5176648,46.2646484375
5176676,53.16162109375
5176693,37.04833984375
5176717,35.7666015625
5176735,29.47998046875
5176766,46.630859375
5176795,37.9638671875
5176816,35.58349609375
5176840,28.3203125
5176876,26.67236328125
5176890,27.89306640625
5176904,32.04345703125
5176923,32.40966796875
5176941,26.06201171875
5176966,43.0908203125
5176977,23.25439453125
5177013,32.470703125
5177042,32.8369140625
5177062,33.14208984375
5177079,26.7333984375
5177097,26.7333984375
5177115,40.95458984375
5177152,29.72412109375
5177176,26.7333984375
5177191,22.76611328125
5177231,24.23095703125
5177251,23.74267578125
5177279,24.84130859375
5177290,21.728515625
5177334,26.18408203125
5177381,26.9775390625
5177395,23.0712890625
5177426,23.86474609375
5177456,19.83642578125
5177470,21.66748046875
5177494,22.705078125
5177514,19.4091796875
5177526,22.39990234375
5177597,19.34814453125
5177609,23.49853515625
5177636,19.83642578125
5177719,25.08544921875
5177761,20.99609375
5177780,19.22607421875
5177828,30.09033203125
5177894,24.71923828125
5178094,24.5361328125
5178132,22.94921875
5178210,20.6298828125
5178276,25.5126953125
5178410,19.287109375
5179773,19.47021484375
5180951,23.37646484375
5183011,19.95849609375
5194167,20.69091796875
5197115,19.53125
5216706,21.66748046875
5247191,19.34814453125
5247295,20.08056640625
5247306,22.88818359375
5247340,28.80859375
5247381,35.7666015625
5247409,29.72412109375
5247422,30.2734375
5247450,27.83203125
5247464,33.447265625
5247489,49.1943359375
5247505,97.16796875
5247535,71.044921875
5247551,67.5048828125
5247563,27.77099609375
5247574,75.0732421875
5247594,95.21484375
5247613,27.28271484375
5247624,99.18212890625
5247650,110.29052734375
5247667,31.1279296875
5247681,28.80859375
5247693,44.73876953125
5247703,33.75244140625
5247725,48.33984375
5247738,53.28369140625
5247760,46.93603515625
5247775,36.80419921875
5247793,27.2216796875
5247805,41.8701171875
5247826,35.15625
5247849,33.99658203125
5247864,19.95849609375
5247880,40.46630859375
5247898,32.958984375
5247908,33.75244140625
5247924,23.0712890625
5247947,27.64892578125
5247968,30.45654296875
5247988,35.2783203125
5248000,32.958984375
5248024,36.56005859375
5248051,25.0244140625
5248068,40.283203125
5248089,20.69091796875
5248101,26.30615234375
5248122,37.90283203125
5248144,20.69091796875
5248169,41.68701171875
5248204,27.2216796875
5248215,22.94921875
5248239,19.6533203125
5248261,32.53173828125
5248277,27.03857421875
5248294,29.60205078125
5248308,23.25439453125
5248327,34.3017578125
5248345,19.47021484375
5248374,24.23095703125
5248387,24.4140625
5248419,33.447265625
5248442,34.72900390625
5248466,25.08544921875
5248485,35.400390625
5248504,25.93994140625
5248551,20.08056640625
5248565,23.37646484375
5248589,24.2919921875
5248613,21.42333984375
5248642,26.123046875
5248662,28.9306640625
5248691,20.263671875
5248703,31.982421875
5248740,19.47021484375
5248763,21.66748046875
5248778,20.6298828125
5248789,21.8505859375
5248835,21.30126953125
5248853,22.76611328125
5248881,25.7568359375
5248907,24.96337890625
5248968,20.20263671875
5249013,26.55029296875
5249029,20.69091796875
5249054,20.99609375
5249072,22.76611328125
5249092,30.70068359375
5249116,25.0244140625
5249210,28.50341796875
5249221,30.57861328125
5249266,20.32470703125
5249313,21.30126953125
5249454,21.6064453125
5249486,20.08056640625
5249647,21.484375
5249732,19.83642578125
5249760,19.775390625
5249802,29.9072265625
5249856,22.52197265625
5250034,21.97265625
5250133,20.263671875
5250383,28.25927734375
5250462,22.64404296875
5250697,24.5361328125
5250931,30.94482421875
5251145,21.05712890625
5251263,23.681640625
5251316,23.3154296875
5256440,19.59228515625
5258244,20.56884765625
5258510,20.44677734375
5259482,19.775390625
5259696,22.52197265625
5260195,22.52197265625
5261792,19.59228515625
5262465,25.0244140625
5262491,27.7099609375
5265706,19.83642578125
5267147,23.01025390625
5267847,21.3623046875
5267916,19.287109375
5268322,19.22607421875
5268457,25.87890625
5268483,25.2685546875
5268510,22.4609375
5268534,38.57421875
5268553,24.658203125
5268601,23.98681640625
5268622,33.5693359375
5268652,29.6630859375
5268669,19.287109375
5268696,36.56005859375
5268720,36.80419921875
5268740,25.5126953125
5268760,46.38671875
5268786,20.01953125
5268805,26.30615234375
5268821,23.3154296875
5268857,29.96826171875
5268872,20.8740234375
5268903,96.3134765625
5268928,106.0791015625
5268946,74.21875
5268961,68.90869140625
5268987,69.64111328125
5269011,42.29736328125
5269032,93.505859375
5269055,73.3642578125
5269075,79.7119140625
5269093,26.3671875
5269108,59.14306640625
5269118,63.8427734375
5269143,75.8056640625
5269165,59.50927734375
5269176,29.052734375
5269199,32.28759765625
5269216,28.13720703125
5269232,28.9306640625
5269249,33.14208984375
5269270,35.21728515625
5269286,25.32958984375
5269327,23.74267578125
5269346,62.19482421875
5269361,37.41455078125
5269389,30.09033203125
5269399,42.29736328125
5269419,21.8505859375
5269444,48.4619140625
5269466,37.353515625
5269496,52.1240234375
5269531,25.57373046875
5269549,38.4521484375
5269564,27.099609375
5269580,26.7333984375
5269593,32.71484375
5269610,38.87939453125
5269624,26.9775390625
5269657,20.08056640625
5269668,32.1044921875
5269686,36.7431640625
5269707,23.0712890625
5269720,25.2685546875
5269742,25.45166015625
5269767,23.5595703125
5269820,39.55078125
5269840,20.1416015625
5269855,28.13720703125
5269877,23.01025390625
5269892,45.10498046875
5269921,22.64404296875
5269953,23.25439453125
5269966,30.33447265625
5270004,26.30615234375
5270036,22.3388671875
5270055,19.34814453125
5270091,22.39990234375
5270131,22.76611328125
5270151,30.82275390625
5270177,23.49853515625
5270216,25.87890625
5270239,30.21240234375
5270268,29.35791015625
5270304,24.84130859375
5270350,23.01025390625
5270366,22.705078125
5270390,22.705078125
5270433,29.052734375
5270479,26.06201171875
5270501,21.484375
5270535,27.28271484375
5270602,19.83642578125
5270692,21.05712890625
5270720,21.1181640625
5270908,23.4375
5270942,21.6064453125
5271320,20.263671875
5271381,19.6533203125
5271518,23.8037109375
5271666,21.17919921875
5271830,20.32470703125
5271886,21.30126953125
5272059,22.39990234375
5272348,21.54541015625
5272716,21.30126953125
5274527,19.287109375
5275330,21.66748046875
5276193,20.263671875
5277127,19.71435546875
5279191,21.1181640625
5281502,21.54541015625
5282348,20.93505859375
5283745,23.13232421875
5283888,28.3203125
5283931,19.59228515625
5283955,19.6533203125
5284079,22.705078125
5284089,22.27783203125
5284102,21.05712890625
5284121,31.31103515625
5284136,34.72900390625
5284153,30.21240234375
5284176,31.8603515625
5284206,24.4140625
5284221,34.66796875
5284232,56.396484375
5284259,69.580078125
5284279,20.81298828125
5284301,48.9501953125
5284315,25.0244140625
5284328,60.6689453125
5284347,131.4697265625
5284385,69.15283203125
5284423,133.544921875
5284441,59.814453125
5284462,27.77099609375
5284487,63.5986328125
5284500,96.5576171875
5284521,58.10546875
5284537,39.36767578125
5284558,65.97900390625
5284572,32.53173828125
5284582,46.5087890625
5284612,26.611328125
5284624,25.93994140625
5284647,39.794921875
5284666,40.8935546875
5284689,37.4755859375
5284709,30.2734375
5284733,33.87451171875
5284748,21.66748046875
5284767,28.13720703125
5284788,20.93505859375
5284804,31.982421875
5284825,37.29248046875
5284852,38.818359375
5284871,45.83740234375
5284887,36.80419921875
5284899,29.23583984375
5284921,31.67724609375
5284938,38.75732421875
5284948,20.56884765625
5284976,30.45654296875
5284986,23.62060546875
5284997,24.169921875
5285013,36.1328125
5285030,22.15576171875
5285049,25.2685546875
5285061,19.22607421875
5285095,37.2314453125
5285133,25.81787109375
5285145,19.83642578125
5285169,39.85595703125
5285206,32.89794921875
5285217,24.4140625
5285251,20.69091796875
5285266,34.60693359375
5285312,23.13232421875
5285330,20.1416015625
5285364,30.1513671875
5285384,24.96337890625
5285399,26.3671875
5285460,24.658203125
5285517,24.658203125
5285527,25.93994140625
5285542,26.2451171875
5285595,21.484375
5285615,25.45166015625
5285774,26.4892578125
5285804,19.22607421875
5285859,19.34814453125
5286123,20.69091796875
5286923,22.76611328125
5287189,19.95849609375
5291366,19.71435546875
5293266,23.0712890625
5293622,19.95849609375
5296897,20.93505859375
5297318,22.15576171875
5297481,19.4091796875
5297595,19.53125
5297639,21.54541015625
5297670,26.06201171875
5297706,25.2685546875
5297721,44.98291015625
5297755,23.98681640625
5297779,38.39111328125
5297796,28.076171875
5297811,26.2451171875
5297821,31.982421875
5297839,29.60205078125
5297863,35.0341796875
5297887,42.66357421875
5297918,39.36767578125
5297944,62.68310546875
5297966,93.505859375
5297982,55.908203125
5298013,83.67919921875
5298028,69.580078125
5298049,49.4384765625
5298074,51.6357421875
5298092,57.373046875
5298112,53.28369140625
5298137,47.9736328125
5298147,41.259765625
5298158,48.88916015625
5298186,53.16162109375
5298203,46.630859375
5298216,29.23583984375
5298227,45.654296875
5298248,30.2734375
5298263,40.771484375
5298285,30.33447265625
5298307,35.2783203125
5298327,47.8515625
5298343,38.63525390625
5298360,35.64453125
5298376,43.27392578125
5298402,40.71044921875
5298433,41.50390625
5298452,24.4140625
5298477,26.123046875
5298505,41.56494140625
5298524,33.50830078125
5298552,31.3720703125
5298563,21.78955078125
5298576,27.03857421875
5298598,26.4892578125
5298693,22.88818359375
5298709,28.564453125
5298719,30.1513671875
5298750,24.71923828125
5298763,21.66748046875
5298793,29.541015625
5298812,21.17919921875
5298831,24.658203125
5298870,21.97265625
5298880,23.98681640625
5298939,26.0009765625
5298999,23.5595703125
5299017,20.5078125
5299121,27.2216796875
5299157,23.193359375
5299192,21.30126953125
5299238,20.56884765625
5299341,21.1181640625
5299502,23.01025390625
5299572,19.34814453125
5299620,19.83642578125
5299664,20.81298828125
5299796,25.69580078125
5305630,23.5595703125
5307177,25.69580078125
5308118,20.1416015625
5310216,20.93505859375
5311080,21.30126953125
5311095,19.47021484375
5311425,19.83642578125
5311451,19.4091796875
5311553,21.66748046875
5311601,21.54541015625
5311611,42.29736328125
5311627,23.98681640625
5311655,23.98681640625
5311672,46.44775390625
5311707,24.35302734375
5311730,62.68310546875
5311741,32.65380859375
5311773,131.04248046875
5311786,32.65380859375
5311802,57.12890625
5311837,45.83740234375
5311859,140.9912109375
5311877,86.0595703125
5311898,50.4150390625
5311924,59.02099609375
5311940,75.01220703125
5311966,66.162109375
5311979,90.27099609375
5311998,23.49853515625
5312018,50.47607421875
5312034,37.9638671875
5312051,44.12841796875
5312063,48.15673828125
5312077,49.49951171875
5312101,37.9638671875
5312121,35.5224609375
5312133,63.41552734375
5312151,43.701171875
5312166,27.83203125
5312179,25.634765625
5312195,27.587890625
5312206,36.80419921875
5312240,35.58349609375
5312271,43.02978515625
5312301,29.6630859375
5312319,30.2734375
5312329,25.69580078125
5312354,32.1044921875
5312365,20.08056640625
5312375,21.42333984375
5312400,21.05712890625
5312430,28.25927734375
5312452,26.42822265625
5312470,33.935546875
5312494,28.80859375
5312528,34.1796875
5312549,29.9072265625
5312563,23.92578125
5312586,29.72412109375
5312600,20.01953125
5312652,19.34814453125
5312665,21.91162109375
5312683,27.03857421875
5312693,24.7802734375
5312752,20.1416015625
5312801,36.07177734375
5312855,31.18896484375
5312874,19.47021484375
5312901,20.69091796875
5313139,20.99609375
5313713,20.93505859375
5318938,23.681640625
5319302,20.99609375
5320537,20.99609375
5321920,21.484375
5322975,21.728515625
5324031,21.30126953125
5324362,21.78955078125
5324372,20.08056640625
5325981,19.47021484375
5326008,26.7333984375
5326055,27.099609375
5326120,32.04345703125
5326142,31.18896484375
5326163,24.23095703125
5326177,24.5361328125
5326200,28.076171875
5326242,24.10888671875
5326261,21.8505859375
5326278,46.0205078125
5326293,19.22607421875
5326307,51.3916015625
5326332,60.791015625
5326342,65.91796875
5326375,51.45263671875
5326404,71.533203125
5326426,59.2041015625
5326447,58.16650390625
5326458,29.9072265625
5326473,151.67236328125
5326511,100.341796875
5326533,59.6923828125
5326548,64.63623046875
5326563,26.67236328125
5326582,50.78125
5326597,48.583984375
5326625,52.6123046875
5326635,48.64501953125
5326649,21.728515625
5326670,59.08203125
5326685,37.90283203125
5326702,23.86474609375
5326714,28.13720703125
5326730,35.2783203125
5326748,48.9501953125
5326764,26.79443359375
5326782,36.9873046875
5326795,25.57373046875
5326819,36.56005859375
5326833,50.9033203125
5326856,19.4091796875
5326869,21.1181640625
5326897,24.7802734375
5326927,28.80859375
5326946,26.79443359375
5326972,28.6865234375
5326989,37.53662109375
5327015,30.76171875
5327065,26.85546875
5327117,34.24072265625
5327192,28.38134765625
5327208,21.54541015625
5327497,23.0712890625
5327636,22.5830078125
5327657,23.25439453125
5328575,20.93505859375
5328711,20.3857421875
5335215,27.099609375
5336484,19.95849609375
5336537,19.47021484375
5339876,20.69091796875
5340041,20.81298828125
5340078,20.08056640625
5340192,24.2919921875
5340213,22.88818359375
5340289,23.62060546875
5340465,19.34814453125
5340495,25.7568359375
5340665,20.99609375
5340678,22.0947265625
5340728,19.47021484375
5344735,23.681640625
5344748,23.25439453125
5344811,29.296875
5344839,20.99609375
5344871,21.66748046875
5344883,79.833984375
5344920,35.5224609375
5344942,32.470703125
5344968,23.193359375
5344987,29.47998046875
5345014,31.31103515625
5345047,41.1376953125
5345060,33.02001953125
5345080,69.091796875
5345095,79.65087890625
5345116,38.0859375
5345145,56.45751953125
5345162,80.078125
5345183,79.16259765625
5345200,53.03955078125
5345212,47.66845703125
5345233,62.68310546875
5345249,53.1005859375
5345272,38.02490234375
5345301,59.4482421875
5345316,31.73828125
5345330,33.3251953125
5345371,44.37255859375
5345385,27.89306640625
5345408,54.99267578125
5345428,60.1806640625
5345448,41.8701171875
5345459,43.0908203125
5345477,39.55078125
5345501,29.296875
5345521,32.8369140625
5345554,26.85546875
5345571,30.45654296875
5345589,21.6064453125
5345617,33.8134765625
5345646,23.5595703125
5345661,46.93603515625
5345696,19.34814453125
5345719,29.84619140625
5345739,20.1416015625
5345752,27.34375
5345803,19.287109375
5345822,23.681640625
5345844,28.076171875
5345877,30.94482421875
5345902,19.22607421875
5345921,32.77587890625
5346250,23.01025390625
5346360,20.44677734375
5346508,22.94921875
5346696,19.34814453125
5347059,23.8037109375
5356871,19.59228515625
5357018,22.94921875
5357042,20.44677734375
5357098,25.57373046875
5358574,19.59228515625
5359034,21.30126953125
5360310,22.15576171875
5361898,21.66748046875
5362078,20.44677734375
5362091,20.263671875
5362147,23.8037109375
5362196,20.56884765625
5362220,21.728515625
5362241,20.6298828125
5362266,21.42333984375
5362300,20.263671875
5362316,23.8037109375
5362394,19.83642578125
5362420,20.01953125
5362446,19.287109375
5362478,20.32470703125
5365060,22.705078125
5365079,22.5830078125
5365116,22.39990234375
5365151,19.8974609375
5365199,23.25439453125
5365210,23.4375
5365226,22.3388671875
5365289,21.240234375
5365410,20.44677734375
5365504,19.47021484375
5365566,25.93994140625
5365756,19.22607421875
5368253,23.37646484375
5368295,19.47021484375
5368345,24.71923828125
5368362,19.34814453125
5368373,25.5126953125
5368408,21.8505859375
5368470,23.62060546875
5368494,27.9541015625
5368580,19.287109375
5371158,21.66748046875
5371185,20.99609375
5371275,20.32470703125
5371319,24.5361328125
5371337,41.19873046875
5371358,27.4658203125
5371383,19.83642578125
5371408,25.0244140625
5373864,20.1416015625
5373887,20.263671875
5373953,19.95849609375
5374027,21.1181640625
5377129,20.263671875
5377334,20.81298828125
5377364,19.775390625
5377410,22.4609375
5377424,31.6162109375
5377456,25.87890625
5377473,29.9072265625
5377532,21.05712890625
5377576,21.3623046875
5377589,31.3720703125
5377619,21.78955078125
5377630,29.35791015625
5377658,24.90234375
5377705,24.2919921875
5377765,31.3720703125
5377804,25.45166015625
5377819,22.94921875
5380435,20.3857421875
5381749,19.287109375
5381783,23.86474609375
5381818,30.21240234375
5382010,22.0947265625
5382112,23.98681640625
5382128,28.80859375
5386194,20.6298828125
5386209,23.193359375
5386263,21.484375
5386306,24.10888671875
5386330,27.4658203125
5386356,27.52685546875
5386389,19.47021484375
5386409,26.42822265625
5386465,25.634765625
5386490,28.38134765625
5386502,34.72900390625
5386523,20.8740234375
5386538,26.611328125
5386559,26.42822265625
5386587,19.287109375
5386605,26.9775390625
5386622,19.6533203125
5386656,20.3857421875
5389687,19.22607421875
5389861,19.53125
5389894,19.47021484375
5389931,21.8505859375
5389957,24.10888671875
5389971,20.01953125
5393240,25.20751953125
5393298,39.9169921875
5393311,32.77587890625
5393357,20.32470703125
5393480,20.263671875
5393490,23.86474609375
5393516,21.3623046875
5393587,22.03369140625
5393679,20.20263671875
5396783,20.08056640625
5396822,25.0244140625
5396888,19.287109375
5396941,27.9541015625
5396972,21.30126953125
5397139,19.83642578125
5397422,20.93505859375
5400263,19.95849609375
5400277,31.92138671875
5400345,19.4091796875
5400418,30.6396484375
5400506,21.05712890625
5400562,20.81298828125
5400626,20.08056640625
5400648,22.3388671875
5403591,22.76611328125
5403617,35.64453125
5403651,36.92626953125
5407539,24.47509765625
5407587,39.794921875
5407628,22.0947265625
5407710,19.22607421875
5408048,28.74755859375
5412385,22.4609375
5412395,21.54541015625
5412416,38.818359375
5412509,23.0712890625
5412563,20.20263671875
5413003,23.5595703125
5416471,19.22607421875
5416483,32.1044921875
5416493,28.13720703125
5420451,19.71435546875
5420467,21.6064453125
5420484,21.6064453125
5420540,23.5595703125
5420561,20.81298828125
5420718,19.4091796875
5420747,22.52197265625
5421054,23.92578125
5424447,21.97265625
5424506,22.8271484375
5424531,25.08544921875
5424705,21.728515625
5424762,20.93505859375
5428059,23.3154296875
5428140,20.20263671875
5428244,25.81787109375
5428698,21.30126953125
5432286,25.93994140625
5432315,20.32470703125
5432337,19.95849609375
5432412,21.30126953125
5436815,20.5078125
5436846,28.9306640625
5436879,26.4892578125
5436893,20.5078125
5436909,32.16552734375
5437115,21.240234375
5440866,21.17919921875
5440962,20.751953125
5441094,19.6533203125
5441115,19.287109375
5441303,19.34814453125
5441554,22.27783203125
5445429,20.81298828125
5445439,22.39990234375
5449533,19.8974609375
5449589,25.69580078125
5449607,19.47021484375
5449812,21.484375
5453398,23.37646484375
5453456,19.59228515625
5453510,20.32470703125
5459856,21.17919921875
5459887,21.728515625
5459992,19.71435546875
5460304,19.71435546875
5465248,19.59228515625
5465355,19.53125
5465377,20.32470703125
5465426,27.099609375
5465438,19.83642578125
5465591,25.2685546875
5465651,20.6298828125
5471879,20.1416015625
5471901,26.85546875
5471965,20.08056640625
5472009,25.87890625
5480214,19.4091796875
5480253,22.15576171875
5480266,23.37646484375
5480293,23.49853515625
5480337,20.69091796875
5480402,22.216796875
5480566,19.47021484375
5485157,34.36279296875
5485227,34.97314453125
5485383,21.6064453125
5485500,19.47021484375
5495156,25.5126953125
5495195,27.83203125
5495237,29.296875
5495256,22.76611328125
5495280,28.13720703125
5495331,20.20263671875
5495365,22.52197265625
5495464,21.42333984375
5495492,21.17919921875
5509104,21.1181640625
5509246,20.3857421875
5509267,20.01953125
5509474,24.84130859375
5534502,19.4091796875
5719149,46.2646484375
6261971,48.88916015625
6665078,19.83642578125
6720718,19.4091796875
