7799001,0
5866,17.88330078125
5976,18.98193359375
6723,21.17919921875
6819,16.05224609375
6840,17.2119140625
7568,17.15087890625
7778,15.80810546875
7914,24.71923828125
8013,15.93017578125
8121,19.71435546875
8236,16.17431640625
8306,19.1650390625
8373,24.658203125
8447,16.41845703125
9849,15.869140625
44030,17.08984375
44363,17.08984375
44561,15.869140625
44791,16.4794921875
44930,16.357421875
45451,18.5546875
45605,15.9912109375
45878,15.80810546875
45982,22.52197265625
76091,16.4794921875
76231,16.6015625
76587,16.54052734375
76951,16.6015625
77089,17.51708984375
77242,16.4794921875
77934,16.54052734375
78313,22.52197265625
78389,21.97265625
113856,18.798828125
113984,16.29638671875
114137,17.4560546875
115413,21.17919921875
115697,17.7001953125
117734,18.98193359375
154928,16.41845703125
155092,16.90673828125
155248,16.357421875
156274,17.39501953125
156352,20.81298828125
156449,22.3388671875
156841,16.54052734375
157199,17.02880859375
157438,17.4560546875
193442,16.4794921875
193943,15.93017578125
194082,20.3857421875
194374,15.7470703125
194557,17.7001953125
195220,19.04296875
195286,16.41845703125
195356,16.9677734375
195414,22.4609375
195920,15.7470703125
236010,16.41845703125
236511,15.93017578125
236678,16.845703125
236876,16.11328125
236975,16.78466796875
237397,19.775390625
237521,16.6015625
237704,19.34814453125
266473,18.4326171875
266829,15.869140625
267245,15.80810546875
267545,15.7470703125
291852,17.578125
292000,16.7236328125
292265,15.7470703125
292573,17.39501953125
293033,23.37646484375
293128,19.53125
293219,16.845703125
293573,18.06640625
295211,18.5546875
336021,19.22607421875
336226,19.04296875
336357,18.73779296875
336695,16.11328125
337152,17.08984375
337527,26.611328125
337595,19.34814453125
338283,16.29638671875
379101,16.90673828125
379616,15.7470703125
380312,16.2353515625
380730,18.00537109375
380903,16.845703125
381037,17.76123046875
381481,16.4794921875
381592,16.357421875
382308,18.98193359375
382716,16.2353515625
382834,16.29638671875
411353,15.93017578125
411508,17.333984375
411715,15.7470703125
412573,16.7236328125
413058,15.7470703125
413365,16.4794921875
413583,16.66259765625
414918,17.27294921875
416732,16.29638671875
416809,16.29638671875
450143,15.7470703125
450168,20.81298828125
450569,16.357421875
451051,16.17431640625
451556,19.59228515625
451641,21.3623046875
451812,16.66259765625
452573,16.05224609375
453025,20.81298828125
487607,15.869140625
488177,15.93017578125
488292,18.310546875
489092,17.15087890625
489128,16.11328125
489228,17.578125
489314,18.24951171875
489457,19.95849609375
489568,19.53125
491519,16.66259765625
491604,16.54052734375
532215,17.333984375
532364,17.15087890625
532630,18.06640625
532731,17.51708984375
532833,19.83642578125
533701,16.41845703125
533809,17.08984375
533882,17.2119140625
533938,18.61572265625
534045,21.484375
534183,16.4794921875
534261,15.9912109375
534434,22.216796875
534558,20.69091796875
560600,16.78466796875
560746,18.5546875
561547,17.2119140625
588781,18.49365234375
588796,19.6533203125
588938,19.34814453125
590411,18.5546875
623689,16.357421875
623782,16.41845703125
623907,18.00537109375
624165,16.11328125
624419,16.2353515625
624772,17.08984375
624971,23.3154296875
625027,18.5546875
625260,16.90673828125
626146,16.29638671875
652841,16.845703125
653301,18.49365234375
653381,21.6064453125
653501,17.08984375
653984,16.41845703125
654525,16.845703125
654888,16.90673828125
655388,16.845703125
687253,17.822265625
687781,15.80810546875
687968,24.169921875
688045,23.37646484375
688145,15.80810546875
688889,16.29638671875
690022,15.9912109375
723535,16.54052734375
724135,19.775390625
724915,23.86474609375
725010,24.47509765625
725068,19.287109375
725176,15.9912109375
726399,19.4091796875
764158,20.3857421875
764495,17.39501953125
765197,23.13232421875
765275,18.98193359375
765386,19.1650390625
766261,16.357421875
791866,15.7470703125
792128,18.4326171875
792264,16.7236328125
792668,15.80810546875
793147,16.2353515625
793390,15.9912109375
793852,16.05224609375
823402,18.98193359375
823867,15.9912109375
824529,15.93017578125
824650,17.7001953125
824754,19.47021484375
825144,16.78466796875
826135,19.95849609375
850589,17.822265625
851115,19.04296875
851605,15.869140625
852471,17.02880859375
852704,16.90673828125
852747,20.69091796875
853723,16.845703125
892033,15.7470703125
892300,15.93017578125
893006,15.7470703125
893341,19.287109375
893460,21.97265625
893532,18.4326171875
893830,17.39501953125
896275,16.78466796875
932250,17.578125
932365,19.6533203125
932439,15.7470703125
932525,17.76123046875
933414,17.51708984375
933542,15.869140625
933714,19.4091796875
933773,21.728515625
933850,16.357421875
934003,18.98193359375
934097,17.63916015625
934212,20.93505859375
934489,15.9912109375
981542,17.9443359375
981835,16.7236328125
981889,19.71435546875
981955,17.2119140625
982047,21.42333984375
982163,18.61572265625
982390,20.5078125
982512,20.08056640625
982626,17.08984375
982753,16.4794921875
1027352,16.11328125
1027618,17.9443359375
1027734,16.9677734375
1027909,16.05224609375
1028040,17.27294921875
1028398,17.76123046875
1028510,16.17431640625
1028633,17.39501953125
1051109,19.287109375
1051394,17.7001953125
1051685,16.05224609375
1051881,15.93017578125
1052650,18.73779296875
1052767,17.08984375
1053168,21.3623046875
1054214,16.9677734375
1085536,19.04296875
1085790,19.04296875
1086880,18.98193359375
1087041,21.78955078125
1087103,17.7001953125
1087175,20.99609375
1087314,21.66748046875
1087430,19.53125
1087527,18.61572265625
1088040,16.4794921875
1126918,18.06640625
1127189,17.27294921875
1127288,17.2119140625
1127425,17.333984375
1127974,17.76123046875
1128040,19.34814453125
1128103,17.9443359375
1128152,16.54052734375
1128264,17.2119140625
1128374,16.78466796875
1128603,19.10400390625
1129389,16.4794921875
1129790,16.845703125
1164128,15.80810546875
1164253,16.17431640625
1164391,16.17431640625
1165429,20.81298828125
1165528,16.845703125
1165651,17.02880859375
1165883,22.39990234375
1165965,19.6533203125
1167254,16.05224609375
1201961,16.2353515625
1202256,17.76123046875
1202538,17.2119140625
1203546,18.1884765625
1203658,19.04296875
1203751,20.8740234375
1203807,20.20263671875
1203936,18.4326171875
1204022,17.63916015625
1204172,16.29638671875
1204544,17.08984375
1204701,17.08984375
1205097,15.869140625
1237606,16.6015625
1238071,18.6767578125
1238279,16.17431640625
1239074,15.7470703125
1239164,18.5546875
1239228,15.93017578125
1239263,15.80810546875
1239381,18.24951171875
1239457,21.05712890625
1239515,17.822265625
1239620,15.93017578125
1240182,16.7236328125
1272060,15.869140625
1272078,17.7001953125
1272292,17.27294921875
1272430,18.310546875
1272714,18.00537109375
1273034,16.29638671875
1273744,24.71923828125
1273823,20.5078125
1273979,18.49365234375
1274689,16.54052734375
1274902,16.11328125
1307558,16.05224609375
1307811,16.17431640625
1308202,17.76123046875
1308359,18.9208984375
1308531,18.06640625
1308700,17.08984375
1308932,19.10400390625
1309003,20.69091796875
1309066,15.80810546875
1309297,20.8740234375
1310298,17.02880859375
1340016,16.4794921875
1340294,15.7470703125
1341459,19.53125
1341720,16.29638671875
1341822,15.93017578125
1365257,18.9208984375
1365270,20.99609375
1365338,16.11328125
1365351,16.11328125
1365426,21.3623046875
1365445,16.357421875
1365538,21.78955078125
1365599,17.76123046875
1365646,20.08056640625
1365692,15.93017578125
1365791,16.357421875
1366040,23.49853515625
1366105,19.775390625
1366162,17.27294921875
1366226,16.66259765625
1366315,20.1416015625
1366470,18.00537109375
1366502,16.845703125
1366583,18.9208984375
1366718,16.90673828125
1366792,18.61572265625
1366878,22.94921875
1367244,16.54052734375
1367271,22.27783203125
1367371,17.88330078125
1367581,20.32470703125
1367894,15.93017578125
1368774,16.41845703125
1420131,17.15087890625
1420600,15.80810546875
1420845,16.4794921875
1421170,16.66259765625
1440385,19.47021484375
1440690,21.6064453125
1440727,17.15087890625
1440887,19.53125
1441034,19.53125
1441132,20.99609375
1441258,18.06640625
1443398,18.37158203125
1443761,19.8974609375
1476872,17.2119140625
1476988,17.822265625
1477297,16.29638671875
1477418,16.7236328125
1498423,18.310546875
1498850,17.2119140625
1498995,16.845703125
1499708,16.2353515625
1535492,17.39501953125
1535884,16.357421875
1536253,15.869140625
1536359,18.12744140625
1536919,16.66259765625
1536943,23.49853515625
1537008,18.798828125
1537387,16.2353515625
1537476,18.85986328125
1537826,16.41845703125
1576671,16.11328125
1576949,16.29638671875
1577203,17.63916015625
1577434,15.9912109375
1577718,16.7236328125
1577973,17.27294921875
1578028,16.66259765625
1578081,23.25439453125
1578141,20.32470703125
1578187,19.04296875
1578271,18.37158203125
1578411,16.357421875
1578475,18.06640625
1604807,16.05224609375
1605350,22.0947265625
1605481,16.05224609375
1605867,15.80810546875
1605963,15.80810546875
1606208,16.11328125
1606360,17.08984375
1630749,16.7236328125
1631008,16.29638671875
1631117,16.9677734375
1631951,18.9208984375
1632076,23.0712890625
1632133,16.41845703125
1632203,20.99609375
1632271,17.2119140625
1669950,18.85986328125
1670079,16.2353515625
1670632,17.88330078125
1671307,23.193359375
1671358,19.22607421875
1671415,18.12744140625
1671539,18.49365234375
1671725,22.76611328125
1671792,19.4091796875
1671892,19.34814453125
1673358,15.93017578125
1708400,20.751953125
1708678,16.357421875
1709267,18.24951171875
1710144,16.29638671875
1710269,20.20263671875
1710330,20.81298828125
1710416,18.98193359375
1710494,22.15576171875
1711662,18.310546875
1711937,16.4794921875
1747081,16.11328125
1747527,17.08984375
1748493,16.05224609375
1748756,15.9912109375
1748945,17.08984375
1749120,18.310546875
1749698,17.08984375
1749823,19.59228515625
1749920,16.845703125
1749976,19.04296875
1750081,18.310546875
1750256,18.61572265625
1786656,17.88330078125
1786828,15.7470703125
1786989,15.9912109375
1787081,15.869140625
1787387,16.66259765625
1788149,20.32470703125
1788370,21.54541015625
1789462,20.81298828125
1822607,16.4794921875
1822757,16.6015625
1822767,17.39501953125
1823953,16.78466796875
1824066,17.2119140625
1824152,23.0712890625
1824226,22.88818359375
1824303,21.05712890625
1824462,18.4326171875
1824544,16.357421875
1825067,15.80810546875
1865049,16.2353515625
1865303,20.751953125
1865567,16.9677734375
1866044,19.4091796875
1866153,15.93017578125
1866516,20.20263671875
1866626,16.29638671875
1866770,16.7236328125
1867582,17.02880859375
1898911,16.6015625
1899252,18.6767578125
1900356,16.9677734375
1900432,23.5595703125
1900499,23.5595703125
1900555,19.775390625
1900645,20.5078125
1900842,18.98193359375
1901285,16.90673828125
1901394,26.55029296875
1901469,15.93017578125
1901486,18.37158203125
1901589,20.8740234375
1939063,16.17431640625
1939470,15.80810546875
1940171,20.32470703125
1940295,22.94921875
1940412,17.7001953125
1940465,21.240234375
1940537,17.4560546875
1940600,16.11328125
1940690,18.61572265625
1940761,20.751953125
1941055,18.24951171875
1941122,16.17431640625
1941386,17.2119140625
1981399,17.9443359375
1981683,17.08984375
1982085,16.9677734375
1982565,16.90673828125
1982698,15.9912109375
1982797,17.08984375
1982896,19.22607421875
1982988,15.9912109375
1984573,15.7470703125
1984623,17.7001953125
1984667,17.15087890625
2017649,17.39501953125
2017919,15.7470703125
2019004,17.333984375
2019524,19.47021484375
2019597,17.333984375
2019895,21.17919921875
2020013,21.42333984375
2020716,15.9912109375
2020960,18.4326171875
2054938,15.7470703125
2056037,16.54052734375
2056207,17.76123046875
2056542,21.78955078125
2056639,15.80810546875
2056748,17.15087890625
2056971,20.6298828125
2057499,16.41845703125
2058245,17.15087890625
2094995,18.9208984375
2095138,16.4794921875
2095272,16.54052734375
2095465,18.4326171875
2095851,18.798828125
2096374,15.9912109375
2096439,19.22607421875
2096565,23.25439453125
2096679,17.2119140625
2097648,18.85986328125
2132945,15.7470703125
2133510,16.17431640625
2134147,18.49365234375
2134348,19.8974609375
2134423,21.17919921875
2134486,21.54541015625
2135285,16.17431640625
2171917,17.7001953125
2172028,17.08984375
2172400,15.7470703125
2173220,23.74267578125
2173340,23.3154296875
2173457,18.98193359375
2173643,17.51708984375
2173847,19.22607421875
2174581,17.76123046875
2174648,17.88330078125
2205584,17.7001953125
2205862,16.05224609375
2206238,17.51708984375
2207110,16.4794921875
2207180,18.06640625
2207244,17.63916015625
2207304,18.98193359375
2207617,24.10888671875
2208116,15.869140625
2208632,17.08984375
2237096,17.7001953125
2238045,17.4560546875
2238525,16.78466796875
2238952,15.869140625
2239513,24.10888671875
2239614,17.7001953125
2239685,16.29638671875
2240894,17.578125
2241048,16.6015625
2279706,17.7001953125
2280241,18.4326171875
2280942,18.73779296875
2281292,22.0947265625
2281434,19.775390625
2281547,16.17431640625
2318722,16.90673828125
2318822,16.845703125
2319292,21.42333984375
2319421,17.4560546875
2320055,16.78466796875
2320114,16.11328125
2320153,20.01953125
2320244,19.4091796875
2320278,15.869140625
2320295,22.64404296875
2320341,21.78955078125
2320416,15.93017578125
2320478,20.20263671875
2320709,19.53125
2320793,19.1650390625
2320922,19.4091796875
2321026,21.78955078125
2321100,19.6533203125
2354294,16.05224609375
2355934,17.2119140625
2356176,16.17431640625
2356735,21.728515625
2356761,15.869140625
2356856,18.9208984375
2356926,21.66748046875
2357069,18.9208984375
2357131,21.17919921875
2357212,15.9912109375
2357326,19.47021484375
2357441,21.240234375
2357585,17.15087890625
2358063,17.578125
2358200,17.7001953125
2358521,18.61572265625
2396956,18.98193359375
2397248,16.357421875
2397506,17.08984375
2397974,15.869140625
2398093,19.1650390625
2398180,17.39501953125
2398359,23.193359375
2398430,24.7802734375
2398564,21.6064453125
2398637,18.5546875
2398966,20.5078125
2399241,15.9912109375
2444056,16.845703125
2444088,16.9677734375
2444203,17.9443359375
2444520,16.66259765625
2444704,16.7236328125
2444778,17.76123046875
2445389,16.845703125
2445448,17.39501953125
2445501,17.15087890625
2445596,15.93017578125
2445675,24.169921875
2445796,16.29638671875
2445936,16.78466796875
2446245,16.7236328125
2478640,18.24951171875
2479103,18.85986328125
2479863,19.8974609375
2479963,22.15576171875
2480221,17.578125
2517136,16.11328125
2517286,15.80810546875
2518371,21.728515625
2518513,21.97265625
2518624,18.06640625
2518734,16.4794921875
2518846,16.11328125
2519780,15.93017578125
2519873,17.76123046875
2556620,15.869140625
2557234,17.578125
2557635,17.7001953125
2558370,21.54541015625
2558468,15.869140625
2558575,16.6015625
2599570,19.22607421875
2599683,16.357421875
2599745,15.9912109375
2599998,15.7470703125
2600425,18.12744140625
2600638,22.64404296875
2600746,21.6064453125
2600801,22.3388671875
2600866,19.71435546875
2600926,22.5830078125
2600993,23.8037109375
2601122,21.54541015625
2601363,24.10888671875
2603102,16.4794921875
2640186,17.39501953125
2640588,16.6015625
2640712,15.93017578125
2642258,17.15087890625
2642476,21.42333984375
2642541,20.751953125
2642632,18.4326171875
2643764,16.4794921875
2674526,15.7470703125
2674783,17.76123046875
2675024,15.7470703125
2675749,15.93017578125
2676598,16.357421875
2676703,17.4560546875
2676800,18.310546875
2676904,16.6015625
2677343,18.6767578125
2704521,16.9677734375
2717213,15.80810546875
2717338,19.22607421875
2717490,18.9208984375
2717817,16.90673828125
2718529,22.76611328125
2718595,19.04296875
2718682,17.2119140625
2718785,18.1884765625
2718858,18.24951171875
2718972,18.5546875
2719167,18.798828125
2719208,16.11328125
2720176,16.845703125
2721479,17.578125
2761651,16.357421875
2762089,15.869140625
2762239,17.2119140625
2762944,17.578125
2763199,15.7470703125
2763302,22.3388671875
2763501,18.4326171875
2764454,15.80810546875
2765983,15.7470703125
2766084,16.6015625
2803806,15.869140625
2804963,15.869140625
2805136,24.90234375
2805259,19.59228515625
2806098,15.80810546875
2807482,17.7001953125
2855102,16.4794921875
2855576,18.06640625
2855963,16.41845703125
2856101,15.93017578125
2856413,16.357421875
2856734,15.869140625
2856912,20.08056640625
2857088,22.52197265625
2858883,17.15087890625
2858978,16.90673828125
2908595,18.5546875
2908667,17.578125
2909996,21.6064453125
2910153,20.20263671875
2910239,16.41845703125
2910322,20.81298828125
2910443,16.7236328125
2910515,17.51708984375
2911341,17.4560546875
2912053,16.2353515625
2943983,17.39501953125
2944741,15.869140625
2944919,21.728515625
2945043,16.7236328125
2945162,16.2353515625
2945928,17.39501953125
2946266,16.845703125
2947102,16.41845703125
2947201,17.76123046875
2948535,16.05224609375
2985555,16.17431640625
2986743,16.05224609375
2987090,15.7470703125
2987949,19.04296875
2988061,21.17919921875
2988130,20.56884765625
2988184,20.69091796875
2988318,15.7470703125
2988438,16.90673828125
2988730,18.00537109375
2990108,16.4794921875
3010181,16.11328125
3030247,22.94921875
3030653,16.357421875
3030735,17.7001953125
3030967,20.8740234375
3031057,20.5078125
3031112,19.59228515625
3031188,19.95849609375
3031338,17.4560546875
3031504,15.9912109375
3031889,16.78466796875
3032437,16.29638671875
3059119,17.15087890625
3067483,18.24951171875
3068104,16.66259765625
3068968,15.7470703125
3069110,23.01025390625
3069235,23.193359375
3070450,16.66259765625
3101772,17.51708984375
3102063,17.88330078125
3102176,16.54052734375
3102476,17.333984375
3103428,28.1982421875
3103676,18.1884765625
3104577,16.9677734375
3139797,18.61572265625
3140193,17.08984375
3140790,15.80810546875
3140872,20.69091796875
3141071,17.02880859375
3141174,18.98193359375
3175697,16.54052734375
3179414,16.78466796875
3179662,17.333984375
3179959,15.9912109375
3180242,20.8740234375
3180308,19.10400390625
3180389,17.02880859375
3180463,18.1884765625
3180599,17.08984375
3180693,19.95849609375
3182369,18.37158203125
3216258,18.1884765625
3216835,19.1650390625
3216916,16.17431640625
3217642,19.53125
3217729,15.80810546875
3217780,24.96337890625
3217856,18.4326171875
3217921,19.71435546875
3218021,16.54052734375
3218441,17.822265625
3220529,16.17431640625
3220612,17.7001953125
3255763,20.3857421875
3256272,16.6015625
3256756,17.02880859375
3257026,16.05224609375
3257271,22.4609375
3257454,20.56884765625
3292171,17.08984375
3292701,17.7001953125
3293503,18.310546875
3293563,22.3388671875
3293637,19.71435546875
3293813,18.85986328125
3293979,21.66748046875
3294058,16.66259765625
3294130,19.47021484375
3294204,16.41845703125
3294269,22.15576171875
3294408,18.9208984375
3294478,17.15087890625
3294580,17.27294921875
3294652,18.6767578125
3294846,16.17431640625
3294895,16.6015625
3295014,19.8974609375
3329268,16.2353515625
3330402,15.9912109375
3331032,17.9443359375
3331128,17.2119140625
3331471,16.41845703125
3331570,18.98193359375
3331826,15.80810546875
3331924,16.78466796875
3332019,18.798828125
3332084,17.08984375
3332318,21.42333984375
3332425,19.10400390625
3332541,16.845703125
3333316,16.6015625
3370283,18.85986328125
3370363,19.83642578125
3370613,15.9912109375
3372419,21.3623046875
3408639,19.47021484375
3408816,15.93017578125
3409426,20.32470703125
3410506,23.01025390625
3410608,18.24951171875
3410698,17.15087890625
3411322,17.39501953125
3412178,18.798828125
3451821,15.7470703125
3451925,18.00537109375
3452402,18.49365234375
3452562,16.7236328125
3453491,17.578125
3453650,22.39990234375
3453870,16.11328125
3484969,16.7236328125
3485353,18.24951171875
3485715,18.49365234375
3486188,23.37646484375
3486802,16.17431640625
3487314,18.73779296875
3516468,23.193359375
3516602,16.4794921875
3516760,18.37158203125
3517439,17.51708984375
3517643,16.6015625
3517848,16.357421875
3518258,21.17919921875
3519401,19.4091796875
3519491,16.29638671875
3554004,15.7470703125
3555429,18.1884765625
3555507,16.11328125
3555743,18.1884765625
3556464,16.17431640625
3593516,16.29638671875
3593628,16.78466796875
3594531,16.78466796875
3594617,21.97265625
3594775,16.6015625
3594910,16.05224609375
3594984,17.822265625
3595091,18.4326171875
3595245,16.11328125
3595388,17.39501953125
3595522,21.97265625
3595625,19.4091796875
3597050,16.78466796875
3597144,16.9677734375
3637545,15.93017578125
3638227,16.2353515625
3638321,17.51708984375
3638354,15.9912109375
3638421,18.24951171875
3638505,21.30126953125
3638561,19.775390625
3638681,19.04296875
3639819,18.4326171875
3639973,19.4091796875
3669988,16.2353515625
3671526,15.869140625
3671624,15.7470703125
3672289,15.93017578125
3673030,19.47021484375
3673132,19.775390625
3674045,15.9912109375
3674295,18.5546875
3707226,16.9677734375
3707511,16.2353515625
3707698,16.90673828125
3707893,20.1416015625
3708175,16.78466796875
3708317,15.93017578125
3708853,16.845703125
3709190,20.5078125
3709967,17.02880859375
3710409,19.59228515625
3710496,17.578125
3747069,17.51708984375
3747215,18.12744140625
3747375,19.22607421875
3747509,17.08984375
3748174,21.1181640625
3748238,16.6015625
3748367,18.49365234375
3748426,17.2119140625
3748497,18.6767578125
3748765,15.9912109375
3749472,16.9677734375
3749570,19.47021484375
3794722,18.1884765625
3794944,16.845703125
3795504,18.5546875
3796151,20.263671875
3796210,15.7470703125
3796267,17.08984375
3796346,15.7470703125
3796397,21.8505859375
3796460,18.310546875
3797109,23.74267578125
3797267,17.2119140625
3797417,15.80810546875
3838820,16.4794921875
3839005,18.1884765625
3839970,18.12744140625
3840087,18.9208984375
3840181,20.01953125
3840338,17.15087890625
3840419,20.5078125
3840785,15.80810546875
3841563,15.9912109375
3842227,15.80810546875
3873548,16.41845703125
3874232,16.66259765625
3874523,16.357421875
3874798,15.80810546875
3875337,20.3857421875
3875431,20.1416015625
3875519,17.822265625
3876444,15.80810546875
3878187,16.66259765625
3918452,16.7236328125
3918559,18.1884765625
3919503,17.02880859375
3919995,20.5078125
3920093,20.1416015625
3920195,23.01025390625
3920704,23.49853515625
3958720,16.90673828125
3958908,15.93017578125
3959239,16.41845703125
3959472,16.357421875
3959776,16.9677734375
3960193,24.4140625
3960339,18.00537109375
3960464,18.1884765625
3961468,16.78466796875
3995142,16.2353515625
3996594,21.78955078125
3996781,25.20751953125
3996897,20.20263671875
3997123,15.93017578125
3997550,16.11328125
3998079,15.93017578125
4027628,16.54052734375
4027799,17.15087890625
4027913,15.7470703125
4028032,17.08984375
4028535,16.17431640625
4028911,17.4560546875
4029928,15.7470703125
4030104,16.11328125
4060132,15.869140625
4060264,16.7236328125
4060428,16.7236328125
4060563,17.08984375
4060908,16.357421875
4061085,17.02880859375
4062004,16.2353515625
4062786,15.93017578125
4062975,16.54052734375
4095576,16.357421875
4096669,19.10400390625
4096771,16.05224609375
4096823,17.88330078125
4096901,18.85986328125
4097065,21.240234375
4097847,17.27294921875
4131827,18.9208984375
4132335,18.12744140625
4133035,16.41845703125
4133630,29.60205078125
4133769,23.92578125
4133824,20.32470703125
4133896,20.93505859375
4134026,15.869140625
4134154,23.74267578125
4160027,16.54052734375
4160924,17.02880859375
4161046,17.9443359375
4161581,16.9677734375
4162231,19.83642578125
4163147,18.798828125
4163254,16.357421875
4197859,15.7470703125
4198009,16.11328125
4198378,17.9443359375
4198518,16.29638671875
4198714,15.9912109375
4198823,16.845703125
4199187,15.869140625
4199223,16.29638671875
4199557,16.845703125
4199656,18.5546875
4200302,16.9677734375
4200531,16.7236328125
4229597,17.08984375
4229766,16.845703125
4230705,16.357421875
4231008,15.80810546875
4231353,16.7236328125
4265913,15.93017578125
4266040,16.90673828125
4266932,16.11328125
4267087,18.5546875
4267419,19.59228515625
4267534,19.6533203125
4267699,18.24951171875
4268013,20.08056640625
4268378,17.39501953125
4268741,16.7236328125
4306335,19.22607421875
4306651,16.54052734375
4306809,16.6015625
4307555,19.04296875
4307762,19.8974609375
4307940,18.49365234375
4308298,18.61572265625
4308369,16.6015625
4308474,21.05712890625
4309384,20.263671875
4346385,17.76123046875
4346724,16.4794921875
4346814,17.51708984375
4347099,16.2353515625
4347314,17.27294921875
4347943,18.5546875
4348018,20.263671875
4348085,19.71435546875
4348485,16.6015625
4348576,16.78466796875
4349273,19.287109375
4349502,16.11328125
4350297,16.2353515625
4382250,19.4091796875
4382920,17.333984375
4383821,15.7470703125
4383924,18.00537109375
4384089,16.357421875
4384337,18.85986328125
4384464,19.04296875
4385437,18.37158203125
4423346,18.37158203125
4423535,16.90673828125
4423634,17.9443359375
4423871,16.66259765625
4424290,18.24951171875
4424634,19.47021484375
4424696,16.845703125
4424811,16.845703125
4424968,17.76123046875
4425114,18.4326171875
4426913,18.61572265625
4454280,15.7470703125
4454493,20.3857421875
4454639,15.80810546875
4455207,16.29638671875
4455645,19.6533203125
4483323,16.05224609375
4483459,16.41845703125
4483508,16.7236328125
4483775,17.578125
4484082,16.11328125
4484654,17.76123046875
4484709,21.1181640625
4484758,22.39990234375
4484841,20.81298828125
4484979,18.310546875
4485105,16.9677734375
4485192,18.4326171875
4485250,20.3857421875
4485523,16.4794921875
4486029,19.47021484375
4486487,17.51708984375
4487519,17.39501953125
4531471,17.27294921875
4531629,19.34814453125
4531803,16.54052734375
4532445,19.6533203125
4532744,21.17919921875
4532814,19.775390625
4532948,19.71435546875
4533693,16.41845703125
4569644,19.59228515625
4569795,16.54052734375
4570683,16.78466796875
4570829,16.2353515625
4570932,16.17431640625
4571165,23.92578125
4571224,17.7001953125
4572475,15.9912109375
4573613,18.5546875
4573756,16.05224609375
4619764,17.578125
4620226,21.17919921875
4620678,16.78466796875
4620840,15.9912109375
4621580,17.39501953125
4621718,20.5078125
4621778,19.71435546875
4621846,16.11328125
4621921,17.27294921875
4622300,17.27294921875
4623264,15.869140625
4624475,19.10400390625
4624642,15.7470703125
4681944,18.85986328125
4682725,15.9912109375
4682938,18.00537109375
4683085,16.17431640625
4683190,17.4560546875
4683321,16.845703125
4683446,17.333984375
4683466,22.15576171875
4683566,19.71435546875
4683957,15.7470703125
4684092,17.9443359375
4684300,18.06640625
4685430,17.27294921875
4686289,16.05224609375
4687282,15.869140625
4687362,16.6015625
4730259,16.29638671875
4730643,16.54052734375
4731033,16.2353515625
4731764,15.7470703125
4732464,20.99609375
4732535,20.08056640625
4732627,19.4091796875
4777930,15.869140625
4778366,16.4794921875
4778509,17.76123046875
4778796,18.37158203125
4778928,17.02880859375
4779628,22.27783203125
4779735,20.5078125
4779768,16.357421875
4779823,21.42333984375
4780000,21.78955078125
4780102,18.798828125
4781206,18.06640625
4823636,15.93017578125
4824098,16.05224609375
4824227,17.02880859375
4824829,16.4794921875
4824889,15.869140625
4824924,20.1416015625
4824990,24.2919921875
4825049,18.6767578125
4825115,20.263671875
4825248,19.22607421875
4825305,20.99609375
4825375,20.3857421875
4825458,16.54052734375
4825548,19.53125
4825617,21.05712890625
4825699,16.41845703125
4825807,17.63916015625
4825965,19.287109375
4826030,18.73779296875
4826099,20.20263671875
4826173,25.08544921875
4826321,15.869140625
4826718,22.8271484375
4827389,18.73779296875
4863062,16.11328125
4863573,17.2119140625
4863911,15.7470703125
4864133,17.63916015625
4864542,19.71435546875
4864673,21.91162109375
4864782,16.05224609375
4864935,16.7236328125
4865069,17.27294921875
4865772,19.287109375
4865907,16.29638671875
4866728,16.29638671875
4866987,18.6767578125
4902276,16.357421875
4902846,16.6015625
4903566,24.169921875
4903673,20.56884765625
4903710,16.11328125
4903795,21.6064453125
4903879,16.845703125
4903947,18.98193359375
4904026,16.845703125
4904103,18.00537109375
4904183,18.00537109375
4904294,20.81298828125
4904441,18.85986328125
4904793,17.27294921875
4904883,17.39501953125
4943250,20.32470703125
4944038,15.869140625
4944329,16.41845703125
4944485,15.869140625
4944562,16.845703125
4944629,17.578125
4944664,19.59228515625
4944778,16.6015625
4944830,16.357421875
4944953,17.27294921875
4946020,15.93017578125
4979367,16.17431640625
4979888,16.2353515625
4980047,17.27294921875
4980197,16.05224609375
4981013,19.775390625
4981023,16.11328125
4981144,18.310546875
4981275,19.10400390625
4981350,22.39990234375
4981462,21.30126953125
4981625,16.6015625
4981883,17.88330078125
4982140,15.869140625
4982315,20.01953125
5026787,17.578125
5026967,18.5546875
5027370,16.2353515625
5027763,22.76611328125
5027820,20.3857421875
5027907,19.83642578125
5028031,18.06640625
5028080,18.310546875
5028250,16.6015625
5028373,19.83642578125
5028617,18.12744140625
5070580,17.63916015625
5070815,19.22607421875
5071689,15.80810546875
5071800,16.4794921875
5072198,21.484375
5072347,17.822265625
5072405,17.822265625
5072484,19.10400390625
5072557,19.04296875
5072697,18.1884765625
5073451,16.7236328125
5074449,16.05224609375
5115596,17.39501953125
5115715,18.00537109375
5115860,18.06640625
5115995,16.357421875
5116342,16.78466796875
5116798,15.80810546875
5117117,19.95849609375
5117227,23.3154296875
5117455,23.49853515625
5119944,16.54052734375
5160153,20.1416015625
5160321,19.775390625
5160683,17.578125
5160839,16.29638671875
5160972,23.0712890625
5161192,16.2353515625
5162053,19.95849609375
5162198,18.5546875
5162255,16.7236328125
5163389,17.51708984375
5203258,17.88330078125
5203765,15.80810546875
5203915,15.80810546875
5204148,15.7470703125
5204696,15.93017578125
5204903,16.6015625
5205003,20.56884765625
5244774,16.4794921875
5245162,15.80810546875
5245520,16.357421875
5246161,17.15087890625
5246408,17.333984375
5246495,20.56884765625
5246612,19.22607421875
5246733,18.1884765625
5246796,16.41845703125
5247796,16.845703125
5285293,16.17431640625
5285501,22.52197265625
5286331,15.7470703125
5286904,16.2353515625
5287079,21.3623046875
5287218,19.8974609375
5287303,20.81298828125
5288198,16.78466796875
5288307,17.15087890625
5324134,18.85986328125
5324737,19.83642578125
5325531,16.41845703125
5325923,17.333984375
5326002,20.3857421875
5326058,18.37158203125
5326102,19.775390625
5326164,20.44677734375
5326226,20.69091796875
5326341,17.9443359375
5326408,19.22607421875
5326493,20.01953125
5326551,19.83642578125
5326607,22.39990234375
5326681,15.7470703125
5326754,18.310546875
5326814,18.85986328125
5327004,18.9208984375
5327310,22.4609375
5327350,15.7470703125
5327527,17.02880859375
5327725,20.99609375
5327908,16.05224609375
5328021,17.39501953125
5328122,16.6015625
5328259,18.6767578125
5328571,20.08056640625
5367686,17.333984375
5367855,17.7001953125
5367985,15.9912109375
5368119,15.9912109375
5368303,17.63916015625
5369091,17.51708984375
5369149,20.08056640625
5369221,19.775390625
5369658,19.47021484375
5370596,16.4794921875
5408355,17.51708984375
5408876,17.27294921875
5409419,18.798828125
5409799,15.869140625
5409909,19.6533203125
5409991,17.7001953125
5410048,18.6767578125
5410102,18.5546875
5410247,22.03369140625
5410341,17.15087890625
5410487,16.9677734375
5410628,22.705078125
5410730,19.775390625
5410836,18.4326171875
5410905,34.5458984375
5411008,18.00537109375
5411124,15.93017578125
5411481,16.66259765625
5459373,17.63916015625
5459521,17.822265625
5459698,15.9912109375
5459998,16.845703125
5460158,18.4326171875
5460471,16.29638671875
5460550,18.98193359375
5460632,22.76611328125
5460707,17.08984375
5460779,24.658203125
5460842,17.27294921875
5460915,15.9912109375
5461186,17.4560546875
5461276,19.6533203125
5461419,18.61572265625
5461498,18.6767578125
5461728,23.74267578125
5461998,17.4560546875
5462237,17.15087890625
5462461,16.05224609375
5462579,17.27294921875
5462622,16.05224609375
5501875,18.12744140625
5503074,15.9912109375
5503903,18.310546875
5503977,19.6533203125
5504018,20.20263671875
5504131,21.30126953125
5505262,17.76123046875
5505341,18.24951171875
5540973,17.63916015625
5541105,16.29638671875
5541558,15.869140625
5542433,15.9912109375
5542480,21.1181640625
5542560,18.12744140625
5542617,17.27294921875
5542738,16.17431640625
5579511,16.357421875
5580238,18.00537109375
5580639,17.63916015625
5581079,16.54052734375
5581239,18.61572265625
5581366,16.29638671875
5581674,16.66259765625
5581845,16.2353515625
5582218,21.240234375
5582318,18.06640625
5583056,16.29638671875
5583478,17.4560546875
5583592,19.10400390625
5626289,24.4140625
5626412,21.78955078125
5626514,17.578125
5660358,15.93017578125
5660714,17.4560546875
5661257,16.2353515625
5661375,16.357421875
5661527,16.357421875
5661700,18.00537109375
5661849,16.6015625
5662491,17.822265625
5662762,17.39501953125
5694827,19.22607421875
5695101,19.775390625
5695276,15.93017578125
5695494,17.08984375
5695996,20.56884765625
5696081,17.2119140625
5696164,22.94921875
5696334,20.01953125
5696407,17.15087890625
5696749,20.3857421875
5696814,21.3623046875
5698830,19.71435546875
5698902,18.310546875
5700536,15.7470703125
5755934,19.04296875
5756863,16.90673828125
5757052,22.8271484375
5757149,16.357421875
5757206,17.2119140625
5757338,16.78466796875
5757411,20.56884765625
5757720,17.88330078125
5758533,15.869140625
5796056,16.41845703125
5796818,18.00537109375
5797788,15.9912109375
5798767,16.7236328125
5829038,16.357421875
5846544,16.90673828125
5847988,17.578125
5848144,15.7470703125
5848284,15.9912109375
5848745,15.9912109375
5848948,17.27294921875
5849083,18.98193359375
5849219,16.78466796875
5849284,20.3857421875
5849502,18.37158203125
5849660,23.49853515625
5849853,18.4326171875
5849883,16.54052734375
5850178,16.29638671875
5850387,17.333984375
5899565,15.7470703125
5899754,16.4794921875
5900874,17.51708984375
5901109,17.333984375
5901357,18.1884765625
5901465,18.6767578125
5901549,18.12744140625
5903194,17.39501953125
5903324,16.357421875
5945963,18.61572265625
5946103,16.66259765625
5946589,16.17431640625
5947319,16.66259765625
5947422,17.4560546875
5947450,15.9912109375
5947498,22.64404296875
5947532,21.54541015625
5947572,19.1650390625
5947818,17.2119140625
5947938,16.66259765625
5948087,22.76611328125
5948154,17.333984375
5948357,15.93017578125
5948479,18.61572265625
5948605,18.9208984375
5948824,16.11328125
5949073,18.6767578125
5949190,16.29638671875
5997551,15.93017578125
5997833,16.7236328125
5998021,16.7236328125
5998326,15.7470703125
5998716,16.357421875
5998937,17.2119140625
5999285,16.17431640625
5999439,20.93505859375
5999499,17.51708984375
5999594,26.85546875
5999810,19.47021484375
6002114,20.1416015625
6002356,18.37158203125
6045617,15.93017578125
6045762,16.845703125
6046295,15.80810546875
6046723,16.54052734375
6046856,18.06640625
6046969,18.1884765625
6047056,18.24951171875
6047137,17.08984375
6047246,17.822265625
6047394,19.10400390625
6047507,19.287109375
6047742,15.93017578125
6047885,20.01953125
6048147,16.357421875
6109458,16.2353515625
6109771,27.2216796875
6109859,18.73779296875
6109934,19.59228515625
6110027,21.91162109375
6110111,18.1884765625
6110252,18.4326171875
6112811,20.08056640625
6112958,16.66259765625
6158878,16.90673828125
6159350,16.2353515625
6160479,22.52197265625
6160961,16.2353515625
6161014,16.2353515625
6161070,18.4326171875
6162258,18.798828125
6212059,16.54052734375
6212215,19.04296875
6212312,17.39501953125
6212392,17.9443359375
6212484,17.63916015625
6212612,20.44677734375
6212731,19.53125
6213006,19.47021484375
6213095,18.85986328125
6213167,18.00537109375
6213279,16.7236328125
6213417,20.08056640625
6213490,17.02880859375
6214570,18.9208984375
6214686,16.29638671875
6245391,16.7236328125
6245896,16.4794921875
6246418,21.97265625
6246633,17.51708984375
6246901,17.02880859375
6248644,16.2353515625
6283283,19.22607421875
6283639,16.357421875
6283838,16.11328125
6284555,15.93017578125
6284758,19.10400390625
6284859,18.73779296875
6284928,22.0947265625
6284997,16.29638671875
6285079,15.869140625
6285154,18.5546875
6285236,15.869140625
6286038,15.869140625
6323930,16.2353515625
6324538,18.49365234375
6324611,16.4794921875
6324807,16.845703125
6325154,15.9912109375
6325435,17.51708984375
6325927,16.41845703125
6326079,21.6064453125
6326164,19.4091796875
6326232,18.4326171875
6326290,21.91162109375
6326338,17.9443359375
6326532,18.98193359375
6326602,20.20263671875
6326916,20.56884765625
6326991,21.66748046875
6327441,15.93017578125
6370634,16.845703125
6371123,17.333984375
6371302,15.80810546875
6371609,17.08984375
6371734,16.2353515625
6371900,22.52197265625
6371947,16.7236328125
6371964,20.32470703125
6371986,15.7470703125
6372040,15.7470703125
6372115,21.484375
6372203,18.61572265625
6372307,16.29638671875
6372372,16.29638671875
6372427,19.4091796875
6372496,16.4794921875
6372607,18.06640625
6373061,17.39501953125
6373140,16.357421875
6373212,19.95849609375
6411818,16.54052734375
6411958,16.66259765625
6412050,16.05224609375
6412169,18.85986328125
6412599,16.845703125
6412672,16.845703125
6412795,16.357421875
6412851,16.29638671875
6412943,17.08984375
6413021,22.39990234375
6413255,19.1650390625
6413544,17.333984375
6414218,16.357421875
6414328,18.798828125
6445294,18.310546875
6445467,19.53125
6446159,16.17431640625
6447402,20.6298828125
6447534,24.90234375
6448596,18.1884765625
6485251,15.9912109375
6485585,16.4794921875
6486397,16.11328125
6486782,17.578125
6487033,22.76611328125
6487098,19.10400390625
6487398,18.24951171875
6489584,18.9208984375
6536729,16.6015625
6536901,16.6015625
6537029,16.78466796875
6537621,21.17919921875
6537770,16.357421875
6537828,19.71435546875
6537880,16.41845703125
6537934,18.9208984375
6537987,18.4326171875
6538053,16.05224609375
6538111,17.88330078125
6538214,20.32470703125
6538277,20.44677734375
6538381,21.30126953125
6538556,20.751953125
6538632,21.3623046875
6538697,20.93505859375
6538762,19.775390625
6539352,18.6767578125
6540256,16.41845703125
6577415,16.29638671875
6577875,15.80810546875
6578085,19.34814453125
6578423,19.287109375
6579345,15.93017578125
6580079,16.6015625
6581134,16.78466796875
6616838,15.7470703125
6617804,15.93017578125
6617961,17.27294921875
6618148,16.2353515625
6618333,20.08056640625
6618451,22.8271484375
6619452,15.80810546875
6619836,16.29638671875
6654643,15.9912109375
6655141,18.06640625
6655400,16.17431640625
6656128,19.8974609375
6656193,15.80810546875
6656267,18.73779296875
6656326,16.54052734375
6656413,15.93017578125
6656512,19.8974609375
6656594,21.42333984375
6656730,18.1884765625
6657020,18.73779296875
6657603,16.4794921875
6700153,15.80810546875
6701054,18.9208984375
6701843,28.86962890625
6701896,20.56884765625
6701947,16.54052734375
6702008,19.22607421875
6702083,16.41845703125
6702170,18.798828125
6702283,16.54052734375
6702383,16.2353515625
6702510,15.93017578125
6702613,17.76123046875
6702680,17.333984375
6702728,17.2119140625
6702836,18.73779296875
6702851,16.357421875
6703059,19.287109375
6703086,15.9912109375
6703155,18.6767578125
6703241,21.05712890625
6703339,18.1884765625
6703452,18.00537109375
6703799,23.0712890625
6704633,15.93017578125
6704764,20.20263671875
6704919,17.51708984375
6737420,17.08984375
6737794,16.9677734375
6739168,18.310546875
6739549,17.822265625
6739650,16.54052734375
6739981,20.44677734375
6740806,23.4375
6777345,17.578125
6777536,16.05224609375
6777886,16.845703125
6778900,16.29638671875
6779130,18.5546875
6779255,22.5830078125
6779410,23.4375
6779533,20.08056640625
6780282,16.54052734375
6781682,16.90673828125
6836006,15.9912109375
6836608,17.51708984375
6837031,15.7470703125
6837101,17.02880859375
6837176,25.146484375
6837249,24.169921875
6837359,19.95849609375
6837435,20.3857421875
6837514,19.4091796875
6837899,19.8974609375
6837969,16.2353515625
6838431,17.2119140625
6838627,16.66259765625
6839544,20.01953125
6839650,17.27294921875
6879275,16.2353515625
6883119,17.333984375
6884165,16.9677734375
6884391,15.7470703125
6884815,19.59228515625
6885394,15.80810546875
6885543,19.287109375
6885728,18.49365234375
6885800,21.484375
6886099,19.1650390625
6887004,16.90673828125
6888035,16.29638671875
6927634,16.4794921875
6937183,16.66259765625
6937913,16.90673828125
6938304,17.51708984375
6938929,19.1650390625
6939029,20.69091796875
6939081,18.61572265625
6939195,20.1416015625
6939466,17.333984375
6939628,17.27294921875
6939929,16.4794921875
6941044,16.4794921875
6941374,15.9912109375
6941779,16.11328125
7007009,17.76123046875
7007582,17.2119140625
7007753,17.15087890625
7007807,21.42333984375
7007910,18.37158203125
7008036,20.8740234375
7008088,21.97265625
7008218,20.3857421875
7008352,18.73779296875
7008435,23.681640625
7008568,16.41845703125
7009902,19.1650390625
7056913,16.7236328125
7057495,16.54052734375
7057625,17.63916015625
7057917,20.263671875
7058074,18.12744140625
7058172,20.93505859375
7058574,20.263671875
7105561,17.88330078125
7105734,20.20263671875
7106156,15.93017578125
7106263,16.90673828125
7106581,18.37158203125
7106784,16.7236328125
7106804,15.869140625
7106882,19.10400390625
7106937,17.02880859375
7106991,17.15087890625
7107044,19.95849609375
7107111,17.822265625
7107188,19.8974609375
7107314,19.95849609375
7107531,18.06640625
7107673,19.53125
7108571,23.0712890625
7150809,15.9912109375
7150981,15.93017578125
7151238,16.90673828125
7151526,16.05224609375
7151776,16.54052734375
7151906,16.11328125
7152044,19.775390625
7152201,22.27783203125
7152314,26.06201171875
7152403,22.03369140625
7153738,15.93017578125
7190780,16.11328125
7191685,15.869140625
7191821,18.61572265625
7192237,18.12744140625
7192681,16.7236328125
7192782,21.05712890625
7192876,21.240234375
7192923,21.42333984375
7192988,18.12744140625
7193122,21.1181640625
7193218,16.66259765625
7193463,20.99609375
7194734,20.263671875
7194847,16.9677734375
7238367,17.4560546875
7238529,19.04296875
7239120,15.9912109375
7239364,20.81298828125
7239438,20.99609375
7239558,19.47021484375
7239647,19.04296875
7240438,15.9912109375
7240898,16.6015625
7281688,19.47021484375
7282659,18.06640625
7282942,19.83642578125
7283045,20.1416015625
7283092,20.5078125
7283173,20.44677734375
7283264,16.78466796875
7283333,18.6767578125
7283404,19.53125
7283530,15.93017578125
7283651,17.51708984375
7283699,19.8974609375
7283892,15.80810546875
7285194,17.15087890625
7328160,16.05224609375
7328717,16.54052734375
7329661,18.61572265625
7329781,20.32470703125
7329834,27.28271484375
7329914,20.8740234375
7330019,21.728515625
7330166,19.22607421875
7330272,19.95849609375
7330408,23.37646484375
7330660,21.3623046875
7330750,18.6767578125
7330862,18.49365234375
7331391,18.798828125
7332434,16.845703125
7376799,16.4794921875
7377954,16.11328125
7379590,18.73779296875
7379727,22.94921875
7381721,16.357421875
7408770,16.9677734375
7424914,15.80810546875
7425535,16.11328125
7425847,19.4091796875
7426028,18.1884765625
7426191,16.90673828125
7426746,23.8037109375
7426878,19.83642578125
7426979,21.91162109375
7427079,17.2119140625
7428065,18.1884765625
7470150,18.73779296875
7470356,18.1884765625
7470668,15.7470703125
7471006,16.6015625
7471109,17.4560546875
7471468,16.90673828125
7471696,15.9912109375
7471776,21.66748046875
7471880,18.61572265625
7474132,17.4560546875
7516249,17.2119140625
7517600,16.6015625
7517698,17.7001953125
7517733,15.80810546875
7517884,19.1650390625
7517950,16.357421875
7518011,20.3857421875
7518097,18.9208984375
7518282,17.4560546875
7518422,18.85986328125
7518485,19.6533203125
7518684,17.9443359375
7518864,17.15087890625
7519279,16.17431640625
7566421,16.17431640625
7567102,16.29638671875
7567396,16.9677734375
7567529,19.775390625
7567845,17.27294921875
7567884,15.869140625
7567895,17.76123046875
7568059,20.751953125
7568160,16.90673828125
7568258,22.15576171875
7568410,17.51708984375
7568534,17.39501953125
7616673,16.4794921875
7617128,16.66259765625
7617245,17.15087890625
7617365,16.4794921875
7617818,16.6015625
7617945,17.9443359375
7618103,23.98681640625
7618187,21.484375
7618283,15.7470703125
7618458,19.6533203125
7618919,16.66259765625
7658442,17.578125
7658669,16.9677734375
7658810,16.29638671875
7658959,15.80810546875
7659121,15.869140625
7659333,17.02880859375
7659586,20.751953125
7659644,20.08056640625
7659728,22.3388671875
7659862,19.4091796875
7660290,18.49365234375
7660682,23.74267578125
7660829,20.44677734375
7661430,18.310546875
7661717,18.12744140625
7708762,15.93017578125
7709129,16.2353515625
7709299,15.9912109375
7709462,15.7470703125
7709833,16.54052734375
7710440,19.22607421875
7710525,18.310546875
7710733,21.05712890625
7712970,17.822265625
7768551,16.78466796875
7768868,17.4560546875
7769373,16.41845703125
7769538,16.05224609375
7769600,16.78466796875
7769718,23.49853515625
7769795,22.8271484375
7769877,19.59228515625
7769980,17.333984375
7770603,15.80810546875
