7799001,0
6510,19.83642578125
7110,21.3623046875
7295,19.59228515625
7406,19.71435546875
7463,19.4091796875
7505,20.1416015625
7535,20.93505859375
7560,24.71923828125
7592,22.64404296875
7639,19.8974609375
7676,29.1748046875
7708,22.94921875
7786,28.80859375
7825,25.7568359375
7908,24.169921875
7920,21.8505859375
8062,29.84619140625
8197,19.53125
8251,20.44677734375
8365,21.97265625
8568,20.69091796875
44534,20.263671875
45241,21.97265625
45286,29.1748046875
45427,26.30615234375
45556,23.193359375
45639,22.0947265625
45703,20.56884765625
45767,20.99609375
45927,22.39990234375
46116,22.4609375
46183,28.74755859375
46193,20.8740234375
46330,20.32470703125
46713,21.240234375
46958,21.17919921875
47032,20.6298828125
76569,20.69091796875
76800,19.6533203125
77140,22.39990234375
77181,20.44677734375
77490,20.1416015625
77614,21.240234375
77900,19.775390625
78072,21.97265625
78126,21.66748046875
78440,19.71435546875
79114,19.83642578125
79580,21.42333984375
114726,23.25439453125
115038,20.1416015625
115075,23.86474609375
115213,22.39990234375
115339,20.5078125
115438,25.390625
115474,23.0712890625
115584,20.20263671875
115667,23.4375
115708,19.95849609375
115787,21.05712890625
116128,20.81298828125
116191,20.01953125
155516,21.05712890625
155732,19.53125
155770,26.2451171875
155795,20.99609375
155949,20.81298828125
156045,20.32470703125
156165,21.3623046875
156182,24.658203125
156235,23.49853515625
156252,20.81298828125
156282,27.2216796875
156362,28.1982421875
156379,21.05712890625
156400,20.01953125
156464,19.59228515625
156526,22.03369140625
156614,26.123046875
156698,20.8740234375
156778,23.8037109375
156805,24.71923828125
156871,19.4091796875
157043,21.42333984375
157302,20.69091796875
157319,21.05712890625
194696,20.20263671875
194787,19.59228515625
194832,20.3857421875
194847,27.83203125
194877,24.35302734375
194911,22.5830078125
194938,19.47021484375
194996,24.658203125
195073,20.751953125
195108,20.81298828125
195228,19.71435546875
195287,25.390625
195333,29.78515625
195371,22.76611328125
195582,22.3388671875
236962,20.44677734375
237073,21.6064453125
237183,20.56884765625
237216,21.1181640625
237275,19.71435546875
237326,23.13232421875
237367,24.4140625
237429,25.81787109375
237452,20.751953125
237526,23.37646484375
237562,28.564453125
237585,23.13232421875
237633,27.099609375
237741,23.49853515625
237880,21.66748046875
237973,20.3857421875
237992,22.5830078125
238068,20.20263671875
238106,20.20263671875
238253,20.20263671875
238674,22.52197265625
239352,19.6533203125
239407,21.8505859375
292467,21.1181640625
292632,23.681640625
292697,29.35791015625
292737,19.53125
292805,27.83203125
292842,23.0712890625
292957,19.53125
292982,26.79443359375
293006,20.81298828125
293025,20.08056640625
293078,22.15576171875
293109,32.1044921875
293169,22.88818359375
293183,25.08544921875
293229,20.32470703125
293240,21.54541015625
293341,22.03369140625
293423,30.70068359375
293464,20.3857421875
293557,22.705078125
293699,26.123046875
293714,21.05712890625
293816,22.27783203125
293895,23.0712890625
293978,20.5078125
294027,23.193359375
294168,22.64404296875
337229,28.1982421875
337252,23.37646484375
337288,25.57373046875
337317,19.4091796875
337346,19.53125
337415,23.01025390625
337472,19.83642578125
337513,24.4140625
337523,20.20263671875
337576,19.47021484375
337626,22.76611328125
337652,21.484375
337721,21.66748046875
337743,21.484375
337793,19.53125
337834,20.99609375
337914,24.7802734375
338015,20.6298828125
338042,19.4091796875
338249,19.6533203125
338336,19.8974609375
338563,20.6298828125
339087,21.1181640625
339239,19.95849609375
339319,20.01953125
339444,24.4140625
379592,20.32470703125
380182,21.1181640625
380222,19.95849609375
380311,20.1416015625
380359,21.240234375
380420,20.56884765625
380434,23.86474609375
380520,20.93505859375
380587,24.47509765625
380633,19.71435546875
380756,21.54541015625
380790,24.658203125
380820,20.751953125
380878,20.01953125
380975,20.08056640625
381006,25.45166015625
381107,22.8271484375
381250,22.4609375
381351,22.39990234375
381387,21.30126953125
381449,19.95849609375
381589,24.2919921875
381616,23.74267578125
382148,23.25439453125
413479,25.81787109375
413512,19.59228515625
414808,21.54541015625
415195,21.66748046875
415237,20.20263671875
415301,23.0712890625
415340,22.64404296875
415374,19.71435546875
415415,19.8974609375
415622,27.89306640625
415742,24.96337890625
415919,21.1181640625
416107,19.59228515625
451009,24.4140625
451063,22.705078125
451211,21.91162109375
451275,22.64404296875
451342,25.93994140625
451366,19.775390625
451461,21.3623046875
451488,22.27783203125
451532,19.59228515625
451564,33.5693359375
451589,24.0478515625
451604,20.93505859375
451625,21.78955078125
451645,27.4658203125
451720,19.71435546875
451786,25.5126953125
451796,22.39990234375
451838,23.92578125
451918,28.86962890625
451955,23.25439453125
452091,20.56884765625
452170,25.20751953125
452255,19.53125
452312,20.56884765625
453170,19.6533203125
453392,19.59228515625
488489,19.6533203125
488603,19.59228515625
488701,19.4091796875
488928,21.17919921875
488976,26.4892578125
489023,20.01953125
489062,21.1181640625
489089,30.57861328125
489101,24.23095703125
489145,20.32470703125
489226,20.56884765625
489251,31.18896484375
489301,22.76611328125
489347,28.25927734375
489440,19.83642578125
489524,21.30126953125
489542,25.87890625
489560,20.81298828125
489772,30.3955078125
489859,22.52197265625
490012,19.4091796875
490466,21.1181640625
491391,21.8505859375
533385,21.240234375
533479,20.32470703125
533508,27.4658203125
533552,21.05712890625
533609,21.91162109375
533635,21.30126953125
533705,22.4609375
533738,20.8740234375
533752,22.64404296875
533830,27.4658203125
533880,23.3154296875
534006,20.263671875
534172,22.39990234375
534238,19.53125
534383,25.81787109375
534540,22.03369140625
534606,20.01953125
534799,19.95849609375
534827,19.59228515625
535913,21.66748046875
561190,19.53125
587738,19.53125
588181,19.59228515625
588500,20.32470703125
588605,20.20263671875
588708,22.27783203125
588742,20.44677734375
588824,19.95849609375
588932,19.83642578125
589015,19.6533203125
589045,24.169921875
589303,23.681640625
589329,20.32470703125
589345,20.20263671875
589373,22.76611328125
589573,23.13232421875
589839,21.66748046875
589957,21.78955078125
590575,21.17919921875
624143,20.6298828125
624550,20.1416015625
624588,20.8740234375
624623,20.263671875
624644,21.30126953125
624695,26.18408203125
624727,22.3388671875
624739,20.5078125
624843,19.6533203125
624893,20.93505859375
624909,19.775390625
624940,20.93505859375
625040,21.66748046875
625059,22.76611328125
625372,20.69091796875
625832,29.60205078125
626100,21.91162109375
626162,20.81298828125
653750,19.8974609375
653870,21.91162109375
653942,23.4375
654198,21.42333984375
654255,21.1181640625
654305,21.8505859375
654360,21.66748046875
654576,24.4140625
654657,21.78955078125
654684,19.59228515625
654707,24.5361328125
654805,21.66748046875
654877,20.3857421875
654953,19.83642578125
655882,19.71435546875
686805,20.56884765625
687166,20.3857421875
687388,20.01953125
687513,21.91162109375
687640,19.4091796875
687701,20.81298828125
687729,26.4892578125
687800,19.53125
687824,23.37646484375
687838,22.0947265625
687901,21.728515625
687981,23.01025390625
687994,20.8740234375
688049,22.3388671875
688108,20.01953125
689673,20.44677734375
723870,20.01953125
724376,21.54541015625
724445,20.01953125
724539,20.5078125
724556,20.263671875
724657,29.052734375
724762,20.6298828125
724806,20.08056640625
724823,22.94921875
724862,24.59716796875
724991,25.146484375
725027,21.240234375
725104,19.775390625
725150,19.4091796875
725165,22.0947265625
725337,19.59228515625
725395,22.216796875
725533,20.08056640625
725837,21.30126953125
726083,23.92578125
764495,22.3388671875
765040,26.67236328125
765057,19.6533203125
765207,19.47021484375
765229,20.5078125
765330,28.13720703125
765549,19.71435546875
765839,21.8505859375
765960,19.95849609375
792992,19.47021484375
793359,20.32470703125
824054,22.8271484375
824333,22.0947265625
824453,22.4609375
824549,28.80859375
824581,26.91650390625
824664,26.7333984375
824710,20.6298828125
824746,21.54541015625
824780,24.10888671875
824896,19.8974609375
824918,20.32470703125
824980,25.45166015625
825072,19.95849609375
825314,21.728515625
825507,20.99609375
826453,20.20263671875
851087,20.01953125
851442,19.83642578125
851585,19.775390625
852044,22.76611328125
852237,23.13232421875
852317,22.88818359375
852424,19.8974609375
852502,19.59228515625
852610,19.47021484375
852628,22.27783203125
852717,21.484375
852919,19.47021484375
853729,26.79443359375
853974,20.32470703125
892581,20.08056640625
892910,21.6064453125
893107,20.81298828125
893170,19.53125
893199,20.20263671875
893224,22.216796875
893281,20.20263671875
893327,25.390625
893352,19.4091796875
893506,24.0478515625
893572,24.169921875
893720,20.01953125
893893,25.0244140625
894019,21.97265625
894376,19.8974609375
894820,19.6533203125
896351,19.8974609375
932724,19.47021484375
933351,19.71435546875
933361,22.4609375
933454,21.17919921875
933576,26.7333984375
933672,20.44677734375
933689,26.9775390625
933705,22.8271484375
933749,21.97265625
933818,25.93994140625
933909,23.74267578125
934002,20.08056640625
934123,19.4091796875
934219,22.0947265625
934229,21.484375
934369,21.1181640625
934408,27.16064453125
934703,19.4091796875
934811,19.6533203125
935627,20.99609375
935823,19.83642578125
981542,22.52197265625
981562,19.71435546875
981592,20.1416015625
981625,19.53125
981644,19.53125
981670,19.59228515625
981689,23.0712890625
981762,27.587890625
981791,23.37646484375
981821,23.49853515625
981848,19.4091796875
981868,23.0712890625
981949,23.8037109375
981975,23.8037109375
982001,21.05712890625
982026,22.03369140625
982073,23.193359375
982091,21.8505859375
982208,20.69091796875
982371,22.5830078125
982463,22.03369140625
982574,21.66748046875
982658,19.6533203125
982717,20.263671875
982780,20.5078125
982934,20.08056640625
983150,26.79443359375
983394,19.71435546875
983585,20.01953125
984472,20.20263671875
1052298,20.6298828125
1052387,19.8974609375
1052421,20.01953125
1052562,21.6064453125
1052719,20.08056640625
1052739,25.81787109375
1052796,20.5078125
1052852,27.34375
1052920,20.263671875
1053021,20.5078125
1053403,23.37646484375
1053547,21.6064453125
1053586,19.775390625
1053606,21.30126953125
1053638,19.775390625
1053854,22.64404296875
1054012,21.54541015625
1085879,20.20263671875
1086423,20.08056640625
1086627,21.1181640625
1086687,19.83642578125
1086738,20.5078125
1086878,19.4091796875
1086912,20.5078125
1086997,28.50341796875
1087098,21.66748046875
1087172,29.296875
1087276,22.64404296875
1087299,19.83642578125
1087396,19.775390625
1087572,20.3857421875
1087741,20.20263671875
1127612,20.20263671875
1127786,19.83642578125
1127886,27.7099609375
1127918,24.47509765625
1127950,20.01953125
1127972,22.5830078125
1127993,21.54541015625
1128011,31.43310546875
1128070,21.1181640625
1128095,22.27783203125
1128106,26.91650390625
1128179,19.8974609375
1128242,28.80859375
1128254,21.42333984375
1128314,20.93505859375
1128344,19.53125
1128507,21.97265625
1128583,20.1416015625
1128735,22.64404296875
1129150,19.83642578125
1129295,20.1416015625
1164584,19.95849609375
1164924,28.50341796875
1165167,21.30126953125
1165293,19.95849609375
1165350,26.30615234375
1165375,21.42333984375
1165437,20.01953125
1165502,21.42333984375
1165512,22.94921875
1165577,27.7099609375
1165593,22.52197265625
1165662,23.0712890625
1165760,20.56884765625
1165783,21.240234375
1165838,22.27783203125
1165955,20.69091796875
1166038,24.169921875
1166185,20.44677734375
1166718,19.775390625
1167145,19.53125
1202635,20.44677734375
1203048,24.4140625
1203179,19.8974609375
1203216,22.88818359375
1203296,20.3857421875
1203401,21.54541015625
1203472,19.4091796875
1203482,21.97265625
1203513,20.93505859375
1203620,20.6298828125
1203804,22.0947265625
1203907,21.42333984375
1204183,23.86474609375
1238284,23.01025390625
1238760,23.8037109375
1238979,21.05712890625
1239058,19.59228515625
1239143,19.95849609375
1239189,29.23583984375
1239202,23.3154296875
1239239,20.56884765625
1239295,21.30126953125
1239366,20.1416015625
1239391,21.484375
1239430,20.8740234375
1239632,22.216796875
1239790,22.8271484375
1273093,19.47021484375
1273151,19.53125
1273453,20.32470703125
1273536,24.0478515625
1273601,24.90234375
1273641,19.8974609375
1273726,26.2451171875
1273810,27.34375
1273892,27.77099609375
1274082,24.71923828125
1274722,19.95849609375
1308083,19.95849609375
1308507,22.8271484375
1308664,20.20263671875
1308692,21.05712890625
1308714,20.8740234375
1308782,22.76611328125
1308862,20.44677734375
1308888,29.35791015625
1308928,20.08056640625
1308987,19.775390625
1309047,27.28271484375
1309074,27.2216796875
1309101,24.59716796875
1309141,21.6064453125
1309173,21.05712890625
1309267,22.94921875
1309303,19.4091796875
1309363,19.6533203125
1309415,19.4091796875
1310419,19.71435546875
1341332,22.03369140625
1341668,22.88818359375
1341783,19.4091796875
1341797,30.57861328125
1341919,28.74755859375
1343099,19.59228515625
1365139,20.751953125
1365204,21.05712890625
1365299,21.17919921875
1365311,21.8505859375
1365402,23.49853515625
1365446,23.92578125
1365521,21.66748046875
1365544,22.03369140625
1365565,19.47021484375
1365601,20.8740234375
1365635,26.55029296875
1365664,22.64404296875
1365706,19.47021484375
1365718,22.76611328125
1365877,23.3154296875
1365904,27.099609375
1365925,24.658203125
1365937,24.0478515625
1365998,26.123046875
1366013,23.5595703125
1366535,19.6533203125
1366632,22.0947265625
1366806,21.78955078125
1368026,19.47021484375
1368976,19.8974609375
1440577,24.169921875
1440615,20.44677734375
1440641,26.0009765625
1440701,20.20263671875
1440813,22.52197265625
1440919,27.64892578125
1440942,19.4091796875
1441010,20.20263671875
1441040,21.8505859375
1441135,29.72412109375
1441159,21.42333984375
1441290,19.83642578125
1441305,21.1181640625
1441339,20.01953125
1441468,19.47021484375
1441483,19.53125
1441546,21.8505859375
1441694,24.169921875
1441706,19.83642578125
1441894,22.5830078125
1441963,21.484375
1442323,21.17919921875
1499346,21.05712890625
1499454,20.32470703125
1499616,19.47021484375
1499877,19.71435546875
1500284,20.6298828125
1500410,22.4609375
1500723,23.86474609375
1500886,23.681640625
1501029,22.8271484375
1501114,21.3623046875
1536208,19.775390625
1536536,25.87890625
1536552,21.484375
1536903,19.71435546875
1536969,20.1416015625
1537005,26.18408203125
1537051,21.30126953125
1537105,20.44677734375
1537238,20.20263671875
1537293,19.59228515625
1537357,21.3623046875
1537520,22.216796875
1577340,19.4091796875
1577641,22.216796875
1577785,20.751953125
1577904,22.4609375
1578001,21.240234375
1578175,19.8974609375
1578229,20.81298828125
1578241,19.4091796875
1578402,20.8740234375
1578533,21.240234375
1578589,29.296875
1578611,20.263671875
1578677,19.95849609375
1579191,19.53125
1631566,21.05712890625
1631760,20.20263671875
1631886,27.2216796875
1631919,32.71484375
1632181,27.34375
1632311,21.6064453125
1632373,30.2734375
1632582,23.193359375
1632784,23.5595703125
1670595,19.47021484375
1670925,20.32470703125
1671060,24.59716796875
1671185,19.775390625
1671237,21.30126953125
1671257,22.216796875
1671296,22.94921875
1671333,22.52197265625
1671485,31.8603515625
1671700,22.94921875
1671717,20.263671875
1671973,28.01513671875
1672113,20.3857421875
1672175,26.611328125
1709221,19.59228515625
1709787,21.1181640625
1710009,21.30126953125
1710025,24.84130859375
1710084,19.59228515625
1710227,21.8505859375
1710307,20.20263671875
1710350,20.263671875
1710586,22.8271484375
1711092,21.78955078125
1749494,20.32470703125
1749646,20.1416015625
1749781,19.47021484375
1749874,26.2451171875
1750021,22.216796875
1750043,20.69091796875
1750422,19.95849609375
1750747,20.3857421875
1750820,21.1181640625
1751669,19.4091796875
1787578,21.42333984375
1787695,21.484375
1787992,19.71435546875
1788036,19.59228515625
1788129,30.82275390625
1788154,19.59228515625
1788183,22.15576171875
1788193,27.40478515625
1788236,21.42333984375
1788301,23.13232421875
1788553,19.6533203125
1788579,22.03369140625
1788698,21.728515625
1823104,22.0947265625
1823381,25.93994140625
1823687,22.0947265625
1823782,21.91162109375
1823847,23.49853515625
1823869,22.76611328125
1823966,28.3203125
1823995,22.15576171875
1824044,20.99609375
1824091,20.751953125
1824188,24.96337890625
1824256,20.8740234375
1824280,20.69091796875
1824354,20.69091796875
1824406,20.99609375
1824514,20.81298828125
1865481,20.1416015625
1866026,23.37646484375
1866036,20.1416015625
1866194,25.0244140625
1866320,21.3623046875
1866459,20.32470703125
1866481,24.7802734375
1866519,29.78515625
1866549,20.44677734375
1866585,20.1416015625
1866667,29.296875
1866717,19.4091796875
1866754,21.728515625
1866800,19.59228515625
1866920,27.7099609375
1866947,22.64404296875
1867041,21.1181640625
1867283,20.32470703125
1867387,20.08056640625
1868011,19.8974609375
1899524,20.08056640625
1900136,23.37646484375
1900229,20.99609375
1900247,21.54541015625
1900278,26.67236328125
1900304,24.10888671875
1900454,20.69091796875
1900472,20.32470703125
1900529,24.90234375
1900545,20.99609375
1900644,25.57373046875
1900668,26.85546875
1900728,20.08056640625
1900811,24.47509765625
1900936,20.6298828125
1900958,21.484375
1901016,23.01025390625
1901102,22.03369140625
1901272,20.6298828125
1901415,20.20263671875
1901574,24.47509765625
1939947,19.53125
1940100,21.6064453125
1940175,20.08056640625
1940230,22.4609375
1940308,21.66748046875
1940333,27.89306640625
1940441,19.47021484375
1940466,21.17919921875
1940581,24.0478515625
1940621,21.1181640625
1940702,25.2685546875
1940865,24.35302734375
1940984,26.0009765625
1941066,23.49853515625
1941134,24.0478515625
1941307,20.81298828125
1941701,20.81298828125
1942423,19.71435546875
1942933,19.95849609375
1943260,21.05712890625
1981699,19.71435546875
1981731,19.47021484375
1982529,19.95849609375
1982717,22.216796875
1982735,24.2919921875
1982779,20.69091796875
1982827,21.78955078125
1982914,21.30126953125
1982945,26.9775390625
1982964,20.6298828125
1982982,21.30126953125
1983004,21.91162109375
1983056,20.8740234375
1983132,25.93994140625
1983145,21.05712890625
1983264,20.08056640625
1983636,21.05712890625
1983671,20.5078125
1984641,19.4091796875
2019205,21.54541015625
2019285,20.5078125
2019301,21.3623046875
2019341,24.35302734375
2019392,26.2451171875
2019451,20.751953125
2019512,20.93505859375
2019664,22.64404296875
2019771,20.99609375
2019820,20.3857421875
2020096,20.56884765625
2020129,19.6533203125
2020373,19.59228515625
2020413,21.1181640625
2021161,21.6064453125
2021252,20.6298828125
2021296,21.30126953125
2056052,20.751953125
2056084,19.95849609375
2056317,22.8271484375
2056336,25.634765625
2056429,28.25927734375
2056440,26.91650390625
2056499,23.92578125
2056527,21.42333984375
2056559,27.16064453125
2056614,21.17919921875
2056748,19.71435546875
2056763,23.98681640625
2056797,20.08056640625
2056897,19.6533203125
2057011,23.49853515625
2057117,27.587890625
2057163,23.193359375
2095552,19.83642578125
2096128,32.5927734375
2096180,19.4091796875
2096203,25.57373046875
2096218,21.240234375
2096244,20.8740234375
2096270,19.53125
2096301,20.20263671875
2096331,22.216796875
2096383,20.01953125
2096425,20.81298828125
2096466,24.658203125
2096529,21.30126953125
2096602,23.86474609375
2096637,30.21240234375
2096658,19.95849609375
2096724,25.45166015625
2097096,19.775390625
2097337,20.01953125
2097834,24.84130859375
2098485,20.44677734375
2133182,19.83642578125
2133518,19.71435546875
2133719,22.52197265625
2133798,21.6064453125
2133961,20.263671875
2134000,25.20751953125
2134092,26.0009765625
2134135,20.8740234375
2134216,19.6533203125
2134240,23.74267578125
2134260,23.25439453125
2134322,27.83203125
2134345,26.2451171875
2134424,24.47509765625
2134439,30.94482421875
2134481,19.775390625
2134532,27.2216796875
2134546,25.81787109375
2134627,20.8740234375
2134640,24.59716796875
2134711,21.484375
2134721,19.775390625
2134871,21.97265625
2134995,23.37646484375
2135028,22.4609375
2135448,20.3857421875
2135844,20.1416015625
2135864,20.6298828125
2136741,21.97265625
2172626,22.94921875
2172955,20.32470703125
2172982,20.5078125
2173048,20.56884765625
2173254,20.32470703125
2173264,37.04833984375
2173369,36.80419921875
2173406,21.97265625
2173451,28.62548828125
2173466,20.99609375
2173625,21.728515625
2173877,22.0947265625
2173956,23.5595703125
2174023,19.775390625
2174076,21.6064453125
2174096,20.6298828125
2174683,20.5078125
2206419,23.49853515625
2206710,19.8974609375
2206844,22.94921875
2206871,19.71435546875
2206954,23.49853515625
2207015,20.5078125
2207067,20.01953125
2207116,30.57861328125
2207142,25.7568359375
2207161,25.7568359375
2207244,21.54541015625
2207262,21.3623046875
2207359,23.5595703125
2207434,19.47021484375
2207697,22.4609375
2207968,24.7802734375
2208118,23.37646484375
2238836,19.71435546875
2239161,20.6298828125
2239225,21.6064453125
2239404,23.98681640625
2239437,29.23583984375
2239469,20.99609375
2239516,19.47021484375
2239542,19.53125
2239558,20.8740234375
2239684,22.705078125
2239790,20.81298828125
2239813,33.63037109375
2239887,21.3623046875
2239984,19.775390625
2240116,20.751953125
2240382,20.44677734375
2280787,22.03369140625
2280917,20.5078125
2280954,26.91650390625
2280995,24.2919921875
2281027,26.85546875
2281089,22.705078125
2281105,19.47021484375
2281117,27.40478515625
2281150,25.390625
2281160,27.52685546875
2281209,31.73828125
2281232,28.80859375
2281311,22.4609375
2281322,19.53125
2281370,19.4091796875
2281429,19.59228515625
2281460,22.0947265625
2281491,27.40478515625
2281569,22.4609375
2281719,19.4091796875
2281761,21.30126953125
2282224,21.3623046875
2282469,20.81298828125
2282611,20.6298828125
2282758,21.54541015625
2282893,20.56884765625
2319485,25.08544921875
2319540,19.95849609375
2319599,20.44677734375
2319788,25.390625
2319907,24.71923828125
2320017,23.13232421875
2320035,19.71435546875
2320063,20.44677734375
2320129,21.6064453125
2320147,25.634765625
2320210,20.01953125
2320227,19.8974609375
2320255,22.216796875
2320303,21.66748046875
2320496,21.05712890625
2320565,19.59228515625
2320603,28.74755859375
2320718,21.30126953125
2321148,22.52197265625
2321527,22.27783203125
2322212,22.76611328125
2322240,20.263671875
2356477,21.66748046875
2356539,22.5830078125
2356567,26.79443359375
2356607,24.4140625
2356633,19.8974609375
2356657,21.484375
2356686,21.6064453125
2356718,27.16064453125
2356730,19.59228515625
2356778,23.92578125
2356788,21.1181640625
2356812,20.08056640625
2356842,21.728515625
2356865,21.1181640625
2356883,20.69091796875
2356896,21.6064453125
2357033,27.03857421875
2357125,19.83642578125
2357678,21.54541015625
2358240,20.263671875
2358496,20.263671875
2358724,25.7568359375
2358862,20.69091796875
2359122,22.76611328125
2359301,21.1181640625
2397785,20.751953125
2397836,23.4375
2398000,20.20263671875
2398107,21.17919921875
2398145,19.8974609375
2398189,20.93505859375
2398220,19.95849609375
2398240,26.123046875
2398283,23.193359375
2398326,21.54541015625
2398373,20.8740234375
2398406,20.56884765625
2398417,22.27783203125
2398457,20.5078125
2398493,22.94921875
2398523,26.3671875
2398853,20.44677734375
2399126,19.8974609375
2399245,20.6298828125
2399821,20.44677734375
2400113,19.59228515625
2400325,27.89306640625
2444662,22.705078125
2445103,28.50341796875
2445124,21.1181640625
2445167,22.39990234375
2445204,20.99609375
2445228,24.90234375
2445263,22.3388671875
2445309,21.3623046875
2445340,23.37646484375
2445363,29.1748046875
2445383,31.55517578125
2445397,27.77099609375
2445437,22.52197265625
2445490,27.03857421875
2445516,21.8505859375
2445572,20.93505859375
2445676,22.52197265625
2445792,21.54541015625
2445833,23.4375
2445867,20.44677734375
2445911,24.7802734375
2445951,19.71435546875
2446741,19.47021484375
2446804,20.1416015625
2447198,20.3857421875
2479108,28.4423828125
2479399,20.08056640625
2479699,23.681640625
2479742,19.71435546875
2479782,20.5078125
2479807,21.240234375
2479869,23.49853515625
2480234,20.93505859375
2480369,22.03369140625
2480402,26.67236328125
2480418,22.15576171875
2480631,20.44677734375
2480783,23.13232421875
2480993,23.13232421875
2481826,20.69091796875
2481923,19.83642578125
2482105,24.4140625
2517451,21.728515625
2517770,30.6396484375
2517901,23.5595703125
2517911,22.39990234375
2517945,21.3623046875
2518040,23.0712890625
2518124,21.1181640625
2518156,30.6396484375
2518168,23.8037109375
2518329,24.96337890625
2518365,22.76611328125
2518399,20.20263671875
2518479,21.6064453125
2518546,21.240234375
2518763,20.44677734375
2518824,19.6533203125
2519154,19.83642578125
2519662,23.193359375
2557426,22.76611328125
2557612,28.6865234375
2557792,21.8505859375
2557883,19.47021484375
2557909,23.86474609375
2558087,20.6298828125
2558099,25.5126953125
2558134,27.4658203125
2558228,28.99169921875
2558282,19.4091796875
2558314,20.8740234375
2558346,20.5078125
2558395,20.751953125
2558411,20.93505859375
2558566,25.57373046875
2558611,20.263671875
2558708,27.587890625
2558739,20.6298828125
2558788,19.8974609375
2558827,23.01025390625
2559207,19.4091796875
2559288,22.705078125
2560268,20.5078125
2560292,20.99609375
2600179,20.3857421875
2600217,19.8974609375
2600246,22.03369140625
2600310,22.39990234375
2600345,20.81298828125
2600424,19.71435546875
2600486,23.74267578125
2600581,24.35302734375
2600592,40.10009765625
2600607,28.62548828125
2600638,21.3623046875
2600664,22.3388671875
2600674,29.6630859375
2600702,21.42333984375
2600729,22.216796875
2600789,23.13232421875
2600893,22.705078125
2600930,19.53125
2600976,21.3623046875
2601192,19.59228515625
2601205,19.6533203125
2601254,21.42333984375
2601288,20.751953125
2601371,20.751953125
2601536,20.01953125
2602266,19.83642578125
2602392,20.69091796875
2602456,23.193359375
2602595,23.62060546875
2602764,20.93505859375
2603037,22.27783203125
2641006,21.91162109375
2641143,19.53125
2641609,20.751953125
2641736,23.193359375
2641839,27.34375
2641875,19.53125
2641987,21.728515625
2642017,23.98681640625
2642113,22.64404296875
2642142,32.16552734375
2642247,23.4375
2642313,21.05712890625
2642325,24.5361328125
2642440,24.47509765625
2642479,19.83642578125
2642503,20.263671875
2642521,26.79443359375
2642641,22.76611328125
2642730,23.49853515625
2642783,20.01953125
2642870,23.37646484375
2642992,31.005859375
2643151,21.97265625
2643243,19.83642578125
2675546,19.8974609375
2675814,25.0244140625
2675948,19.71435546875
2676045,19.71435546875
2676133,21.05712890625
2676221,20.3857421875
2676302,20.6298828125
2676314,25.390625
2676398,25.08544921875
2676455,32.3486328125
2676491,21.1181640625
2676522,19.95849609375
2676589,20.6298828125
2676619,20.56884765625
2676677,21.97265625
2676688,19.71435546875
2676748,20.8740234375
2677060,19.53125
2677572,21.17919921875
2677661,21.42333984375
2677677,19.59228515625
2678384,19.95849609375
2678773,20.44677734375
2717914,20.263671875
2717973,25.81787109375
2718074,20.8740234375
2718154,21.6064453125
2718208,21.728515625
2718250,24.59716796875
2718275,21.66748046875
2718365,23.5595703125
2718385,23.8037109375
2718479,23.13232421875
2718508,22.15576171875
2718536,22.76611328125
2718583,19.53125
2718593,22.0947265625
2718625,20.6298828125
2718677,23.25439453125
2718708,20.93505859375
2718794,22.3388671875
2718891,19.71435546875
2719011,21.484375
2719112,22.4609375
2719204,20.81298828125
2719214,21.78955078125
2719469,20.32470703125
2719520,20.08056640625
2719729,20.08056640625
2719798,19.95849609375
2719830,21.6064453125
2722008,20.3857421875
2761996,20.20263671875
2762185,20.93505859375
2762508,19.53125
2762595,19.4091796875
2762846,24.169921875
2762883,22.4609375
2762959,26.06201171875
2762988,22.76611328125
2763002,24.35302734375
2763048,23.25439453125
2763063,24.47509765625
2763097,22.3388671875
2763110,20.263671875
2763158,26.2451171875
2763247,20.69091796875
2763284,21.1181640625
2763395,20.01953125
2763423,22.3388671875
2763467,20.263671875
2763495,21.17919921875
2763670,23.13232421875
2763750,20.44677734375
2764396,21.8505859375
2765980,19.83642578125
2766370,21.66748046875
2804262,19.775390625
2804573,28.13720703125
2804585,21.484375
2804655,19.47021484375
2804723,21.8505859375
2804777,20.3857421875
2804834,25.69580078125
2804844,20.01953125
2804858,23.3154296875
2804907,32.16552734375
2804918,32.16552734375
2804932,20.1416015625
2804952,20.8740234375
2804977,22.94921875
2804999,19.6533203125
2805022,22.64404296875
2805054,28.564453125
2805079,23.74267578125
2805211,20.1416015625
2805295,22.27783203125
2805738,20.20263671875
2805772,19.4091796875
2805931,21.30126953125
2808617,19.95849609375
2856163,20.1416015625
2856408,22.76611328125
2856495,20.263671875
2856512,21.97265625
2856566,21.484375
2856582,22.15576171875
2856604,22.216796875
2856644,21.30126953125
2856678,23.3154296875
2856711,23.74267578125
2856723,29.72412109375
2856743,21.240234375
2856769,22.216796875
2856789,21.78955078125
2856876,19.83642578125
2856898,22.52197265625
2857007,31.43310546875
2857138,20.20263671875
2857231,22.3388671875
2857396,21.484375
2909512,23.5595703125
2909539,23.25439453125
2909669,20.08056640625
2909699,20.1416015625
2909762,28.80859375
2909801,19.71435546875
2909812,19.83642578125
2909847,22.64404296875
2909883,21.78955078125
2909925,22.15576171875
2909955,24.0478515625
2909990,21.97265625
2910030,30.029296875
2910063,23.01025390625
2910202,21.54541015625
2910228,25.390625
2910280,19.4091796875
2910526,19.8974609375
2910553,20.32470703125
2910610,19.775390625
2910725,21.30126953125
2910850,22.39990234375
2912297,20.93505859375
2945482,19.71435546875
2946149,20.81298828125
2946180,21.91162109375
2946268,20.1416015625
2946332,29.96826171875
2946377,20.6298828125
2946415,21.54541015625
2946662,24.71923828125
2946696,19.83642578125
2946728,21.17919921875
2946800,22.4609375
2946828,23.62060546875
2946886,21.728515625
2947006,22.64404296875
2947112,20.08056640625
2947239,19.53125
2947269,22.52197265625
2947430,20.44677734375
2947570,21.484375
2947677,19.83642578125
2947828,20.3857421875
2947965,21.17919921875
2948101,23.25439453125
2948337,19.8974609375
2965669,21.42333984375
2966562,20.751953125
2970609,19.8974609375
2987628,20.8740234375
2987685,20.56884765625
2987819,24.169921875
2987830,21.8505859375
2987863,31.55517578125
2987909,27.52685546875
2987947,21.78955078125
2987966,25.20751953125
2987995,22.3388671875
2988040,29.6630859375
2988054,19.59228515625
2988110,25.146484375
2988142,23.86474609375
2988167,25.634765625
2988214,19.47021484375
2988251,24.59716796875
2988387,19.4091796875
2988418,19.775390625
2988454,22.94921875
2988716,23.25439453125
2988958,21.17919921875
2990525,19.8974609375
3029927,25.390625
3030127,19.775390625
3030246,21.17919921875
3030444,21.8505859375
3030499,19.6533203125
3030538,30.21240234375
3030592,21.484375
3030624,28.564453125
3030642,21.6064453125
3030697,21.728515625
3030730,21.728515625
3030743,41.8701171875
3030777,21.54541015625
3030808,19.59228515625
3030824,29.35791015625
3030884,26.67236328125
3030919,25.69580078125
3030960,24.2919921875
3031007,20.99609375
3031192,19.95849609375
3031291,19.8974609375
3031349,20.08056640625
3031372,20.32470703125
3031878,21.3623046875
3032099,19.6533203125
3032388,21.05712890625
3032975,19.8974609375
3067630,21.05712890625
3067852,19.95849609375
3068223,20.751953125
3068246,19.47021484375
3068594,20.6298828125
3068700,21.05712890625
3068731,23.4375
3068766,21.728515625
3068782,31.92138671875
3068839,20.69091796875
3068879,25.390625
3068945,22.39990234375
3068999,20.8740234375
3069083,23.8037109375
3069198,19.8974609375
3069265,20.01953125
3069718,20.81298828125
3069887,19.4091796875
3070451,22.0947265625
3070497,23.01025390625
3103164,19.83642578125
3103248,30.33447265625
3103270,22.15576171875
3103304,21.728515625
3103319,21.78955078125
3103389,26.7333984375
3103399,25.45166015625
3103422,19.775390625
3103465,21.42333984375
3103543,20.8740234375
3103615,22.705078125
3103818,20.08056640625
3103856,28.25927734375
3103908,19.47021484375
3104058,19.4091796875
3104163,24.10888671875
3104221,19.775390625
3104416,19.47021484375
3105201,20.1416015625
3139849,22.27783203125
3140237,21.54541015625
3140291,22.52197265625
3140329,20.5078125
3140646,21.6064453125
3140697,21.484375
3140732,25.2685546875
3140758,33.14208984375
3140797,19.95849609375
3140816,21.78955078125
3140831,21.6064453125
3140886,23.3154296875
3140920,26.0009765625
3140956,24.658203125
3141020,22.3388671875
3141103,26.42822265625
3141261,20.1416015625
3141329,19.4091796875
3141732,22.4609375
3142244,19.775390625
3179399,20.263671875
3179623,21.6064453125
3179729,22.4609375
3179756,23.193359375
3179840,19.8974609375
3180002,24.10888671875
3180032,24.5361328125
3180077,21.3623046875
3180091,29.1748046875
3180131,21.05712890625
3180160,29.47998046875
3180200,19.47021484375
3180232,22.76611328125
3180246,22.39990234375
3180336,26.91650390625
3180458,19.95849609375
3180592,21.30126953125
3180624,23.62060546875
3181405,20.56884765625
3182185,23.3154296875
3182644,20.8740234375
3216827,19.6533203125
3217106,20.08056640625
3217175,20.99609375
3217502,21.1181640625
3217519,19.53125
3217559,21.42333984375
3217591,22.3388671875
3217609,22.4609375
3217639,20.08056640625
3217661,23.0712890625
3217681,22.8271484375
3217716,29.78515625
3217796,27.2216796875
3217860,22.03369140625
3217873,27.89306640625
3217944,21.3623046875
3217965,21.8505859375
3218136,21.42333984375
3218350,20.20263671875
3218569,22.3388671875
3219650,20.44677734375
3219731,19.775390625
3220604,21.05712890625
3256176,22.3388671875
3256408,19.59228515625
3256558,23.62060546875
3256571,23.193359375
3256694,20.44677734375
3256812,23.86474609375
3256843,27.40478515625
3256879,23.0712890625
3256933,29.96826171875
3256962,25.32958984375
3256988,24.4140625
3257107,20.56884765625
3257169,19.8974609375
3257340,23.8037109375
3257402,22.88818359375
3257423,20.08056640625
3257561,19.95849609375
3257651,19.8974609375
3257688,19.71435546875
3258381,20.81298828125
3292458,19.4091796875
3292485,19.775390625
3292733,19.8974609375
3292763,21.97265625
3292957,26.4892578125
3292997,28.01513671875
3293033,20.56884765625
3293054,19.6533203125
3293120,20.3857421875
3293256,23.49853515625
3293282,19.6533203125
3293311,34.36279296875
3293338,30.82275390625
3293366,19.775390625
3293401,21.17919921875
3293434,26.3671875
3293459,20.20263671875
3293478,20.08056640625
3293505,19.47021484375
3293538,23.92578125
3293634,22.0947265625
3294161,25.81787109375
3294697,21.30126953125
3294853,22.03369140625
3331026,24.169921875
3331128,20.56884765625
3331233,20.263671875
3331497,20.93505859375
3331516,20.56884765625
3331571,28.86962890625
3331602,23.01025390625
3331644,22.39990234375
3331682,22.94921875
3331711,26.18408203125
3331736,24.35302734375
3331781,26.123046875
3332022,19.6533203125
3332075,25.20751953125
3332129,20.32470703125
3332168,20.01953125
3332191,26.3671875
3332305,20.8740234375
3332413,20.263671875
3333026,22.0947265625
3333651,19.775390625
3369546,19.8974609375
3369732,24.2919921875
3369846,19.95849609375
3369885,20.263671875
3369980,39.6728515625
3370043,19.53125
3370062,36.4990234375
3370120,40.0390625
3370159,20.1416015625
3370239,22.705078125
3370256,20.56884765625
3370293,20.81298828125
3370303,21.3623046875
3370400,26.30615234375
3370422,26.30615234375
3370618,21.05712890625
3370754,20.44677734375
3370942,22.15576171875
3371121,19.8974609375
3372022,22.27783203125
3372113,19.775390625
3373310,19.4091796875
3409355,19.95849609375
3409873,20.5078125
3410033,20.6298828125
3410069,28.6865234375
3410086,29.1748046875
3410143,25.20751953125
3410182,23.49853515625
3410196,23.8037109375
3410237,21.17919921875
3410320,30.3955078125
3410391,27.16064453125
3410458,20.32470703125
3410494,21.66748046875
3410574,25.7568359375
3410635,21.3623046875
3411051,21.42333984375
3411590,22.15576171875
3411808,19.775390625
3412446,21.728515625
3412508,21.728515625
3412590,23.13232421875
3452889,20.1416015625
3453006,22.27783203125
3453089,20.69091796875
3453115,21.66748046875
3453142,21.30126953125
3453157,20.99609375
3453223,22.27783203125
3453254,21.78955078125
3453272,19.95849609375
3453317,24.59716796875
3453359,22.705078125
3453418,20.93505859375
3453445,31.31103515625
3453461,22.216796875
3453487,21.728515625
3453518,24.0478515625
3453528,22.76611328125
3453551,21.91162109375
3453571,27.03857421875
3453604,31.31103515625
3453638,19.95849609375
3453723,20.08056640625
3454285,20.56884765625
3454382,19.8974609375
3454516,19.59228515625
3454625,20.01953125
3454846,20.1416015625
3454975,19.59228515625
3455167,20.5078125
3455920,20.93505859375
3485005,20.81298828125
3485073,22.3388671875
3485448,25.634765625
3485549,20.3857421875
3485599,20.08056640625
3485624,20.263671875
3485724,26.30615234375
3485735,20.5078125
3485810,22.15576171875
3485821,20.56884765625
3485853,28.9306640625
3485877,25.93994140625
3485889,30.76171875
3485930,22.8271484375
3485952,20.01953125
3485970,27.587890625
3486012,26.06201171875
3486046,19.53125
3486080,20.81298828125
3486151,19.8974609375
3486386,27.9541015625
3486406,21.05712890625
3486668,20.32470703125
3486867,20.01953125
3486943,19.71435546875
3487219,19.4091796875
3487655,21.6064453125
3488270,21.728515625
3517334,22.216796875
3517546,19.53125
3517638,20.3857421875
3517679,25.146484375
3517712,25.0244140625
3517836,19.83642578125
3517955,20.81298828125
3517974,22.03369140625
3518008,21.78955078125
3518048,23.98681640625
3518076,21.484375
3518121,26.06201171875
3518229,23.13232421875
3518279,20.1416015625
3518311,28.4423828125
3518568,23.8037109375
3518683,21.97265625
3519268,23.0712890625
3519457,21.17919921875
3519593,20.93505859375
3519862,19.6533203125
3553992,19.53125
3554375,20.08056640625
3554654,20.44677734375
3554711,20.3857421875
3554917,22.0947265625
3555045,21.484375
3555072,21.97265625
3555117,20.69091796875
3555139,22.8271484375
3555176,35.94970703125
3555223,20.20263671875
3555275,22.03369140625
3555296,19.59228515625
3555377,21.6064453125
3555397,24.10888671875
3555512,20.69091796875
3555586,20.263671875
3555727,22.0947265625
3555845,23.13232421875
3555878,19.6533203125
3556144,20.5078125
3556643,19.71435546875
3556805,22.64404296875
3593880,21.17919921875
3594042,22.15576171875
3594063,20.3857421875
3594076,27.34375
3594214,24.96337890625
3594370,19.95849609375
3594420,24.7802734375
3594434,24.47509765625
3594476,20.5078125
3594491,27.099609375
3594558,26.3671875
3594575,19.83642578125
3594615,24.4140625
3594691,22.5830078125
3594738,23.01025390625
3594791,21.97265625
3594809,20.263671875
3594870,19.83642578125
3594935,19.71435546875
3594954,20.99609375
3595699,23.86474609375
3595967,21.05712890625
3596046,19.95849609375
3596203,19.71435546875
3596423,20.263671875
3596757,21.17919921875
3597127,23.74267578125
3597273,19.4091796875
3621969,19.8974609375
3637297,26.611328125
3637421,19.95849609375
3637675,22.8271484375
3637886,20.263671875
3637945,20.751953125
3637979,20.32470703125
3638079,25.634765625
3638107,23.4375
3638118,21.484375
3638159,20.81298828125
3638183,20.01953125
3638267,23.74267578125
3638724,22.0947265625
3639786,21.240234375
3640369,21.728515625
3671586,19.53125
3672424,21.1181640625
3672575,20.6298828125
3672785,21.97265625
3672803,23.13232421875
3672848,21.8505859375
3672894,25.390625
3672904,23.681640625
3672966,26.30615234375
3673038,21.66748046875
3673103,28.1982421875
3673130,20.32470703125
3673236,21.6064453125
3673354,20.8740234375
3673600,24.96337890625
3673777,19.95849609375
3674444,20.93505859375
3674601,19.4091796875
3674728,19.8974609375
3708005,19.95849609375
3708065,20.01953125
3708244,21.240234375
3708272,21.54541015625
3708397,19.47021484375
3708413,20.5078125
3708449,21.6064453125
3708477,22.88818359375
3708549,25.2685546875
3708571,20.81298828125
3708595,23.25439453125
3708615,29.1748046875
3708641,34.97314453125
3708703,23.0712890625
3708797,22.94921875
3708839,22.03369140625
3708948,27.7099609375
3708990,21.05712890625
3709034,20.3857421875
3709088,21.1181640625
3709129,20.81298828125
3709205,25.69580078125
3709243,23.92578125
3709675,19.4091796875
3710817,20.6298828125
3747647,21.42333984375
3747848,20.69091796875
3747903,23.13232421875
3747966,20.1416015625
3748011,23.13232421875
3748021,20.3857421875
3748063,23.92578125
3748083,31.8603515625
3748107,21.30126953125
3748139,21.240234375
3748182,22.94921875
3748254,20.44677734375
3748265,19.95849609375
3748472,25.69580078125
3748554,24.23095703125
3748608,19.71435546875
3748702,20.56884765625
3748814,19.47021484375
3748960,23.4375
3749029,24.90234375
3749331,20.44677734375
3751753,19.47021484375
3795323,20.3857421875
3795425,20.3857421875
3795593,21.1181640625
3795615,19.95849609375
3795626,24.5361328125
3795828,21.91162109375
3795885,19.95849609375
3795904,27.16064453125
3795951,25.634765625
3795977,20.56884765625
3796064,23.98681640625
3796111,20.56884765625
3796151,26.55029296875
3796176,20.93505859375
3796215,19.6533203125
3796308,24.10888671875
3796437,21.05712890625
3796489,19.8974609375
3796521,20.93505859375
3796535,22.39990234375
3796567,22.88818359375
3797222,19.95849609375
3797347,19.71435546875
3797593,22.64404296875
3797741,19.53125
3798143,21.3623046875
3839483,19.95849609375
3839693,20.01953125
3839743,23.8037109375
3839759,22.15576171875
3839789,25.69580078125
3839829,24.4140625
3839850,20.99609375
3839885,32.958984375
3839909,37.04833984375
3839928,25.93994140625
3839956,28.80859375
3840029,21.240234375
3840103,30.517578125
3840175,24.84130859375
3840195,23.74267578125
3840291,25.45166015625
3840325,20.08056640625
3840560,23.49853515625
3840642,19.83642578125
3840760,24.47509765625
3840814,20.751953125
3840950,19.47021484375
3841283,22.94921875
3841724,20.6298828125
3842000,19.6533203125
3874032,21.1181640625
3874261,26.18408203125
3874416,23.193359375
3874464,22.5830078125
3874609,19.95849609375
3874696,21.6064453125
3874743,21.05712890625
3874835,28.80859375
3874899,21.1181640625
3874965,23.86474609375
3875053,20.08056640625
3875083,20.01953125
3875104,21.54541015625
3875128,20.56884765625
3875149,20.08056640625
3875219,20.99609375
3875238,22.64404296875
3875338,21.05712890625
3875349,27.7099609375
3875378,19.59228515625
3875414,21.728515625
3875426,20.01953125
3875456,19.775390625
3875556,20.93505859375
3875579,19.83642578125
3875706,20.01953125
3876197,19.59228515625
3876237,20.263671875
3876744,20.5078125
3877510,22.88818359375
3877981,20.93505859375
3878105,22.216796875
3918740,19.71435546875
3919355,20.5078125
3919534,20.01953125
3919601,23.92578125
3919615,22.5830078125
3919638,24.23095703125
3919677,21.54541015625
3919721,20.99609375
3919772,21.42333984375
3919845,20.3857421875
3919868,27.099609375
3919965,22.94921875
3920035,22.705078125
3920443,19.47021484375
3920557,19.775390625
3920794,19.59228515625
3920924,23.92578125
3921057,20.08056640625
3921236,20.01953125
3921863,20.1416015625
3958903,19.4091796875
3958928,19.775390625
3959171,21.8505859375
3959367,22.5830078125
3959465,19.47021484375
3959525,22.39990234375
3959761,20.69091796875
3959807,20.81298828125
3959864,21.66748046875
3959926,23.98681640625
3960002,25.5126953125
3960067,35.94970703125
3960080,21.240234375
3960130,27.40478515625
3960149,20.56884765625
3960264,20.3857421875
3960375,20.6298828125
3960405,27.34375
3960454,24.23095703125
3960615,20.69091796875
3960862,21.728515625
3961034,19.71435546875
3961692,19.8974609375
3962029,21.1181640625
3995855,22.64404296875
3996156,20.69091796875
3996187,24.10888671875
3996282,23.37646484375
3996436,20.8740234375
3996465,20.69091796875
3996522,20.5078125
3996535,23.681640625
3996573,36.07177734375
3996594,23.681640625
3996619,28.076171875
3996696,24.23095703125
3996717,21.17919921875
3996753,21.42333984375
3996783,25.5126953125
3996884,20.5078125
3996957,28.13720703125
3997133,19.83642578125
3997206,25.2685546875
3997218,21.8505859375
4028086,22.0947265625
4028305,20.56884765625
4028404,19.53125
4028442,23.193359375
4028470,21.1181640625
4028599,24.35302734375
4028653,22.64404296875
4028695,21.97265625
4028719,22.88818359375
4028730,30.82275390625
4028773,23.0712890625
4028816,28.50341796875
4028966,20.263671875
4029091,25.57373046875
4029207,20.1416015625
4029467,20.93505859375
4029807,20.32470703125
4029861,20.08056640625
4061044,19.59228515625
4061090,28.1982421875
4061249,21.240234375
4061335,23.01025390625
4061345,28.4423828125
4061449,20.751953125
4061537,21.1181640625
4061567,25.146484375
4061592,20.93505859375
4061635,19.59228515625
4061665,20.3857421875
4061680,21.484375
4061718,21.3623046875
4061752,26.4892578125
4061778,21.484375
4061824,24.5361328125
4061904,23.0712890625
4061986,24.2919921875
4062006,21.05712890625
4062072,20.44677734375
4062168,21.3623046875
4062252,20.01953125
4062795,21.42333984375
4062965,22.27783203125
4063500,21.17919921875
4095364,20.32470703125
4095782,25.2685546875
4096177,20.08056640625
4096246,21.17919921875
4096272,27.2216796875
4096361,20.3857421875
4096398,22.705078125
4096497,19.53125
4096542,23.681640625
4096574,20.08056640625
4096619,25.5126953125
4096650,21.1181640625
4096690,25.634765625
4096827,19.47021484375
4096964,20.8740234375
4097721,20.751953125
4097931,24.59716796875
4098563,23.193359375
4132865,25.634765625
4132942,21.6064453125
4133088,27.2216796875
4133181,22.216796875
4133353,21.78955078125
4133393,20.20263671875
4133476,24.10888671875
4133509,21.3623046875
4133524,19.59228515625
4133562,25.69580078125
4133597,21.6064453125
4133623,21.54541015625
4133640,21.6064453125
4133709,23.37646484375
4133749,21.78955078125
4133796,21.484375
4133870,27.2216796875
4133894,23.8037109375
4134015,22.39990234375
4134870,29.23583984375
4134915,23.193359375
4134988,21.8505859375
4135093,21.54541015625
4135354,20.1416015625
4160513,19.95849609375
4160941,21.05712890625
4161084,19.8974609375
4161122,22.3388671875
4161453,20.69091796875
4161497,22.705078125
4161563,19.59228515625
4161630,21.30126953125
4161682,29.35791015625
4161718,20.56884765625
4161743,25.32958984375
4161759,22.216796875
4161814,30.94482421875
4161864,24.7802734375
4161904,21.78955078125
4161940,23.5595703125
4161951,19.83642578125
4161984,20.5078125
4162030,31.005859375
4162269,20.01953125
4162340,21.3623046875
4162577,26.18408203125
4162700,20.32470703125
4162741,24.96337890625
4162950,19.71435546875
4163165,22.5830078125
4163560,20.81298828125
4163786,21.728515625
4198727,21.6064453125
4198765,21.91162109375
4198859,23.8037109375
4199035,21.42333984375
4199131,20.44677734375
4199158,21.17919921875
4199238,29.72412109375
4199285,22.4609375
4199313,22.88818359375
4199356,21.30126953125
4199376,22.216796875
4199396,22.3388671875
4199427,22.39990234375
4199446,23.37646484375
4199495,20.8740234375
4199539,21.240234375
4199566,20.8740234375
4199789,21.54541015625
4199912,19.47021484375
4200839,20.01953125
4200862,23.13232421875
4201391,22.64404296875
4225036,20.56884765625
4230645,20.3857421875
4231070,24.5361328125
4231115,22.88818359375
4231166,22.15576171875
4231196,21.30126953125
4231289,27.77099609375
4231319,20.1416015625
4231338,22.705078125
4231364,26.2451171875
4231412,24.23095703125
4231441,20.20263671875
4231478,21.05712890625
4231502,22.5830078125
4231644,20.93505859375
4231689,24.84130859375
4231733,20.56884765625
4231770,21.78955078125
4232310,21.484375
4232541,23.193359375
4232606,20.32470703125
4232707,19.47021484375
4266554,21.6064453125
4266633,19.47021484375
4266649,19.83642578125
4266795,20.751953125
4266810,20.8740234375
4266837,24.84130859375
4266908,24.658203125
4266929,19.8974609375
4266953,19.59228515625
4267042,24.2919921875
4267058,30.3955078125
4267091,25.87890625
4267102,21.66748046875
4267167,26.18408203125
4267178,32.958984375
4267222,21.8505859375
4267246,22.27783203125
4267263,20.93505859375
4267279,20.751953125
4267340,24.96337890625
4267355,25.0244140625
4267393,19.83642578125
4267470,20.93505859375
4267489,20.1416015625
4267588,19.47021484375
4267637,20.8740234375
4267696,23.74267578125
4267734,22.705078125
4267829,23.13232421875
4268395,19.95849609375
4268535,21.6064453125
4306573,20.3857421875
4306819,20.8740234375
4307112,20.69091796875
4307256,24.169921875
4307365,20.1416015625
4307418,20.3857421875
4307501,22.0947265625
4307542,19.95849609375
4307601,26.0009765625
4307663,25.08544921875
4307682,26.18408203125
4307810,20.751953125
4307832,27.16064453125
4308275,22.15576171875
4308369,20.32470703125
4308405,19.53125
4308453,19.95849609375
4308698,19.95849609375
4308825,21.728515625
4309304,19.4091796875
4309605,19.8974609375
4309795,19.4091796875
4309850,19.4091796875
4347097,20.01953125
4347485,21.1181640625
4347669,25.87890625
4347716,22.216796875
4347773,35.58349609375
4347799,20.20263671875
4347832,21.17919921875
4347843,21.3623046875
4347902,21.30126953125
4347947,24.0478515625
4347993,25.08544921875
4348035,19.6533203125
4348099,20.56884765625
4348160,20.6298828125
4348173,20.6298828125
4348253,19.83642578125
4348296,26.0009765625
4348356,23.5595703125
4348515,20.5078125
4348574,20.20263671875
4348704,23.3154296875
4349306,19.83642578125
4349603,19.6533203125
4350121,21.240234375
4380205,20.32470703125
4383449,20.8740234375
4383587,26.611328125
4383698,20.20263671875
4383815,31.494140625
4383910,26.611328125
4383965,19.47021484375
4384022,19.8974609375
4384041,21.17919921875
4384149,19.775390625
4384193,19.83642578125
4384218,19.8974609375
4384279,22.15576171875
4385055,22.52197265625
4385537,19.53125
4385841,20.81298828125
4423628,19.47021484375
4423811,19.6533203125
4423986,21.728515625
4424136,20.20263671875
4424168,22.0947265625
4424202,22.216796875
4424249,20.56884765625
4424312,26.42822265625
4424369,28.076171875
4424408,26.85546875
4424436,20.263671875
4424505,22.15576171875
4424562,20.81298828125
4424621,20.8740234375
4424801,22.52197265625
4424856,23.01025390625
4425142,20.08056640625
4425477,19.6533203125
4425496,29.11376953125
4426245,22.705078125
4427343,22.39990234375
4427366,20.69091796875
4446578,20.1416015625
4454560,20.69091796875
4454771,19.47021484375
4455490,22.52197265625
4455640,20.5078125
4484406,21.240234375
4484436,24.7802734375
4484466,22.0947265625
4484552,24.71923828125
4484579,21.17919921875
4484592,21.66748046875
4484615,24.4140625
4484660,19.47021484375
4484675,36.43798828125
4484696,19.71435546875
4484796,28.1982421875
4484839,23.25439453125
4484853,20.1416015625
4484880,20.751953125
4484906,22.88818359375
4485008,24.4140625
4485066,21.1181640625
4485355,20.01953125
4485996,19.775390625
4486481,20.5078125
4486775,22.15576171875
4487653,19.47021484375
4487792,21.30126953125
4487969,19.83642578125
4531606,22.03369140625
4532024,19.95849609375
4532196,19.53125
4532212,19.6533203125
4532403,20.3857421875
4532428,20.01953125
4532480,22.52197265625
4532564,22.94921875
4532608,29.296875
4532618,21.484375
4532680,32.470703125
4532833,19.59228515625
4532861,22.94921875
4532911,25.32958984375
4532985,20.1416015625
4533081,21.97265625
4533138,22.216796875
4533369,19.53125
4569976,21.17919921875
4570421,25.57373046875
4570680,23.01025390625
4570705,21.240234375
4570760,25.146484375
4570798,24.2919921875
4570824,24.90234375
4570910,19.775390625
4570963,24.10888671875
4570995,23.49853515625
4571013,20.56884765625
4571039,20.99609375
4571068,29.6630859375
4571094,23.5595703125
4571110,20.44677734375
4571148,19.53125
4571165,19.71435546875
4571188,22.216796875
4571246,19.53125
4571345,21.6064453125
4571371,24.4140625
4571429,19.83642578125
4571512,19.6533203125
4572675,19.59228515625
4572845,22.216796875
4573190,19.95849609375
4620479,22.705078125
4620872,20.1416015625
4621187,19.47021484375
4621260,19.8974609375
4621299,24.47509765625
4621325,22.15576171875
4621344,26.123046875
4621378,27.2216796875
4621402,21.6064453125
4621446,21.97265625
4621457,28.9306640625
4621497,20.44677734375
4621519,20.01953125
4621532,25.5126953125
4621548,25.93994140625
4621566,19.53125
4621593,24.658203125
4621640,20.1416015625
4621672,21.05712890625
4621699,19.95849609375
4621858,21.66748046875
4621881,21.05712890625
4621965,20.01953125
4622101,19.71435546875
4622350,20.3857421875
4622530,22.5830078125
4622637,21.97265625
4622737,20.3857421875
4623272,20.263671875
4624673,19.6533203125
4648536,21.78955078125
4682498,22.52197265625
4682849,23.4375
4682993,21.240234375
4683055,19.6533203125
4683084,30.45654296875
4683108,21.30126953125
4683183,23.4375
4683207,19.83642578125
4683217,20.99609375
4683271,20.6298828125
4683301,25.390625
4683314,26.85546875
4683332,19.775390625
4683392,23.4375
4683413,19.4091796875
4683459,25.634765625
4683526,22.15576171875
4683629,21.1181640625
4683751,20.01953125
4683854,21.17919921875
4684054,20.1416015625
4684089,20.5078125
4684238,20.99609375
4684404,22.3388671875
4684916,23.13232421875
4685012,20.44677734375
4685152,19.71435546875
4685338,19.4091796875
4687113,21.05712890625
4730593,19.95849609375
4730951,19.4091796875
4731579,22.39990234375
4731754,24.23095703125
4731839,22.705078125
4731873,24.47509765625
4731896,21.54541015625
4731909,21.728515625
4731964,24.7802734375
4732012,22.88818359375
4732066,19.47021484375
4732105,32.71484375
4732170,24.23095703125
4732185,21.30126953125
4732223,24.169921875
4732326,19.8974609375
4732364,23.98681640625
4732437,19.8974609375
4732492,19.6533203125
4732545,21.30126953125
4732641,24.7802734375
4732854,19.8974609375
4732884,24.59716796875
4732939,22.39990234375
4733222,20.8740234375
4733395,22.94921875
4733826,21.91162109375
4778723,19.95849609375
4779187,19.775390625
4779222,25.2685546875
4779308,23.0712890625
4779331,25.08544921875
4779382,19.775390625
4779450,20.751953125
4779498,31.06689453125
4779521,23.37646484375
4779564,20.93505859375
4779618,25.69580078125
4779675,19.775390625
4779707,24.84130859375
4779783,26.3671875
4779825,32.77587890625
4779940,25.20751953125
4781067,19.47021484375
4781079,19.4091796875
4781208,19.775390625
4781415,21.97265625
4824463,27.587890625
4824692,28.9306640625
4824800,22.15576171875
4824835,27.83203125
4824854,20.44677734375
4824874,23.37646484375
4824915,20.93505859375
4824947,21.6064453125
4825004,21.484375
4825052,22.88818359375
4825123,19.71435546875
4825155,20.263671875
4825202,20.3857421875
4825273,20.32470703125
4825309,20.56884765625
4825377,20.263671875
4825505,19.53125
4825583,20.8740234375
4825829,21.8505859375
4826480,24.23095703125
4826490,20.1416015625
4826556,21.54541015625
4827535,30.2734375
4835660,19.4091796875
4863677,19.6533203125
4863907,20.08056640625
4864120,21.97265625
4864256,21.484375
4864386,23.4375
4864419,27.16064453125
4864494,19.6533203125
4864510,37.78076171875
4864551,28.564453125
4864581,22.27783203125
4864591,22.705078125
4864629,20.20263671875
4864643,27.9541015625
4864695,23.0712890625
4864801,25.5126953125
4865754,23.0712890625
4865816,20.32470703125
4866171,20.81298828125
4866293,19.83642578125
4866335,22.64404296875
4866631,33.75244140625
4866780,20.5078125
4902655,20.93505859375
4902767,20.8740234375
4902893,19.71435546875
4903055,19.8974609375
4903195,22.39990234375
4903232,22.27783203125
4903273,20.81298828125
4903371,20.32470703125
4903388,20.5078125
4903432,22.03369140625
4903456,20.81298828125
4903497,23.98681640625
4903507,21.17919921875
4903550,20.81298828125
4903563,22.8271484375
4903594,20.6298828125
4903634,21.17919921875
4903697,20.56884765625
4903728,27.52685546875
4903792,20.1416015625
4903885,26.3671875
4903921,22.27783203125
4904447,23.86474609375
4904599,25.146484375
4905043,23.193359375
4905171,19.47021484375
4905207,21.484375
4905238,19.6533203125
4943668,20.44677734375
4943978,20.32470703125
4944098,26.18408203125
4944253,21.66748046875
4944289,28.62548828125
4944346,19.53125
4944367,20.3857421875
4944389,28.13720703125
4944440,30.45654296875
4944456,37.29248046875
4944503,33.5693359375
4944514,31.43310546875
4944573,31.005859375
4944591,30.029296875
4944618,19.71435546875
4944634,24.84130859375
4944670,24.71923828125
4944730,20.8740234375
4944746,21.17919921875
4944857,20.69091796875
4945277,20.751953125
4945484,23.25439453125
4945619,20.1416015625
4945956,19.775390625
4946294,23.37646484375
4980011,20.69091796875
4980168,20.6298828125
4980432,19.8974609375
4980464,22.5830078125
4980513,21.05712890625
4980596,19.83642578125
4980638,23.01025390625
4980750,24.7802734375
4980788,21.05712890625
4980828,22.15576171875
4980849,20.81298828125
4980874,21.17919921875
4980925,24.2919921875
4980945,22.705078125
4981000,23.01025390625
4981049,23.13232421875
4981076,26.30615234375
4981136,21.30126953125
4981159,20.01953125
4981195,20.56884765625
4981388,21.91162109375
4981796,19.71435546875
4982287,21.97265625
4982579,21.42333984375
4982605,22.216796875
4982660,20.81298828125
4999350,22.5830078125
5026631,19.6533203125
5026861,21.30126953125
5027291,20.44677734375
5027375,19.53125
5027405,23.4375
5027507,20.6298828125
5027534,24.71923828125
5027555,23.8037109375
5027583,26.4892578125
5027619,22.52197265625
5027636,21.05712890625
5027682,21.240234375
5027697,26.18408203125
5027738,30.3955078125
5027757,22.88818359375
5027781,20.1416015625
5027822,28.86962890625
5027848,22.5830078125
5027896,23.193359375
5027926,21.1181640625
5028094,20.08056640625
5028132,23.01025390625
5028470,19.59228515625
5028520,19.47021484375
5028541,20.56884765625
5028877,20.263671875
5029373,20.751953125
5030016,20.32470703125
5030678,19.53125
5071722,20.81298828125
5071815,23.4375
5071840,20.20263671875
5071953,19.8974609375
5072017,21.240234375
5072032,21.97265625
5072048,21.240234375
5072073,20.93505859375
5072109,36.4990234375
5072154,19.53125
5072168,19.8974609375
5072184,29.052734375
5072258,27.03857421875
5072307,20.08056640625
5072324,25.20751953125
5072371,20.263671875
5072445,23.74267578125
5072497,19.775390625
5072518,26.611328125
5072536,20.32470703125
5072805,22.3388671875
5073291,25.2685546875
5073452,20.3857421875
5073543,19.59228515625
5074271,23.4375
5074761,22.52197265625
5074959,21.97265625
5116362,21.42333984375
5116379,20.263671875
5116458,21.728515625
5116530,26.2451171875
5116566,20.20263671875
5116743,21.6064453125
5116837,19.775390625
5116877,19.83642578125
5116894,29.72412109375
5116922,19.95849609375
5116962,20.08056640625
5117092,20.44677734375
5117193,21.05712890625
5117223,26.611328125
5117295,20.263671875
5117361,19.95849609375
5117478,20.263671875
5117703,23.62060546875
5117762,21.05712890625
5117801,24.2919921875
5118768,19.775390625
5119561,20.93505859375
5119971,19.53125
5120022,21.17919921875
5120090,19.8974609375
5160722,19.83642578125
5160931,23.193359375
5161375,30.029296875
5161532,25.57373046875
5161688,26.9775390625
5161805,22.94921875
5161842,22.3388671875
5161894,20.5078125
5161948,20.56884765625
5161982,21.30126953125
5162055,24.59716796875
5162123,20.8740234375
5162188,19.775390625
5162236,25.81787109375
5162250,19.53125
5162326,19.47021484375
5162412,23.13232421875
5162541,21.54541015625
5162664,21.8505859375
5162906,25.5126953125
5163144,19.59228515625
5163319,20.751953125
5163384,21.05712890625
5163498,23.86474609375
5163875,20.3857421875
5203702,19.53125
5204104,22.4609375
5204311,20.44677734375
5204333,25.45166015625
5204412,20.1416015625
5204478,24.90234375
5204527,20.01953125
5204582,19.53125
5204604,28.25927734375
5204646,20.08056640625
5204696,24.84130859375
5204776,22.216796875
5204810,22.94921875
5204827,20.263671875
5204890,20.6298828125
5204960,20.81298828125
5205066,21.30126953125
5205325,21.42333984375
5205451,19.71435546875
5205657,21.6064453125
5205692,20.1416015625
5206492,25.5126953125
5245763,20.56884765625
5246027,20.69091796875
5246062,21.240234375
5246126,30.09033203125
5246181,20.32470703125
5246199,22.88818359375
5246229,25.146484375
5246249,28.13720703125
5246300,25.146484375
5246320,27.16064453125
5246342,19.59228515625
5246368,25.87890625
5246390,28.25927734375
5246500,20.01953125
5246556,19.71435546875
5246687,20.56884765625
5246725,22.216796875
5246814,21.1181640625
5246862,20.263671875
5246934,20.751953125
5246973,21.30126953125
5247030,22.15576171875
5247085,20.751953125
5247219,20.69091796875
5247252,20.56884765625
5247641,22.216796875
5247710,19.59228515625
5247975,20.99609375
5286031,20.56884765625
5286377,21.484375
5286615,26.91650390625
5286658,24.10888671875
5286681,22.88818359375
5286714,26.55029296875
5286826,26.7333984375
5286843,19.53125
5286902,27.64892578125
5286922,20.20263671875
5286959,25.32958984375
5286984,29.35791015625
5287002,29.47998046875
5287043,24.23095703125
5287106,20.69091796875
5287138,20.08056640625
5287449,20.6298828125
5287491,20.1416015625
5288010,19.59228515625
5288613,21.54541015625
5324927,22.64404296875
5325526,20.6298828125
5325585,21.3623046875
5325687,21.240234375
5325730,24.35302734375
5325775,24.10888671875
5325802,19.71435546875
5325828,20.81298828125
5325875,19.83642578125
5325891,21.17919921875
5325939,24.96337890625
5326005,20.32470703125
5326064,23.3154296875
5326093,19.59228515625
5326165,22.4609375
5326194,19.775390625
5326302,23.13232421875
5326366,20.263671875
5326511,20.08056640625
5326635,20.32470703125
5326936,22.03369140625
5327216,21.1181640625
5327459,26.85546875
5327486,22.27783203125
5327685,20.1416015625
5367658,22.5830078125
5367973,20.44677734375
5368010,20.08056640625
5368438,19.47021484375
5368548,19.47021484375
5368561,19.8974609375
5368642,24.2919921875
5368692,20.751953125
5368727,22.3388671875
5368760,21.78955078125
5368798,22.88818359375
5368818,22.0947265625
5368829,21.1181640625
5368840,27.2216796875
5368880,25.390625
5368896,21.240234375
5368968,20.20263671875
5369022,20.20263671875
5369101,30.21240234375
5369122,24.2919921875
5369188,21.8505859375
5369333,19.4091796875
5369530,21.17919921875
5369814,19.4091796875
5369951,21.6064453125
5370026,20.3857421875
5370287,19.53125
5370441,21.17919921875
5370809,23.5595703125
5409201,21.05712890625
5409288,24.0478515625
5409459,20.69091796875
5409486,21.97265625
5409530,31.79931640625
5409566,34.72900390625
5409595,35.7666015625
5409620,20.751953125
5409648,19.4091796875
5409667,20.81298828125
5409684,24.90234375
5409710,23.3154296875
5409723,24.169921875
5409760,22.705078125
5409794,25.7568359375
5409830,20.751953125
5409868,21.3623046875
5409922,24.71923828125
5409960,20.01953125
5410504,19.95849609375
5410899,25.87890625
5411372,23.3154296875
5411754,21.1181640625
5412243,20.20263671875
5412285,19.775390625
5459870,21.1181640625
5459900,20.81298828125
5460099,22.27783203125
5460285,26.3671875
5460334,19.47021484375
5460360,20.5078125
5460390,22.705078125
5460422,20.08056640625
5460439,21.05712890625
5460458,23.13232421875
5460490,19.53125
5460528,23.92578125
5460547,22.705078125
5460582,28.86962890625
5460645,21.6064453125
5460850,21.17919921875
5460939,20.08056640625
5460976,20.3857421875
5461162,20.32470703125
5461360,20.20263671875
5461489,24.84130859375
5461772,20.8740234375
5462084,21.91162109375
5463071,21.240234375
5471316,20.08056640625
5502318,22.52197265625
5502762,20.32470703125
5502932,19.83642578125
5503085,20.08056640625
5503172,19.95849609375
5503356,22.0947265625
5503436,25.32958984375
5503459,21.17919921875
5503587,23.98681640625
5503678,22.4609375
5503752,22.5830078125
5503787,21.6064453125
5503811,24.59716796875
5503867,19.47021484375
5503906,23.62060546875
5503938,22.0947265625
5503957,21.17919921875
5503992,20.99609375
5504106,21.8505859375
5504120,20.93505859375
5504157,22.27783203125
5504238,20.69091796875
5504273,19.4091796875
5504347,23.62060546875
5504624,20.20263671875
5505325,23.3154296875
5505443,20.20263671875
5505540,21.30126953125
5505587,22.03369140625
5516575,19.59228515625
5541222,20.751953125
5541521,23.01025390625
5541578,19.6533203125
5541729,20.8740234375
5541868,23.01025390625
5541995,24.84130859375
5542073,27.89306640625
5542126,23.92578125
5542154,21.42333984375
5542208,19.4091796875
5542226,19.47021484375
5542242,29.72412109375
5542264,23.62060546875
5542281,27.16064453125
5542332,21.6064453125
5542356,24.658203125
5542442,27.83203125
5542490,20.751953125
5542562,19.47021484375
5542597,19.4091796875
5542935,22.15576171875
5543229,21.30126953125
5543326,22.4609375
5543365,22.0947265625
5543377,20.32470703125
5543800,20.81298828125
5544258,25.57373046875
5544414,19.95849609375
5544441,24.90234375
5581341,21.91162109375
5581605,21.1181640625
5581736,21.17919921875
5581791,19.47021484375
5581870,21.8505859375
5581892,19.53125
5581904,24.35302734375
5581973,31.25
5581984,19.95849609375
5582016,21.728515625
5582036,20.69091796875
5582060,21.6064453125
5582074,27.16064453125
5582184,19.4091796875
5582197,20.263671875
5582258,22.3388671875
5582297,21.728515625
5582397,20.3857421875
5582527,19.53125
5582618,21.240234375
5582746,23.25439453125
5583179,29.78515625
5583226,20.20263671875
5583272,20.69091796875
5583469,27.34375
5583506,20.20263671875
5584116,21.17919921875
5625443,19.47021484375
5625714,19.59228515625
5625739,22.705078125
5625873,20.01953125
5625921,27.77099609375
5625940,20.69091796875
5625970,19.71435546875
5626008,22.88818359375
5626064,21.240234375
5626087,19.775390625
5626140,22.3388671875
5626172,21.3623046875
5626228,20.44677734375
5626261,20.20263671875
5626284,20.1416015625
5626374,28.25927734375
5626588,19.95849609375
5626621,19.83642578125
5626668,22.94921875
5627105,19.71435546875
5627379,22.216796875
5627407,25.81787109375
5627652,22.5830078125
5628066,20.5078125
5628774,21.17919921875
5628966,21.6064453125
5629198,19.47021484375
5660753,20.6298828125
5661249,22.0947265625
5661586,21.3623046875
5661713,24.71923828125
5661861,24.23095703125
5662029,21.17919921875
5662114,22.64404296875
5662235,22.94921875
5662312,21.42333984375
5662437,20.08056640625
5662881,20.93505859375
5663195,19.83642578125
5695535,21.30126953125
5695637,20.6298828125
5695791,23.01025390625
5695825,19.95849609375
5695844,24.2919921875
5695892,20.81298828125
5695970,19.6533203125
5695996,27.587890625
5696053,19.47021484375
5696078,20.751953125
5696101,24.10888671875
5696116,25.69580078125
5696144,20.263671875
5696165,21.54541015625
5696234,22.52197265625
5696263,24.169921875
5696291,22.3388671875
5696327,19.83642578125
5696343,21.78955078125
5696572,19.47021484375
5696684,21.6064453125
5696694,20.69091796875
5696742,19.59228515625
5696853,20.44677734375
5697064,19.71435546875
5697481,20.81298828125
5698164,20.20263671875
5698557,21.78955078125
5698689,20.8740234375
5698753,19.775390625
5698910,23.5595703125
5699823,21.78955078125
5699883,19.71435546875
5700152,19.775390625
5716380,20.56884765625
5716470,19.6533203125
5756455,20.32470703125
5756647,21.05712890625
5756702,27.099609375
5756842,23.8037109375
5756872,27.2216796875
5756901,28.076171875
5756924,19.53125
5756995,20.3857421875
5757050,21.30126953125
5757083,23.98681640625
5757101,20.32470703125
5757137,26.18408203125
5757171,20.56884765625
5757212,24.10888671875
5757259,23.4375
5757442,20.3857421875
5757507,19.47021484375
5757519,20.5078125
5757586,23.681640625
5757640,19.47021484375
5757758,21.05712890625
5757790,20.32470703125
5757874,21.240234375
5758296,21.8505859375
5758504,19.8974609375
5758549,19.6533203125
5758752,21.17919921875
5759212,19.83642578125
5759257,20.99609375
5760050,19.775390625
5795900,21.54541015625
5796106,20.5078125
5796369,22.76611328125
5796907,21.54541015625
5797222,20.20263671875
5797237,22.39990234375
5797282,20.56884765625
5797298,19.53125
5797356,21.3623046875
5797387,21.05712890625
5797429,21.17919921875
5797453,19.6533203125
5797485,27.83203125
5797550,21.97265625
5797577,22.76611328125
5797692,22.15576171875
5797872,20.69091796875
5797986,21.42333984375
5798405,21.6064453125
5798614,22.52197265625
5798921,20.44677734375
5847789,20.8740234375
5848127,20.99609375
5848383,19.71435546875
5848520,26.4892578125
5848561,19.59228515625
5848679,19.6533203125
5848706,21.3623046875
5848742,21.17919921875
5848803,24.2919921875
5848880,21.66748046875
5848938,29.052734375
5848958,23.92578125
5848974,20.01953125
5849067,23.0712890625
5849115,20.3857421875
5849187,20.32470703125
5849260,20.32470703125
5849333,21.1181640625
5849652,20.01953125
5849694,23.37646484375
5849775,23.193359375
5850413,20.751953125
5851002,20.263671875
5851050,22.94921875
5851079,19.95849609375
5851162,21.54541015625
5900012,22.4609375
5900110,20.69091796875
5900340,19.83642578125
5900744,22.3388671875
5900807,24.5361328125
5900840,19.6533203125
5900919,20.93505859375
5900948,21.05712890625
5900994,19.83642578125
5901039,46.69189453125
5901059,19.83642578125
5901138,35.0341796875
5901162,31.8603515625
5901224,20.263671875
5901240,25.87890625
5901255,24.4140625
5901286,28.6865234375
5901309,20.751953125
5901411,21.30126953125
5901472,30.029296875
5901583,19.83642578125
5901612,19.47021484375
5901815,24.71923828125
5901841,20.99609375
5901874,20.08056640625
5901926,20.99609375
5902477,20.751953125
5903120,21.05712890625
5903840,23.0712890625
5916550,20.3857421875
5946193,21.6064453125
5946572,20.93505859375
5946589,21.1181640625
5946923,20.6298828125
5947012,21.30126953125
5947067,21.42333984375
5947097,20.263671875
5947162,19.53125
5947208,25.20751953125
5947236,20.6298828125
5947336,21.728515625
5947385,19.53125
5947418,26.0009765625
5947438,25.390625
5947465,30.3955078125
5947507,25.08544921875
5947529,19.53125
5947561,26.2451171875
5947593,23.8037109375
5947639,23.37646484375
5947674,20.1416015625
5947725,21.17919921875
5947783,19.53125
5947816,23.74267578125
5947927,20.56884765625
5947938,26.18408203125
5948335,21.54541015625
5948468,24.71923828125
5948598,19.8974609375
5948670,20.08056640625
5949143,23.49853515625
5950385,21.6064453125
5989592,20.3857421875
5998468,21.78955078125
5998768,22.4609375
5998797,20.56884765625
5998924,20.69091796875
5998945,23.4375
5998992,23.8037109375
5999026,19.6533203125
5999050,20.263671875
5999113,20.8740234375
5999140,23.5595703125
5999160,25.93994140625
5999183,19.71435546875
5999211,26.123046875
5999247,21.97265625
5999279,23.193359375
5999298,24.7802734375
5999317,25.08544921875
5999355,22.0947265625
5999459,26.18408203125
5999595,22.5830078125
5999616,19.775390625
5999649,21.728515625
5999692,23.0712890625
5999723,20.01953125
5999835,19.59228515625
5999981,20.1416015625
6000212,26.30615234375
6000555,24.47509765625
6001435,19.59228515625
6046052,21.17919921875
6046223,21.91162109375
6046314,19.71435546875
6046627,31.18896484375
6046830,26.42822265625
6046851,23.193359375
6046884,23.3154296875
6046929,23.01025390625
6046964,20.5078125
6047016,26.79443359375
6047053,23.49853515625
6047084,20.93505859375
6047114,25.7568359375
6047137,22.64404296875
6047162,27.7099609375
6047278,21.66748046875
6047306,25.7568359375
6047330,21.66748046875
6047376,22.5830078125
6047428,26.55029296875
6047498,26.7333984375
6047530,21.42333984375
6047693,21.42333984375
6047746,24.23095703125
6047989,19.8974609375
6048116,19.775390625
6048265,23.01025390625
6048457,20.5078125
6049990,20.08056640625
6062557,20.751953125
6081777,20.263671875
6108753,22.03369140625
6109121,21.66748046875
6109152,20.08056640625
6109271,21.78955078125
6109324,20.01953125
6109446,23.13232421875
6109483,20.01953125
6109515,27.89306640625
6109557,23.25439453125
6109611,23.49853515625
6109624,21.484375
6109656,20.5078125
6109714,20.5078125
6109748,20.5078125
6109784,24.7802734375
6109815,21.728515625
6109897,19.775390625
6109956,20.5078125
6109998,20.8740234375
6110051,19.775390625
6110163,22.76611328125
6110245,20.20263671875
6110458,20.69091796875
6110475,20.20263671875
6110587,23.92578125
6110653,20.751953125
6110756,20.6298828125
6110978,20.32470703125
6111250,20.5078125
6112252,25.32958984375
6112285,27.89306640625
6112671,25.0244140625
6124387,19.6533203125
6159086,20.56884765625
6159714,27.2216796875
6159882,21.8505859375
6160251,20.3857421875
6160541,20.263671875
6160559,21.8505859375
6160589,22.39990234375
6160654,20.20263671875
6160700,23.25439453125
6160712,23.86474609375
6160742,22.27783203125
6160804,25.81787109375
6160864,27.4658203125
6160917,19.53125
6160940,22.27783203125
6160953,21.6064453125
6160989,20.5078125
6161033,19.47021484375
6161132,25.5126953125
6161384,21.17919921875
6161753,19.8974609375
6161913,24.35302734375
6161953,20.93505859375
6162138,20.08056640625
6162274,19.71435546875
6162446,24.10888671875
6211502,20.93505859375
6211744,19.47021484375
6211864,26.42822265625
6211916,21.42333984375
6212178,23.98681640625
6212231,25.0244140625
6212245,24.84130859375
6212259,22.94921875
6212288,20.81298828125
6212322,34.48486328125
6212336,19.53125
6212466,24.169921875
6212653,20.751953125
6212682,19.71435546875
6212702,21.91162109375
6212737,23.01025390625
6213247,22.0947265625
6214003,19.59228515625
6214089,21.728515625
6214449,20.3857421875
6214632,19.71435546875
6214742,20.69091796875
6215073,19.47021484375
6246030,20.3857421875
6246692,25.20751953125
6246767,22.705078125
6246801,26.18408203125
6246885,19.775390625
6246909,20.5078125
6246982,26.91650390625
6247038,22.52197265625
6247050,24.23095703125
6247085,20.56884765625
6247130,22.39990234375
6247189,24.10888671875
6247331,21.3623046875
6247382,21.484375
6247418,22.27783203125
6247490,20.3857421875
6247515,22.76611328125
6247629,23.74267578125
6248057,20.6298828125
6248413,23.01025390625
6248686,21.17919921875
6248816,22.0947265625
6248867,20.263671875
6248899,19.4091796875
6283647,22.15576171875
6283853,19.53125
6284097,20.5078125
6284313,20.08056640625
6284447,20.93505859375
6284475,23.49853515625
6284528,20.6298828125
6284545,21.17919921875
6284560,20.44677734375
6284590,19.775390625
6284634,20.81298828125
6284687,21.3623046875
6284722,20.56884765625
6284752,23.4375
6284820,21.8505859375
6284842,19.95849609375
6284929,21.240234375
6284961,20.751953125
6284984,19.83642578125
6285010,20.56884765625
6285028,20.1416015625
6285381,21.8505859375
6285688,19.53125
6285972,20.5078125
6286201,19.4091796875
6286325,26.4892578125
6286559,20.01953125
6325038,22.88818359375
6325475,21.54541015625
6325639,23.01025390625
6325725,22.64404296875
6325838,20.93505859375
6325848,22.39990234375
6325914,24.96337890625
6325953,21.66748046875
6325981,26.30615234375
6326006,21.8505859375
6326035,21.54541015625
6326075,22.0947265625
6326085,30.029296875
6326180,20.8740234375
6326299,25.2685546875
6326463,22.03369140625
6326479,20.1416015625
6326735,19.8974609375
6327044,20.69091796875
6327064,19.83642578125
6327276,19.71435546875
6371188,19.53125
6371564,19.4091796875
6371629,20.44677734375
6371685,19.59228515625
6371710,21.66748046875
6371734,20.263671875
6371794,19.83642578125
6371811,29.4189453125
6371837,33.0810546875
6371877,35.58349609375
6371907,20.81298828125
6371931,25.7568359375
6371969,24.23095703125
6372066,19.53125
6372105,21.66748046875
6372232,24.90234375
6372249,19.47021484375
6372367,20.93505859375
6372509,21.91162109375
6372550,21.240234375
6372674,22.64404296875
6373000,19.47021484375
6373103,23.0712890625
6373511,19.71435546875
6402137,20.751953125
6411763,19.775390625
6411999,23.92578125
6412058,24.169921875
6412175,19.775390625
6412202,26.3671875
6412253,20.263671875
6412331,19.775390625
6412470,24.10888671875
6412493,22.39990234375
6412507,19.6533203125
6412517,31.67724609375
6412568,22.0947265625
6412597,27.64892578125
6412625,20.56884765625
6412639,22.4609375
6412683,20.93505859375
6412709,22.52197265625
6412754,21.66748046875
6412776,19.83642578125
6413083,19.4091796875
6413387,20.01953125
6413683,19.59228515625
6414373,20.93505859375
6414450,23.8037109375
6446628,21.42333984375
6446691,21.240234375
6446811,20.263671875
6446822,19.4091796875
6446848,23.4375
6446880,22.88818359375
6446915,19.59228515625
6446949,22.4609375
6447043,22.03369140625
6447057,23.92578125
6447090,33.63037109375
6447116,21.3623046875
6447183,27.03857421875
6447216,29.47998046875
6447326,20.8740234375
6447410,21.8505859375
6447458,21.91162109375
6447469,28.076171875
6447951,19.8974609375
6448161,22.03369140625
6448277,20.93505859375
6448464,21.240234375
6449004,25.0244140625
6485757,25.87890625
6486290,19.59228515625
6486507,21.240234375
6486588,28.9306640625
6486644,20.32470703125
6486668,21.728515625
6486701,21.05712890625
6486751,21.1181640625
6486782,28.86962890625
6486805,23.49853515625
6486832,26.0009765625
6486848,20.99609375
6486886,19.8974609375
6486911,26.2451171875
6486938,26.06201171875
6486970,19.53125
6487043,23.4375
6487099,23.86474609375
6487151,23.0712890625
6487194,28.13720703125
6487544,20.3857421875
6487654,20.69091796875
6488141,23.86474609375
6488199,21.54541015625
6489664,21.728515625
6508305,20.3857421875
6511501,21.05712890625
6537146,22.0947265625
6537227,20.3857421875
6537289,20.6298828125
6537353,19.95849609375
6537458,21.8505859375
6537479,23.74267578125
6537508,26.3671875
6537526,20.3857421875
6537555,23.37646484375
6537590,33.63037109375
6537613,21.78955078125
6537626,22.8271484375
6537665,30.8837890625
6537679,21.3623046875
6537704,20.32470703125
6537757,20.56884765625
6537827,21.484375
6537868,20.751953125
6537914,20.08056640625
6538489,25.87890625
6539003,19.6533203125
6539019,20.44677734375
6539989,19.95849609375
6540039,23.13232421875
6540119,20.08056640625
6560500,19.6533203125
6578737,19.47021484375
6578852,21.97265625
6578897,19.95849609375
6579236,21.30126953125
6579454,29.78515625
6579477,20.5078125
6579563,22.216796875
6579614,20.32470703125
6579668,21.42333984375
6579697,25.390625
6579800,23.4375
6579940,24.0478515625
6580128,23.0712890625
6580145,21.42333984375
6580282,22.15576171875
6580412,23.92578125
6580737,24.90234375
6580833,21.6064453125
6581142,21.05712890625
6581329,19.6533203125
6617303,24.2919921875
6617454,21.1181640625
6617789,21.78955078125
6617811,20.6298828125
6617881,20.08056640625
6617895,22.39990234375
6617980,20.01953125
6618066,19.59228515625
6618100,24.7802734375
6618111,25.87890625
6618121,25.08544921875
6618169,29.84619140625
6618194,26.85546875
6618250,22.94921875
6618265,25.2685546875
6618357,20.93505859375
6618484,23.4375
6618677,19.83642578125
6618821,22.76611328125
6619405,26.55029296875
6619526,20.32470703125
6619741,20.20263671875
6620214,19.4091796875
6655580,21.54541015625
6655635,31.1279296875
6655751,19.71435546875
6655798,20.5078125
6655814,20.3857421875
6655836,19.53125
6655990,22.64404296875
6656022,32.40966796875
6656081,21.484375
6656140,22.94921875
6656213,22.76611328125
6656241,23.3154296875
6656388,20.1416015625
6656421,21.05712890625
6656447,29.72412109375
6656532,20.6298828125
6656883,28.1982421875
6656918,23.86474609375
6657258,26.18408203125
6657351,20.01953125
6657970,20.32470703125
6658128,20.20263671875
6658371,22.52197265625
6700396,19.59228515625
6700754,19.83642578125
6701036,19.59228515625
6701308,21.97265625
6701342,19.53125
6701367,20.5078125
6701418,21.17919921875
6701555,19.8974609375
6701574,24.96337890625
6701605,19.6533203125
6701691,20.56884765625
6701723,25.146484375
6701785,19.6533203125
6701832,26.06201171875
6701900,22.0947265625
6701964,20.32470703125
6702056,25.390625
6702090,19.71435546875
6702257,22.64404296875
6702307,21.17919921875
6702366,19.95849609375
6703139,20.01953125
6704078,24.47509765625
6704430,20.3857421875
6716815,19.53125
6737517,20.08056640625
6737841,21.8505859375
6738543,27.099609375
6738626,19.53125
6738935,21.30126953125
6738963,20.263671875
6738982,19.59228515625
6739017,20.751953125
6739058,19.59228515625
6739090,26.06201171875
6739142,20.93505859375
6739171,26.0009765625
6739221,20.08056640625
6739279,23.25439453125
6739315,28.80859375
6739352,29.6630859375
6739493,19.6533203125
6739586,19.775390625
6740558,20.81298828125
6740807,19.4091796875
6741062,21.91162109375
6741276,22.5830078125
6778674,20.32470703125
6778764,24.0478515625
6778803,20.01953125
6778882,24.5361328125
6778898,22.705078125
6778929,22.8271484375
6778956,23.62060546875
6779010,24.23095703125
6779049,24.5361328125
6779176,19.4091796875
6779194,19.95849609375
6779280,22.64404296875
6779366,21.91162109375
6779607,20.56884765625
6779730,20.08056640625
6779976,19.83642578125
6780007,23.37646484375
6780328,19.59228515625
6780401,25.634765625
6780860,21.91162109375
6781385,28.9306640625
6781512,21.484375
6803877,20.99609375
6836085,20.32470703125
6836387,24.10888671875
6836499,20.32470703125
6836631,21.91162109375
6836720,21.78955078125
6836891,22.76611328125
6836906,36.376953125
6836973,20.56884765625
6837010,21.484375
6837050,20.6298828125
6837081,31.73828125
6837099,20.6298828125
6837127,26.85546875
6837143,20.99609375
6837191,19.59228515625
6837214,20.20263671875
6837264,20.81298828125
6837352,21.05712890625
6837394,21.17919921875
6837464,20.1416015625
6837550,19.6533203125
6837603,23.8037109375
6837703,19.83642578125
6837759,22.5830078125
6838409,20.93505859375
6839249,22.4609375
6839855,20.44677734375
6839971,20.01953125
6840761,20.01953125
6883588,20.81298828125
6883949,24.5361328125
6884413,21.78955078125
6884946,20.08056640625
6885096,23.5595703125
6885121,19.47021484375
6885178,20.1416015625
6885200,19.47021484375
6885256,21.97265625
6885274,22.03369140625
6885313,23.8037109375
6885344,24.7802734375
6885369,24.35302734375
6885379,24.5361328125
6885432,24.658203125
6885521,23.0712890625
6885554,22.4609375
6885579,20.263671875
6885631,25.634765625
6885756,21.66748046875
6885807,20.5078125
6885823,24.90234375
6885999,19.775390625
6886057,20.44677734375
6886366,19.775390625
6886923,20.751953125
6906392,20.6298828125
6938010,19.95849609375
6938489,23.4375
6938526,26.7333984375
6938552,19.95849609375
6938570,19.53125
6938618,25.81787109375
6938631,23.86474609375
6938705,24.4140625
6938717,31.06689453125
6938737,22.3388671875
6938756,31.92138671875
6938799,27.52685546875
6938809,30.517578125
6938884,24.47509765625
6938901,19.83642578125
6938934,26.30615234375
6938998,21.30126953125
6939149,19.6533203125
6939203,20.6298828125
6939375,20.6298828125
6939556,21.97265625
6939641,21.6064453125
6939977,21.8505859375
6940578,22.52197265625
6940678,23.37646484375
6943208,23.3154296875
6970326,21.240234375
7006647,21.66748046875
7006978,19.8974609375
7007141,20.263671875
7007204,27.83203125
7007331,23.0712890625
7007370,21.42333984375
7007504,28.25927734375
7007521,22.216796875
7007531,21.1181640625
7007555,24.90234375
7007623,21.17919921875
7007641,23.25439453125
7007666,27.16064453125
7007687,21.66748046875
7007798,19.6533203125
7007835,20.263671875
7007873,19.6533203125
7008045,20.6298828125
7008110,24.658203125
7008143,25.20751953125
7008686,23.49853515625
7008764,21.6064453125
7008907,20.3857421875
7010072,21.05712890625
7010313,21.91162109375
7010538,20.01953125
7057426,19.83642578125
7057605,19.59228515625
7057711,20.6298828125
7057726,19.775390625
7057801,28.01513671875
7057827,19.6533203125
7057847,29.72412109375
7057933,22.88818359375
7057959,20.32470703125
7057994,26.06201171875
7058116,23.8037109375
7058170,20.263671875
7058203,22.27783203125
7058246,19.71435546875
7058310,20.3857421875
7058948,21.05712890625
7059544,19.95849609375
7060098,20.263671875
7060296,20.6298828125
7105524,20.32470703125
7105730,20.263671875
7105853,19.4091796875
7105901,23.681640625
7106171,22.39990234375
7106184,22.88818359375
7106326,19.53125
7106391,25.0244140625
7106435,19.4091796875
7106522,29.9072265625
7106631,38.39111328125
7106693,22.5830078125
7106769,23.01025390625
7106791,22.8271484375
7106812,23.681640625
7106897,23.3154296875
7106971,20.1416015625
7107297,21.54541015625
7107566,20.32470703125
7108272,20.99609375
7108409,19.6533203125
7121875,19.53125
7151216,20.93505859375
7151384,22.52197265625
7151649,24.2919921875
7151709,21.30126953125
7151791,25.7568359375
7151814,21.97265625
7151871,24.35302734375
7151899,19.4091796875
7151921,21.484375
7151955,30.82275390625
7151975,25.146484375
7152029,20.08056640625
7152066,35.21728515625
7152099,19.6533203125
7152122,21.1181640625
7152167,26.123046875
7152265,22.216796875
7152318,25.81787109375
7152463,21.05712890625
7152504,20.263671875
7152563,23.92578125
7152751,23.25439453125
7153457,20.20263671875
7153519,20.44677734375
7153925,20.1416015625
7166314,20.32470703125
7191854,24.0478515625
7192140,20.3857421875
7192288,21.91162109375
7192322,32.5927734375
7192449,23.25439453125
7192473,29.11376953125
7192491,23.681640625
7192520,21.30126953125
7192537,22.88818359375
7192570,25.08544921875
7192609,22.94921875
7192651,21.3623046875
7192784,22.8271484375
7192845,21.30126953125
7192899,20.32470703125
7192964,22.76611328125
7193007,20.81298828125
7193084,21.66748046875
7193820,20.263671875
7194145,23.8037109375
7194495,21.728515625
7194903,24.169921875
7212945,20.56884765625
7238541,21.484375
7238952,20.32470703125
7239068,19.53125
7239088,23.4375
7239110,22.94921875
7239192,19.59228515625
7239215,22.4609375
7239225,24.0478515625
7239258,21.30126953125
7239307,27.52685546875
7239336,22.5830078125
7239389,23.25439453125
7239437,22.0947265625
7239448,19.47021484375
7239518,19.83642578125
7239801,19.4091796875
7240258,21.6064453125
7240408,25.93994140625
7240921,20.08056640625
7241043,20.1416015625
7241133,23.01025390625
7281608,19.53125
7281916,22.216796875
7282285,21.97265625
7282467,22.39990234375
7282511,23.49853515625
7282543,19.53125
7282567,23.193359375
7282602,20.6298828125
7282633,24.658203125
7282654,26.123046875
7282733,20.263671875
7282755,21.17919921875
7282805,22.76611328125
7282825,28.38134765625
7282894,19.71435546875
7282913,26.123046875
7282939,27.89306640625
7282956,22.5830078125
7282994,19.6533203125
7283101,23.49853515625
7283199,21.42333984375
7283958,21.6064453125
7284148,24.0478515625
7284552,20.5078125
7284584,21.3623046875
7284696,19.59228515625
7284762,20.69091796875
7284777,24.0478515625
7285007,20.20263671875
7285174,20.01953125
7285218,19.6533203125
7328649,21.78955078125
7328685,20.263671875
7328866,21.484375
7328942,19.59228515625
7329045,22.76611328125
7329067,19.83642578125
7329182,19.59228515625
7329221,24.90234375
7329339,19.59228515625
7329380,21.8505859375
7329448,22.64404296875
7329480,20.263671875
7329491,27.89306640625
7329524,29.052734375
7329555,23.74267578125
7329618,20.263671875
7329656,23.25439453125
7329724,21.8505859375
7329893,20.20263671875
7330230,30.76171875
7330334,23.193359375
7331283,21.3623046875
7331416,24.169921875
7331911,22.4609375
7333039,20.1416015625
7378950,22.27783203125
7379005,21.240234375
7379121,19.6533203125
7379176,22.03369140625
7379251,20.44677734375
7379278,21.54541015625
7379296,20.5078125
7379310,26.0009765625
7379343,24.84130859375
7379353,33.3251953125
7379402,25.20751953125
7379432,20.20263671875
7379485,19.6533203125
7379507,22.15576171875
7379540,31.92138671875
7379566,21.97265625
7379585,22.4609375
7379632,30.82275390625
7379703,24.10888671875
7379890,21.484375
7379924,20.81298828125
7379940,22.8271484375
7380047,22.3388671875
7380152,20.3857421875
7380280,21.54541015625
7381048,20.751953125
7381237,21.1181640625
7381399,21.78955078125
7382142,19.53125
7402984,19.53125
7425897,20.93505859375
7425955,25.390625
7426127,20.8740234375
7426259,24.7802734375
7426281,22.216796875
7426311,20.751953125
7426348,22.216796875
7426372,23.62060546875
7426425,27.89306640625
7426445,23.74267578125
7426480,20.44677734375
7426515,19.8974609375
7426554,22.88818359375
7426564,23.0712890625
7426605,22.3388671875
7426631,32.89794921875
7426645,24.47509765625
7426679,19.4091796875
7426697,28.3203125
7426726,21.1181640625
7426831,21.97265625
7426856,22.0947265625
7427154,22.27783203125
7427192,22.3388671875
7427676,19.4091796875
7427808,21.66748046875
7428200,19.6533203125
7428311,20.20263671875
7428630,19.8974609375
7428660,21.3623046875
7428970,23.01025390625
7470434,20.3857421875
7470589,20.1416015625
7470750,19.775390625
7471055,22.4609375
7471199,20.08056640625
7471253,19.53125
7471296,26.9775390625
7471326,28.13720703125
7471465,20.69091796875
7471501,26.7333984375
7471527,30.21240234375
7471593,35.0341796875
7471732,24.0478515625
7471760,20.8740234375
7472147,23.98681640625
7472164,21.240234375
7472557,19.95849609375
7472614,19.71435546875
7473482,22.15576171875
7516629,19.53125
7517184,23.4375
7517209,24.23095703125
7517348,20.263671875
7517411,24.2919921875
7517485,20.263671875
7517519,27.2216796875
7517543,24.7802734375
7517592,25.32958984375
7517603,26.30615234375
7517697,22.76611328125
7517762,21.484375
7518180,26.06201171875
7518504,21.05712890625
7519259,19.4091796875
7519329,19.47021484375
7519499,19.71435546875
7519608,20.08056640625
7520540,19.47021484375
7556220,19.53125
7567193,21.8505859375
7567320,21.728515625
7567540,21.6064453125
7567600,22.15576171875
7567720,28.13720703125
7567753,21.728515625
7567781,22.03369140625
7567809,34.36279296875
7567826,22.27783203125
7567904,21.484375
7567923,23.37646484375
7567949,21.1181640625
7567992,24.59716796875
7568027,20.93505859375
7568138,23.681640625
7568198,19.71435546875
7568289,22.27783203125
7568416,22.216796875
7568796,19.71435546875
7569529,24.2919921875
7570307,22.94921875
7611106,20.93505859375
7617024,19.775390625
7617337,22.88818359375
7617607,22.39990234375
7617631,21.3623046875
7617736,20.5078125
7617774,28.50341796875
7617832,22.52197265625
7617858,20.751953125
7617879,19.4091796875
7617908,24.4140625
7617964,32.65380859375
7617994,26.4892578125
7618090,20.6298828125
7618143,21.728515625
7618247,20.8740234375
7618431,20.99609375
7618497,19.8974609375
7618512,19.53125
7618605,19.47021484375
7618957,24.23095703125
7619286,20.20263671875
7619626,20.93505859375
7619666,19.6533203125
7619985,21.484375
7633111,24.10888671875
7658593,20.01953125
7659059,25.146484375
7659135,19.4091796875
7659165,23.62060546875
7659220,21.91162109375
7659236,20.81298828125
7659258,19.71435546875
7659287,29.4189453125
7659303,28.1982421875
7659327,20.263671875
7659346,21.6064453125
7659357,22.3388671875
7659399,20.32470703125
7659423,20.20263671875
7659624,20.20263671875
7659702,20.44677734375
7659761,20.3857421875
7659794,22.39990234375
7659899,22.39990234375
7660331,19.6533203125
7660950,21.17919921875
7661000,20.6298828125
7661170,20.3857421875
7662012,19.47021484375
7662173,20.01953125
7662210,19.4091796875
7684118,28.74755859375
7709057,19.95849609375
7709494,22.76611328125
7709761,21.66748046875
7709774,21.484375
7709864,19.83642578125
7709912,20.263671875
7709986,23.13232421875
7709998,19.83642578125
7710032,30.1513671875
7710098,21.3623046875
7710175,20.08056640625
7710199,26.06201171875
7710229,20.263671875
7710250,20.751953125
7710286,23.0712890625
7710305,25.5126953125
7710321,22.27783203125
7710358,19.4091796875
7710380,23.13232421875
7710500,24.59716796875
7710534,20.8740234375
7710559,20.263671875
7710699,23.4375
7710862,19.8974609375
7710956,19.83642578125
7711194,23.25439453125
7711463,19.59228515625
7711598,19.71435546875
7711958,20.6298828125
7712279,28.50341796875
7713157,22.216796875
7750594,20.6298828125
7768705,19.83642578125
7769012,21.240234375
7769269,22.4609375
7769402,26.611328125
7769426,24.71923828125
7769502,24.35302734375
7769517,23.86474609375
7769573,23.01025390625
7769593,25.634765625
7769625,27.4658203125
7769664,24.35302734375
7769730,20.93505859375
7769823,20.5078125
7770270,21.30126953125
7770690,21.97265625
7770796,20.56884765625
7771635,19.95849609375
7771832,19.47021484375
7772418,19.83642578125
7787507,21.728515625
