7799001,0
10409,34.24072265625
10425,27.52685546875
10468,37.41455078125
10482,47.91259765625
10507,30.1513671875
10538,29.78515625
10721,32.3486328125
10847,29.78515625
11149,28.3203125
11713,38.26904296875
12515,35.94970703125
62621,41.3818359375
62703,27.40478515625
62826,27.2216796875
62837,41.748046875
62864,35.5224609375
62879,37.7197265625
62933,28.50341796875
63390,32.77587890625
63495,29.23583984375
63509,30.76171875
63680,29.96826171875
63694,27.34375
64254,42.8466796875
64977,40.22216796875
65042,27.83203125
318290,30.45654296875
318412,28.9306640625
318489,31.79931640625
318575,27.7099609375
318606,33.63037109375
318649,29.35791015625
318663,52.734375
318694,31.79931640625
318722,27.2216796875
318782,31.494140625
318842,31.92138671875
318881,26.85546875
318891,28.62548828125
318938,49.74365234375
318951,36.68212890625
318961,31.43310546875
318990,44.00634765625
319004,46.7529296875
319033,56.884765625
319045,37.29248046875
319068,36.07177734375
319080,49.6826171875
319095,34.1796875
319116,26.67236328125
319161,27.9541015625
319256,26.91650390625
319409,29.11376953125
341131,26.79443359375
351459,26.9775390625
382557,29.541015625
382687,30.09033203125
382722,30.94482421875
382756,52.42919921875
382795,62.8662109375
382806,38.02490234375
382828,67.44384765625
382843,34.48486328125
382861,45.166015625
382884,57.12890625
382905,44.73876953125
382916,29.96826171875
382930,35.5224609375
382962,52.55126953125
382976,35.15625
383014,28.74755859375
383039,34.72900390625
383087,30.57861328125
383154,31.67724609375
383170,32.5927734375
400508,29.1748046875
400758,35.82763671875
400788,41.259765625
400813,36.80419921875
400838,26.91650390625
400861,41.68701171875
400880,29.60205078125
400891,38.75732421875
400929,50.78125
400966,33.0810546875
400991,38.4521484375
401004,36.865234375
401048,35.2783203125
401072,27.28271484375
401097,26.9775390625
401140,29.541015625
401162,28.01513671875
401206,38.330078125
401307,29.35791015625
401318,37.109375
401360,31.55517578125
401424,30.94482421875
401470,34.0576171875
401482,42.96875
401522,30.09033203125
401543,28.13720703125
401558,36.80419921875
401590,31.31103515625
401602,38.02490234375
401632,41.07666015625
401652,34.36279296875
401672,32.2265625
401693,28.564453125
401798,31.43310546875
401808,27.2216796875
401836,30.1513671875
401917,30.6396484375
435255,30.09033203125
435300,40.8935546875
435310,60.791015625
435337,34.48486328125
435372,32.958984375
435390,48.4619140625
435418,38.63525390625
435428,56.7626953125
435438,42.05322265625
435455,48.2177734375
435465,38.02490234375
435488,37.9638671875
435507,61.46240234375
435531,28.86962890625
435548,40.4052734375
435589,26.67236328125
435607,29.052734375
435641,28.50341796875
435716,30.2734375
435790,28.38134765625
435857,28.80859375
438236,32.1044921875
438249,28.3203125
438935,28.6865234375
439000,28.25927734375
456954,33.50830078125
456994,51.20849609375
457022,28.1982421875
457053,32.470703125
457077,41.3818359375
457115,41.50390625
457131,31.3720703125
457158,53.466796875
457183,57.55615234375
457195,38.51318359375
457220,40.771484375
457246,40.283203125
457266,41.3818359375
457283,27.77099609375
457321,33.38623046875
457340,40.58837890625
457362,31.005859375
457424,28.4423828125
457443,29.11376953125
457614,26.85546875
457807,26.85546875
458060,27.40478515625
460622,26.85546875
460650,29.052734375
461214,36.07177734375
461496,36.62109375
461511,27.40478515625
461805,43.39599609375
462277,31.494140625
469056,29.1748046875
469072,41.015625
469095,35.33935546875
469107,54.13818359375
469140,48.095703125
469161,56.21337890625
469193,32.53173828125
469212,41.80908203125
469242,41.9921875
469257,34.66796875
469271,31.55517578125
469333,30.3955078125
469348,29.6630859375
469361,32.470703125
469378,33.0810546875
469403,34.3017578125
469428,31.6162109375
469472,28.86962890625
469512,34.5458984375
469541,33.75244140625
469595,28.13720703125
469633,26.67236328125
469677,26.85546875
473353,35.0341796875
474203,31.79931640625
474338,28.01513671875
474359,27.7099609375
474554,30.1513671875
474677,28.076171875
474790,29.78515625
474823,32.2265625
474898,28.25927734375
474941,28.50341796875
474955,35.94970703125
474989,30.3955078125
475002,31.31103515625
475038,41.32080078125
475065,33.447265625
475079,48.52294921875
475102,47.607421875
475119,36.62109375
475136,32.1044921875
475154,28.13720703125
475168,40.52734375
475183,35.5224609375
475201,28.62548828125
475211,34.912109375
475228,30.57861328125
475241,33.447265625
475260,28.9306640625
475280,30.1513671875
475316,38.39111328125
475328,35.82763671875
475494,35.21728515625
475587,27.9541015625
475664,29.96826171875
483782,31.31103515625
483854,28.86962890625
483868,27.099609375
483892,47.54638671875
483927,29.4189453125
483955,26.79443359375
483988,39.55078125
484022,32.89794921875
484043,32.77587890625
484053,27.16064453125
484077,31.005859375
484095,31.67724609375
484131,32.40966796875
484161,53.64990234375
484179,28.9306640625
484190,51.8798828125
484213,32.958984375
484226,41.80908203125
484251,37.7197265625
484262,45.166015625
484307,28.4423828125
484321,29.78515625
484337,28.01513671875
484372,32.5927734375
484414,34.5458984375
484501,30.82275390625
484544,30.6396484375
489524,28.01513671875
489884,30.21240234375
490108,34.423828125
490197,29.11376953125
490221,32.16552734375
490395,27.28271484375
490471,29.72412109375
490483,29.541015625
490519,40.95458984375
490566,30.45654296875
490586,40.4052734375
490608,68.9697265625
490620,61.46240234375
490635,48.27880859375
490673,44.921875
490688,29.9072265625
490703,31.55517578125
490725,26.7333984375
490750,26.67236328125
490769,42.724609375
490795,33.935546875
490824,29.60205078125
490836,30.517578125
490876,28.50341796875
490954,26.7333984375
490999,29.541015625
491066,27.64892578125
491219,29.47998046875
502462,26.85546875
502483,44.61669921875
502523,43.9453125
502548,41.9921875
502565,44.3115234375
502594,55.5419921875
502605,51.8798828125
502629,40.0390625
502639,57.0068359375
502671,42.54150390625
502689,35.888671875
502738,26.611328125
502771,29.78515625
502790,26.9775390625
502863,26.85546875
502983,36.43798828125
503032,27.7099609375
503075,27.34375
503477,30.09033203125
516455,41.259765625
516471,31.6162109375
516492,33.26416015625
516507,33.69140625
516555,37.41455078125
516565,62.92724609375
516580,48.64501953125
516615,52.24609375
516628,30.3955078125
516642,28.38134765625
516673,39.85595703125
516695,39.24560546875
516719,28.38134765625
516736,29.6630859375
516763,30.3955078125
516814,28.86962890625
516853,33.02001953125
516882,28.25927734375
516953,31.25
517021,28.13720703125
517063,27.099609375
517177,27.587890625
517440,28.80859375
517620,27.40478515625
582933,27.64892578125
582946,29.84619140625
582966,44.3115234375
582978,68.42041015625
583002,42.724609375
583013,44.3115234375
583039,58.59375
583054,39.97802734375
583087,48.095703125
583112,44.98291015625
583129,44.86083984375
583161,64.0869140625
583184,31.18896484375
583212,27.89306640625
583235,29.84619140625
583293,29.1748046875
583324,28.4423828125
583356,26.67236328125
583623,27.7099609375
588597,27.40478515625
588932,28.1982421875
589770,27.9541015625
596783,37.7197265625
596826,29.6630859375
596880,27.16064453125
596910,28.99169921875
596938,47.7294921875
596971,38.6962890625
597008,40.83251953125
597038,37.78076171875
597048,32.2265625
597075,32.5927734375
597093,30.76171875
597120,34.97314453125
597141,48.4619140625
597156,53.28369140625
597178,34.11865234375
597204,37.90283203125
597227,31.06689453125
597263,31.18896484375
597280,35.15625
597401,27.7099609375
597461,29.96826171875
597534,28.25927734375
597571,27.34375
597669,27.587890625
597806,28.01513671875
673705,36.1328125
673717,29.4189453125
673762,35.2783203125
673772,36.07177734375
673813,26.91650390625
673830,37.29248046875
673864,45.59326171875
673899,36.9873046875
673925,49.25537109375
673944,32.77587890625
673957,39.73388671875
673970,33.50830078125
673983,28.74755859375
674005,29.96826171875
674040,32.16552734375
674053,36.9873046875
674090,26.79443359375
674100,34.0576171875
674130,28.1982421875
674158,29.35791015625
674168,40.34423828125
674199,36.1328125
674258,28.99169921875
674375,27.9541015625
678916,28.62548828125
731414,30.029296875
731424,33.203125
731463,42.96875
731479,33.3251953125
731498,42.96875
731530,34.85107421875
731550,38.02490234375
731569,39.85595703125
731597,29.6630859375
731616,42.1142578125
731632,30.1513671875
731658,37.2314453125
731669,37.65869140625
731696,57.4951171875
731707,28.076171875
731732,35.5224609375
731744,53.22265625
731765,61.82861328125
731794,27.099609375
731820,30.1513671875
731834,26.67236328125
731881,31.06689453125
732015,27.83203125
732100,28.25927734375
732133,28.38134765625
733564,26.91650390625
741536,45.10498046875
741587,41.32080078125
741682,32.53173828125
741693,28.3203125
741719,26.611328125
741758,30.6396484375
741792,29.47998046875
741818,34.7900390625
741848,38.330078125
741879,35.21728515625
741890,27.9541015625
741913,29.35791015625
741946,30.76171875
741968,31.55517578125
741994,48.828125
742026,50.4150390625
742058,37.7197265625
742096,36.68212890625
742113,33.0810546875
742153,34.1796875
742167,28.13720703125
742224,27.77099609375
742258,30.6396484375
742314,27.77099609375
742445,27.28271484375
852180,34.60693359375
852201,28.25927734375
852226,38.75732421875
852251,36.1328125
852276,34.3017578125
852294,27.40478515625
852338,29.6630859375
852462,27.9541015625
852479,36.376953125
852571,32.5927734375
852620,29.35791015625
852635,28.3203125
852843,29.96826171875
852855,26.7333984375
853036,28.13720703125
853072,27.099609375
853082,30.82275390625
853100,27.099609375
853130,35.15625
853170,30.029296875
853198,27.83203125
1132409,32.71484375
1132459,31.494140625
1132469,32.8369140625
1132510,39.12353515625
1132528,62.5
1132577,38.63525390625
1132781,28.4423828125
1133386,35.5224609375
1133438,34.5458984375
1133461,34.11865234375
1133483,50.537109375
1133506,49.9267578125
1133516,39.73388671875
1133540,33.935546875
1133580,59.08203125
1133594,27.587890625
1133626,50.35400390625
1133640,26.9775390625
1133669,51.08642578125
1133720,30.33447265625
1133759,30.09033203125
1133794,30.21240234375
1133871,27.40478515625
1156738,27.28271484375
1318632,31.92138671875
1318690,29.6630859375
1318710,28.3203125
1318766,28.74755859375
1318792,47.2412109375
1318808,58.59375
1318821,34.48486328125
1318842,44.0673828125
1318854,52.8564453125
1318871,74.8291015625
1318904,44.0673828125
1318914,42.05322265625
1318931,53.1005859375
1318953,45.5322265625
1318970,50.59814453125
1318985,33.5693359375
1318995,32.77587890625
1319023,29.6630859375
1319082,27.16064453125
1319144,38.818359375
1319223,35.82763671875
1319341,29.23583984375
1319696,26.9775390625
1520693,26.85546875
1520735,39.0625
1520755,27.7099609375
1520774,30.21240234375
1520793,50.4150390625
1520819,52.18505859375
1520829,31.3720703125
1520868,26.9775390625
1520943,42.1142578125
1520955,29.47998046875
1520980,34.48486328125
1521006,46.0205078125
1521040,74.15771484375
1521050,33.5693359375
1521062,26.79443359375
1521072,34.11865234375
1521099,42.6025390625
1521116,43.9453125
1521146,29.9072265625
1521175,42.66357421875
1521188,26.79443359375
1521216,31.43310546875
1521250,27.7099609375
1521274,30.57861328125
1521303,34.3017578125
1521332,28.62548828125
1521363,28.1982421875
1535532,27.28271484375
1535707,27.89306640625
1535726,53.955078125
1535750,27.28271484375
1535766,36.865234375
1535776,50.29296875
1535825,33.99658203125
1535836,36.31591796875
1535853,41.015625
1535867,50.96435546875
1535883,29.541015625
1535920,40.71044921875
1535930,32.1044921875
1535957,26.9775390625
1535972,49.8046875
1535996,28.62548828125
1536024,32.53173828125
1536040,34.60693359375
1536054,36.7431640625
1536071,32.65380859375
1536094,52.67333984375
1536118,30.3955078125
1536140,64.51416015625
1536151,46.38671875
1536164,29.72412109375
1536184,27.89306640625
1536198,31.982421875
1536233,29.84619140625
1536255,33.02001953125
1536271,52.001953125
1536299,31.92138671875
1536367,32.3486328125
1536395,30.70068359375
1536429,30.517578125
1536499,30.57861328125
1536541,28.38134765625
1536809,28.9306640625
1536955,28.1982421875
1551308,30.517578125
1551332,33.69140625
1551356,29.296875
1551380,27.77099609375
1551411,37.17041015625
1551436,40.71044921875
1551454,51.6357421875
1551484,46.2646484375
1551495,43.3349609375
1551516,44.49462890625
1551529,47.18017578125
1551539,38.57421875
1551560,30.45654296875
1551571,34.11865234375
1551610,43.27392578125
1551641,35.46142578125
1551683,33.0810546875
1551700,29.35791015625
1551724,35.58349609375
1551752,36.92626953125
1551804,26.85546875
1551830,29.1748046875
1551898,33.3251953125
1551930,31.31103515625
1551960,27.2216796875
1551986,31.8603515625
1552121,42.41943359375
1552184,29.1748046875
1552285,29.6630859375
1552946,29.6630859375
1554812,27.28271484375
1554855,28.3203125
1555133,26.7333984375
1555182,28.564453125
1555724,36.80419921875
1556020,27.89306640625
1556287,27.34375
1556443,30.2734375
1556864,40.52734375
1557587,27.34375
1557639,27.83203125
1557861,27.34375
1557887,31.1279296875
1557962,26.85546875
1558114,27.16064453125
1558152,27.587890625
1558205,28.80859375
1558216,27.03857421875
1558240,26.79443359375
1558285,43.02978515625
1558306,28.86962890625
1558330,41.015625
1558346,37.9638671875
1558380,31.67724609375
1558396,35.15625
1558407,29.84619140625
1558433,30.82275390625
1558468,34.3017578125
1558492,26.91650390625
1558538,28.1982421875
1558561,41.50390625
1558591,29.23583984375
1558635,30.33447265625
1558679,29.84619140625
1558727,28.74755859375
1558769,29.72412109375
1558838,31.43310546875
1558882,28.74755859375
1566437,27.9541015625
1566462,28.80859375
1566482,30.3955078125
1566501,31.6162109375
1566531,32.2265625
1566543,36.4990234375
1566573,29.23583984375
1566622,32.5927734375
1566643,27.40478515625
1566664,32.77587890625
1566682,35.46142578125
1566696,30.33447265625
1566715,28.25927734375
1566752,34.97314453125
1566766,40.283203125
1566790,30.2734375
1566821,29.11376953125
1566839,27.16064453125
1566865,31.982421875
1566883,26.611328125
1566897,26.7333984375
1566914,37.353515625
1566943,38.63525390625
1567008,29.1748046875
1567020,30.09033203125
1567091,28.13720703125
1567118,29.60205078125
1567357,28.50341796875
1571534,26.67236328125
1571562,29.6630859375
1571590,30.70068359375
1571982,30.21240234375
1572103,33.3251953125
1572158,38.02490234375
1572361,38.02490234375
1572559,28.25927734375
1572829,34.48486328125
1572955,26.91650390625
1573020,28.38134765625
1573042,26.611328125
1573167,29.541015625
1573185,28.74755859375
1573204,29.9072265625
1573236,55.48095703125
1573259,37.109375
1573269,28.80859375
1573304,36.68212890625
1573319,28.1982421875
1573337,35.0341796875
1573358,31.005859375
1573398,29.9072265625
1573434,38.02490234375
1573464,27.4658203125
1573496,38.87939453125
1573539,33.5693359375
1573569,31.06689453125
1573591,26.611328125
1573669,29.23583984375
1573777,31.3720703125
1574134,27.89306640625
1583371,33.69140625
1583383,39.0625
1583409,35.0341796875
1583423,47.36328125
1583452,36.31591796875
1583485,40.34423828125
1583510,44.677734375
1583526,46.69189453125
1583541,48.2177734375
1583570,45.654296875
1583585,37.17041015625
1583609,45.654296875
1583623,48.64501953125
1583643,36.92626953125
1583658,35.33935546875
1583675,27.83203125
1583694,26.79443359375
1583713,26.85546875
1583731,30.21240234375
1583748,27.099609375
1583774,26.7333984375
1583789,26.91650390625
1583828,29.296875
1583843,28.25927734375
1583973,30.82275390625
1583989,28.50341796875
1584072,31.55517578125
1584138,29.96826171875
1584218,27.2216796875
1589795,32.53173828125
1589840,34.11865234375
1589859,28.4423828125
1589915,31.92138671875
1589942,35.33935546875
1590060,33.75244140625
1590081,35.58349609375
1590096,32.16552734375
1590143,39.24560546875
1590187,33.75244140625
1590199,42.8466796875
1590224,30.6396484375
1590249,26.79443359375
1590276,32.04345703125
1590298,35.400390625
1590317,30.33447265625
1590329,44.0673828125
1590357,29.4189453125
1590373,34.66796875
1590393,29.60205078125
1590409,40.83251953125
1590450,39.00146484375
1590529,31.1279296875
1590573,28.3203125
1590688,26.67236328125
1590734,28.80859375
1590795,27.77099609375
1598840,28.86962890625
1598867,34.11865234375
1598886,34.5458984375
1598933,38.4521484375
1598947,38.14697265625
1598978,39.00146484375
1598990,30.029296875
1599011,37.4755859375
1599023,54.38232421875
1599048,40.83251953125
1599062,39.97802734375
1599077,47.9736328125
1599094,26.7333984375
1599127,33.69140625
1599144,44.86083984375
1599169,29.96826171875
1599180,31.55517578125
1599211,33.14208984375
1599253,32.65380859375
1599298,33.0810546875
1599410,33.14208984375
1599455,32.28759765625
1607841,32.71484375
1607859,38.63525390625
1607878,37.841796875
1607914,32.3486328125
1607935,41.56494140625
1607957,43.76220703125
1607974,31.18896484375
1607999,46.142578125
1608028,41.015625
1608049,33.203125
1608090,32.89794921875
1608107,31.55517578125
1608131,40.58837890625
1608158,28.9306640625
1608175,35.58349609375
1608192,46.142578125
1608416,26.9775390625
1608460,28.80859375
1608511,27.40478515625
1616596,30.6396484375
1616625,44.43359375
1616638,27.89306640625
1616682,40.10009765625
1616706,26.79443359375
1616743,32.71484375
1616764,35.33935546875
1616788,56.82373046875
1616816,48.33984375
1616836,31.43310546875
1616861,36.56005859375
1616883,28.9306640625
1616914,29.052734375
1616924,34.5458984375
1616942,38.75732421875
1616972,27.587890625
1616984,27.34375
1617011,37.841796875
1617028,27.7099609375
1617046,28.50341796875
1617074,29.1748046875
1617143,28.38134765625
1617435,28.13720703125
1625583,32.04345703125
1625601,27.099609375
1625628,29.9072265625
1625658,36.4990234375
1625670,27.64892578125
1625725,34.912109375
1625737,33.5693359375
1625764,38.4521484375
1625786,38.14697265625
1625800,29.47998046875
1625835,59.38720703125
1625846,30.70068359375
1625865,30.45654296875
1625889,45.2880859375
1625905,29.296875
1625938,32.958984375
1625952,47.119140625
1625966,28.4423828125
1626026,27.77099609375
1626125,35.888671875
1626642,28.076171875
1635494,37.17041015625
1635509,28.50341796875
1635538,31.494140625
1635567,27.9541015625
1635578,28.25927734375
1635604,29.11376953125
1635659,27.40478515625
1635671,29.35791015625
1635694,29.60205078125
1635728,27.28271484375
1635749,34.912109375
1635760,40.10009765625
1635793,28.86962890625
1635805,34.912109375
1635829,44.189453125
1635839,30.21240234375
1635877,27.16064453125
1635906,43.88427734375
1635938,30.09033203125
1635964,36.62109375
1635988,26.9775390625
1636012,26.85546875
1636144,27.64892578125
1636181,26.79443359375
1636241,32.958984375
1636273,29.84619140625
1647378,26.85546875
1647424,28.99169921875
1647448,45.41015625
1647468,28.62548828125
1647574,26.7333984375
1647599,38.330078125
1647630,33.14208984375
1647644,26.7333984375
1647667,36.43798828125
1647699,33.26416015625
1647724,36.56005859375
1647741,39.85595703125
1647751,42.29736328125
1647780,33.75244140625
1647799,39.24560546875
1647814,40.34423828125
1647844,41.68701171875
1647889,37.7197265625
1647917,38.75732421875
1647957,29.72412109375
1647994,28.38134765625
1648032,26.85546875
1648103,27.83203125
1659336,31.8603515625
1659442,28.50341796875
1659461,33.203125
1659522,30.94482421875
1659558,44.73876953125
1659599,27.64892578125
1659610,32.77587890625
1659642,39.00146484375
1659668,27.40478515625
1659700,40.10009765625
1659728,35.94970703125
1659758,47.8515625
1659773,37.109375
1659802,29.35791015625
1659814,29.23583984375
1659828,34.48486328125
1659849,36.865234375
1659879,35.400390625
1659935,31.43310546875
1659951,28.38134765625
1659995,29.78515625
1660036,27.2216796875
1661254,26.85546875
1673929,29.1748046875
1673988,30.82275390625
1674017,33.3251953125
1674041,32.04345703125
1674095,32.16552734375
1674164,45.2880859375
1674191,31.06689453125
1674217,30.8837890625
1674241,29.60205078125
1674273,41.07666015625
1674307,37.59765625
1674329,45.0439453125
1674342,26.85546875
1674369,43.45703125
1674382,31.25
1674396,38.330078125
1674418,33.50830078125
1674439,30.82275390625
1674460,28.076171875
1674493,32.04345703125
1674680,27.28271484375
1674714,26.7333984375
1686221,30.21240234375
1686259,29.84619140625
1686304,28.1982421875
1686336,29.1748046875
1686356,30.2734375
1686383,30.1513671875
1686436,33.14208984375
1686460,40.34423828125
1686499,26.79443359375
1686541,27.03857421875
1686569,30.57861328125
1686583,33.5693359375
1686602,38.63525390625
1686623,27.4658203125
1686634,32.53173828125
1686652,29.052734375
1686667,31.25
1686691,27.099609375
1686736,37.78076171875
1686756,31.6162109375
1686769,38.14697265625
1686806,44.61669921875
1686820,30.21240234375
1686836,30.8837890625
1686856,27.4658203125
1686928,28.80859375
1701432,36.376953125
1701466,36.376953125
1701479,27.52685546875
1701511,37.4755859375
1701525,27.28271484375
1701540,30.94482421875
1701566,33.447265625
1701581,31.43310546875
1701621,31.79931640625
1701637,28.9306640625
1701670,31.31103515625
1701681,28.74755859375
1701720,40.58837890625
1701744,26.9775390625
1701754,33.14208984375
1701784,40.6494140625
1701798,44.49462890625
1701818,43.02978515625
1701840,48.095703125
1701851,54.26025390625
1701885,29.4189453125
1701914,34.85107421875
1701926,30.57861328125
1701959,32.53173828125
1701990,27.40478515625
1702039,28.86962890625
1702130,28.9306640625
1702196,27.64892578125
1713949,32.1044921875
1713988,27.587890625
1714002,28.564453125
1714036,35.2783203125
1714071,31.06689453125
1714116,33.38623046875
1714140,31.31103515625
1714155,45.5322265625
1714178,30.57861328125
1714217,31.25
1714236,28.3203125
1714267,35.2783203125
1714292,28.01513671875
1714307,28.25927734375
1714318,51.7578125
1714343,30.82275390625
1714364,26.79443359375
1714404,46.38671875
1714419,37.841796875
1714452,26.91650390625
1714470,34.66796875
1714501,41.32080078125
1714551,32.28759765625
1725436,36.4990234375
1725476,38.6962890625
1725494,35.15625
1725551,28.564453125
1725582,33.75244140625
1725602,27.34375
1725629,34.11865234375
1725644,28.564453125
1725666,29.47998046875
1725718,28.564453125
1725739,29.4189453125
1725764,33.447265625
1725790,34.60693359375
1725808,38.87939453125
1725853,29.60205078125
1725886,38.26904296875
1725898,30.3955078125
1725937,33.87451171875
1725953,29.052734375
1725973,30.1513671875
1725992,36.0107421875
1726025,31.3720703125
1726057,38.0859375
1726106,32.8369140625
1726133,28.3203125
1726306,33.63037109375
1766250,29.47998046875
1766291,48.52294921875
1766335,35.400390625
1766376,28.9306640625
1766395,26.9775390625
1766441,28.86962890625
1766452,31.25
1766489,38.87939453125
1766503,39.85595703125
1766530,39.4287109375
1766545,28.74755859375
1766564,28.62548828125
1766584,30.2734375
1766600,35.15625
1766633,29.23583984375
1766645,39.306640625
1766670,26.611328125
1766698,29.60205078125
1766715,44.12841796875
1766750,30.029296875
1766780,27.587890625
1766798,36.80419921875
1766818,30.57861328125
1766853,30.76171875
1766867,26.9775390625
1766900,31.55517578125
1767012,30.09033203125
1767055,28.01513671875
1769040,27.16064453125
1774553,27.9541015625
1774724,33.26416015625
1774758,27.83203125
1774797,44.5556640625
1774813,32.77587890625
1774861,34.912109375
1774925,29.96826171875
1774978,26.85546875
1774991,33.203125
1775039,27.77099609375
1775183,32.89794921875
1775212,28.13720703125
1775272,32.65380859375
1775285,26.7333984375
1775332,30.3955078125
1775441,35.58349609375
1775480,27.89306640625
1775494,27.9541015625
1775543,31.92138671875
1775653,27.9541015625
1890390,26.9775390625
1890673,33.203125
1890716,31.494140625
1891187,30.57861328125
1891423,28.3203125
1892266,30.8837890625
1892587,36.7431640625
2080244,30.45654296875
2080472,29.47998046875
2080805,31.494140625
2259713,30.76171875
2260065,28.01513671875
2260347,27.03857421875
2260463,38.0859375
2260672,27.89306640625
2356845,39.73388671875
2356867,31.18896484375
2356887,33.203125
2356923,28.564453125
2356951,33.8134765625
2357019,30.33447265625
2357116,29.052734375
2357150,32.28759765625
2357177,30.57861328125
2357204,38.4521484375
2357233,54.26025390625
2357259,69.39697265625
2357280,58.837890625
2357290,51.33056640625
2357316,51.025390625
2357332,39.73388671875
2357350,36.07177734375
2357362,38.51318359375
2357377,32.5927734375
2357387,34.24072265625
2357423,28.076171875
2357452,26.91650390625
2357476,30.33447265625
2357536,30.45654296875
2357561,32.1044921875
2357573,27.4658203125
2364857,32.470703125
2607899,32.71484375
2607938,34.36279296875
2607952,42.78564453125
2607970,39.0625
2608009,26.91650390625
2608127,27.7099609375
2608149,33.26416015625
2608167,41.80908203125
2608187,40.52734375
2608202,33.447265625
2608220,30.8837890625
2608252,58.16650390625
2608267,47.54638671875
2608288,28.38134765625
2608306,26.79443359375
2608324,51.1474609375
2608358,50.1708984375
2608384,31.494140625
2608395,29.296875
2608432,31.25
2608452,27.89306640625
2608517,28.01513671875
2628600,27.4658203125
2628902,37.17041015625
2628916,29.96826171875
2628928,65.3076171875
2628967,48.7060546875
2628985,29.296875
2629006,29.72412109375
2629025,40.58837890625
2629038,27.03857421875
2629060,35.94970703125
2629083,28.86962890625
2629103,42.90771484375
2629115,35.94970703125
2629142,30.6396484375
2629169,29.23583984375
2629183,30.8837890625
2629194,29.9072265625
2629231,49.98779296875
2629259,41.259765625
2629270,43.88427734375
2629280,35.09521484375
2629307,39.0625
2629323,33.447265625
2629359,40.58837890625
2629378,39.794921875
2629390,29.60205078125
2629420,29.11376953125
2629430,26.611328125
2629497,31.982421875
2629519,31.67724609375
2629611,27.16064453125
2630336,34.7900390625
2633306,28.62548828125
2677568,29.84619140625
2677597,31.31103515625
2677618,28.74755859375
2677648,41.07666015625
2677674,39.85595703125
2677705,27.83203125
2677734,38.02490234375
2677756,42.17529296875
2677781,33.99658203125
2677800,51.69677734375
2677814,36.68212890625
2677835,42.05322265625
2677847,53.64990234375
2677878,32.8369140625
2677900,28.80859375
2677913,27.64892578125
2677923,27.83203125
2677937,34.7900390625
2677952,27.64892578125
2677976,37.7197265625
2678000,35.94970703125
2678017,29.96826171875
2678069,30.6396484375
2678097,27.77099609375
2678137,37.841796875
2678168,31.43310546875
2678229,27.099609375
2678695,27.40478515625
2679011,27.34375
2679549,30.70068359375
2682107,27.9541015625
2682138,31.982421875
2682180,27.587890625
2682343,31.494140625
2683044,28.9306640625
2683063,27.9541015625
2683305,31.43310546875
2683319,31.18896484375
2683626,30.33447265625
2683636,27.4658203125
2684626,31.25
2684764,37.29248046875
2684977,33.5693359375
2685066,27.28271484375
2685362,39.24560546875
2685373,28.6865234375
2685618,32.1044921875
2685649,28.38134765625
2685771,31.06689453125
2685789,28.4423828125
2685805,32.71484375
2685828,37.59765625
2685845,43.76220703125
2685875,32.71484375
2685891,50.1708984375
2685918,43.02978515625
2685940,35.15625
2685950,26.79443359375
2685972,34.3017578125
2685999,30.57861328125
2686045,27.28271484375
2686092,32.3486328125
2686108,27.40478515625
2686192,30.6396484375
2686282,29.72412109375
2686687,28.38134765625
2756259,27.587890625
2756329,40.283203125
2756350,57.55615234375
2756363,45.59326171875
2756379,49.01123046875
2756399,55.35888671875
2756430,60.97412109375
2756449,52.06298828125
2756471,40.95458984375
2756496,42.66357421875
2756507,36.865234375
2756541,30.76171875
2756552,29.1748046875
2756585,29.96826171875
2756621,36.07177734375
2756653,29.9072265625
2756720,26.9775390625
2756748,27.7099609375
2757021,30.8837890625
2757063,26.79443359375
2757407,27.9541015625
2759915,28.13720703125
2760716,28.564453125
2761138,31.79931640625
2761161,29.96826171875
2761238,26.611328125
2761670,34.48486328125
2761791,28.01513671875
2761827,27.28271484375
2761842,28.38134765625
2762121,27.9541015625
2762365,27.7099609375
2762475,26.79443359375
2762554,26.7333984375
2762608,32.65380859375
2762663,29.9072265625
2762678,31.06689453125
2762723,28.076171875
2762788,29.72412109375
2762821,27.099609375
2762836,35.46142578125
2762881,27.89306640625
2762965,30.517578125
2762985,29.84619140625
2763013,31.982421875
2763034,27.52685546875
2763063,35.21728515625
2763083,38.14697265625
2763112,44.86083984375
2763154,28.3203125
2763183,33.8134765625
2763205,32.71484375
2763224,34.36279296875
2763259,28.076171875
2772371,32.8369140625
2772385,34.36279296875
2772409,26.611328125
2772420,38.2080078125
2772436,33.3251953125
2772459,26.9775390625
2772476,28.50341796875
2772506,33.447265625
2772564,31.67724609375
2772607,37.7197265625
2772640,40.95458984375
2772654,46.20361328125
2772681,41.50390625
2772708,31.8603515625
2772719,39.24560546875
2772742,37.04833984375
2772757,45.2880859375
2772777,49.49951171875
2772803,33.26416015625
2772827,42.8466796875
2772888,27.587890625
2772917,37.41455078125
2772932,29.11376953125
2772992,26.7333984375
2773087,33.8134765625
2773168,29.47998046875
2773190,27.2216796875
2773227,28.6865234375
2825225,30.1513671875
2825267,27.9541015625
2825299,36.62109375
2825314,41.8701171875
2825337,53.22265625
2825369,30.21240234375
2825380,48.33984375
2825407,30.57861328125
2825427,40.83251953125
2825443,29.96826171875
2825460,35.400390625
2825471,48.095703125
2825512,49.74365234375
2825532,50.59814453125
2825544,36.92626953125
2825578,42.236328125
2825600,35.7666015625
2825627,47.66845703125
2825669,31.8603515625
2825742,33.50830078125
2825754,34.5458984375
2825823,27.4658203125
2825859,27.099609375
2826016,27.099609375
2826178,28.38134765625
2830389,27.28271484375
2830546,28.4423828125
2831391,30.76171875
2831540,28.99169921875
2831612,30.33447265625
2831660,32.3486328125
2831673,34.97314453125
2831974,30.70068359375
2831987,29.96826171875
2832037,30.1513671875
2832096,27.34375
2832111,40.8935546875
2832157,31.67724609375
2832173,35.33935546875
2832192,30.2734375
2832217,51.3916015625
2832241,30.76171875
2832261,42.41943359375
2832277,32.04345703125
2832304,42.41943359375
2832330,40.0390625
2832354,32.77587890625
2832368,55.84716796875
2832404,29.84619140625
2832418,35.400390625
2832441,35.64453125
2832458,35.09521484375
2832470,29.6630859375
2832505,31.494140625
2832628,27.89306640625
2832692,29.78515625
2832784,29.72412109375
2840164,30.33447265625
2840209,39.00146484375
2840219,28.62548828125
2840270,29.23583984375
2840295,34.423828125
2840306,38.51318359375
2840334,32.04345703125
2840356,33.447265625
2840433,29.11376953125
2840462,57.06787109375
2840491,40.771484375
2840524,55.7861328125
2840537,53.52783203125
2840560,40.4052734375
2840583,35.15625
2840604,31.73828125
2840631,28.80859375
2840645,29.35791015625
2840679,37.17041015625
2840703,34.5458984375
2840774,28.9306640625
2840809,31.67724609375
2840873,27.4658203125
2841003,27.4658203125
2841013,31.92138671875
2848730,28.1982421875
2848813,31.06689453125
2848854,38.6962890625
2848905,35.21728515625
2849000,37.29248046875
2849015,28.6865234375
2849045,27.40478515625
2849062,28.9306640625
2849082,32.53173828125
2849108,37.53662109375
2849127,27.4658203125
2849154,38.57421875
2849177,45.0439453125
2849208,31.55517578125
2849243,38.02490234375
2849255,34.423828125
2849286,27.64892578125
2849326,35.70556640625
2849360,32.3486328125
2849384,33.63037109375
2849415,26.91650390625
2849473,29.296875
2849515,31.67724609375
2849642,33.203125
2850031,30.09033203125
2858557,28.62548828125
2858598,28.9306640625
2858619,29.296875
2858685,30.45654296875
2858710,33.02001953125
2858752,33.0810546875
2858779,28.9306640625
2858804,30.33447265625
2858830,27.099609375
2858861,37.41455078125
2858884,40.83251953125
2858899,28.99169921875
2858912,36.7431640625
2858922,56.15234375
2858945,41.56494140625
2858975,41.6259765625
2858994,41.3818359375
2859012,27.03857421875
2859034,29.1748046875
2859051,32.8369140625
2859078,34.97314453125
2859127,29.4189453125
2859206,30.57861328125
2859219,32.89794921875
2859306,28.13720703125
2859657,26.85546875
2869106,36.19384765625
2869132,44.49462890625
2869147,26.67236328125
2869173,33.3251953125
2869217,26.85546875
2869258,28.1982421875
2869281,33.75244140625
2869293,27.83203125
2869326,48.828125
2869352,28.99169921875
2869373,27.099609375
2869389,27.28271484375
2869401,42.29736328125
2869424,33.5693359375
2869455,40.8935546875
2869465,47.91259765625
2869489,51.45263671875
2869519,38.0859375
2869563,26.9775390625
2869584,45.166015625
2869666,26.9775390625
2869688,27.16064453125
2869729,27.52685546875
2869795,27.77099609375
2869825,36.376953125
2869913,26.79443359375
2870071,27.34375
2879768,32.04345703125
2879797,40.10009765625
2879815,40.71044921875
2879842,29.23583984375
2879871,34.36279296875
2879887,56.2744140625
2879897,40.1611328125
2879926,52.1240234375
2879958,35.46142578125
2879971,31.06689453125
2879983,35.2783203125
2880013,38.4521484375
2880037,26.67236328125
2880059,31.43310546875
2880080,28.25927734375
2880116,30.57861328125
2880149,39.9169921875
2880159,33.3251953125
2880216,27.4658203125
2880265,30.6396484375
2880322,26.79443359375
2890695,34.66796875
2890738,40.4052734375
2890789,30.09033203125
2890822,41.259765625
2890842,33.02001953125
2890865,32.65380859375
2890898,41.68701171875
2890926,38.63525390625
2890950,39.61181640625
2890968,39.61181640625
2890986,43.51806640625
2891018,32.5927734375
2891049,38.51318359375
2891083,35.09521484375
2891126,30.517578125
2891142,32.71484375
2891154,31.55517578125
2891168,37.78076171875
2891209,36.31591796875
2891249,27.587890625
2891349,28.50341796875
2891493,29.6630859375
2904140,30.09033203125
2904163,27.34375
2904177,29.9072265625
2904214,39.0625
2904230,31.18896484375
2904252,37.841796875
2904275,39.00146484375
2904304,40.283203125
2904337,28.9306640625
2904349,28.4423828125
2904376,31.43310546875
2904406,30.517578125
2904428,30.57861328125
2904442,43.212890625
2904475,33.203125
2904485,41.748046875
2904511,27.03857421875
2904537,28.86962890625
2904552,36.07177734375
2904579,41.80908203125
2904592,27.77099609375
2904618,32.04345703125
2904628,30.70068359375
2904672,29.23583984375
2904814,28.01513671875
2915324,28.50341796875
2915359,27.587890625
2915391,30.21240234375
2915427,29.052734375
2915454,31.005859375
2915500,28.01513671875
2915512,39.12353515625
2915569,31.494140625
2915597,43.8232421875
2915631,43.88427734375
2915645,40.8935546875
2915668,44.921875
2915679,36.62109375
2915697,39.85595703125
2915722,44.49462890625
2915745,42.29736328125
2915763,28.74755859375
2915782,40.1611328125
2915807,39.36767578125
2915837,37.7197265625
2915850,26.85546875
2915958,27.89306640625
2915979,34.72900390625
2916025,28.86962890625
2916260,28.80859375
2928510,38.63525390625
2928539,45.41015625
2928569,28.99169921875
2928610,27.89306640625
2928700,32.1044921875
2928718,27.52685546875
2928736,30.21240234375
2928772,33.38623046875
2928789,32.958984375
2928818,31.1279296875
2928839,28.62548828125
2928859,36.43798828125
2928882,45.654296875
2928911,35.64453125
2928974,36.4990234375
2929014,26.85546875
2929043,31.494140625
2929070,36.80419921875
2929083,29.47998046875
2929162,26.85546875
2929295,31.18896484375
2929363,27.2216796875
2940337,28.62548828125
2940383,35.46142578125
2940436,27.52685546875
2940478,36.4990234375
2940501,31.25
2940538,37.53662109375
2940618,28.564453125
2940650,28.80859375
2940674,40.34423828125
2940693,35.70556640625
2940707,30.94482421875
2940726,41.3818359375
2940752,46.56982421875
2940774,37.2314453125
2940786,36.19384765625
2940818,27.34375
2940830,29.47998046875
2940858,27.9541015625
2940903,30.029296875
2940946,30.1513671875
2941012,27.9541015625
2941047,29.4189453125
2941110,28.9306640625
2951057,31.005859375
2951135,36.865234375
2951192,34.66796875
2951226,27.2216796875
2951275,34.7900390625
2951322,35.64453125
2951334,43.9453125
2951344,28.076171875
2951367,46.38671875
2951410,35.888671875
2951425,34.0576171875
2951447,38.0859375
2951482,34.66796875
2951515,44.3115234375
2951545,45.8984375
2951568,43.701171875
2951583,30.33447265625
2951613,28.01513671875
2951705,33.935546875
2951764,26.79443359375
2951843,28.13720703125
2951860,28.3203125
2962827,27.77099609375
2962863,31.06689453125
2962879,26.91650390625
2962932,30.70068359375
2962962,27.34375
2962983,31.67724609375
2963001,28.50341796875
2963050,29.052734375
2963065,35.09521484375
2963090,35.46142578125
2963137,34.423828125
2963160,30.3955078125
2963183,33.99658203125
2963200,37.90283203125
2963224,27.83203125
2963244,29.23583984375
2963263,36.31591796875
2963284,28.1982421875
2963320,32.1044921875
2963334,29.47998046875
2963364,31.73828125
2963391,27.7099609375
2963450,32.2265625
2963469,28.564453125
2963527,29.11376953125
2976486,35.21728515625
2976512,34.85107421875
2976544,30.09033203125
2976555,27.83203125
2976585,30.1513671875
2976609,33.75244140625
2976652,27.7099609375
2976678,35.70556640625
2976717,26.9775390625
2976729,32.89794921875
2976753,30.57861328125
2976852,28.6865234375
2976883,45.95947265625
2976906,46.69189453125
2976931,44.37255859375
2976945,33.02001953125
2976985,27.2216796875
2977012,27.7099609375
2977058,37.7197265625
2977072,27.9541015625
3291309,28.50341796875
3291340,33.203125
3291386,28.6865234375
3291415,28.38134765625
3291425,38.9404296875
3291453,36.19384765625
3291641,30.76171875
3292128,29.11376953125
3292183,30.029296875
3292202,27.587890625
3292221,35.58349609375
3292261,34.5458984375
3292311,32.8369140625
3292326,35.09521484375
3292347,45.166015625
3292363,35.82763671875
3292386,27.83203125
3292419,37.04833984375
3292433,41.44287109375
3292450,36.0107421875
3292477,28.076171875
3292493,39.4287109375
3292510,32.2265625
3292523,40.22216796875
3292549,29.296875
3292566,27.64892578125
3292948,27.2216796875
3695279,39.36767578125
3695320,33.203125
3695350,85.8154296875
3695375,30.2734375
3695400,37.90283203125
3695426,37.841796875
3695456,46.875
3695484,62.92724609375
3695501,32.16552734375
3695524,43.51806640625
3695558,76.47705078125
3695578,32.8369140625
3695590,31.31103515625
3695610,27.89306640625
3695625,28.564453125
3695663,30.57861328125
3695699,28.3203125
3695722,26.611328125
3695895,31.494140625
3703171,27.34375
3758477,40.8935546875
3758514,43.8232421875
3758534,36.19384765625
3758568,48.2177734375
3758599,37.53662109375
3758619,35.400390625
3758641,34.60693359375
3758661,36.07177734375
3758680,48.64501953125
3758705,28.076171875
3758731,48.76708984375
3758761,49.37744140625
3758779,47.36328125
3758807,61.21826171875
3758825,45.166015625
3758845,45.654296875
3758867,58.9599609375
3758891,30.2734375
3758921,35.46142578125
3758942,28.564453125
3758968,27.03857421875
3758993,27.64892578125
3759068,30.1513671875
3759139,31.1279296875
3759339,27.64892578125
3759429,26.79443359375
3763106,28.38134765625
3763630,27.89306640625
3763854,26.79443359375
3763872,45.47119140625
3764030,26.85546875
3764063,39.6728515625
3764385,28.13720703125
3764483,30.94482421875
3764618,29.4189453125
3764643,36.31591796875
3764896,33.63037109375
3764920,39.97802734375
3764958,31.06689453125
3765044,29.35791015625
3765081,28.4423828125
3765312,35.7666015625
3765720,26.9775390625
3765825,26.91650390625
3766228,28.6865234375
3766665,33.63037109375
3766956,27.03857421875
3767074,26.67236328125
3783037,27.77099609375
3852273,62.3779296875
3852291,34.48486328125
3852330,31.73828125
3852352,36.4990234375
3852387,33.99658203125
3852410,31.1279296875
3852428,33.50830078125
3852445,57.92236328125
3852468,47.30224609375
3852482,29.296875
3852503,60.05859375
3852517,40.71044921875
3852529,46.2646484375
3852547,39.306640625
3852563,45.5322265625
3852590,27.52685546875
3852607,32.04345703125
3852633,33.8134765625
3852665,41.259765625
3852678,35.09521484375
3852692,29.1748046875
3852728,32.65380859375
3853006,30.57861328125
3854238,28.99169921875
3857702,27.03857421875
3857839,27.099609375
3857919,33.0810546875
3858001,28.62548828125
3858016,27.83203125
3858127,28.25927734375
3858268,33.14208984375
3858395,26.611328125
3858539,30.57861328125
3858657,36.62109375
3858831,26.67236328125
3858979,28.25927734375
3859706,28.1982421875
3982749,30.45654296875
3982874,33.8134765625
3982904,39.4287109375
3982934,30.517578125
3982949,27.34375
3982975,30.09033203125
3982996,36.31591796875
3983030,41.07666015625
3983062,30.45654296875
3983087,56.70166015625
3983131,38.4521484375
3983159,36.43798828125
3983171,49.49951171875
3983215,66.5283203125
3983241,47.2412109375
3983256,44.677734375
3983275,51.513671875
3983294,48.52294921875
3983327,45.34912109375
3983345,28.50341796875
3983553,27.03857421875
3996389,27.16064453125
3996409,31.92138671875
3996446,43.212890625
3996485,39.24560546875
3996501,32.1044921875
3996524,52.3681640625
3996540,45.95947265625
3996556,42.6025390625
3996579,58.349609375
3996609,40.4052734375
3996624,42.724609375
3996645,27.099609375
3996668,43.15185546875
3996690,28.74755859375
3996713,37.9638671875
3996727,29.296875
3996753,37.29248046875
3996766,32.53173828125
3996813,31.3720703125
3996872,33.75244140625
3996887,30.8837890625
3996946,26.91650390625
3996981,26.7333984375
3997135,27.9541015625
3997161,32.16552734375
3997581,27.03857421875
4001006,27.34375
4001024,26.79443359375
4001165,28.076171875
4001480,28.1982421875
4001636,30.57861328125
4001685,35.5224609375
4001722,28.25927734375
4001790,27.40478515625
4001828,27.099609375
4001847,34.0576171875
4002057,27.28271484375
4002070,38.39111328125
4002292,27.89306640625
4002502,28.076171875
4002532,28.50341796875
4002742,34.36279296875
4002762,36.4990234375
4003029,32.8369140625
4003249,29.4189453125
4003365,27.2216796875
4003417,33.203125
4003459,30.76171875
4003507,28.74755859375
4003532,27.16064453125
4003600,26.611328125
4003634,30.3955078125
4003672,29.96826171875
4003694,30.94482421875
4003705,31.92138671875
4003727,43.3349609375
4003742,28.74755859375
4003753,41.19873046875
4003788,33.447265625
4003807,32.40966796875
4003820,28.01513671875
4003830,37.53662109375
4003862,46.08154296875
4003886,45.22705078125
4003897,39.1845703125
4003915,27.83203125
4003959,34.1796875
4003974,33.8134765625
4004029,33.935546875
4004058,34.36279296875
4004303,27.4658203125
4040884,28.50341796875
4040937,34.5458984375
4040953,35.33935546875
4040968,59.99755859375
4040980,28.62548828125
4041009,55.419921875
4041023,62.1337890625
4041037,36.43798828125
4041077,40.52734375
4041089,43.3349609375
4041101,50.537109375
4041129,37.04833984375
4041144,30.8837890625
4041162,39.61181640625
4041198,29.6630859375
4041216,35.7666015625
4041284,35.58349609375
4041327,26.611328125
4041400,27.34375
4041440,31.67724609375
4041537,33.50830078125
4041570,29.47998046875
4041613,30.94482421875
4041900,28.9306640625
4045016,31.67724609375
4045475,33.26416015625
4045505,29.052734375
4045644,27.52685546875
4046376,28.25927734375
4046413,26.79443359375
4046494,27.40478515625
4046524,28.13720703125
4046587,28.62548828125
4046758,28.99169921875
4046768,31.43310546875
4047184,26.7333984375
4047254,30.76171875
4047282,35.82763671875
4047302,27.83203125
4047329,26.67236328125
4047348,32.65380859375
4047375,33.99658203125
4047406,34.72900390625
4047420,40.83251953125
4047447,36.0107421875
4047468,31.25
4047490,32.65380859375
4047500,41.32080078125
4047516,50.537109375
4047530,41.1376953125
4047558,30.3955078125
4047568,41.6259765625
4047582,30.8837890625
4047604,29.9072265625
4047643,27.7099609375
4047667,29.96826171875
4047701,36.43798828125
4047776,27.099609375
4047803,30.2734375
4047923,28.3203125
4048043,32.2265625
4103023,27.2216796875
4103062,35.09521484375
4103095,36.80419921875
4103122,64.02587890625
4103136,28.6865234375
4103148,30.82275390625
4103181,31.005859375
4103192,53.8330078125
4103214,38.4521484375
4103238,50.29296875
4103253,36.2548828125
4103267,43.3349609375
4103279,34.97314453125
4103309,42.8466796875
4103343,41.93115234375
4103359,36.80419921875
4103432,38.75732421875
4103446,32.470703125
4103560,30.57861328125
4103644,28.25927734375
4103712,26.611328125
4103871,28.01513671875
4108159,27.587890625
4108184,27.77099609375
4108244,37.9638671875
4109283,31.25
4109336,26.611328125
4109722,27.89306640625
4109940,27.34375
4109959,30.8837890625
4109980,29.96826171875
4110192,27.77099609375
4110232,31.1279296875
4110332,28.62548828125
4110419,32.16552734375
4110452,26.7333984375
4110462,29.35791015625
4110492,31.25
4110518,33.14208984375
4110544,26.85546875
4110565,35.15625
4110579,33.5693359375
4110589,28.74755859375
4110623,33.935546875
4110658,33.02001953125
4110680,33.38623046875
4110736,34.48486328125
4110758,27.16064453125
4110779,34.5458984375
4110832,29.60205078125
4110862,27.099609375
4110903,32.65380859375
4110919,26.79443359375
4111294,26.91650390625
4118797,29.296875
4118854,30.3955078125
4118877,30.70068359375
4118898,33.50830078125
4118936,29.84619140625
4118947,45.654296875
4118974,30.029296875
4118991,37.90283203125
4119026,31.18896484375
4119068,30.94482421875
4119079,31.3720703125
4119108,31.06689453125
4119120,28.80859375
4119142,37.841796875
4119156,33.3251953125
4119189,37.59765625
4119204,43.64013671875
4119221,36.80419921875
4119248,38.57421875
4119270,32.53173828125
4119304,27.34375
4119324,39.97802734375
4119344,33.99658203125
4119358,30.8837890625
4119378,32.28759765625
4119399,35.82763671875
4119446,28.076171875
4119480,30.8837890625
4119739,27.2216796875
4188970,40.71044921875
4189003,45.654296875
4189031,50.59814453125
4189041,37.29248046875
4189074,30.517578125
4189094,29.60205078125
4189108,37.841796875
4189122,28.86962890625
4189133,33.50830078125
4189159,41.32080078125
4189185,32.65380859375
4189206,34.24072265625
4189232,43.3349609375
4189253,26.7333984375
4189297,33.02001953125
4189314,41.19873046875
4189326,34.66796875
4189341,36.376953125
4189420,28.25927734375
4189448,28.13720703125
4189458,36.1328125
4189615,29.6630859375
4193352,27.28271484375
4195144,28.25927734375
4199721,28.1982421875
4199810,28.74755859375
4199850,33.02001953125
4199873,29.72412109375
4199911,36.31591796875
4199934,28.4423828125
4199947,31.8603515625
4199960,28.564453125
4199977,27.4658203125
4200023,28.076171875
4200079,39.73388671875
4200109,46.5087890625
4200119,39.6728515625
4200142,47.2412109375
4200159,44.0673828125
4200177,37.9638671875
4200193,29.6630859375
4200211,30.76171875
4200228,44.0673828125
4200264,34.48486328125
4200299,35.70556640625
4200329,40.10009765625
4200360,32.16552734375
4200378,27.2216796875
4200415,31.8603515625
4200446,28.99169921875
4200543,29.6630859375
4200583,27.89306640625
4200598,28.25927734375
4200628,27.28271484375
4200858,28.076171875
4243992,34.97314453125
4244020,35.15625
4244038,26.79443359375
4244066,59.63134765625
4244083,33.02001953125
4244101,29.6630859375
4244111,30.76171875
4244148,48.828125
4244168,37.17041015625
4244183,57.67822265625
4244198,41.80908203125
4244237,35.21728515625
4244257,44.5556640625
4244267,43.27392578125
4244281,27.89306640625
4244304,35.15625
4244326,27.9541015625
4244372,36.19384765625
4244391,31.31103515625
4244569,28.13720703125
4249000,29.052734375
4249396,27.34375
4249789,35.94970703125
4256413,29.47998046875
4256480,33.935546875
4256511,31.92138671875
4256530,28.50341796875
4256563,29.96826171875
4256587,44.0673828125
4256601,32.89794921875
4256627,29.84619140625
4256663,38.2080078125
4256686,27.03857421875
4256748,30.6396484375
4256763,58.837890625
4256791,32.53173828125
4256808,51.3916015625
4256839,48.15673828125
4256862,31.06689453125
4256882,28.6865234375
4256907,40.22216796875
4256927,34.7900390625
4256952,42.17529296875
4256963,30.8837890625
4257017,28.4423828125
4257054,39.73388671875
4257087,29.96826171875
4257233,27.28271484375
4257352,31.55517578125
4257390,30.82275390625
4282798,27.16064453125
4300907,30.2734375
4300917,30.8837890625
4300936,40.71044921875
4300958,33.38623046875
4300976,43.88427734375
4301005,40.52734375
4301019,56.7626953125
4301043,73.1201171875
4301062,37.353515625
4301078,54.19921875
4301093,28.3203125
4301104,35.94970703125
4301133,38.63525390625
4301147,29.60205078125
4301158,31.494140625
4301172,31.73828125
4301201,30.517578125
4301231,36.31591796875
4301258,43.64013671875
4301330,26.91650390625
4301426,28.1982421875
4305951,28.99169921875
4306881,31.25
4306918,29.052734375
4307092,27.099609375
4308346,27.64892578125
4308373,35.64453125
4308391,31.31103515625
4308412,26.7333984375
4308694,40.0390625
4308918,27.9541015625
4308959,29.052734375
4309031,29.96826171875
4309063,37.109375
4309115,28.38134765625
4309145,31.3720703125
4309257,27.16064453125
4309298,32.3486328125
4309325,45.83740234375
4309345,49.25537109375
4309383,33.69140625
4309410,29.052734375
4309442,30.2734375
4309462,29.47998046875
4309491,37.4755859375
4309568,30.94482421875
4345636,26.9775390625
4345667,36.80419921875
4345677,41.259765625
4345696,28.3203125
4345724,41.8701171875
4345745,52.79541015625
4345756,31.3720703125
4345805,38.63525390625
4345827,29.96826171875
4345841,52.18505859375
4345861,58.16650390625
4345886,52.24609375
4345904,47.36328125
4345924,43.9453125
4345940,31.18896484375
4345959,33.02001953125
4345975,27.2216796875
4345990,30.517578125
4346015,27.52685546875
4346047,29.11376953125
4346075,30.70068359375
4346133,32.28759765625
4346202,26.91650390625
4346230,26.67236328125
4346440,28.3203125
4396095,26.9775390625
4396123,27.7099609375
4396148,42.29736328125
4396159,39.48974609375
4396184,28.62548828125
4396196,43.9453125
4396231,40.58837890625
4396250,41.50390625
4396270,31.55517578125
4396281,35.5224609375
4396318,49.9267578125
4396354,44.921875
4396375,55.17578125
4396394,61.95068359375
4396413,32.77587890625
4396436,35.09521484375
4396457,30.70068359375
4396498,30.45654296875
4396536,43.51806640625
4396547,28.50341796875
4396561,34.60693359375
4396580,29.47998046875
4396618,31.92138671875
4396635,28.13720703125
4396694,30.57861328125
4397034,32.28759765625
4397089,30.57861328125
4443841,27.2216796875
4443908,33.0810546875
4443940,31.494140625
4443958,27.4658203125
4444001,34.66796875
4444012,27.2216796875
4444045,30.82275390625
4444077,27.587890625
4444092,27.77099609375
4444138,32.04345703125
4444198,26.9775390625
4444219,28.25927734375
4444282,27.64892578125
4444306,29.35791015625
4444321,34.72900390625
4444351,26.67236328125
4478454,27.89306640625
4478488,42.66357421875
4478514,32.53173828125
4478534,52.55126953125
4478564,27.64892578125
4478603,29.052734375
4478704,30.70068359375
4478764,34.423828125
4478781,27.34375
4479131,29.47998046875
4479156,28.50341796875
4479296,28.99169921875
4479421,27.77099609375
4479850,33.50830078125
4529474,27.89306640625
4529615,27.587890625
4529677,33.02001953125
4529695,27.7099609375
4529721,31.982421875
4529740,41.32080078125
4529784,31.494140625
4529853,28.1982421875
4529985,59.63134765625
4530082,26.7333984375
4530654,26.7333984375
4530795,26.91650390625
4531185,26.79443359375
4564134,27.34375
4564178,30.6396484375
4564200,27.77099609375
4564220,42.41943359375
4564245,31.92138671875
4564277,54.74853515625
4564296,29.78515625
4564456,30.57861328125
4564499,41.9921875
4564546,31.31103515625
4564598,28.1982421875
4564902,30.8837890625
4565782,28.4423828125
4591329,28.564453125
4591374,39.4287109375
4591413,55.0537109375
4591655,33.26416015625
4591684,28.80859375
4591720,30.82275390625
4591744,31.31103515625
4592111,30.1513671875
4592161,28.564453125
4592216,30.2734375
4592259,27.2216796875
4813209,30.6396484375
4813240,39.97802734375
4813265,27.28271484375
4813277,33.99658203125
4813315,32.16552734375
4813341,45.0439453125
4813351,30.1513671875
4813369,27.52685546875
4813466,32.77587890625
4813581,31.6162109375
4813612,34.5458984375
4813662,33.3251953125
4813678,48.76708984375
4813698,32.53173828125
4813709,37.841796875
4813728,36.80419921875
4813742,39.85595703125
4813767,49.560546875
4813802,37.841796875
4813816,30.3955078125
4813831,38.0859375
4813856,29.1748046875
4813882,34.3017578125
4813917,31.73828125
4813945,27.587890625
4813987,26.79443359375
4814094,27.9541015625
4814295,27.9541015625
4914404,28.4423828125
4914508,28.13720703125
4914554,41.50390625
4914571,40.83251953125
4914607,35.09521484375
4914646,26.7333984375
4914739,37.7197265625
4914765,32.3486328125
4914854,28.62548828125
4915043,28.9306640625
4915068,28.86962890625
4915113,26.9775390625
4915126,30.70068359375
4915172,39.85595703125
4915205,27.34375
4915228,26.91650390625
4915257,38.818359375
4915286,53.3447265625
4915303,52.79541015625
4915329,29.4189453125
4915355,43.51806640625
4915368,38.75732421875
4915382,36.62109375
4915412,37.9638671875
4915439,28.62548828125
4915461,32.470703125
4915478,27.2216796875
4915490,31.43310546875
4915526,26.67236328125
4915549,28.38134765625
5034346,28.9306640625
5034369,29.96826171875
5034410,39.1845703125
5034426,30.82275390625
5034462,34.48486328125
5034475,29.11376953125
5034507,29.541015625
5034567,28.86962890625
5034646,26.9775390625
5034766,41.93115234375
5034799,52.18505859375
5034849,59.6923828125
5034868,36.31591796875
5034883,27.4658203125
5034898,45.166015625
5034921,30.029296875
5034940,39.73388671875
5034969,38.6962890625
5034994,40.83251953125
5035018,26.91650390625
5035051,36.1328125
5035099,26.67236328125
5238284,29.1748046875
5238307,33.14208984375
5238329,38.39111328125
5238347,42.6025390625
5238383,49.01123046875
5238418,27.77099609375
5238532,30.517578125
5238572,27.2216796875
5238586,57.43408203125
5238613,32.89794921875
5238638,48.9501953125
5238655,41.93115234375
5238683,38.57421875
5238714,35.15625
5238742,43.76220703125
5238773,33.87451171875
5238789,30.70068359375
5238989,27.77099609375
5239074,32.16552734375
5257813,35.46142578125
5257827,28.13720703125
5257858,31.982421875
5257876,43.64013671875
5257898,35.0341796875
5257920,41.68701171875
5257956,27.83203125
5257983,27.4658203125
5258017,40.22216796875
5258029,35.400390625
5258041,28.74755859375
5258085,44.86083984375
5258104,31.92138671875
5258143,29.96826171875
5258178,35.58349609375
5258198,53.52783203125
5258226,39.0625
5258246,34.97314453125
5258267,51.3916015625
5258291,27.64892578125
5258305,37.90283203125
5258319,32.1044921875
5258334,30.1513671875
5258395,37.78076171875
5258407,27.2216796875
5258431,38.9404296875
5258469,32.16552734375
5258505,27.28271484375
5258542,27.89306640625
5258668,26.85546875
5258974,28.6865234375
5297545,33.02001953125
5297574,34.912109375
5297593,46.0205078125
5297624,41.93115234375
5297645,50.9033203125
5297658,49.01123046875
5297694,60.48583984375
5297716,52.8564453125
5297756,42.54150390625
5297793,37.65869140625
5297818,35.7666015625
5297832,36.0107421875
5297874,31.6162109375
5297904,31.3720703125
5297919,34.1796875
5297945,27.099609375
5298019,27.52685546875
5298049,28.1982421875
5298130,27.03857421875
5298171,29.23583984375
5298217,27.03857421875
5298262,28.38134765625
5298605,30.82275390625
5298934,29.1748046875
5301446,27.7099609375
5301466,27.89306640625
5301737,27.099609375
5301752,30.517578125
5301777,30.45654296875
5302000,28.9306640625
5302197,31.3720703125
5302253,31.005859375
5302479,39.61181640625
5302655,26.67236328125
5303003,31.73828125
5303524,26.91650390625
5303557,36.9873046875
5361069,36.43798828125
5361085,34.5458984375
5361105,41.748046875
5361133,33.935546875
5361147,41.8701171875
5361170,54.87060546875
5361180,49.49951171875
5361202,58.2275390625
5361214,45.5322265625
5361236,48.52294921875
5361249,39.1845703125
5361259,33.447265625
5361274,49.560546875
5361289,29.296875
5361307,42.05322265625
5361336,34.85107421875
5361368,27.34375
5361392,31.3720703125
5361436,33.26416015625
5361462,28.1982421875
5361499,31.43310546875
5361519,33.935546875
5361556,31.494140625
5361721,30.21240234375
5362820,26.9775390625
5365134,27.099609375
5365421,26.67236328125
5365669,30.029296875
5365895,36.19384765625
5365919,29.35791015625
5365952,36.4990234375
5366165,34.0576171875
5366320,28.01513671875
5366358,29.35791015625
5366638,34.60693359375
5366669,29.72412109375
5366701,27.7099609375
5377219,27.587890625
5377249,40.83251953125
5377261,34.85107421875
5377295,32.958984375
5377342,31.1279296875
5377376,35.15625
5377411,54.13818359375
5377421,38.02490234375
5377434,31.55517578125
5377444,27.89306640625
5377466,47.66845703125
5377480,29.9072265625
5377506,46.20361328125
5377526,31.6162109375
5377554,60.36376953125
5377575,38.9404296875
5377609,32.77587890625
5377701,30.2734375
5377726,30.76171875
5377776,28.50341796875
5377796,29.96826171875
5378082,27.03857421875
5380533,27.89306640625
5380560,31.25
5381732,35.5224609375
5381745,32.28759765625
5381851,29.1748046875
5382040,31.79931640625
5382057,35.09521484375
5382331,32.89794921875
5383058,27.28271484375
5383098,29.6630859375
5383132,37.841796875
5383391,37.90283203125
5383418,34.48486328125
5383537,28.564453125
5384162,29.84619140625
5384193,33.447265625
5384477,32.40966796875
5384513,28.01513671875
5384578,31.982421875
5384666,39.0625
5384689,34.97314453125
5384707,32.28759765625
5384729,38.9404296875
5384759,45.34912109375
5384769,44.189453125
5384804,27.34375
5384815,51.7578125
5384839,47.18017578125
5384869,43.15185546875
5384889,27.587890625
5384918,42.54150390625
5385018,33.99658203125
5385072,29.1748046875
5385103,28.01513671875
5385136,29.1748046875
5385219,26.79443359375
5385299,26.611328125
5429035,31.6162109375
5429047,46.7529296875
5429076,34.912109375
5429086,43.45703125
5429162,36.62109375
5429177,42.78564453125
5429198,36.31591796875
5429222,38.57421875
5429244,46.69189453125
5429255,66.58935546875
5429283,30.2734375
5429303,40.83251953125
5429321,42.29736328125
5429375,31.005859375
5429387,36.19384765625
5429404,26.85546875
5429415,39.1845703125
5429429,32.28759765625
5429459,29.35791015625
5429497,33.02001953125
5429513,30.70068359375
5429564,27.4658203125
5429611,29.1748046875
5429642,28.38134765625
5429690,35.09521484375
5429755,27.64892578125
5429787,26.9775390625
5432615,26.79443359375
5433396,27.099609375
5433758,29.1748046875
5433803,31.6162109375
5433860,28.25927734375
5434165,29.60205078125
5434382,28.01513671875
5434569,27.2216796875
5434613,36.7431640625
5434925,37.78076171875
5435162,34.24072265625
5435300,30.2734375
5435380,32.40966796875
5435642,27.16064453125
5499980,38.0859375
5500013,31.79931640625
5500026,34.36279296875
5500065,27.28271484375
5500094,36.92626953125
5500111,65.97900390625
5500142,45.59326171875
5500154,43.0908203125
5500185,43.88427734375
5500196,50.35400390625
5500228,29.72412109375
5500257,41.19873046875
5500278,27.099609375
5500291,27.7099609375
5500318,35.400390625
5500329,31.79931640625
5500352,35.33935546875
5500362,41.1376953125
5500379,28.74755859375
5500413,33.50830078125
5500460,30.2734375
5500479,35.09521484375
5500504,31.25
5500535,32.40966796875
5500570,40.4052734375
5500630,32.28759765625
5500695,30.517578125
5505576,35.7666015625
5505592,27.7099609375
5505621,35.58349609375
5505883,27.03857421875
5505994,28.86962890625
5506045,27.64892578125
5506203,31.8603515625
5506224,27.34375
5506573,30.94482421875
5506631,27.9541015625
5506744,30.8837890625
5506797,27.40478515625
5506837,28.564453125
5507083,28.13720703125
5507749,35.70556640625
5509616,26.7333984375
5509672,29.541015625
5510335,28.38134765625
5566150,38.0859375
5566178,31.31103515625
5566202,32.1044921875
5566212,37.4755859375
5566255,40.71044921875
5566284,32.1044921875
5566306,39.1845703125
5566328,30.517578125
5566343,46.7529296875
5566367,29.052734375
5566395,39.85595703125
5566419,50.29296875
5566437,39.306640625
5566450,28.86962890625
5566472,32.89794921875
5566489,39.306640625
5566506,29.9072265625
5566536,36.9873046875
5566558,31.67724609375
5566585,30.1513671875
5566610,28.01513671875
5566624,28.80859375
5566661,38.57421875
5566692,27.2216796875
5566856,28.62548828125
5570688,28.6865234375
5571011,32.2265625
5571202,27.34375
5571486,26.9775390625
5571773,30.517578125
5571831,27.40478515625
5572004,27.77099609375
5572433,29.6630859375
5572975,26.9775390625
5573027,33.26416015625
5573461,27.099609375
5573794,27.52685546875
5573899,28.564453125
5574230,26.85546875
5574250,29.72412109375
5574842,27.77099609375
5574884,26.85546875
5615489,47.8515625
5615526,35.33935546875
5615552,30.6396484375
5615582,30.2734375
5615599,31.982421875
5615617,46.08154296875
5615643,28.9306640625
5615668,51.513671875
5615678,27.9541015625
5615702,29.541015625
5615732,30.3955078125
5615748,32.89794921875
5615771,38.0859375
5615798,29.296875
5615835,29.052734375
5615871,28.86962890625
5615891,39.12353515625
5615916,30.8837890625
5615950,41.259765625
5615998,33.69140625
5616022,32.04345703125
5617542,29.1748046875
5656030,39.306640625
5656046,42.66357421875
5656077,60.546875
5656105,40.1611328125
5656128,34.1796875
5656157,29.47998046875
5656202,31.494140625
5656226,27.34375
5656236,40.1611328125
5656250,27.83203125
5656311,32.40966796875
5656344,27.4658203125
5656409,36.07177734375
5656422,33.935546875
5656479,36.2548828125
5656489,29.1748046875
5656580,30.3955078125
5656714,29.96826171875
5656736,29.72412109375
5656778,33.5693359375
5656937,28.3203125
5657103,29.052734375
5658330,33.26416015625
5707226,33.02001953125
5707249,47.79052734375
5707282,26.79443359375
5707308,29.72412109375
5707354,29.1748046875
5707395,42.724609375
5707434,29.72412109375
5707505,39.24560546875
5707559,27.34375
5707636,26.7333984375
5707780,29.84619140625
5707796,31.43310546875
5707890,27.099609375
5708082,31.3720703125
5708868,27.52685546875
6240115,45.22705078125
6240156,37.65869140625
6240170,30.6396484375
6240209,34.97314453125
6240259,26.9775390625
6240325,28.99169921875
6240343,40.58837890625
6240363,39.55078125
6240389,42.05322265625
6240400,33.203125
6240424,42.1142578125
6240438,47.05810546875
6240475,44.73876953125
6240489,48.7060546875
6240522,52.001953125
6240535,37.7197265625
6240566,27.83203125
6240586,29.1748046875
6240616,42.236328125
6240642,31.005859375
6240987,30.3955078125
6253648,29.4189453125
6253684,29.78515625
6253707,27.16064453125
6253731,50.9033203125
6253762,32.71484375
6253784,36.19384765625
6253811,48.76708984375
6253830,40.52734375
6253853,51.94091796875
6253864,42.17529296875
6253876,28.1982421875
6253899,54.26025390625
6253911,32.470703125
6253930,43.9453125
6253949,26.85546875
6253966,31.8603515625
6253992,34.60693359375
6254009,26.79443359375
6254052,28.99169921875
6254101,30.029296875
6254163,40.4052734375
6254238,28.01513671875
6254272,27.77099609375
6254308,28.6865234375
6254463,26.91650390625
6254519,26.611328125
6275415,29.47998046875
6293057,31.55517578125
6293078,41.19873046875
6293095,53.22265625
6293112,29.6630859375
6293136,41.6259765625
6293152,35.64453125
6293165,40.6494140625
6293176,44.86083984375
6293200,48.64501953125
6293213,36.31591796875
6293237,31.31103515625
6293261,63.53759765625
6293276,34.11865234375
6293302,51.33056640625
6293324,33.87451171875
6293358,27.52685546875
6293382,29.60205078125
6293429,30.09033203125
6293462,30.029296875
6293618,27.099609375
6293772,37.65869140625
6293820,26.91650390625
6297218,28.99169921875
6297479,26.67236328125
6297497,29.47998046875
6297727,34.0576171875
6297748,31.43310546875
6298161,27.16064453125
6298185,33.69140625
6298211,26.79443359375
6298439,29.84619140625
6298651,32.470703125
6298665,35.400390625
6299135,38.4521484375
6299165,30.3955078125
6299226,27.40478515625
6359870,27.16064453125
6359901,39.9169921875
6359916,29.35791015625
6359952,32.1044921875
6359973,42.54150390625
6359995,39.00146484375
6360024,55.35888671875
6360052,38.51318359375
6360065,54.0771484375
6360094,26.79443359375
6360104,34.85107421875
6360119,33.5693359375
6360144,41.56494140625
6360154,46.38671875
6360190,57.55615234375
6360206,33.99658203125
6360229,39.61181640625
6360256,35.09521484375
6360276,31.67724609375
6360321,26.85546875
6360352,26.611328125
6360378,32.958984375
6360445,30.517578125
6360525,32.958984375
6360572,29.84619140625
6360699,32.8369140625
6364616,30.21240234375
6364664,32.1044921875
6364935,42.6025390625
6364989,26.67236328125
6365232,27.89306640625
6365261,27.16064453125
6365403,30.09033203125
6365426,28.564453125
6365797,38.75732421875
6365818,28.3203125
6365847,36.68212890625
6365858,27.03857421875
6365994,35.58349609375
6366275,27.28271484375
6366304,36.7431640625
6366501,27.099609375
6366592,34.66796875
6366717,38.0859375
6366778,31.1279296875
6366793,33.50830078125
6366822,26.79443359375
6367005,26.67236328125
6367037,28.3203125
6367053,29.4189453125
6367102,30.6396484375
6367116,28.01513671875
6367160,33.3251953125
6367228,36.0107421875
6367288,30.21240234375
6367346,28.50341796875
6367654,29.84619140625
6369924,36.56005859375
6369976,26.7333984375
6370028,35.15625
6395397,35.70556640625
6395417,28.01513671875
6395447,26.91650390625
6395463,33.87451171875
6395494,37.59765625
6395511,31.43310546875
6395547,53.28369140625
6395580,55.2978515625
6395591,31.25
6395617,53.16162109375
6395645,42.96875
6395669,47.18017578125
6395687,48.583984375
6395697,36.4990234375
6395729,33.87451171875
6395760,39.24560546875
6395772,43.88427734375
6395795,31.494140625
6395812,33.99658203125
6395860,31.8603515625
6395878,29.96826171875
6395903,33.0810546875
6395921,29.1748046875
6395964,29.35791015625
6396010,26.91650390625
6396462,31.8603515625
6400033,35.400390625
6400061,32.2265625
6400281,33.63037109375
6400299,33.8134765625
6400315,29.23583984375
6401467,29.35791015625
6401502,38.2080078125
6401514,27.64892578125
6401627,31.1279296875
6401993,28.9306640625
6402013,33.5693359375
6402203,32.8369140625
6402322,28.25927734375
6402332,41.32080078125
6402367,29.296875
6402391,27.16064453125
6402422,30.2734375
6402434,40.34423828125
6402444,31.43310546875
6402477,41.8701171875
6402498,49.560546875
6402514,38.87939453125
6402534,36.43798828125
6402553,32.470703125
6402566,36.19384765625
6402599,32.16552734375
6402620,27.64892578125
6402630,28.25927734375
6402659,33.69140625
6402732,32.89794921875
6402826,27.89306640625
6402886,29.47998046875
6458858,27.28271484375
6458891,66.162109375
6458919,66.7724609375
6458939,38.6962890625
6458953,52.30712890625
6458971,52.978515625
6458999,32.71484375
6459022,31.31103515625
6459048,38.2080078125
6459075,37.7197265625
6459104,55.48095703125
6459122,56.15234375
6459135,37.4755859375
6459165,40.1611328125
6459189,33.8134765625
6459211,45.0439453125
6459225,36.19384765625
6459249,37.109375
6459260,35.21728515625
6459292,36.92626953125
6459337,28.50341796875
6459383,26.85546875
6459411,29.23583984375
6459531,34.3017578125
6459589,27.2216796875
6459729,26.91650390625
6463273,28.9306640625
6463298,27.16064453125
6463963,33.50830078125
6464039,27.28271484375
6464230,27.28271484375
6464271,28.3203125
6464603,28.3203125
6464666,31.18896484375
6465054,27.03857421875
6465174,33.75244140625
6465214,31.18896484375
6465319,29.78515625
6465373,27.77099609375
6465489,30.21240234375
6465508,27.28271484375
6465568,27.89306640625
6465579,43.9453125
6465591,29.541015625
6465614,41.3818359375
6465637,29.052734375
6465656,27.28271484375
6465688,31.55517578125
6465719,31.67724609375
6465746,30.76171875
6465770,34.24072265625
6465798,28.80859375
6465830,32.89794921875
6465852,33.87451171875
6465892,27.7099609375
6465918,32.65380859375
6466040,27.83203125
6466070,29.84619140625
6472715,26.79443359375
6472728,35.400390625
6472762,30.1513671875
6472789,32.1044921875
6472805,37.04833984375
6472835,35.09521484375
6472878,27.52685546875
6472904,31.6162109375
6472926,31.43310546875
6472951,30.3955078125
6473001,33.203125
6473015,28.076171875
6473033,36.2548828125
6473048,43.45703125
6473072,26.67236328125
6473131,30.09033203125
6473147,36.865234375
6473161,32.65380859375
6473174,31.8603515625
6473186,29.96826171875
6473207,32.65380859375
6473232,27.2216796875
6473250,37.17041015625
6473326,32.958984375
6473439,26.91650390625
6473988,27.40478515625
6515312,42.05322265625
6515357,35.94970703125
6515387,45.5322265625
6515400,69.51904296875
6515431,41.259765625
6515450,39.4287109375
6515460,32.04345703125
6515489,31.6162109375
6515514,46.32568359375
6515529,47.7294921875
6515553,49.01123046875
6515575,50.6591796875
6515596,37.29248046875
6515622,41.32080078125
6515643,43.64013671875
6515669,28.13720703125
6515693,30.8837890625
6515741,47.05810546875
6515765,30.94482421875
6515785,33.87451171875
6515797,33.63037109375
6515844,36.68212890625
6515865,29.78515625
6515897,29.23583984375
6515942,28.74755859375
6516086,29.47998046875
6517880,30.2734375
6518953,27.64892578125
6520013,27.34375
6520046,28.99169921875
6520217,28.6865234375
6521171,28.86962890625
6521190,33.203125
6521238,26.9775390625
6521428,28.9306640625
6521493,28.99169921875
6521573,31.18896484375
6521713,33.3251953125
6521906,28.9306640625
6522042,31.92138671875
6522107,28.62548828125
6522152,26.7333984375
6522188,27.2216796875
6522660,31.79931640625
6523246,28.25927734375
6583983,31.494140625
6584014,31.8603515625
6584029,32.04345703125
6584046,32.470703125
6584075,41.68701171875
6584089,33.99658203125
6584121,30.09033203125
6584169,35.7666015625
6584179,37.53662109375
6584207,38.4521484375
6584241,38.75732421875
6584268,46.32568359375
6584293,54.87060546875
6584310,56.7626953125
6584333,36.43798828125
6584352,35.2783203125
6584374,30.94482421875
6584412,28.4423828125
6584452,31.3720703125
6584628,29.47998046875
6588438,30.82275390625
6589536,29.1748046875
6589571,27.2216796875
6589617,31.1279296875
6589694,26.611328125
6589735,28.4423828125
6589803,31.31103515625
6589959,27.77099609375
6590474,30.6396484375
6590506,28.6865234375
6590697,29.052734375
6590827,29.11376953125
6591043,28.076171875
6591187,33.38623046875
6591617,26.7333984375
6683117,28.62548828125
6683143,45.22705078125
6683158,36.1328125
6683187,30.3955078125
6683206,39.55078125
6683219,40.6494140625
6683289,35.0341796875
6683306,27.099609375
6683463,26.79443359375
6683547,27.9541015625
6683746,34.7900390625
6683768,30.94482421875
6683808,30.82275390625
6683940,26.85546875
6683971,29.60205078125
6684152,41.44287109375
6684491,35.46142578125
6703369,31.55517578125
6703392,34.85107421875
6703410,42.66357421875
6703434,37.841796875
6703473,37.41455078125
6703505,40.22216796875
6703536,28.99169921875
6703641,34.7900390625
6703690,28.62548828125
6703720,32.5927734375
6703800,28.74755859375
6703911,27.7099609375
6703937,26.91650390625
6704154,28.01513671875
6704216,28.25927734375
6704313,37.2314453125
6728400,31.92138671875
6728499,46.0205078125
6728530,35.888671875
6728588,31.73828125
6728671,28.25927734375
6728723,33.0810546875
6728744,31.25
6728768,30.3955078125
6728782,48.583984375
6728905,33.935546875
6729230,32.28759765625
6729356,28.80859375
6729789,27.77099609375
6894100,29.35791015625
6894270,40.83251953125
6894308,39.61181640625
6894344,28.076171875
6894373,32.2265625
6894565,26.9775390625
6894590,31.31103515625
6894615,33.203125
6894631,30.94482421875
6894661,45.654296875
6894801,45.0439453125
6894840,27.03857421875
6896086,28.25927734375
7243053,27.03857421875
7243080,32.04345703125
7243098,29.052734375
7243116,27.89306640625
7243126,48.15673828125
7243146,29.296875
7243177,31.494140625
7243247,27.7099609375
7243379,34.48486328125
7243401,51.69677734375
7243425,58.04443359375
7243441,52.3681640625
7243467,45.41015625
7243488,35.46142578125
7243513,40.34423828125
7243523,58.349609375
7243542,32.04345703125
7243568,31.494140625
7243591,32.16552734375
7243645,27.16064453125
7243676,41.56494140625
7243713,31.18896484375
7243743,29.4189453125
7243819,36.07177734375
7243860,27.4658203125
7257490,27.52685546875
7257531,27.2216796875
7257577,44.61669921875
7257597,29.4189453125
7257616,29.35791015625
7257636,28.25927734375
7257667,31.43310546875
7257691,41.68701171875
7257735,34.97314453125
7257779,39.48974609375
7257803,32.8369140625
7257835,34.1796875
7257857,56.09130859375
7257881,29.84619140625
7257891,40.1611328125
7257919,46.56982421875
7257934,49.86572265625
7257962,31.8603515625
7257973,30.21240234375
7257986,36.376953125
7258017,36.43798828125
7258037,36.4990234375
7258061,28.1982421875
7258081,47.30224609375
7258095,31.67724609375
7258114,36.1328125
7258129,29.23583984375
7258212,30.09033203125
7258318,28.80859375
7258348,27.83203125
7258382,29.1748046875
7360896,29.11376953125
7360954,30.33447265625
7360990,36.7431640625
7361005,51.3916015625
7361025,28.3203125
7361042,45.83740234375
7361062,28.9306640625
7361082,83.19091796875
7361115,51.025390625
7361129,45.34912109375
7361143,35.400390625
7361173,52.67333984375
7361206,30.029296875
7361220,27.03857421875
7361238,27.099609375
7361274,31.79931640625
7361293,27.52685546875
7361320,26.91650390625
7361359,47.119140625
7361391,27.9541015625
7361467,30.33447265625
7361582,29.4189453125
7417793,31.8603515625
7417830,39.12353515625
7417847,30.33447265625
7417868,31.31103515625
7417906,26.79443359375
7417930,29.9072265625
7417947,41.32080078125
7417961,31.982421875
7417984,33.935546875
7418004,51.08642578125
7418018,38.14697265625
7418029,30.57861328125
7418051,33.8134765625
7418067,61.34033203125
7418090,53.89404296875
7418116,57.861328125
7418128,30.517578125
7418168,33.38623046875
7418188,29.96826171875
7418243,27.9541015625
7418263,27.64892578125
7418290,31.06689453125
7418312,29.1748046875
7418336,29.84619140625
7418349,27.28271484375
7418534,27.89306640625
7418769,28.13720703125
7421491,27.64892578125
7422012,39.306640625
7422092,28.25927734375
7422114,29.296875
7422285,32.53173828125
7422311,36.07177734375
7422505,30.45654296875
7422704,26.85546875
7422859,40.771484375
7423191,30.76171875
7423231,27.64892578125
7423886,30.94482421875
7432259,34.48486328125
7432276,37.4755859375
7432295,47.05810546875
7432320,35.46142578125
7432342,31.67724609375
7432363,44.98291015625
7432373,55.0537109375
7432394,61.34033203125
7432406,42.17529296875
7432433,29.35791015625
7432454,52.734375
7432466,48.76708984375
7432478,34.48486328125
7432496,51.57470703125
7432517,38.14697265625
7432537,28.13720703125
7432566,34.60693359375
7432585,28.1982421875
7432622,31.43310546875
7432689,33.02001953125
7432725,29.11376953125
7432799,28.6865234375
7432857,28.86962890625
7432910,29.052734375
7432942,30.1513671875
7434311,27.9541015625
7436086,29.35791015625
7436111,27.2216796875
7436385,38.26904296875
7436422,29.9072265625
7436761,32.958984375
7437098,28.80859375
7437406,29.47998046875
7437602,28.564453125
7437899,28.99169921875
7437977,27.03857421875
7438270,28.01513671875
7438453,30.1513671875
7438478,32.2265625
7438841,31.79931640625
7438886,32.65380859375
7438935,30.70068359375
7438962,27.099609375
7439100,27.52685546875
7439163,36.0107421875
7439193,28.80859375
7439237,27.40478515625
7439313,30.70068359375
7439343,32.65380859375
7439370,28.076171875
7439397,52.001953125
7439414,43.51806640625
7439444,41.68701171875
7439458,33.87451171875
7439482,51.7578125
7439493,39.306640625
7439509,31.005859375
7439525,33.3251953125
7439555,36.68212890625
7439567,32.8369140625
7439581,34.0576171875
7439641,33.63037109375
7439688,28.1982421875
7439702,30.029296875
7439823,31.55517578125
7439850,27.28271484375
7439956,34.3017578125
7439974,31.8603515625
7440046,33.02001953125
7451288,29.6630859375
7451299,42.54150390625
7451326,55.11474609375
7451349,28.50341796875
7451379,33.02001953125
7451428,29.1748046875
7451467,31.79931640625
7451493,32.2265625
7451522,35.0341796875
7451549,28.99169921875
7451568,32.2265625
7451605,39.36767578125
7451636,31.55517578125
7451667,36.376953125
7451679,38.4521484375
7451701,32.65380859375
7451738,29.541015625
7451752,38.9404296875
7451766,32.04345703125
7451801,27.099609375
7451826,29.9072265625
7451943,29.4189453125
7451954,27.2216796875
7452174,29.47998046875
7452229,27.64892578125
7455941,28.50341796875
7456399,26.7333984375
7456419,29.78515625
7456477,26.611328125
7456762,27.587890625
7456790,36.2548828125
7456892,29.541015625
7457060,33.69140625
7457091,32.40966796875
7457273,28.80859375
7457310,32.3486328125
7457327,27.52685546875
7457364,32.16552734375
7457375,32.2265625
7457388,39.6728515625
7457435,37.4755859375
7457450,31.8603515625
7457464,36.80419921875
7457484,37.41455078125
7457504,30.517578125
7457523,35.09521484375
7457533,32.470703125
7457545,27.64892578125
7457571,30.57861328125
7457585,29.1748046875
7457636,26.79443359375
7457650,32.8369140625
7457693,27.7099609375
7457746,30.21240234375
7457862,28.9306640625
7457901,28.3203125
7457977,36.9873046875
7466150,26.7333984375
7466186,38.14697265625
7466230,29.35791015625
7466264,37.53662109375
7466291,27.2216796875
7466305,28.6865234375
7466344,28.1982421875
7466355,37.41455078125
7466378,28.9306640625
7466398,42.29736328125
7466426,44.49462890625
7466445,30.57861328125
7466464,28.564453125
7466488,35.15625
7466512,42.3583984375
7466539,37.59765625
7466556,28.86962890625
7466582,33.99658203125
7466612,40.52734375
7466629,31.6162109375
7466647,28.80859375
7466671,29.052734375
7466708,32.470703125
7466825,36.2548828125
7467027,28.62548828125
7467091,27.2216796875
7472735,31.3720703125
7472778,30.09033203125
7472805,27.099609375
7472857,32.04345703125
7472882,34.912109375
7472978,27.2216796875
7473016,27.83203125
7473067,27.89306640625
7473090,30.8837890625
7473119,27.34375
7473156,31.982421875
7473186,31.55517578125
7473210,59.5703125
7473238,41.68701171875
7473273,44.37255859375
7473299,28.01513671875
7473324,42.3583984375
7473346,41.32080078125
7473373,31.06689453125
7473399,35.64453125
7473431,28.50341796875
7473462,28.3203125
7473525,27.28271484375
7473653,31.31103515625
7479343,39.97802734375
7483476,29.541015625
7483525,33.75244140625
7483557,28.1982421875
7483596,41.56494140625
7483655,29.23583984375
7483682,28.25927734375
7483706,30.76171875
7483730,27.89306640625
7483745,44.37255859375
7483774,29.6630859375
7483789,45.34912109375
7483803,32.28759765625
7483829,33.935546875
7483841,46.93603515625
7483862,35.5224609375
7483887,39.36767578125
7483913,27.16064453125
7483924,34.60693359375
7483939,27.52685546875
7483961,27.34375
7483984,29.60205078125
7484044,27.7099609375
7484106,27.2216796875
7492161,27.587890625
7492220,27.89306640625
7492234,30.76171875
7492254,29.11376953125
7492277,34.0576171875
7492327,27.099609375
7492361,40.83251953125
7492393,28.62548828125
7492403,32.958984375
7492440,33.3251953125
7492466,51.6357421875
7492482,27.89306640625
7492507,57.4951171875
7492523,43.88427734375
7492537,38.4521484375
7492564,34.60693359375
7492580,35.15625
7492590,38.818359375
7492616,43.51806640625
7492631,40.1611328125
7492658,40.95458984375
7492706,39.97802734375
7492726,28.6865234375
7492772,40.283203125
7492806,28.50341796875
7492833,27.2216796875
7492879,29.23583984375
7492979,28.076171875
7493073,28.99169921875
7502146,27.099609375
7502184,28.1982421875
7502197,40.52734375
7502243,28.076171875
7502259,38.330078125
7502282,28.74755859375
7502299,29.4189453125
7502313,37.109375
7502328,26.91650390625
7502368,27.9541015625
7502389,42.724609375
7502405,26.7333984375
7502435,33.87451171875
7502469,34.11865234375
7502480,34.60693359375
7502507,36.865234375
7502538,40.6494140625
7502557,41.1376953125
7502588,32.53173828125
7502614,44.49462890625
7502624,31.92138671875
7502640,34.36279296875
7502679,27.9541015625
7502718,28.076171875
7502757,28.076171875
7502774,31.55517578125
7502852,27.2216796875
7512566,27.40478515625
7512623,34.85107421875
7512669,34.423828125
7512699,28.9306640625
7512761,33.935546875
7512773,41.32080078125
7512862,34.97314453125
7512879,32.71484375
7512911,31.982421875
7512932,33.87451171875
7512944,31.67724609375
7512973,33.75244140625
7512985,41.015625
7513010,39.794921875
7513022,32.8369140625
7513045,33.26416015625
7513071,29.1748046875
7513088,36.4990234375
7513110,42.17529296875
7513130,44.98291015625
7513143,26.7333984375
7513235,27.34375
7513395,28.1982421875
7513443,27.9541015625
7524381,37.841796875
7524398,32.2265625
7524422,27.2216796875
7524453,29.84619140625
7524480,31.79931640625
7524504,38.57421875
7524543,31.494140625
7524555,44.61669921875
7524571,35.09521484375
7524593,29.35791015625
7524625,27.28271484375
7524637,43.8232421875
7524682,42.66357421875
7524707,44.98291015625
7524727,65.12451171875
7524753,33.63037109375
7524770,38.75732421875
7524797,28.3203125
7524811,44.677734375
7524822,29.96826171875
7524841,34.97314453125
7524864,32.470703125
7524896,30.1513671875
7524926,30.94482421875
7525017,32.2265625
7525107,26.67236328125
7526852,28.076171875
7535648,26.611328125
7535830,28.076171875
7535855,34.66796875
7535880,29.296875
7535912,28.6865234375
7535937,31.494140625
7535975,28.25927734375
7536000,30.029296875
7536021,39.1845703125
7536067,29.72412109375
7536083,32.53173828125
7536095,46.93603515625
7536115,31.31103515625
7536142,33.447265625
7536171,40.71044921875
7536181,34.1796875
7536206,34.5458984375
7536218,32.470703125
7536244,29.96826171875
7536296,29.541015625
7536320,36.7431640625
7536357,29.6630859375
7536367,32.1044921875
7536390,33.8134765625
7536458,26.85546875
7536507,30.33447265625
7536518,26.67236328125
7537443,27.2216796875
7547795,42.236328125
7547832,34.912109375
7547877,27.03857421875
7547903,31.06689453125
7547971,32.16552734375
7547983,33.87451171875
7548019,27.64892578125
7548035,30.517578125
7548071,28.80859375
7548088,49.8046875
7548122,34.11865234375
7548142,37.4755859375
7548158,38.87939453125
7548179,37.29248046875
7548207,27.52685546875
7548218,31.18896484375
7548275,38.75732421875
7548291,31.92138671875
7548310,32.65380859375
7548344,32.5927734375
7548372,31.1279296875
7548397,30.09033203125
7548434,28.076171875
7548523,29.23583984375
7558826,27.28271484375
7559106,35.82763671875
7559141,33.0810546875
7559168,34.912109375
7559222,31.55517578125
7559257,33.02001953125
7559350,26.611328125
7559383,26.7333984375
7559402,33.50830078125
7559423,30.6396484375
7559442,26.7333984375
7559454,36.2548828125
7559467,32.65380859375
7559494,26.85546875
7559527,36.92626953125
7559558,31.3720703125
7559569,33.99658203125
7559640,40.0390625
7559673,27.7099609375
7559716,28.01513671875
7559738,29.296875
7559830,26.91650390625
7576146,38.4521484375
7576194,28.564453125
7576220,26.611328125
7576252,27.52685546875
7576300,28.80859375
7576320,30.33447265625
7576347,38.39111328125
7576390,27.83203125
7576436,37.9638671875
7576450,31.982421875
7576463,27.2216796875
7576487,30.82275390625
7576513,29.9072265625
7576526,71.8994140625
7576545,29.296875
7576572,27.03857421875
7576597,42.48046875
7576615,35.09521484375
7576655,37.41455078125
7576676,34.912109375
7576707,27.7099609375
7576755,28.38134765625
7576809,27.2216796875
7588626,27.89306640625
7588651,39.61181640625
7588705,43.212890625
7588754,29.4189453125
7588804,28.80859375
7588831,29.11376953125
7588867,28.74755859375
7588913,37.65869140625
7588934,35.7666015625
7589014,34.1796875
7589032,27.34375
7589057,33.63037109375
7589092,39.61181640625
7589128,37.78076171875
7589150,31.3720703125
7589173,33.203125
7589198,26.85546875
7590841,28.50341796875
